0  0.005216  -0.000810  0.000028
1  0.005215  -0.000819  0.000028
2  0.005213  -0.000827  0.000028
3  0.005211  -0.000835  0.000028
4  0.005210  -0.000843  0.000028
5  0.005208  -0.000851  0.000028
6  0.005207  -0.000859  0.000028
7  0.005205  -0.000868  0.000028
8  0.005203  -0.000876  0.000028
9  0.005202  -0.000884  0.000028
10  0.005200  -0.000892  0.000028
11  0.005199  -0.000900  0.000028
12  0.005197  -0.000909  0.000028
13  0.005195  -0.000917  0.000028
14  0.005194  -0.000925  0.000028
15  0.005192  -0.000933  0.000028
16  0.005191  -0.000941  0.000028
17  0.005189  -0.000949  0.000028
18  0.005187  -0.000958  0.000028
19  0.005186  -0.000966  0.000028
20  0.005184  -0.000974  0.000028
21  0.005182  -0.000982  0.000028
22  0.005181  -0.000990  0.000028
23  0.005179  -0.000999  0.000028
24  0.005178  -0.001007  0.000028
25  0.005176  -0.001015  0.000028
26  0.005174  -0.001023  0.000028
27  0.005173  -0.001031  0.000028
28  0.005171  -0.001039  0.000028
29  0.005170  -0.001048  0.000028
30  0.005168  -0.001056  0.000028
31  0.005166  -0.001064  0.000028
32  0.005165  -0.001072  0.000028
33  0.005163  -0.001080  0.000028
34  0.005161  -0.001089  0.000028
35  0.005160  -0.001097  0.000028
36  0.005158  -0.001105  0.000028
37  0.005157  -0.001113  0.000028
38  0.005155  -0.001121  0.000028
39  0.005153  -0.001129  0.000028
40  0.005152  -0.001138  0.000028
41  0.005150  -0.001146  0.000028
42  0.005148  -0.001154  0.000028
43  0.005147  -0.001162  0.000028
44  0.005145  -0.001170  0.000028
45  0.005143  -0.001178  0.000028
46  0.005142  -0.001187  0.000028
47  0.005140  -0.001195  0.000028
48  0.005139  -0.001203  0.000028
49  0.005137  -0.001211  0.000028
50  0.005135  -0.001219  0.000028
51  0.005134  -0.001228  0.000028
52  0.005132  -0.001236  0.000028
53  0.005130  -0.001244  0.000028
54  0.005129  -0.001252  0.000028
55  0.005127  -0.001260  0.000028
56  0.005126  -0.001269  0.000028
57  0.005124  -0.001277  0.000028
58  0.005122  -0.001285  0.000028
59  0.005121  -0.001293  0.000028
60  0.005119  -0.001301  0.000028
61  0.005117  -0.001310  0.000028
62  0.005116  -0.001318  0.000028
63  0.005114  -0.001326  0.000028
64  0.005112  -0.001334  0.000028
65  0.005111  -0.001342  0.000028
66  0.005109  -0.001351  0.000028
67  0.005107  -0.001359  0.000028
68  0.005106  -0.001367  0.000028
69  0.005104  -0.001375  0.000028
70  0.005103  -0.001383  0.000028
71  0.005101  -0.001392  0.000028
72  0.005099  -0.001400  0.000028
73  0.005098  -0.001408  0.000028
74  0.005096  -0.001416  0.000028
75  0.005094  -0.001424  0.000028
76  0.005093  -0.001433  0.000028
77  0.005091  -0.001441  0.000028
78  0.005089  -0.001449  0.000028
79  0.005088  -0.001457  0.000028
80  0.005086  -0.001466  0.000028
81  0.005084  -0.001474  0.000028
82  0.005083  -0.001482  0.000028
83  0.005081  -0.001490  0.000028
84  0.005079  -0.001499  0.000028
85  0.005078  -0.001507  0.000028
86  0.005076  -0.001515  0.000028
87  0.005074  -0.001523  0.000028
88  0.005073  -0.001531  0.000028
89  0.005071  -0.001540  0.000028
90  0.005069  -0.001548  0.000028
91  0.005068  -0.001556  0.000028
92  0.005066  -0.001565  0.000028
93  0.005064  -0.001573  0.000028
94  0.005063  -0.001581  0.000028
95  0.005061  -0.001589  0.000028
96  0.005059  -0.001598  0.000028
97  0.005058  -0.001606  0.000028
98  0.005056  -0.001614  0.000028
99  0.005054  -0.001622  0.000028
100  0.005053  -0.001631  0.000028
101  0.005051  -0.001639  0.000028
102  0.005049  -0.001647  0.000028
103  0.005048  -0.001656  0.000028
104  0.005046  -0.001664  0.000028
105  0.005044  -0.001672  0.000028
106  0.005042  -0.001680  0.000028
107  0.005041  -0.001689  0.000028
108  0.005039  -0.001697  0.000028
109  0.005037  -0.001705  0.000028
110  0.005036  -0.001714  0.000028
111  0.005034  -0.001722  0.000028
112  0.005032  -0.001730  0.000028
113  0.005031  -0.001739  0.000028
114  0.005029  -0.001747  0.000028
115  0.005027  -0.001755  0.000028
116  0.005026  -0.001764  0.000028
117  0.005024  -0.001772  0.000028
118  0.005022  -0.001780  0.000028
119  0.005020  -0.001789  0.000028
120  0.005019  -0.001797  0.000028
121  0.005017  -0.001805  0.000028
122  0.005015  -0.001814  0.000028
123  0.005014  -0.001822  0.000028
124  0.005012  -0.001830  0.000028
125  0.005010  -0.001839  0.000028
126  0.005008  -0.001847  0.000028
127  0.005007  -0.001855  0.000029
128  0.005005  -0.001864  0.000029
129  0.005003  -0.001872  0.000029
130  0.005002  -0.001881  0.000029
131  0.005000  -0.001889  0.000029
132  0.004998  -0.001897  0.000029
133  0.004996  -0.001906  0.000029
134  0.004995  -0.001914  0.000029
135  0.004993  -0.001923  0.000029
136  0.004991  -0.001931  0.000029
137  0.004990  -0.001939  0.000029
138  0.004988  -0.001948  0.000029
139  0.004986  -0.001956  0.000029
140  0.004984  -0.001965  0.000029
141  0.004983  -0.001973  0.000029
142  0.004981  -0.001982  0.000029
143  0.004979  -0.001990  0.000029
144  0.004977  -0.001998  0.000029
145  0.004976  -0.002007  0.000029
146  0.004974  -0.002015  0.000029
147  0.004972  -0.002024  0.000029
148  0.004970  -0.002032  0.000029
149  0.004969  -0.002041  0.000029
150  0.004967  -0.002049  0.000029
151  0.004965  -0.002058  0.000029
152  0.004963  -0.002066  0.000029
153  0.004962  -0.002075  0.000029
154  0.004960  -0.002083  0.000029
155  0.004958  -0.002092  0.000029
156  0.004956  -0.002100  0.000029
157  0.004955  -0.002109  0.000029
158  0.004953  -0.002117  0.000029
159  0.004951  -0.002126  0.000029
160  0.004949  -0.002134  0.000029
161  0.004948  -0.002143  0.000029
162  0.004946  -0.002151  0.000029
163  0.004944  -0.002160  0.000029
164  0.004942  -0.002168  0.000029
165  0.004941  -0.002177  0.000029
166  0.004939  -0.002185  0.000029
167  0.004937  -0.002194  0.000029
168  0.004935  -0.002203  0.000029
169  0.004933  -0.002211  0.000029
170  0.004932  -0.002220  0.000029
171  0.004930  -0.002228  0.000029
172  0.004928  -0.002237  0.000029
173  0.004926  -0.002246  0.000029
174  0.004924  -0.002254  0.000029
175  0.004923  -0.002263  0.000029
176  0.004921  -0.002271  0.000029
177  0.004919  -0.002280  0.000029
178  0.004917  -0.002289  0.000029
179  0.004916  -0.002297  0.000029
180  0.004914  -0.002306  0.000029
181  0.004912  -0.002315  0.000029
182  0.004910  -0.002323  0.000030
183  0.004908  -0.002332  0.000030
184  0.004906  -0.002341  0.000030
185  0.004905  -0.002349  0.000030
186  0.004903  -0.002358  0.000030
187  0.004901  -0.002367  0.000030
188  0.004899  -0.002375  0.000030
189  0.004897  -0.002384  0.000030
190  0.004896  -0.002393  0.000030
191  0.004894  -0.002402  0.000030
192  0.004892  -0.002410  0.000030
193  0.004890  -0.002419  0.000030
194  0.004888  -0.002428  0.000030
195  0.004886  -0.002437  0.000030
196  0.004885  -0.002445  0.000030
197  0.004883  -0.002454  0.000030
198  0.004881  -0.002463  0.000030
199  0.004879  -0.002472  0.000030
200  0.004877  -0.002480  0.000030
201  0.004875  -0.002489  0.000030
202  0.004874  -0.002498  0.000030
203  0.004872  -0.002507  0.000030
204  0.004870  -0.002516  0.000030
205  0.004868  -0.002524  0.000030
206  0.004866  -0.002533  0.000030
207  0.004864  -0.002542  0.000030
208  0.004862  -0.002551  0.000030
209  0.004861  -0.002560  0.000030
210  0.004859  -0.002569  0.000030
211  0.004857  -0.002578  0.000030
212  0.004855  -0.002586  0.000030
213  0.004853  -0.002595  0.000030
214  0.004851  -0.002604  0.000030
215  0.004849  -0.002613  0.000030
216  0.004847  -0.002622  0.000030
217  0.004846  -0.002631  0.000030
218  0.004844  -0.002640  0.000030
219  0.004842  -0.002649  0.000030
220  0.004840  -0.002658  0.000030
221  0.004838  -0.002667  0.000031
222  0.004836  -0.002676  0.000031
223  0.004834  -0.002685  0.000031
224  0.004832  -0.002694  0.000031
225  0.004830  -0.002703  0.000031
226  0.004828  -0.002712  0.000031
227  0.004827  -0.002721  0.000031
228  0.004825  -0.002730  0.000031
229  0.004823  -0.002739  0.000031
230  0.004821  -0.002748  0.000031
231  0.004819  -0.002757  0.000031
232  0.004817  -0.002766  0.000031
233  0.004815  -0.002775  0.000031
234  0.004813  -0.002784  0.000031
235  0.004811  -0.002793  0.000031
236  0.004809  -0.002802  0.000031
237  0.004807  -0.002811  0.000031
238  0.004805  -0.002820  0.000031
239  0.004803  -0.002829  0.000031
240  0.004802  -0.002839  0.000031
241  0.004800  -0.002848  0.000031
242  0.004798  -0.002857  0.000031
243  0.004796  -0.002866  0.000031
244  0.004794  -0.002875  0.000031
245  0.004792  -0.002884  0.000031
246  0.004790  -0.002894  0.000031
247  0.004788  -0.002903  0.000031
248  0.004786  -0.002912  0.000031
249  0.004784  -0.002921  0.000031
250  0.004782  -0.002930  0.000031
251  0.004780  -0.002940  0.000031
252  0.004778  -0.002949  0.000032
253  0.004776  -0.002958  0.000032
254  0.004774  -0.002967  0.000032
255  0.004772  -0.002977  0.000032
256  0.004770  -0.002986  0.000032
257  0.004768  -0.002995  0.000032
258  0.004766  -0.003005  0.000032
259  0.004764  -0.003014  0.000032
260  0.004762  -0.003023  0.000032
261  0.004760  -0.003033  0.000032
262  0.004758  -0.003042  0.000032
263  0.004756  -0.003051  0.000032
264  0.004754  -0.003061  0.000032
265  0.004752  -0.003070  0.000032
266  0.004750  -0.003080  0.000032
267  0.004748  -0.003089  0.000032
268  0.004746  -0.003098  0.000032
269  0.004744  -0.003108  0.000032
270  0.004742  -0.003117  0.000032
271  0.004740  -0.003127  0.000032
272  0.004738  -0.003136  0.000032
273  0.004736  -0.003146  0.000032
274  0.004734  -0.003155  0.000032
275  0.004732  -0.003165  0.000032
276  0.004730  -0.003174  0.000032
277  0.004728  -0.003184  0.000032
278  0.004725  -0.003193  0.000033
279  0.004723  -0.003203  0.000033
280  0.004721  -0.003212  0.000033
281  0.004719  -0.003222  0.000033
282  0.004717  -0.003232  0.000033
283  0.004715  -0.003241  0.000033
284  0.004713  -0.003251  0.000033
285  0.004711  -0.003260  0.000033
286  0.004709  -0.003270  0.000033
287  0.004707  -0.003280  0.000033
288  0.004705  -0.003289  0.000033
289  0.004703  -0.003299  0.000033
290  0.004701  -0.003309  0.000033
291  0.004698  -0.003318  0.000033
292  0.004696  -0.003328  0.000033
293  0.004694  -0.003338  0.000033
294  0.004692  -0.003348  0.000033
295  0.004690  -0.003357  0.000033
296  0.004688  -0.003367  0.000033
297  0.004686  -0.003377  0.000033
298  0.004684  -0.003387  0.000033
299  0.004681  -0.003397  0.000033
300  0.004679  -0.003406  0.000033
301  0.004677  -0.003416  0.000034
302  0.004675  -0.003426  0.000034
303  0.004673  -0.003436  0.000034
304  0.004671  -0.003446  0.000034
305  0.004669  -0.003456  0.000034
306  0.004666  -0.003466  0.000034
307  0.004664  -0.003476  0.000034
308  0.004662  -0.003486  0.000034
309  0.004660  -0.003495  0.000034
310  0.004658  -0.003505  0.000034
311  0.004655  -0.003515  0.000034
312  0.004653  -0.003525  0.000034
313  0.004651  -0.003535  0.000034
314  0.004649  -0.003545  0.000034
315  0.004647  -0.003555  0.000034
316  0.004645  -0.003566  0.000034
317  0.004642  -0.003576  0.000034
318  0.004640  -0.003586  0.000034
319  0.004638  -0.003596  0.000034
320  0.004636  -0.003606  0.000034
321  0.004633  -0.003616  0.000035
322  0.004631  -0.003626  0.000035
323  0.004629  -0.003636  0.000035
324  0.004627  -0.003647  0.000035
325  0.004624  -0.003657  0.000035
326  0.004622  -0.003667  0.000035
327  0.004620  -0.003677  0.000035
328  0.004618  -0.003687  0.000035
329  0.004615  -0.003698  0.000035
330  0.004613  -0.003708  0.000035
331  0.004611  -0.003718  0.000035
332  0.004609  -0.003729  0.000035
333  0.004606  -0.003739  0.000035
334  0.004604  -0.003749  0.000035
335  0.004602  -0.003760  0.000035
336  0.004600  -0.003770  0.000035
337  0.004597  -0.003780  0.000035
338  0.004595  -0.003791  0.000035
339  0.004593  -0.003801  0.000036
340  0.004590  -0.003812  0.000036
341  0.004588  -0.003822  0.000036
342  0.004586  -0.003833  0.000036
343  0.004583  -0.003843  0.000036
344  0.004581  -0.003854  0.000036
345  0.004579  -0.003864  0.000036
346  0.004576  -0.003875  0.000036
347  0.004574  -0.003885  0.000036
348  0.004572  -0.003896  0.000036
349  0.004569  -0.003906  0.000036
350  0.004567  -0.003917  0.000036
351  0.004565  -0.003928  0.000036
352  0.004562  -0.003938  0.000036
353  0.004560  -0.003949  0.000036
354  0.004557  -0.003960  0.000036
355  0.004555  -0.003970  0.000037
356  0.004553  -0.003981  0.000037
357  0.004550  -0.003992  0.000037
358  0.004548  -0.004003  0.000037
359  0.004545  -0.004013  0.000037
360  0.004543  -0.004024  0.000037
361  0.004541  -0.004035  0.000037
362  0.004538  -0.004046  0.000037
363  0.004536  -0.004057  0.000037
364  0.004533  -0.004068  0.000037
365  0.004531  -0.004079  0.000037
366  0.004529  -0.004089  0.000037
367  0.004526  -0.004100  0.000037
368  0.004524  -0.004111  0.000037
369  0.004521  -0.004122  0.000037
370  0.004519  -0.004133  0.000038
371  0.004516  -0.004144  0.000038
372  0.004514  -0.004155  0.000038
373  0.004511  -0.004166  0.000038
374  0.004509  -0.004178  0.000038
375  0.004506  -0.004189  0.000038
376  0.004504  -0.004200  0.000038
377  0.004501  -0.004211  0.000038
378  0.004499  -0.004222  0.000038
379  0.004496  -0.004233  0.000038
380  0.004494  -0.004245  0.000038
381  0.004491  -0.004256  0.000038
382  0.004489  -0.004267  0.000038
383  0.004486  -0.004278  0.000038
384  0.004484  -0.004290  0.000039
385  0.004481  -0.004301  0.000039
386  0.004478  -0.004312  0.000039
387  0.004476  -0.004324  0.000039
388  0.004473  -0.004335  0.000039
389  0.004471  -0.004346  0.000039
390  0.004468  -0.004358  0.000039
391  0.004466  -0.004369  0.000039
392  0.004463  -0.004381  0.000039
393  0.004460  -0.004392  0.000039
394  0.004458  -0.004404  0.000039
395  0.004455  -0.004415  0.000039
396  0.004453  -0.004427  0.000039
397  0.004450  -0.004438  0.000040
398  0.004447  -0.004450  0.000040
399  0.004445  -0.004462  0.000040
400  0.004442  -0.004473  0.000040
401  0.004439  -0.004485  0.000040
402  0.004437  -0.004497  0.000040
403  0.004434  -0.004508  0.000040
404  0.004431  -0.004520  0.000040
405  0.004429  -0.004532  0.000040
406  0.004426  -0.004544  0.000040
407  0.004423  -0.004556  0.000040
408  0.004421  -0.004567  0.000040
409  0.004418  -0.004579  0.000040
410  0.004415  -0.004591  0.000041
411  0.004412  -0.004603  0.000041
412  0.004410  -0.004615  0.000041
413  0.004407  -0.004627  0.000041
414  0.004404  -0.004639  0.000041
415  0.004401  -0.004651  0.000041
416  0.004399  -0.004663  0.000041
417  0.004396  -0.004675  0.000041
418  0.004393  -0.004687  0.000041
419  0.004390  -0.004700  0.000041
420  0.004388  -0.004712  0.000041
421  0.004385  -0.004724  0.000042
422  0.004382  -0.004736  0.000042
423  0.004379  -0.004748  0.000042
424  0.004376  -0.004761  0.000042
425  0.004374  -0.004773  0.000042
426  0.004371  -0.004785  0.000042
427  0.004368  -0.004798  0.000042
428  0.004365  -0.004810  0.000042
429  0.004362  -0.004822  0.000042
430  0.004359  -0.004835  0.000042
431  0.004356  -0.004847  0.000042
432  0.004354  -0.004860  0.000043
433  0.004351  -0.004872  0.000043
434  0.004348  -0.004885  0.000043
435  0.004345  -0.004897  0.000043
436  0.004342  -0.004910  0.000043
437  0.004339  -0.004923  0.000043
438  0.004336  -0.004935  0.000043
439  0.004333  -0.004948  0.000043
440  0.004330  -0.004961  0.000043
441  0.004327  -0.004973  0.000043
442  0.004324  -0.004986  0.000044
443  0.004321  -0.004999  0.000044
444  0.004318  -0.005012  0.000044
445  0.004315  -0.005025  0.000044
446  0.004312  -0.005038  0.000044
447  0.004309  -0.005051  0.000044
448  0.004306  -0.005064  0.000044
449  0.004303  -0.005077  0.000044
450  0.004300  -0.005090  0.000044
451  0.004297  -0.005103  0.000045
452  0.004294  -0.005116  0.000045
453  0.004291  -0.005129  0.000045
454  0.004288  -0.005142  0.000045
455  0.004285  -0.005155  0.000045
456  0.004282  -0.005168  0.000045
457  0.004279  -0.005182  0.000045
458  0.004276  -0.005195  0.000045
459  0.004273  -0.005208  0.000045
460  0.004269  -0.005222  0.000045
461  0.004266  -0.005235  0.000046
462  0.004263  -0.005248  0.000046
463  0.004260  -0.005262  0.000046
464  0.004257  -0.005275  0.000046
465  0.004254  -0.005289  0.000046
466  0.004251  -0.005302  0.000046
467  0.004247  -0.005316  0.000046
468  0.004244  -0.005330  0.000046
469  0.004241  -0.005343  0.000047
470  0.004238  -0.005357  0.000047
471  0.004234  -0.005371  0.000047
472  0.004231  -0.005384  0.000047
473  0.004228  -0.005398  0.000047
474  0.004225  -0.005412  0.000047
475  0.004221  -0.005426  0.000047
476  0.004218  -0.005440  0.000047
477  0.004215  -0.005454  0.000048
478  0.004212  -0.005468  0.000048
479  0.004208  -0.005482  0.000048
480  0.004205  -0.005496  0.000048
481  0.004202  -0.005510  0.000048
482  0.004198  -0.005524  0.000048
483  0.004195  -0.005538  0.000048
484  0.004192  -0.005552  0.000048
485  0.004188  -0.005567  0.000049
486  0.004185  -0.005581  0.000049
487  0.004181  -0.005595  0.000049
488  0.004178  -0.005610  0.000049
489  0.004175  -0.005624  0.000049
490  0.004171  -0.005638  0.000049
491  0.004168  -0.005653  0.000049
492  0.004164  -0.005667  0.000049
493  0.004161  -0.005682  0.000050
494  0.004157  -0.005697  0.000050
495  0.004154  -0.005711  0.000050
496  0.004150  -0.005726  0.000050
497  0.004147  -0.005741  0.000050
498  0.004143  -0.005755  0.000050
499  0.004140  -0.005770  0.000050
500  0.004136  -0.005785  0.000051
501  0.004133  -0.005800  0.000051
502  0.004129  -0.005815  0.000051
503  0.004125  -0.005830  0.000051
504  0.004122  -0.005845  0.000051
505  0.004118  -0.005860  0.000051
506  0.004115  -0.005875  0.000051
507  0.004111  -0.005890  0.000052
508  0.004107  -0.005905  0.000052
509  0.004104  -0.005921  0.000052
510  0.004100  -0.005936  0.000052
511  0.004096  -0.005951  0.000052
512  0.004093  -0.005967  0.000052
513  0.004089  -0.005982  0.000053
514  0.004085  -0.005997  0.000053
515  0.004081  -0.006013  0.000053
516  0.004078  -0.006029  0.000053
517  0.004074  -0.006044  0.000053
518  0.004070  -0.006060  0.000053
519  0.004066  -0.006075  0.000053
520  0.004063  -0.006091  0.000054
521  0.004059  -0.006107  0.000054
522  0.004055  -0.006123  0.000054
523  0.004051  -0.006139  0.000054
524  0.004047  -0.006155  0.000054
525  0.004043  -0.006171  0.000054
526  0.004039  -0.006187  0.000055
527  0.004035  -0.006203  0.000055
528  0.004032  -0.006219  0.000055
529  0.004028  -0.006235  0.000055
530  0.004024  -0.006251  0.000055
531  0.004020  -0.006268  0.000055
532  0.004016  -0.006284  0.000056
533  0.004012  -0.006300  0.000056
534  0.004008  -0.006317  0.000056
535  0.004004  -0.006333  0.000056
536  0.004000  -0.006350  0.000056
537  0.003996  -0.006366  0.000056
538  0.003992  -0.006383  0.000057
539  0.003987  -0.006400  0.000057
540  0.003983  -0.006416  0.000057
541  0.003979  -0.006433  0.000057
542  0.003975  -0.006450  0.000057
543  0.003971  -0.006467  0.000058
544  0.003967  -0.006484  0.000058
545  0.003963  -0.006501  0.000058
546  0.003958  -0.006518  0.000058
547  0.003954  -0.006535  0.000058
548  0.003950  -0.006552  0.000059
549  0.003946  -0.006570  0.000059
550  0.003941  -0.006587  0.000059
551  0.003937  -0.006604  0.000059
552  0.003933  -0.006622  0.000059
553  0.003928  -0.006639  0.000060
554  0.003924  -0.006657  0.000060
555  0.003920  -0.006674  0.000060
556  0.003915  -0.006692  0.000060
557  0.003911  -0.006710  0.000060
558  0.003907  -0.006728  0.000061
559  0.003902  -0.006745  0.000061
560  0.003898  -0.006763  0.000061
561  0.003893  -0.006781  0.000061
562  0.003889  -0.006799  0.000061
563  0.003884  -0.006817  0.000062
564  0.003880  -0.006835  0.000062
565  0.003875  -0.006854  0.000062
566  0.003871  -0.006872  0.000062
567  0.003866  -0.006890  0.000062
568  0.003862  -0.006909  0.000063
569  0.003857  -0.006927  0.000063
570  0.003852  -0.006946  0.000063
571  0.003848  -0.006964  0.000063
572  0.003843  -0.006983  0.000064
573  0.003838  -0.007002  0.000064
574  0.003834  -0.007021  0.000064
575  0.003829  -0.007039  0.000064
576  0.003824  -0.007058  0.000064
577  0.003819  -0.007077  0.000065
578  0.003814  -0.007096  0.000065
579  0.003810  -0.007116  0.000065
580  0.003805  -0.007135  0.000065
581  0.003800  -0.007154  0.000066
582  0.003795  -0.007173  0.000066
583  0.003790  -0.007193  0.000066
584  0.003785  -0.007212  0.000066
585  0.003780  -0.007232  0.000067
586  0.003775  -0.007252  0.000067
587  0.003770  -0.007271  0.000067
588  0.003765  -0.007291  0.000067
589  0.003760  -0.007311  0.000068
590  0.003755  -0.007331  0.000068
591  0.003750  -0.007351  0.000068
592  0.003745  -0.007371  0.000068
593  0.003740  -0.007391  0.000069
594  0.003735  -0.007411  0.000069
595  0.003730  -0.007432  0.000069
596  0.003724  -0.007452  0.000069
597  0.003719  -0.007473  0.000070
598  0.003714  -0.007493  0.000070
599  0.003709  -0.007514  0.000070
600  0.003703  -0.007534  0.000070
601  0.003698  -0.007555  0.000071
602  0.003693  -0.007576  0.000071
603  0.003687  -0.007597  0.000071
604  0.003682  -0.007618  0.000072
605  0.003676  -0.007639  0.000072
606  0.003671  -0.007661  0.000072
607  0.003666  -0.007682  0.000072
608  0.003660  -0.007703  0.000073
609  0.003655  -0.007725  0.000073
610  0.003649  -0.007746  0.000073
611  0.003643  -0.007768  0.000074
612  0.003638  -0.007790  0.000074
613  0.003632  -0.007811  0.000074
614  0.003626  -0.007833  0.000075
615  0.003621  -0.007855  0.000075
616  0.003615  -0.007877  0.000075
617  0.003609  -0.007900  0.000075
618  0.003604  -0.007922  0.000076
619  0.003598  -0.007944  0.000076
620  0.003592  -0.007967  0.000076
621  0.003586  -0.007989  0.000077
622  0.003580  -0.008012  0.000077
623  0.003574  -0.008035  0.000077
624  0.003568  -0.008058  0.000078
625  0.003562  -0.008081  0.000078
626  0.003556  -0.008104  0.000078
627  0.003550  -0.008127  0.000079
628  0.003544  -0.008150  0.000079
629  0.003538  -0.008173  0.000079
630  0.003532  -0.008197  0.000080
631  0.003526  -0.008220  0.000080
632  0.003520  -0.008244  0.000080
633  0.003513  -0.008268  0.000081
634  0.003507  -0.008291  0.000081
635  0.003501  -0.008315  0.000081
636  0.003494  -0.008339  0.000082
637  0.003488  -0.008364  0.000082
638  0.003482  -0.008388  0.000082
639  0.003475  -0.008412  0.000083
640  0.003469  -0.008437  0.000083
641  0.003462  -0.008461  0.000084
642  0.003456  -0.008486  0.000084
643  0.003449  -0.008511  0.000084
644  0.003442  -0.008536  0.000085
645  0.003436  -0.008561  0.000085
646  0.003429  -0.008586  0.000085
647  0.003422  -0.008611  0.000086
648  0.003416  -0.008637  0.000086
649  0.003409  -0.008662  0.000087
650  0.003402  -0.008688  0.000087
651  0.003395  -0.008713  0.000087
652  0.003388  -0.008739  0.000088
653  0.003381  -0.008765  0.000088
654  0.003374  -0.008791  0.000089
655  0.003367  -0.008818  0.000089
656  0.003360  -0.008844  0.000090
657  0.003353  -0.008870  0.000090
658  0.003346  -0.008897  0.000090
659  0.003339  -0.008924  0.000091
660  0.003332  -0.008951  0.000091
661  0.003324  -0.008978  0.000092
662  0.003317  -0.009005  0.000092
663  0.003310  -0.009032  0.000093
664  0.003302  -0.009059  0.000093
665  0.003295  -0.009087  0.000093
666  0.003287  -0.009115  0.000094
667  0.003280  -0.009142  0.000094
668  0.003272  -0.009170  0.000095
669  0.003265  -0.009198  0.000095
670  0.003257  -0.009226  0.000096
671  0.003249  -0.009255  0.000096
672  0.003241  -0.009283  0.000097
673  0.003234  -0.009312  0.000097
674  0.003226  -0.009341  0.000098
675  0.003218  -0.009370  0.000098
676  0.003210  -0.009399  0.000099
677  0.003202  -0.009428  0.000099
678  0.003194  -0.009457  0.000100
679  0.003186  -0.009487  0.000100
680  0.003178  -0.009516  0.000101
681  0.003169  -0.009546  0.000101
682  0.003161  -0.009576  0.000102
683  0.003153  -0.009606  0.000102
684  0.003145  -0.009636  0.000103
685  0.003136  -0.009667  0.000103
686  0.003128  -0.009697  0.000104
687  0.003119  -0.009728  0.000104
688  0.003111  -0.009759  0.000105
689  0.003102  -0.009790  0.000105
690  0.003093  -0.009821  0.000106
691  0.003085  -0.009853  0.000107
692  0.003076  -0.009884  0.000107
693  0.003067  -0.009916  0.000108
694  0.003058  -0.009948  0.000108
695  0.003049  -0.009980  0.000109
696  0.003040  -0.010012  0.000109
697  0.003031  -0.010045  0.000110
698  0.003022  -0.010077  0.000111
699  0.003013  -0.010110  0.000111
700  0.003004  -0.010143  0.000112
701  0.002994  -0.010176  0.000113
702  0.002985  -0.010210  0.000113
703  0.002976  -0.010243  0.000114
704  0.002966  -0.010277  0.000114
705  0.002957  -0.010311  0.000115
706  0.002947  -0.010345  0.000116
707  0.002937  -0.010379  0.000116
708  0.002927  -0.010413  0.000117
709  0.002918  -0.010448  0.000118
710  0.002908  -0.010483  0.000118
711  0.002898  -0.010518  0.000119
712  0.002888  -0.010553  0.000120
713  0.002878  -0.010589  0.000120
714  0.002868  -0.010625  0.000121
715  0.002857  -0.010660  0.000122
716  0.002847  -0.010696  0.000123
717  0.002837  -0.010733  0.000123
718  0.002826  -0.010769  0.000124
719  0.002815  -0.010806  0.000125
720  0.002805  -0.010843  0.000125
721  0.002794  -0.010881  0.000126
722  0.002784  -0.010918  0.000127
723  0.002773  -0.010956  0.000128
724  0.002762  -0.010993  0.000128
725  0.002751  -0.011031  0.000129
726  0.002740  -0.011070  0.000130
727  0.002729  -0.011108  0.000131
728  0.002718  -0.011146  0.000132
729  0.002707  -0.011185  0.000132
730  0.002695  -0.011224  0.000133
731  0.002684  -0.011263  0.000134
732  0.002671  -0.011303  0.000135
733  0.002660  -0.011344  0.000136
734  0.002648  -0.011385  0.000137
735  0.002637  -0.011425  0.000137
736  0.002625  -0.011464  0.000138
737  0.002612  -0.011505  0.000139
738  0.002600  -0.011547  0.000140
739  0.002588  -0.011589  0.000141
740  0.002574  -0.011630  0.000142
741  0.002561  -0.011674  0.000143
742  0.002550  -0.011717  0.000144
743  0.002539  -0.011760  0.000145
744  0.002529  -0.011803  0.000146
745  0.002516  -0.011842  0.000147
746  0.002501  -0.011885  0.000148
747  0.002487  -0.011930  0.000149
748  0.002476  -0.011975  0.000150
749  0.002463  -0.012014  0.000150
750  0.002446  -0.012059  0.000151
751  0.002431  -0.012105  0.000152
752  0.002417  -0.012150  0.000153
753  0.002398  -0.012199  0.000155
754  0.002389  -0.012249  0.000156
755  0.002379  -0.012293  0.000157
756  0.002366  -0.012338  0.000158
757  0.002346  -0.012378  0.000159
758  0.002327  -0.012433  0.000160
759  0.002317  -0.012485  0.000161
760  0.002304  -0.012532  0.000162
761  0.002284  -0.012580  0.000163
762  0.002279  -0.012640  0.000165
763  0.002273  -0.012681  0.000166
764  0.002259  -0.012722  0.000167
765  0.002247  -0.012766  0.000168
766  0.002212  -0.012806  0.000169
767  0.002191  -0.012872  0.000170
768  0.002183  -0.012926  0.000172
769  0.002173  -0.012976  0.000173
770  0.002137  -0.013015  0.000174
771  0.002117  -0.013096  0.000176
772  0.002116  -0.013156  0.000178
773  0.002109  -0.013208  0.000179
774  0.002104  -0.013284  0.000181
775  0.002119  -0.013306  0.000182
776  0.002085  -0.013340  0.000182
777  0.002056  -0.013400  0.000184
778  0.002017  -0.013470  0.000186
779  0.002054  -0.013553  0.000188
780  0.002055  -0.013567  0.000188
781  0.002027  -0.013610  0.000189
782  0.002003  -0.013678  0.000191
783  0.002029  -0.013680  0.000191
784  0.001940  -0.013708  0.000192
785  0.001891  -0.013798  0.000194
786  0.001871  -0.013874  0.000196
787  0.001852  -0.014025  0.000200
788  0.001941  -0.014047  0.000201
789  0.001910  -0.014046  0.000201
790  0.001875  -0.014098  0.000202
791  0.001843  -0.014233  0.000206
792  0.001953  -0.014203  0.000206
793  0.001867  -0.014164  0.000204
794  0.001788  -0.014206  0.000205
795  0.001780  -0.014228  0.000206
796  0.001543  -0.014313  0.000207
797  0.001577  -0.014538  0.000214
798  0.001649  -0.014593  0.000216
799  0.001677  -0.014640  0.000217
800  0.001526  -0.014479  0.000212
801  0.001348  -0.014758  0.000220
802  0.001421  -0.014920  0.000225
803  0.001466  -0.014995  0.000227
804  0.001245  -0.015139  0.000231
805  0.001570  -0.015401  0.000240
806  0.001692  -0.015237  0.000235
807  0.001609  -0.015148  0.000232
808  0.001624  -0.014975  0.000227
809  0.001066  -0.015209  0.000232
810  0.001218  -0.015605  0.000245
811  0.001347  -0.015626  0.000246
812  0.001432  -0.015526  0.000243
813  0.000922  -0.015966  0.000256
814  0.001469  -0.016352  0.000270
815  0.001731  -0.016214  0.000266
816  0.001718  -0.016119  0.000263
817  0.002389  -0.015891  0.000258
818  0.001681  -0.015306  0.000237
819  0.001306  -0.015702  0.000248
820  0.001397  -0.015920  0.000255
821  0.001953  -0.016446  0.000274
822  0.001909  -0.015212  0.000235
823  0.001064  -0.015359  0.000237
824  0.000879  -0.015644  0.000246
825  0.001240  -0.015528  0.000243
826  -0.000323  -0.015941  0.000254
827  0.000367  -0.017221  0.000297
828  0.001135  -0.017238  0.000298
829  0.001313  -0.017300  0.000301
830  0.002027  -0.015464  0.000243
831  0.000066  -0.015745  0.000248
832  0.000071  -0.016802  0.000282
833  0.000220  -0.017195  0.000296
834  0.000325  -0.015517  0.000241
835  -0.001625  -0.017630  0.000313
836  -0.000267  -0.019006  0.000361
837  0.000838  -0.019170  0.000368
838  0.000896  -0.020536  0.000423
839  0.003986  -0.018069  0.000342
840  0.001987  -0.016567  0.000278
841  0.001067  -0.017468  0.000306
842  0.000119  -0.018225  0.000332
843  0.004706  -0.018398  0.000361
844  0.003032  -0.014778  0.000228
845  0.001287  -0.015182  0.000232
846  0.000640  -0.016273  0.000265
847  -0.000487  -0.012084  0.000146
848  -0.004137  -0.016941  0.000304
849  -0.001619  -0.019158  0.000370
850  0.000058  -0.018345  0.000337
851  0.004718  -0.018796  0.000376
852  -0.000102  -0.012182  0.000148
853  -0.003428  -0.015576  0.000254
854  -0.002620  -0.016780  0.000288
855  0.001029  -0.016739  0.000281
856  -0.008293  -0.015160  0.000299
857  -0.006465  -0.023202  0.000580
858  -0.002762  -0.024423  0.000604
859  -0.002681  -0.023297  0.000550
860  0.008953  -0.024408  0.000676
861  0.004230  -0.013889  0.000211
862  -0.000969  -0.015480  0.000241
863  -0.001034  -0.016140  0.000262
864  0.006791  -0.024009  0.000623
865  0.005503  -0.008195  0.000097
866  -0.003703  -0.009348  0.000101
867  -0.006796  -0.011365  0.000175
868  -0.002985  -0.005251  0.000036
869  -0.019418  -0.017527  0.000684
870  -0.007898  -0.025734  0.000725
871  -0.001100  -0.022045  0.000487
872  0.002773  -0.023931  0.000580
873  -0.008506  -0.001583  0.000075
874  -0.019249  -0.018223  0.000703
875  -0.012083  -0.023718  0.000709
876  -0.006906  -0.026357  0.000742
877  -0.028475  -0.018828  0.001165
878  -0.013629  -0.043879  0.002111
879  0.000302  -0.035773  0.001280
880  0.002679  -0.025181  0.000641
881  0.022982  -0.025131  0.001160
882  -0.006923  0.002223  0.000053
883  -0.017787  -0.016200  0.000579
884  -0.009779  -0.020970  0.000535
885  0.003603  -0.032340  0.001059
886  -0.021243  0.007074  0.000501
887  -0.039807  -0.022672  0.002099
888  -0.032079  -0.032500  0.002085
889  -0.020370  -0.027366  0.001164
890  -0.036494  -0.074226  0.006841
891  0.011745  -0.057529  0.003448
892  0.007024  -0.034957  0.001271
893  -0.002412  -0.038858  0.001516
894  -0.049705  -0.020471  0.002890
895  -0.016344  -0.080380  0.006728
896  0.011995  -0.060224  0.003771
897  0.012259  -0.055235  0.003201
898  -0.025726  -0.065592  0.004964
899  0.056058  -0.055666  0.006241
900  0.027717  -0.004173  0.000786
901  0.000830  0.001392  0.000003
902  0.013890  0.005869  0.000227
903  -0.072632  -0.047538  0.007535
904  -0.001169  -0.079445  0.006313
905  0.018390  -0.048865  0.002726
906  0.030144  -0.045767  0.003003
907  -0.062724  -0.073408  0.009323
908  0.041299  -0.108454  0.013468
909  0.057917  -0.053151  0.006179
910  0.055902  -0.019459  0.003504
911  0.119668  -0.056767  0.017543
912  0.035272  0.063210  0.005240
913  -0.012399  0.000094  0.000154
914  0.012956  -0.038716  0.001667
915  -0.009195  -0.091903  0.008531
916  0.103510  0.041974  0.012476
917  -0.007915  0.059096  0.003555
918  -0.014382  0.014698  0.000423
919  -0.008032  -0.041345  0.001774
920  -0.092156  0.105663  0.019658
921  -0.126299  -0.061762  0.019766
922  -0.053993  -0.081680  0.009587
923  -0.019384  -0.034360  0.001556
924  0.131614  -0.103924  0.028122
925  0.014548  0.093543  0.008962
926  -0.064829  0.027290  0.004948
927  -0.034212  0.011628  0.001306
928  0.071486  -0.082528  0.011921
929  -0.103773  0.123049  0.025910
930  -0.178204  -0.033850  0.032902
931  -0.156882  -0.077883  0.030678
932  -0.122230  0.000290  0.014940
933  -0.064342  -0.300910  0.094687
934  0.090140  -0.115134  0.021381
935  0.033338  -0.033597  0.002240
936  0.056992  -0.060611  0.006922
937  -0.211264  -0.214535  0.090658
938  0.109384  -0.232486  0.066015
939  0.108179  -0.080623  0.018203
940  0.120857  -0.037958  0.016047
941  0.145795  -0.282902  0.101290
942  0.161997  0.119756  0.040585
943  -0.062361  0.042782  0.005719
944  -0.125475  -0.073085  0.021085
945  -0.233214  0.027757  0.055159
946  0.110045  -0.327526  0.119383
947  0.150716  -0.037484  0.024120
948  0.007709  -0.007567  0.000117
949  -0.076878  0.091424  0.014269
950  0.314461  -0.189831  0.134921
951  0.156899  0.206540  0.067276
952  -0.022549  0.122187  0.015438
953  -0.131792  -0.022324  0.017867
954  -0.360300  0.323654  0.234568
955  -0.282550  -0.260225  0.147551
956  -0.063641  -0.168729  0.032520
957  -0.128987  -0.025695  0.017298
958  0.062389  0.260544  0.071776
959  -0.400864  -0.265659  0.231267
960  -0.045280  -0.352389  0.126228
961  -0.047402  -0.256698  0.068141
962  -0.169584  0.004816  0.028782
963  0.397558  -0.429911  0.342876
964  0.301390  0.122965  0.105956
965  0.111546  0.136484  0.031070
966  0.185465  -0.040330  0.036024
967  -0.507189  -0.256319  0.322940
968  0.213168  -0.398990  0.204634
969  0.258055  -0.101721  0.076939
970  0.262135  -0.164773  0.095865
971  -0.292457  -0.434540  0.274356
972  0.525979  -0.085565  0.283975
973  0.177633  0.267208  0.102954
974  0.028359  0.343136  0.118547
975  0.409923  0.304967  0.261042
976  -0.603389  0.035195  0.365317
977  -0.076558  -0.315294  0.105272
978  0.160816  -0.154607  0.049765
979  0.243639  -0.374684  0.199748
980  -0.649255  0.192525  0.458598
981  -0.247483  -0.550777  0.364603
982  0.082930  -0.346290  0.126794
983  0.353136  -0.278466  0.202249
984  -0.057225  -1.060206  1.127311
985  0.634226  -0.194141  0.439933
986  0.150147  -0.051503  0.025197
987  -0.173473  -0.254150  0.094685
988  -0.538186  0.295329  0.376864
989  0.196968  -0.845757  0.754102
990  0.418498  -0.270427  0.248271
991  0.103962  -0.215164  0.057104
992  -0.292788  0.173291  0.115754
993  0.979785  -0.326758  1.066748
994  0.461977  0.460043  0.425062
995  0.222221  0.250444  0.112105
996  0.207848  -0.266593  0.114273
997  -0.979607  0.187243  0.994691
998  -0.043561  -0.731441  0.536903
999  0.216295  -0.412144  0.216646
1000  -0.111277  -0.438061  0.204280
1001  -0.543831  0.559432  0.608716
1002  0.054969  -0.896012  0.805859
1003  0.564961  -0.412026  0.488946
1004  0.544712  -0.441847  0.491940
1005  -0.234578  -0.764935  0.640152
1006  0.860499  0.510590  1.001160
1007  -0.179180  0.409033  0.199414
1008  -0.361284  0.126786  0.146601
1009  -0.178508  0.574584  0.362012
1010  0.819943  -0.845248  1.386750
1011  0.543492  0.434910  0.484530
1012  -0.016025  0.356154  0.127102
1013  -0.078512  0.646644  0.424313
1014  1.321680  0.139293  1.766240
1015  -0.228140  0.704871  0.548891
1016  -0.233343  -0.111624  0.066909
1017  -0.173629  -0.598108  0.387880
1018  -1.162928  -0.268764  1.424635
1019  0.813631  -0.506082  0.918115
1020  0.268455  0.195359  0.110233
1021  -0.243203  0.017331  0.059448
1022  -0.635036  0.658170  0.836459
1023  1.157124  -0.343776  1.457117
1024  0.492674  0.673090  0.695777
1025  0.099794  0.273958  0.085012
1026  -0.506993  -0.169466  0.285761
1027  -0.580284  1.609603  2.927553
1028  -0.907198  -0.081293  0.829617
1029  -0.376121  0.007677  0.141526
1030  -0.256347  0.635549  0.469637
1031  1.208113  0.457238  1.668604
1032  -0.890091  0.551417  1.096324
1033  -0.579489  -0.129627  0.352610
1034  -0.459229  0.230870  0.264193
1035  0.589488  0.809194  1.002291
1036  -0.576158  -1.047850  1.429947
1037  0.572639  -0.703790  0.823236
1038  0.531130  -0.556064  0.591306
1039  -0.306225  -0.815132  0.758213
1040  0.119959  1.264834  1.614195
1041  -0.706431  -0.139364  0.518467
1042  -0.353802  -0.488538  0.363846
1043  -0.790192  -0.256907  0.690405
1044  0.235213  1.297687  1.739318
1045  -0.708518  -0.437213  0.693153
1046  0.108767  -0.665876  0.455221
1047  0.213709  -0.979977  1.006026
1048  -1.181600  -0.892781  2.193237
1049  0.907593  -0.148421  0.845753
1050  -0.067997  0.267932  0.076411
1051  -0.551873  0.158525  0.329694
1052  -0.334312  1.033035  1.178926
1053  0.800382  -0.998917  1.638448
1054  0.598805  0.264344  0.428445
1055  -0.044579  0.207443  0.045020
1056  -0.452197  0.774214  0.803890
1057  1.585488  0.795309  3.146288
1058  -0.109413  0.813062  0.673041
1059  0.180580  0.157873  0.057533
1060  0.635478  -0.435244  0.593270
1061  -0.756679  -1.144006  1.881312
1062  0.941401  0.141615  0.906290
1063  0.298987  0.253254  0.153531
1064  0.186485  -0.331823  0.144883
1065  -0.991414  -0.523290  1.256733
1066  0.724328  0.926392  1.382853
1067  -0.239793  0.794375  0.688532
1068  0.054157  0.520059  0.273394
1069  0.672464  -0.289366  0.535940
1070  -1.348239  -0.490174  2.058020
1071  0.125851  -0.719700  0.533806
1072  0.141781  -0.462084  0.233623
1073  -0.490419  -0.715718  0.752763
1074  -1.033909  0.949770  1.971031
1075  -0.201522  -0.682063  0.505821
1076  0.245724  -0.347051  0.180825
1077  0.082354  -0.666199  0.450603
1078  -1.296651  -0.430622  1.866739
1079  0.529832  0.265643  0.351287
1080  -0.277821  0.641706  0.488972
1081  -0.418312  0.773655  0.773527
1082  0.509132  0.956794  1.174670
1083  -0.394310  -0.801137  0.797301
1084  0.332798  0.033800  0.111897
1085  0.181585  0.451817  0.237111
1086  0.767106  0.439904  0.781967
1087  0.046563  -1.177206  1.387982
1088  0.403038  0.138826  0.181713
1089  -0.219429  0.193992  0.085782
1090  -0.628212  0.535064  0.680943
1091  0.476929  1.287903  1.886156
1092  -0.485333  -0.029168  0.236399
1093  0.064165  0.121780  0.018948
1094  0.346135  0.496174  0.365998
1095  1.064919  -0.113931  1.147033
1096  -0.694414  -0.072120  0.487413
1097  -0.084088  -0.310021  0.103184
1098  0.008840  0.123543  0.015341
1099  0.664788  0.493125  0.685115
1100  0.552546  -1.067111  1.444033
1101  0.699355  -0.100445  0.499187
1102  0.441147  -0.250770  0.257496
1103  0.068839  -0.730451  0.538297
1104  -0.819267  0.186073  0.705822
1105  0.260055  -0.510698  0.328442
1106  0.292016  -0.265952  0.156004
1107  -0.032224  -0.486417  0.237640
1108  -0.796510  0.153710  0.658055
1109  0.583211  0.039969  0.341733
1110  0.293535  0.395765  0.242793
1111  0.448036  0.305193  0.293879
1112  0.666121  -0.423218  0.622830
1113  -0.559147  -0.028802  0.313475
1114  0.067028  -0.398432  0.163241
1115  0.195513  -0.395125  0.194349
1116  -0.202690  -0.645312  0.457511
1117  -0.554936  0.448751  0.509331
1118  -0.079002  -0.298851  0.095554
1119  0.203806  -0.174798  0.072091
1120  0.313301  -0.463456  0.312949
1121  -0.551345  -0.735554  0.845021
1122  0.105347  -0.022038  0.011584
1123  -0.273309  -0.030139  0.075606
1124  -0.494830  0.024609  0.245462
1125  -0.244902  0.590870  0.409105
1126  0.150683  -0.364431  0.155516
1127  0.054608  0.020078  0.003385
1128  -0.188178  0.093335  0.044122
1129  -0.111897  0.504576  0.267118
1130  0.621821  -0.088272  0.394453
1131  0.176172  0.151789  0.054077
1132  0.129114  -0.109078  0.028568
1133  -0.072597  -0.415553  0.177954
1134  -0.583895  0.096217  0.350191
1135  0.015559  -0.215720  0.046777
1136  -0.061409  -0.097040  0.013188
1137  -0.308531  -0.057528  0.098501
1138  -0.251791  0.472972  0.287101
1139  0.164237  -0.156457  0.051453
1140  0.150187  0.003465  0.022568
1141  0.027950  -0.140882  0.020629
1142  -0.392214  -0.128154  0.170255
1143  -0.009486  0.419357  0.175950
1144  -0.232198  0.181739  0.086945
1145  -0.198924  0.208835  0.083183
1146  -0.002629  0.411511  0.169348
1147  0.326293  -0.064164  0.110584
1148  -0.023227  0.191236  0.037111
1149  -0.089984  0.146468  0.029550
1150  -0.006472  0.293452  0.086156
1151  0.408114  0.104687  0.177517
1152  -0.049764  -0.024771  0.003090
1153  0.047126  -0.137387  0.021096
1154  -0.024819  -0.216464  0.047473
1155  -0.310645  -0.061415  0.100272
1156  0.110781  0.110063  0.024386
1157  -0.078574  0.054523  0.009147
1158  -0.151302  0.012638  0.023052
1159  -0.201053  0.206642  0.083123
1160  0.218650  0.149402  0.070129
1161  -0.005652  0.089143  0.007978
1162  -0.008033  -0.028672  0.000887
1163  -0.143221  -0.103464  0.031217
1164  -0.250832  0.204948  0.104920
1165  -0.052802  0.020417  0.003205
1166  -0.065706  0.104935  0.015329
1167  -0.070505  0.205970  0.047395
1168  0.162987  0.212867  0.071877
1169  -0.041929  -0.015104  0.001986
1170  0.006252  0.031194  0.001012
1171  -0.025889  0.107871  0.012306
1172  0.100880  0.212162  0.055190
1173  0.157988  -0.064584  0.029131
1174  0.125851  0.028067  0.016626
1175  0.097698  -0.028239  0.010342
1176  -0.001698  -0.110452  0.012203
1177  -0.105012  0.082908  0.017901
1178  0.011918  -0.025659  0.000800
1179  0.007349  -0.019855  0.000448
1180  -0.069726  -0.018329  0.005198
1181  -0.071824  0.149392  0.027477
1182  0.055714  0.019524  0.003485
1183  0.067578  0.040403  0.006199
1184  0.071999  -0.013664  0.005370
1185  -0.036651  -0.080453  0.007816
1186  -0.031045  0.079325  0.007256
1187  -0.044837  0.017845  0.002329
1188  -0.060684  0.016253  0.003947
1189  -0.082567  0.092255  0.015328
1190  0.062969  0.091876  0.012406
1191  -0.009747  0.054280  0.003041
1192  -0.019701  0.028554  0.001203
1193  -0.063598  0.052617  0.006813
1194  -0.001211  0.148535  0.022064
1195  0.014298  0.059922  0.003795
1196  0.041695  0.073625  0.007159
1197  0.075085  0.060827  0.009338
1198  0.058609  -0.018863  0.003791
1199  0.002907  0.053332  0.002853
1200  0.021669  0.031732  0.001476
1201  0.041289  0.017049  0.001995
1202  0.012880  -0.026589  0.000873
1203  -0.034709  0.047029  0.003416
1204  -0.006877  0.032812  0.001124
1205  0.008488  0.052106  0.002787
1206  0.048472  0.054961  0.005370
1207  0.042248  -0.012141  0.001932
1208  0.027287  0.026896  0.001468
1209  0.028217  0.016142  0.001057
1210  0.027835  -0.007993  0.000839
1211  -0.021477  -0.008659  0.000536
1212  0.012420  0.029613  0.001031
1213  0.010906  0.026726  0.000833
1214  0.023174  0.014422  0.000745
1215  0.007568  -0.017640  0.000368
1216  -0.020397  0.019325  0.000790
1217  -0.014513  0.010031  0.000311
1218  -0.019715  0.017303  0.000688
1219  -0.018239  0.041855  0.002085
1220  0.018275  0.031393  0.001319
1221  -0.002459  0.027640  0.000770
1222  -0.005277  0.027979  0.000811
1223  -0.000789  0.041271  0.001704
1224  0.027561  0.031578  0.001757
1225  0.007078  0.018297  0.000385
1226  0.007998  0.012547  0.000221
1227  -0.001453  0.008381  0.000072
1228  -0.014854  0.024828  0.000837
1229  0.006724  0.026279  0.000736
1230  -0.000228  0.026464  0.000700
1231  -0.003289  0.029676  0.000891
1232  0.005440  0.039419  0.001583
1233  0.015866  0.021279  0.000705
1234  0.007953  0.024030  0.000641
1235  0.002887  0.022606  0.000519
1236  -0.001706  0.030079  0.000908
1237  0.013062  0.036362  0.001493
1238  0.009553  0.027697  0.000858
1239  0.013151  0.027611  0.000935
1240  0.018226  0.024467  0.000931
1241  0.013758  0.013718  0.000377
1242  0.008704  0.022851  0.000598
1243  0.010245  0.021507  0.000568
1244  0.013353  0.019598  0.000562
1245  0.010776  0.012318  0.000268
1246  0.002929  0.018988  0.000369
1247  0.004710  0.018914  0.000380
1248  0.004662  0.021858  0.000500
1249  0.008665  0.025594  0.000730
1250  0.012866  0.019035  0.000528
1251  0.009572  0.020854  0.000527
1252  0.010336  0.020806  0.000540
1253  0.013016  0.019218  0.000539
1254  0.010228  0.013912  0.000298
1255  0.008054  0.018221  0.000397
1256  0.007777  0.018637  0.000408
1257  0.009231  0.020114  0.000490
1258  0.012919  0.018048  0.000493
1259  0.009458  0.015412  0.000327
1260  0.010190  0.015490  0.000344
1261  0.009899  0.014417  0.000306
1262  0.007273  0.013467  0.000234
1263  0.006949  0.017066  0.000340
1264  0.007966  0.015785  0.000313
1265  0.008230  0.015156  0.000297
1266  0.006846  0.014288  0.000251
1267  0.005482  0.016841  0.000314
1268  0.007265  0.016664  0.000330
1269  0.007642  0.017181  0.000354
1270  0.008795  0.017266  0.000375
1271  0.009486  0.015271  0.000323
1272  0.007890  0.015622  0.000306
1273  0.008329  0.015459  0.000308
1274  0.008721  0.014987  0.000301
1275  0.007967  0.013881  0.000256
1276  0.006985  0.015178  0.000279
1277  0.007456  0.015154  0.000285
1278  0.007887  0.015377  0.000299
1279  0.008667  0.014889  0.000297
1280  0.007928  0.013779  0.000253
1281  0.007852  0.014212  0.000264
1282  0.007705  0.013945  0.000254
1283  0.007215  0.013663  0.000239
1284  0.006761  0.014393  0.000253
1285  0.007458  0.014259  0.000259
1286  0.007439  0.014098  0.000254
1287  0.007228  0.013800  0.000243
1288  0.006699  0.014058  0.000243
1289  0.007217  0.014429  0.000260
1290  0.007236  0.014340  0.000258
1291  0.007454  0.014336  0.000261
1292  0.007810  0.014024  0.000258
1293  0.007456  0.013595  0.000240
1294  0.007506  0.013717  0.000244
1295  0.007568  0.013626  0.000243
1296  0.007596  0.013328  0.000235
1297  0.007196  0.013206  0.000226
1298  0.007279  0.013389  0.000232
1299  0.007289  0.013403  0.000233
1300  0.007435  0.013396  0.000235
1301  0.007586  0.013100  0.000229
1302  0.007366  0.012995  0.000223
1303  0.007397  0.012910  0.000221
1304  0.007378  0.012770  0.000218
1305  0.007201  0.012664  0.000212
1306  0.007196  0.012805  0.000216
1307  0.007245  0.012699  0.000214
1308  0.007272  0.012596  0.000212
1309  0.007201  0.012451  0.000207
1310  0.007073  0.012498  0.000206
1311  0.007130  0.012468  0.000206
1312  0.007122  0.012449  0.000206
1313  0.007160  0.012446  0.000206
1314  0.007253  0.012335  0.000205
1315  0.007184  0.012237  0.000201
1316  0.007186  0.012190  0.000200
1317  0.007212  0.012142  0.000199
1318  0.007242  0.012021  0.000197
1319  0.007160  0.011939  0.000194
1320  0.007146  0.011894  0.000193
1321  0.007122  0.011859  0.000191
1322  0.007134  0.011845  0.000191
1323  0.007175  0.011758  0.000190
1324  0.007153  0.011697  0.000188
1325  0.007156  0.011639  0.000187
1326  0.007170  0.011565  0.000185
1327  0.007139  0.011473  0.000183
1328  0.007119  0.011441  0.000182
1329  0.007114  0.011391  0.000180
1330  0.007122  0.011338  0.000179
1331  0.007125  0.011256  0.000177
1332  0.007094  0.011198  0.000176
1333  0.007085  0.011142  0.000174
1334  0.007068  0.011086  0.000173
1335  0.007049  0.011047  0.000172
1336  0.007058  0.011003  0.000171
1337  0.007050  0.010945  0.000169
1338  0.007039  0.010892  0.000168
1339  0.007030  0.010849  0.000167
1340  0.007039  0.010802  0.000166
1341  0.007033  0.010743  0.000165
1342  0.007028  0.010687  0.000164
1343  0.007018  0.010630  0.000162
1344  0.007003  0.010584  0.000161
1345  0.007001  0.010538  0.000160
1346  0.006994  0.010488  0.000159
1347  0.006985  0.010441  0.000158
1348  0.006981  0.010398  0.000157
1349  0.006981  0.010346  0.000156
1350  0.006974  0.010296  0.000155
1351  0.006966  0.010247  0.000154
1352  0.006957  0.010202  0.000152
1353  0.006955  0.010159  0.000152
1354  0.006950  0.010111  0.000151
1355  0.006946  0.010065  0.000150
1356  0.006942  0.010018  0.000149
1357  0.006936  0.009968  0.000147
1358  0.006929  0.009924  0.000146
1359  0.006924  0.009879  0.000146
1360  0.006919  0.009833  0.000145
1361  0.006913  0.009787  0.000144
1362  0.006905  0.009743  0.000143
1363  0.006899  0.009700  0.000142
1364  0.006894  0.009657  0.000141
1365  0.006889  0.009615  0.000140
1366  0.006884  0.009571  0.000139
1367  0.006879  0.009528  0.000138
1368  0.006874  0.009486  0.000137
1369  0.006869  0.009443  0.000136
1370  0.006863  0.009400  0.000135
1371  0.006857  0.009359  0.000135
1372  0.006851  0.009318  0.000134
1373  0.006846  0.009277  0.000133
1374  0.006842  0.009236  0.000132
1375  0.006836  0.009195  0.000131
1376  0.006831  0.009154  0.000130
1377  0.006825  0.009114  0.000130
1378  0.006820  0.009074  0.000129
1379  0.006815  0.009035  0.000128
1380  0.006809  0.008996  0.000127
1381  0.006804  0.008957  0.000127
1382  0.006799  0.008918  0.000126
1383  0.006794  0.008880  0.000125
1384  0.006789  0.008841  0.000124
1385  0.006784  0.008803  0.000124
1386  0.006779  0.008765  0.000123
1387  0.006774  0.008728  0.000122
1388  0.006769  0.008690  0.000121
1389  0.006764  0.008653  0.000121
1390  0.006759  0.008616  0.000120
1391  0.006754  0.008580  0.000119
1392  0.006749  0.008543  0.000119
1393  0.006744  0.008507  0.000118
1394  0.006739  0.008471  0.000117
1395  0.006735  0.008435  0.000117
1396  0.006730  0.008399  0.000116
1397  0.006725  0.008364  0.000115
1398  0.006720  0.008329  0.000115
1399  0.006715  0.008294  0.000114
1400  0.006711  0.008259  0.000113
1401  0.006706  0.008225  0.000113
1402  0.006701  0.008190  0.000112
1403  0.006697  0.008156  0.000111
1404  0.006692  0.008122  0.000111
1405  0.006687  0.008089  0.000110
1406  0.006683  0.008055  0.000110
1407  0.006678  0.008022  0.000109
1408  0.006674  0.007988  0.000108
1409  0.006669  0.007955  0.000108
1410  0.006665  0.007923  0.000107
1411  0.006660  0.007890  0.000107
1412  0.006656  0.007858  0.000106
1413  0.006651  0.007825  0.000105
1414  0.006647  0.007793  0.000105
1415  0.006642  0.007761  0.000104
1416  0.006638  0.007730  0.000104
1417  0.006633  0.007698  0.000103
1418  0.006629  0.007667  0.000103
1419  0.006625  0.007635  0.000102
1420  0.006620  0.007604  0.000102
1421  0.006616  0.007573  0.000101
1422  0.006612  0.007543  0.000101
1423  0.006607  0.007512  0.000100
1424  0.006603  0.007482  0.000100
1425  0.006599  0.007452  0.000099
1426  0.006595  0.007422  0.000099
1427  0.006590  0.007392  0.000098
1428  0.006586  0.007362  0.000098
1429  0.006582  0.007332  0.000097
1430  0.006578  0.007303  0.000097
1431  0.006574  0.007274  0.000096
1432  0.006570  0.007244  0.000096
1433  0.006565  0.007215  0.000095
1434  0.006561  0.007187  0.000095
1435  0.006557  0.007158  0.000094
1436  0.006553  0.007129  0.000094
1437  0.006549  0.007101  0.000093
1438  0.006545  0.007073  0.000093
1439  0.006541  0.007045  0.000092
1440  0.006537  0.007017  0.000092
1441  0.006533  0.006989  0.000092
1442  0.006529  0.006961  0.000091
1443  0.006525  0.006934  0.000091
1444  0.006521  0.006906  0.000090
1445  0.006517  0.006879  0.000090
1446  0.006513  0.006852  0.000089
1447  0.006509  0.006825  0.000089
1448  0.006505  0.006798  0.000089
1449  0.006502  0.006771  0.000088
1450  0.006498  0.006745  0.000088
1451  0.006494  0.006718  0.000087
1452  0.006490  0.006692  0.000087
1453  0.006486  0.006665  0.000086
1454  0.006482  0.006639  0.000086
1455  0.006479  0.006613  0.000086
1456  0.006475  0.006587  0.000085
1457  0.006471  0.006562  0.000085
1458  0.006467  0.006536  0.000085
1459  0.006464  0.006511  0.000084
1460  0.006460  0.006485  0.000084
1461  0.006456  0.006460  0.000083
1462  0.006452  0.006435  0.000083
1463  0.006449  0.006410  0.000083
1464  0.006445  0.006385  0.000082
1465  0.006441  0.006360  0.000082
1466  0.006438  0.006335  0.000082
1467  0.006434  0.006311  0.000081
1468  0.006431  0.006286  0.000081
1469  0.006427  0.006262  0.000081
1470  0.006423  0.006238  0.000080
1471  0.006420  0.006214  0.000080
1472  0.006416  0.006189  0.000079
1473  0.006413  0.006166  0.000079
1474  0.006409  0.006142  0.000079
1475  0.006406  0.006118  0.000078
1476  0.006402  0.006094  0.000078
1477  0.006399  0.006071  0.000078
1478  0.006395  0.006047  0.000077
1479  0.006392  0.006024  0.000077
1480  0.006388  0.006001  0.000077
1481  0.006385  0.005978  0.000076
1482  0.006381  0.005955  0.000076
1483  0.006378  0.005932  0.000076
1484  0.006374  0.005909  0.000076
1485  0.006371  0.005886  0.000075
1486  0.006368  0.005864  0.000075
1487  0.006364  0.005841  0.000075
1488  0.006361  0.005819  0.000074
1489  0.006357  0.005797  0.000074
1490  0.006354  0.005774  0.000074
1491  0.006351  0.005752  0.000073
1492  0.006347  0.005730  0.000073
1493  0.006344  0.005708  0.000073
1494  0.006341  0.005686  0.000073
1495  0.006337  0.005665  0.000072
1496  0.006334  0.005643  0.000072
1497  0.006331  0.005621  0.000072
1498  0.006328  0.005600  0.000071
1499  0.006324  0.005578  0.000071
1500  0.006321  0.005557  0.000071
1501  0.006318  0.005536  0.000071
1502  0.006315  0.005515  0.000070
1503  0.006311  0.005494  0.000070
1504  0.006308  0.005473  0.000070
1505  0.006305  0.005452  0.000069
1506  0.006302  0.005431  0.000069
1507  0.006299  0.005410  0.000069
1508  0.006295  0.005389  0.000069
1509  0.006292  0.005369  0.000068
1510  0.006289  0.005348  0.000068
1511  0.006286  0.005328  0.000068
1512  0.006283  0.005308  0.000068
1513  0.006280  0.005287  0.000067
1514  0.006277  0.005267  0.000067
1515  0.006273  0.005247  0.000067
1516  0.006270  0.005227  0.000067
1517  0.006267  0.005207  0.000066
1518  0.006264  0.005187  0.000066
1519  0.006261  0.005167  0.000066
1520  0.006258  0.005148  0.000066
1521  0.006255  0.005128  0.000065
1522  0.006252  0.005108  0.000065
1523  0.006249  0.005089  0.000065
1524  0.006246  0.005069  0.000065
1525  0.006243  0.005050  0.000064
1526  0.006240  0.005031  0.000064
1527  0.006237  0.005012  0.000064
1528  0.006234  0.004992  0.000064
1529  0.006231  0.004973  0.000064
1530  0.006228  0.004954  0.000063
1531  0.006225  0.004935  0.000063
1532  0.006222  0.004917  0.000063
1533  0.006219  0.004898  0.000063
1534  0.006216  0.004879  0.000062
1535  0.006213  0.004860  0.000062
1536  0.006210  0.004842  0.000062
1537  0.006208  0.004823  0.000062
1538  0.006205  0.004805  0.000062
1539  0.006202  0.004786  0.000061
1540  0.006199  0.004768  0.000061
1541  0.006196  0.004750  0.000061
1542  0.006193  0.004732  0.000061
1543  0.006190  0.004713  0.000061
1544  0.006187  0.004695  0.000060
1545  0.006185  0.004677  0.000060
1546  0.006182  0.004659  0.000060
1547  0.006179  0.004641  0.000060
1548  0.006176  0.004624  0.000060
1549  0.006173  0.004606  0.000059
1550  0.006170  0.004588  0.000059
1551  0.006168  0.004570  0.000059
1552  0.006165  0.004553  0.000059
1553  0.006162  0.004535  0.000059
1554  0.006159  0.004518  0.000058
1555  0.006157  0.004500  0.000058
1556  0.006154  0.004483  0.000058
1557  0.006151  0.004466  0.000058
1558  0.006148  0.004449  0.000058
1559  0.006146  0.004431  0.000057
1560  0.006143  0.004414  0.000057
1561  0.006140  0.004397  0.000057
1562  0.006137  0.004380  0.000057
1563  0.006135  0.004363  0.000057
1564  0.006132  0.004346  0.000056
1565  0.006129  0.004330  0.000056
1566  0.006127  0.004313  0.000056
1567  0.006124  0.004296  0.000056
1568  0.006121  0.004279  0.000056
1569  0.006119  0.004263  0.000056
1570  0.006116  0.004246  0.000055
1571  0.006113  0.004230  0.000055
1572  0.006111  0.004213  0.000055
1573  0.006108  0.004197  0.000055
1574  0.006105  0.004180  0.000055
1575  0.006103  0.004164  0.000055
1576  0.006100  0.004148  0.000054
1577  0.006097  0.004132  0.000054
1578  0.006095  0.004115  0.000054
1579  0.006092  0.004099  0.000054
1580  0.006090  0.004083  0.000054
1581  0.006087  0.004067  0.000054
1582  0.006084  0.004051  0.000053
1583  0.006082  0.004035  0.000053
1584  0.006079  0.004020  0.000053
1585  0.006077  0.004004  0.000053
1586  0.006074  0.003988  0.000053
1587  0.006072  0.003972  0.000053
1588  0.006069  0.003957  0.000052
1589  0.006067  0.003941  0.000052
1590  0.006064  0.003925  0.000052
1591  0.006061  0.003910  0.000052
1592  0.006059  0.003894  0.000052
1593  0.006056  0.003879  0.000052
1594  0.006054  0.003864  0.000052
1595  0.006051  0.003848  0.000051
1596  0.006049  0.003833  0.000051
1597  0.006046  0.003818  0.000051
1598  0.006044  0.003802  0.000051
1599  0.006041  0.003787  0.000051
1600  0.006039  0.003772  0.000051
1601  0.006037  0.003757  0.000051
1602  0.006034  0.003742  0.000050
1603  0.006032  0.003727  0.000050
1604  0.006029  0.003712  0.000050
1605  0.006027  0.003697  0.000050
1606  0.006024  0.003682  0.000050
1607  0.006022  0.003668  0.000050
1608  0.006019  0.003653  0.000050
1609  0.006017  0.003638  0.000049
1610  0.006015  0.003623  0.000049
1611  0.006012  0.003609  0.000049
1612  0.006010  0.003594  0.000049
1613  0.006007  0.003579  0.000049
1614  0.006005  0.003565  0.000049
1615  0.006003  0.003550  0.000049
1616  0.006000  0.003536  0.000049
1617  0.005998  0.003522  0.000048
1618  0.005995  0.003507  0.000048
1619  0.005993  0.003493  0.000048
1620  0.005991  0.003479  0.000048
1621  0.005988  0.003464  0.000048
1622  0.005986  0.003450  0.000048
1623  0.005984  0.003436  0.000048
1624  0.005981  0.003422  0.000047
1625  0.005979  0.003408  0.000047
1626  0.005977  0.003394  0.000047
1627  0.005974  0.003380  0.000047
1628  0.005972  0.003366  0.000047
1629  0.005970  0.003352  0.000047
1630  0.005967  0.003338  0.000047
1631  0.005965  0.003324  0.000047
1632  0.005963  0.003310  0.000047
1633  0.005960  0.003296  0.000046
1634  0.005958  0.003282  0.000046
1635  0.005956  0.003269  0.000046
1636  0.005953  0.003255  0.000046
1637  0.005951  0.003241  0.000046
1638  0.005949  0.003228  0.000046
1639  0.005947  0.003214  0.000046
1640  0.005944  0.003201  0.000046
1641  0.005942  0.003187  0.000045
1642  0.005940  0.003174  0.000045
1643  0.005938  0.003160  0.000045
1644  0.005935  0.003147  0.000045
1645  0.005933  0.003133  0.000045
1646  0.005931  0.003120  0.000045
1647  0.005929  0.003107  0.000045
1648  0.005926  0.003093  0.000045
1649  0.005924  0.003080  0.000045
1650  0.005922  0.003067  0.000044
1651  0.005920  0.003054  0.000044
1652  0.005917  0.003040  0.000044
1653  0.005915  0.003027  0.000044
1654  0.005913  0.003014  0.000044
1655  0.005911  0.003001  0.000044
1656  0.005909  0.002988  0.000044
1657  0.005906  0.002975  0.000044
1658  0.005904  0.002962  0.000044
1659  0.005902  0.002949  0.000044
1660  0.005900  0.002936  0.000043
1661  0.005898  0.002923  0.000043
1662  0.005896  0.002911  0.000043
1663  0.005893  0.002898  0.000043
1664  0.005891  0.002885  0.000043
1665  0.005889  0.002872  0.000043
1666  0.005887  0.002860  0.000043
1667  0.005885  0.002847  0.000043
1668  0.005883  0.002834  0.000043
1669  0.005880  0.002822  0.000043
1670  0.005878  0.002809  0.000042
1671  0.005876  0.002796  0.000042
1672  0.005874  0.002784  0.000042
1673  0.005872  0.002771  0.000042
1674  0.005870  0.002759  0.000042
1675  0.005868  0.002746  0.000042
1676  0.005865  0.002734  0.000042
1677  0.005863  0.002722  0.000042
1678  0.005861  0.002709  0.000042
1679  0.005859  0.002697  0.000042
1680  0.005857  0.002684  0.000042
1681  0.005855  0.002672  0.000041
1682  0.005853  0.002660  0.000041
1683  0.005851  0.002648  0.000041
1684  0.005849  0.002635  0.000041
1685  0.005847  0.002623  0.000041
1686  0.005844  0.002611  0.000041
1687  0.005842  0.002599  0.000041
1688  0.005840  0.002587  0.000041
1689  0.005838  0.002575  0.000041
1690  0.005836  0.002563  0.000041
1691  0.005834  0.002551  0.000041
1692  0.005832  0.002539  0.000040
1693  0.005830  0.002527  0.000040
1694  0.005828  0.002515  0.000040
1695  0.005826  0.002503  0.000040
1696  0.005824  0.002491  0.000040
1697  0.005822  0.002479  0.000040
1698  0.005820  0.002467  0.000040
1699  0.005818  0.002455  0.000040
1700  0.005816  0.002444  0.000040
1701  0.005814  0.002432  0.000040
1702  0.005812  0.002420  0.000040
1703  0.005810  0.002408  0.000040
1704  0.005808  0.002397  0.000039
1705  0.005806  0.002385  0.000039
1706  0.005803  0.002373  0.000039
1707  0.005801  0.002362  0.000039
1708  0.005799  0.002350  0.000039
1709  0.005797  0.002338  0.000039
1710  0.005795  0.002327  0.000039
1711  0.005793  0.002315  0.000039
1712  0.005791  0.002304  0.000039
1713  0.005789  0.002292  0.000039
1714  0.005787  0.002281  0.000039
1715  0.005785  0.002269  0.000039
1716  0.005784  0.002258  0.000039
1717  0.005782  0.002247  0.000038
1718  0.005780  0.002235  0.000038
1719  0.005778  0.002224  0.000038
1720  0.005776  0.002213  0.000038
1721  0.005774  0.002201  0.000038
1722  0.005772  0.002190  0.000038
1723  0.005770  0.002179  0.000038
1724  0.005768  0.002167  0.000038
1725  0.005766  0.002156  0.000038
1726  0.005764  0.002145  0.000038
1727  0.005762  0.002134  0.000038
1728  0.005760  0.002123  0.000038
1729  0.005758  0.002111  0.000038
1730  0.005756  0.002100  0.000038
1731  0.005754  0.002089  0.000037
1732  0.005752  0.002078  0.000037
1733  0.005750  0.002067  0.000037
1734  0.005748  0.002056  0.000037
1735  0.005746  0.002045  0.000037
1736  0.005744  0.002034  0.000037
1737  0.005742  0.002023  0.000037
1738  0.005741  0.002012  0.000037
1739  0.005739  0.002001  0.000037
1740  0.005737  0.001990  0.000037
1741  0.005735  0.001979  0.000037
1742  0.005733  0.001969  0.000037
1743  0.005731  0.001958  0.000037
1744  0.005729  0.001947  0.000037
1745  0.005727  0.001936  0.000037
1746  0.005725  0.001925  0.000036
1747  0.005723  0.001914  0.000036
1748  0.005721  0.001904  0.000036
1749  0.005720  0.001893  0.000036
1750  0.005718  0.001882  0.000036
1751  0.005716  0.001871  0.000036
1752  0.005714  0.001861  0.000036
1753  0.005712  0.001850  0.000036
1754  0.005710  0.001839  0.000036
1755  0.005708  0.001829  0.000036
1756  0.005706  0.001818  0.000036
1757  0.005705  0.001808  0.000036
1758  0.005703  0.001797  0.000036
1759  0.005701  0.001786  0.000036
1760  0.005699  0.001776  0.000036
1761  0.005697  0.001765  0.000036
1762  0.005695  0.001755  0.000036
1763  0.005693  0.001744  0.000035
1764  0.005691  0.001734  0.000035
1765  0.005690  0.001724  0.000035
1766  0.005688  0.001713  0.000035
1767  0.005686  0.001703  0.000035
1768  0.005684  0.001692  0.000035
1769  0.005682  0.001682  0.000035
1770  0.005680  0.001671  0.000035
1771  0.005679  0.001661  0.000035
1772  0.005677  0.001651  0.000035
1773  0.005675  0.001640  0.000035
1774  0.005673  0.001630  0.000035
1775  0.005671  0.001620  0.000035
1776  0.005669  0.001610  0.000035
1777  0.005667  0.001599  0.000035
1778  0.005666  0.001589  0.000035
1779  0.005664  0.001579  0.000035
1780  0.005662  0.001569  0.000035
1781  0.005660  0.001558  0.000034
1782  0.005658  0.001548  0.000034
1783  0.005657  0.001538  0.000034
1784  0.005655  0.001528  0.000034
1785  0.005653  0.001518  0.000034
1786  0.005651  0.001508  0.000034
1787  0.005649  0.001498  0.000034
1788  0.005648  0.001488  0.000034
1789  0.005646  0.001478  0.000034
1790  0.005644  0.001467  0.000034
1791  0.005642  0.001457  0.000034
1792  0.005640  0.001447  0.000034
1793  0.005639  0.001437  0.000034
1794  0.005637  0.001427  0.000034
1795  0.005635  0.001417  0.000034
1796  0.005633  0.001407  0.000034
1797  0.005631  0.001398  0.000034
1798  0.005630  0.001388  0.000034
1799  0.005628  0.001378  0.000034
1800  0.005626  0.001368  0.000034
1801  0.005624  0.001358  0.000033
1802  0.005622  0.001348  0.000033
1803  0.005621  0.001338  0.000033
1804  0.005619  0.001328  0.000033
1805  0.005617  0.001318  0.000033
1806  0.005615  0.001309  0.000033
1807  0.005614  0.001299  0.000033
1808  0.005612  0.001289  0.000033
1809  0.005610  0.001279  0.000033
1810  0.005608  0.001269  0.000033
1811  0.005606  0.001260  0.000033
1812  0.005605  0.001250  0.000033
1813  0.005603  0.001240  0.000033
1814  0.005601  0.001231  0.000033
1815  0.005599  0.001221  0.000033
1816  0.005598  0.001211  0.000033
1817  0.005596  0.001201  0.000033
1818  0.005594  0.001192  0.000033
1819  0.005592  0.001182  0.000033
1820  0.005591  0.001173  0.000033
1821  0.005589  0.001163  0.000033
1822  0.005587  0.001153  0.000033
1823  0.005585  0.001144  0.000033
1824  0.005584  0.001134  0.000032
1825  0.005582  0.001125  0.000032
1826  0.005580  0.001115  0.000032
1827  0.005578  0.001105  0.000032
1828  0.005577  0.001096  0.000032
1829  0.005575  0.001086  0.000032
1830  0.005573  0.001077  0.000032
1831  0.005572  0.001067  0.000032
1832  0.005570  0.001058  0.000032
1833  0.005568  0.001048  0.000032
1834  0.005566  0.001039  0.000032
1835  0.005565  0.001029  0.000032
1836  0.005563  0.001020  0.000032
1837  0.005561  0.001011  0.000032
1838  0.005559  0.001001  0.000032
1839  0.005558  0.000992  0.000032
1840  0.005556  0.000982  0.000032
1841  0.005554  0.000973  0.000032
1842  0.005553  0.000964  0.000032
1843  0.005551  0.000954  0.000032
1844  0.005549  0.000945  0.000032
1845  0.005547  0.000936  0.000032
1846  0.005546  0.000926  0.000032
1847  0.005544  0.000917  0.000032
1848  0.005542  0.000908  0.000032
1849  0.005541  0.000898  0.000032
1850  0.005539  0.000889  0.000031
1851  0.005537  0.000880  0.000031
1852  0.005536  0.000870  0.000031
1853  0.005534  0.000861  0.000031
1854  0.005532  0.000852  0.000031
1855  0.005530  0.000843  0.000031
1856  0.005529  0.000834  0.000031
1857  0.005527  0.000824  0.000031
1858  0.005525  0.000815  0.000031
1859  0.005524  0.000806  0.000031
1860  0.005522  0.000797  0.000031
1861  0.005520  0.000788  0.000031
1862  0.005519  0.000778  0.000031
1863  0.005517  0.000769  0.000031
1864  0.005515  0.000760  0.000031
1865  0.005514  0.000751  0.000031
1866  0.005512  0.000742  0.000031
1867  0.005510  0.000733  0.000031
1868  0.005508  0.000724  0.000031
1869  0.005507  0.000715  0.000031
1870  0.005505  0.000705  0.000031
1871  0.005503  0.000696  0.000031
1872  0.005502  0.000687  0.000031
1873  0.005500  0.000678  0.000031
1874  0.005498  0.000669  0.000031
1875  0.005497  0.000660  0.000031
1876  0.005495  0.000651  0.000031
1877  0.005493  0.000642  0.000031
1878  0.005492  0.000633  0.000031
1879  0.005490  0.000624  0.000031
1880  0.005488  0.000615  0.000031
1881  0.005487  0.000606  0.000030
1882  0.005485  0.000597  0.000030
1883  0.005483  0.000588  0.000030
1884  0.005482  0.000579  0.000030
1885  0.005480  0.000570  0.000030
1886  0.005478  0.000561  0.000030
1887  0.005477  0.000552  0.000030
1888  0.005475  0.000543  0.000030
1889  0.005473  0.000535  0.000030
1890  0.005472  0.000526  0.000030
1891  0.005470  0.000517  0.000030
1892  0.005468  0.000508  0.000030
1893  0.005467  0.000499  0.000030
1894  0.005465  0.000490  0.000030
1895  0.005463  0.000481  0.000030
1896  0.005462  0.000472  0.000030
1897  0.005460  0.000463  0.000030
1898  0.005459  0.000455  0.000030
1899  0.005457  0.000446  0.000030
1900  0.005455  0.000437  0.000030
1901  0.005454  0.000428  0.000030
1902  0.005452  0.000419  0.000030
1903  0.005450  0.000411  0.000030
1904  0.005449  0.000402  0.000030
1905  0.005447  0.000393  0.000030
1906  0.005445  0.000384  0.000030
1907  0.005444  0.000375  0.000030
1908  0.005442  0.000367  0.000030
1909  0.005440  0.000358  0.000030
1910  0.005439  0.000349  0.000030
1911  0.005437  0.000340  0.000030
1912  0.005436  0.000332  0.000030
1913  0.005434  0.000323  0.000030
1914  0.005432  0.000314  0.000030
1915  0.005431  0.000305  0.000030
1916  0.005429  0.000297  0.000030
1917  0.005427  0.000288  0.000030
1918  0.005426  0.000279  0.000030
1919  0.005424  0.000271  0.000029
1920  0.005422  0.000262  0.000029
1921  0.005421  0.000253  0.000029
1922  0.005419  0.000245  0.000029
1923  0.005418  0.000236  0.000029
1924  0.005416  0.000227  0.000029
1925  0.005414  0.000219  0.000029
1926  0.005413  0.000210  0.000029
1927  0.005411  0.000201  0.000029
1928  0.005409  0.000193  0.000029
1929  0.005408  0.000184  0.000029
1930  0.005406  0.000175  0.000029
1931  0.005405  0.000167  0.000029
1932  0.005403  0.000158  0.000029
1933  0.005401  0.000150  0.000029
1934  0.005400  0.000141  0.000029
1935  0.005398  0.000132  0.000029
1936  0.005396  0.000124  0.000029
1937  0.005395  0.000115  0.000029
1938  0.005393  0.000107  0.000029
1939  0.005392  0.000098  0.000029
1940  0.005390  0.000090  0.000029
1941  0.005388  0.000081  0.000029
1942  0.005387  0.000073  0.000029
1943  0.005385  0.000064  0.000029
1944  0.005383  0.000055  0.000029
1945  0.005382  0.000047  0.000029
1946  0.005380  0.000038  0.000029
1947  0.005379  0.000030  0.000029
1948  0.005377  0.000021  0.000029
1949  0.005375  0.000013  0.000029
1950  0.005374  0.000004  0.000029
1951  0.005372  -0.000004  0.000029
1952  0.005370  -0.000013  0.000029
1953  0.005369  -0.000021  0.000029
1954  0.005367  -0.000030  0.000029
1955  0.005366  -0.000038  0.000029
1956  0.005364  -0.000047  0.000029
1957  0.005362  -0.000055  0.000029
1958  0.005361  -0.000063  0.000029
1959  0.005359  -0.000072  0.000029
1960  0.005358  -0.000080  0.000029
1961  0.005356  -0.000089  0.000029
1962  0.005354  -0.000097  0.000029
1963  0.005353  -0.000106  0.000029
1964  0.005351  -0.000114  0.000029
1965  0.005350  -0.000123  0.000029
1966  0.005348  -0.000131  0.000029
1967  0.005346  -0.000139  0.000029
1968  0.005345  -0.000148  0.000029
1969  0.005343  -0.000156  0.000029
1970  0.005341  -0.000165  0.000029
1971  0.005340  -0.000173  0.000029
1972  0.005338  -0.000181  0.000029
1973  0.005337  -0.000190  0.000029
1974  0.005335  -0.000198  0.000029
1975  0.005333  -0.000207  0.000028
1976  0.005332  -0.000215  0.000028
1977  0.005330  -0.000223  0.000028
1978  0.005329  -0.000232  0.000028
1979  0.005327  -0.000240  0.000028
1980  0.005325  -0.000249  0.000028
1981  0.005324  -0.000257  0.000028
1982  0.005322  -0.000265  0.000028
1983  0.005321  -0.000274  0.000028
1984  0.005319  -0.000282  0.000028
1985  0.005317  -0.000290  0.000028
1986  0.005316  -0.000299  0.000028
1987  0.005314  -0.000307  0.000028
1988  0.005313  -0.000315  0.000028
1989  0.005311  -0.000324  0.000028
1990  0.005309  -0.000332  0.000028
1991  0.005308  -0.000340  0.000028
1992  0.005306  -0.000349  0.000028
1993  0.005305  -0.000357  0.000028
1994  0.005303  -0.000365  0.000028
1995  0.005301  -0.000374  0.000028
1996  0.005300  -0.000382  0.000028
1997  0.005298  -0.000390  0.000028
1998  0.005297  -0.000398  0.000028
1999  0.005295  -0.000407  0.000028
2000  0.005293  -0.000415  0.000028
2001  0.005292  -0.000423  0.000028
2002  0.005290  -0.000432  0.000028
2003  0.005289  -0.000440  0.000028
2004  0.005287  -0.000448  0.000028
2005  0.005285  -0.000456  0.000028
2006  0.005284  -0.000465  0.000028
2007  0.005282  -0.000473  0.000028
2008  0.005280  -0.000481  0.000028
2009  0.005279  -0.000490  0.000028
2010  0.005277  -0.000498  0.000028
2011  0.005276  -0.000506  0.000028
2012  0.005274  -0.000514  0.000028
2013  0.005272  -0.000523  0.000028
2014  0.005271  -0.000531  0.000028
2015  0.005269  -0.000539  0.000028
2016  0.005268  -0.000547  0.000028
2017  0.005266  -0.000556  0.000028
2018  0.005264  -0.000564  0.000028
2019  0.005263  -0.000572  0.000028
2020  0.005261  -0.000580  0.000028
2021  0.005260  -0.000589  0.000028
2022  0.005258  -0.000597  0.000028
2023  0.005256  -0.000605  0.000028
2024  0.005255  -0.000613  0.000028
2025  0.005253  -0.000622  0.000028
2026  0.005252  -0.000630  0.000028
2027  0.005250  -0.000638  0.000028
2028  0.005248  -0.000646  0.000028
2029  0.005247  -0.000654  0.000028
2030  0.005245  -0.000663  0.000028
2031  0.005244  -0.000671  0.000028
2032  0.005242  -0.000679  0.000028
2033  0.005240  -0.000687  0.000028
2034  0.005239  -0.000696  0.000028
2035  0.005237  -0.000704  0.000028
2036  0.005236  -0.000712  0.000028
2037  0.005234  -0.000720  0.000028
2038  0.005232  -0.000728  0.000028
2039  0.005231  -0.000737  0.000028
2040  0.005229  -0.000745  0.000028
2041  0.005228  -0.000753  0.000028
2042  0.005226  -0.000761  0.000028
2043  0.005224  -0.000769  0.000028
2044  0.005223  -0.000778  0.000028
2045  0.005221  -0.000786  0.000028
2046  0.005220  -0.000794  0.000028
2047  0.005218  -0.000802  0.000028
