0  0.023255  0.025586  0.001195
1  0.073268  -0.002346  0.005374
2  0.050495  0.082249  0.009315
3  0.018106  -0.013778  0.000518
4  -0.088885  -0.016130  0.008161
5  -0.040131  -0.033785  0.002752
6  0.008726  0.039012  0.001598
7  -0.149900  0.051768  0.025150
8  -0.052571  0.007409  0.002819
9  0.025498  0.107236  0.012150
10  0.027627  0.025067  0.001392
11  -0.017094  0.018411  0.000631
12  0.155885  0.014467  0.024509
13  -0.005885  -0.105767  0.011221
14  -0.108250  0.050553  0.014274
15  0.065025  -0.040650  0.005881
16  0.029925  -0.021124  0.001342
17  0.014058  0.083030  0.007092
18  -0.016545  -0.053033  0.003086
19  0.017376  0.031208  0.001276
20  0.100573  -0.057272  0.013395
21  0.014864  0.027211  0.000961
22  -0.017440  0.020488  0.000724
23  0.008217  -0.024743  0.000680
24  0.037057  -0.018906  0.001731
25  0.058958  -0.004687  0.003498
26  0.013876  -0.014109  0.000392
27  -0.058962  -0.073547  0.008886
28  -0.037630  -0.071193  0.006484
29  -0.061289  0.001883  0.003760
30  -0.066975  0.025311  0.005126
31  -0.002850  0.088142  0.007777
32  -0.068859  -0.018000  0.005066
33  0.038952  0.051939  0.004215
34  0.019836  -0.026309  0.001086
35  -0.062211  -0.021511  0.004333
36  -0.039046  0.025725  0.002186
37  0.040725  -0.025749  0.002321
38  0.032257  0.021805  0.001516
39  0.011500  0.021044  0.000575
40  0.029938  0.027120  0.001632
41  0.045897  0.031533  0.003101
42  -0.022969  0.020290  0.000939
43  0.024878  0.047529  0.002878
44  0.039984  -0.151685  0.024607
45  0.015940  -0.056856  0.003487
46  -0.018340  -0.083725  0.007346
47  0.016071  -0.012645  0.000418
48  0.044358  -0.061901  0.005799
49  0.031942  -0.068069  0.005654
50  -0.072308  0.080262  0.011670
51  0.037624  0.014589  0.001628
52  -0.008766  0.008322  0.000146
53  -0.024996  -0.015951  0.000879
54  -0.037835  -0.133647  0.019293
55  -0.078974  0.018321  0.006573
56  -0.045096  0.008118  0.002100
57  0.045142  0.035022  0.003264
58  0.007438  -0.004878  0.000079
59  -0.012061  0.018200  0.000477
60  0.045162  -0.010267  0.002145
61  -0.001162  0.019259  0.000372
62  0.000167  -0.064247  0.004128
63  -0.017300  0.026268  0.000989
64  -0.023500  -0.042001  0.002316
65  -0.051245  0.040817  0.004292
66  0.001654  0.058408  0.003414
67  -0.009935  0.087719  0.007793
68  0.019244  -0.002913  0.000379
69  0.010946  -0.035951  0.001412
70  -0.030108  0.045287  0.002957
71  0.029937  -0.013727  0.001085
72  -0.031441  0.004938  0.001013
73  0.020522  -0.066903  0.004897
74  -0.080189  0.005656  0.006462
75  -0.029327  0.005960  0.000896
76  -0.061891  0.030404  0.004755
77  0.045256  0.057112  0.005310
78  0.019905  0.049673  0.002864
79  0.018921  0.069736  0.005221
80  0.033580  0.056191  0.004285
81  0.087293  -0.043628  0.009524
82  -0.053030  -0.015440  0.003051
83  0.022747  -0.050562  0.003074
84  0.036567  0.043175  0.003201
85  0.027550  0.032319  0.001804
86  -0.004015  0.027519  0.000773
87  0.019753  -0.064202  0.004512
88  -0.010282  0.066833  0.004572
89  0.015248  0.024057  0.000811
90  -0.018699  0.060385  0.003996
91  0.042538  -0.035224  0.003050
92  -0.025188  -0.031748  0.001642
93  -0.042778  0.013971  0.002025
94  -0.028909  0.044877  0.002850
95  0.015256  -0.025617  0.000889
96  0.037247  0.023795  0.001953
97  0.052391  -0.021240  0.003196
98  0.020990  -0.030371  0.001363
99  -0.041468  -0.001995  0.001724
100  0.004545  -0.003396  0.000032
101  0.026859  0.012788  0.000885
102  -0.028061  0.045673  0.002873
103  -0.010266  -0.010666  0.000219
104  -0.036007  0.045026  0.003324
105  -0.000814  -0.010172  0.000104
106  0.021234  0.011828  0.000591
107  -0.026417  0.043814  0.002618
108  0.025897  0.040523  0.002313
109  0.010761  0.040973  0.001795
110  0.016525  0.014242  0.000476
111  0.024889  0.022173  0.001111
112  0.007383  0.007883  0.000117
113  0.005771  -0.011529  0.000166
114  -0.011180  -0.025892  0.000795
115  0.002302  -0.044076  0.001948
116  -0.019625  -0.033600  0.001514
117  -0.035836  0.001849  0.001288
118  -0.022801  -0.082746  0.007367
119  -0.046386  0.004903  0.002176
120  0.001273  0.019843  0.000395
121  0.011350  -0.018153  0.000458
122  0.009071  -0.052932  0.002884
123  -0.004317  -0.029415  0.000884
124  0.034109  0.000789  0.001164
125  0.074999  0.030696  0.006567
126  -0.002394  0.047690  0.002280
127  0.052749  0.000411  0.002783
128  -0.022810  -0.023247  0.001061
129  -0.023821  0.078547  0.006737
130  0.021414  0.011282  0.000586
131  -0.015683  -0.035994  0.001542
132  0.004298  -0.037842  0.001451
133  -0.043338  0.049106  0.004290
134  0.031760  -0.045262  0.003057
135  -0.017670  -0.014919  0.000535
136  -0.004083  0.041230  0.001717
137  0.018680  -0.017133  0.000642
138  -0.075340  -0.031067  0.006641
139  0.029375  -0.033259  0.001969
140  -0.007090  0.003525  0.000063
141  -0.010988  0.007362  0.000175
142  -0.054259  -0.046333  0.005091
143  0.037879  -0.041201  0.003132
144  -0.029821  -0.035143  0.002124
145  0.006224  -0.022331  0.000537
146  -0.019106  0.021690  0.000835
147  0.006439  -0.025503  0.000692
148  -0.027823  -0.024832  0.001391
149  -0.005158  -0.000136  0.000027
150  0.021207  0.028296  0.001250
151  0.006924  -0.067978  0.004669
152  -0.024988  0.057045  0.003878
153  -0.011303  -0.003838  0.000142
154  0.004069  -0.042037  0.001784
155  0.016005  -0.007154  0.000307
156  -0.007999  0.033922  0.001215
157  0.062109  -0.049838  0.006341
158  -0.002405  0.020597  0.000430
159  -0.026276  -0.013970  0.000886
160  0.014196  0.000778  0.000202
161  0.038117  0.031799  0.002464
162  0.005443  -0.022741  0.000547
163  -0.001709  0.007397  0.000058
164  -0.052443  -0.014607  0.002964
165  0.016756  0.000894  0.000282
166  0.065816  -0.020575  0.004755
167  0.021565  -0.001769  0.000468
168  -0.005410  -0.011438  0.000160
169  -0.021214  0.043557  0.002347
170  0.066686  -0.025281  0.005086
171  -0.010415  -0.063957  0.004199
172  0.006011  -0.025019  0.000662
173  0.008964  -0.013179  0.000254
174  0.028637  -0.007991  0.000884
175  0.006852  -0.002455  0.000053
176  -0.021461  -0.035109  0.001693
177  -0.007632  -0.028745  0.000885
178  -0.000996  -0.038000  0.001445
179  0.015029  0.015075  0.000453
180  0.031493  -0.014290  0.001196
181  -0.011926  0.042668  0.001963
182  0.018922  0.010743  0.000473
183  0.043496  0.017848  0.002210
184  0.043204  -0.003873  0.001882
185  0.021850  -0.013149  0.000650
186  0.007556  0.010585  0.000169
187  -0.028221  0.021380  0.001253
188  0.019159  -0.016800  0.000649
189  -0.043158  0.011543  0.001996
190  0.050174  -0.045077  0.004549
191  0.042016  0.033159  0.002865
192  -0.013244  0.017787  0.000492
193  -0.006653  0.027024  0.000775
194  0.024318  0.051134  0.003206
195  0.064285  0.024263  0.004721
196  -0.011960  -0.008835  0.000221
197  0.017602  -0.014197  0.000511
198  0.011122  0.014285  0.000328
199  -0.013031  -0.002146  0.000174
200  0.000125  -0.008831  0.000078
201  -0.006130  0.005456  0.000067
202  0.001874  -0.042189  0.001783
203  -0.026962  0.003904  0.000742
204  -0.035111  0.013643  0.001419
205  -0.000961  -0.055011  0.003027
206  0.005799  -0.015106  0.000262
207  -0.019657  -0.009593  0.000478
208  0.014386  -0.026928  0.000932
209  0.014307  -0.009047  0.000287
210  -0.033461  0.001677  0.001122
211  0.009217  0.025959  0.000759
212  0.016334  -0.014761  0.000485
213  -0.030814  0.051085  0.003559
214  0.049449  0.014093  0.002644
215  -0.027974  -0.054658  0.003770
216  -0.025373  -0.031078  0.001610
217  -0.009425  0.033027  0.001180
218  0.019980  0.035966  0.001693
219  0.047521  -0.063193  0.006252
220  0.029206  0.012518  0.001010
221  -0.036204  -0.018075  0.001637
222  -0.015474  0.043862  0.002163
223  -0.004197  0.022721  0.000534
224  -0.001056  -0.003348  0.000012
225  0.005066  0.008651  0.000101
226  -0.034674  -0.017173  0.001497
227  0.040721  -0.013621  0.001844
228  -0.027163  -0.006136  0.000775
229  -0.000609  0.002251  0.000005
230  0.024872  0.016535  0.000892
231  0.002415  -0.029734  0.000890
232  0.016140  0.048795  0.002641
233  -0.023661  -0.032409  0.001610
234  0.024463  0.048704  0.002970
235  -0.029545  -0.005647  0.000905
236  -0.064192  -0.031633  0.005121
237  -0.020721  -0.021809  0.000905
238  -0.002530  -0.014771  0.000225
239  -0.018034  0.000523  0.000326
240  -0.013269  0.005885  0.000211
241  0.023695  0.040265  0.002183
242  0.019895  -0.018874  0.000752
243  0.013076  -0.013869  0.000363
244  0.042824  -0.018964  0.002194
245  -0.038874  0.005537  0.001542
246  0.067154  0.016212  0.004773
247  0.045443  -0.020952  0.002504
248  0.034485  -0.005365  0.001218
249  0.014919  -0.008232  0.000290
250  0.002834  0.014930  0.000231
251  0.044794  -0.010858  0.002124
252  -0.024606  -0.038025  0.002051
253  -0.016398  0.005275  0.000297
254  -0.033727  -0.011916  0.001280
255  -0.034079  -0.015801  0.001411
256  -0.045512  -0.027410  0.002823
257  -0.014282  -0.020237  0.000614
258  0.042647  0.010370  0.001926
259  0.032381  0.001969  0.001052
260  -0.003428  -0.010060  0.000113
261  0.017555  -0.003265  0.000319
262  -0.006467  0.000138  0.000042
263  0.018239  -0.010593  0.000445
264  -0.031767  0.041001  0.002690
265  0.022438  -0.018058  0.000830
266  -0.001884  -0.017610  0.000314
267  0.027342  0.007236  0.000800
268  0.013645  -0.042200  0.001967
269  -0.028019  0.006806  0.000831
270  -0.011055  0.006717  0.000167
271  -0.031803  -0.003752  0.001026
272  0.015980  0.010358  0.000363
273  0.017276  0.003170  0.000308
274  -0.015534  0.010826  0.000359
275  -0.024406  0.003784  0.000610
276  0.002272  0.029511  0.000876
277  -0.009682  -0.028860  0.000927
278  0.025808  -0.015972  0.000921
279  0.007740  -0.022727  0.000576
280  0.001873  -0.014387  0.000210
281  0.026805  -0.047239  0.002950
282  -0.014391  -0.006079  0.000244
283  0.059032  -0.052073  0.006196
284  0.027877  -0.018968  0.001137
285  -0.004934  -0.002296  0.000030
286  0.019603  -0.003779  0.000399
287  0.000756  -0.017090  0.000293
288  -0.013200  0.005242  0.000202
289  0.024099  -0.008484  0.000653
290  0.011870  0.033685  0.001276
291  -0.002387  -0.004420  0.000025
292  0.013762  -0.030914  0.001145
293  -0.015624  0.002594  0.000251
294  0.017405  0.014219  0.000505
295  0.016235  0.012203  0.000412
296  -0.014344  0.024130  0.000788
297  0.017974  -0.038171  0.001780
298  -0.047824  0.039094  0.003815
299  -0.042355  -0.027869  0.002571
300  0.057329  0.019027  0.003649
301  -0.060385  -0.056724  0.006864
302  0.025535  0.015666  0.000897
303  0.026194  -0.025323  0.001327
304  0.049577  0.010184  0.002562
305  -0.013489  0.014090  0.000380
306  0.048953  0.006029  0.002433
307  0.005693  -0.015677  0.000278
308  0.031151  -0.032813  0.002047
309  0.024517  0.039293  0.002145
310  0.014224  0.006954  0.000251
311  0.024964  -0.017410  0.000926
312  0.025785  0.052755  0.003448
313  0.007387  0.031249  0.001031
314  0.011011  0.012160  0.000269
315  -0.013618  -0.021130  0.000632
316  0.057392  -0.003754  0.003308
317  0.009665  0.010416  0.000202
318  0.012916  0.015332  0.000402
319  0.019805  -0.001644  0.000395
320  -0.013135  0.001551  0.000175
321  -0.014204  0.043427  0.002088
322  -0.020398  0.009869  0.000513
323  0.013621  -0.013576  0.000370
324  0.040223  0.026337  0.002312
325  -0.005009  0.009811  0.000121
326  -0.001598  0.023237  0.000543
327  0.041730  -0.020650  0.002168
328  -0.038616  -0.004902  0.001515
329  -0.007825  -0.023716  0.000624
330  -0.030114  -0.043465  0.002796
331  0.042407  -0.003964  0.001814
332  -0.028491  0.002305  0.000817
333  0.013816  0.032953  0.001277
334  0.003997  0.038778  0.001520
335  -0.008225  -0.009781  0.000163
336  0.020432  -0.025825  0.001084
337  -0.005614  0.013330  0.000209
338  -0.012085  -0.032158  0.001180
339  -0.018359  -0.009321  0.000424
340  -0.023898  -0.023147  0.001107
341  0.014731  -0.004436  0.000237
342  -0.051420  -0.005890  0.002679
343  -0.031874  -0.068674  0.005732
344  -0.005662  0.041467  0.001752
345  0.049597  0.006635  0.002504
346  0.006576  0.004416  0.000063
347  -0.027213  -0.004695  0.000763
348  -0.029187  -0.024666  0.001460
349  -0.041923  0.014570  0.001970
350  -0.008234  0.006744  0.000113
351  0.009496  0.028175  0.000884
352  0.011010  -0.019545  0.000503
353  -0.008055  0.012158  0.000213
354  0.030837  -0.015739  0.001199
355  0.004912  0.004496  0.000044
356  -0.015162  0.006594  0.000273
357  0.007004  0.024076  0.000629
358  0.020910  0.023155  0.000973
359  0.029886  -0.008069  0.000958
360  -0.035865  -0.012100  0.001433
361  0.009955  -0.015575  0.000342
362  0.029870  0.027666  0.001658
363  -0.001192  0.023937  0.000574
364  -0.015292  0.040184  0.001849
365  0.050412  0.009555  0.002633
366  0.017342  0.000893  0.000302
367  -0.030693  -0.029362  0.001804
368  -0.009517  0.019324  0.000464
369  -0.010595  -0.035655  0.001384
370  0.027451  -0.036248  0.002067
371  0.016192  -0.015249  0.000495
372  -0.056219  -0.001568  0.003163
373  -0.030772  -0.006647  0.000991
374  0.003871  -0.008767  0.000092
375  0.042422  -0.001357  0.001801
376  -0.029532  0.018835  0.001227
377  0.042965  0.003304  0.001857
378  -0.005689  -0.024673  0.000641
379  -0.000689  -0.017603  0.000310
380  -0.030604  -0.016961  0.001224
381  -0.030669  0.032481  0.001996
382  0.006430  -0.002441  0.000047
383  0.012810  0.031396  0.001150
384  0.022242  -0.027712  0.001263
385  0.052440  -0.015690  0.002996
386  0.019498  -0.027373  0.001129
387  0.001801  -0.021251  0.000455
388  -0.028394  -0.012728  0.000968
389  -0.016173  -0.016404  0.000531
390  0.008163  0.012520  0.000223
391  0.010543  0.010005  0.000211
392  -0.030163  -0.007412  0.000965
393  0.020409  -0.030470  0.001345
394  -0.015464  -0.022478  0.000744
395  0.002574  -0.011350  0.000135
396  0.002708  0.006823  0.000054
397  -0.006303  -0.029763  0.000926
398  0.033236  -0.014957  0.001328
399  0.002683  -0.006615  0.000051
400  -0.011138  0.036096  0.001427
401  -0.022429  -0.001028  0.000504
402  -0.000061  0.008897  0.000079
403  0.020086  0.003501  0.000416
404  -0.000704  -0.023486  0.000552
405  -0.008819  0.009554  0.000169
406  0.013817  -0.037119  0.001569
407  -0.002920  0.003570  0.000021
408  -0.003289  0.010011  0.000111
409  -0.018153  -0.012335  0.000482
410  -0.028320  -0.040147  0.002414
411  0.026869  -0.025614  0.001378
412  0.022912  0.034702  0.001729
413  -0.023675  0.012459  0.000716
414  -0.044734  0.009136  0.002085
415  -0.003245  0.021439  0.000470
416  -0.000466  0.023188  0.000538
417  -0.010320  0.013272  0.000283
418  0.028999  0.026567  0.001547
419  0.005528  0.021546  0.000495
420  -0.019006  -0.013463  0.000542
421  -0.002297  0.007458  0.000061
422  -0.031789  -0.040196  0.002626
423  -0.014782  0.007414  0.000273
424  -0.022828  -0.009115  0.000604
425  0.023154  0.022242  0.001031
426  0.013558  0.031065  0.001149
427  0.025218  0.007030  0.000685
428  0.019460  0.000291  0.000379
429  0.016292  -0.017292  0.000564
430  -0.004730  0.007505  0.000079
431  -0.003366  0.006662  0.000056
432  0.006746  -0.001384  0.000047
433  -0.025786  0.002048  0.000669
434  -0.053095  0.017397  0.003122
435  -0.000551  -0.016645  0.000277
436  -0.008780  -0.004728  0.000099
437  0.025282  -0.042884  0.002478
438  0.034256  -0.033428  0.002291
439  0.014644  -0.000079  0.000214
440  0.017696  -0.005366  0.000342
441  -0.017100  0.010371  0.000400
442  -0.014005  -0.008159  0.000263
443  -0.013417  -0.030445  0.001107
444  0.023523  0.003757  0.000567
445  0.005145  -0.007016  0.000076
446  -0.002108  -0.008415  0.000075
447  -0.008312  0.000659  0.000070
448  -0.042265  0.025476  0.002435
449  0.001861  -0.023623  0.000561
450  0.065880  -0.017856  0.004659
451  -0.006047  -0.006195  0.000075
452  -0.023006  0.007888  0.000591
453  0.016774  0.003695  0.000295
454  -0.024914  -0.013700  0.000808
455  0.020740  0.021017  0.000872
456  -0.009895  -0.009612  0.000190
457  -0.006886  -0.034236  0.001220
458  0.023471  0.004388  0.000570
459  -0.004191  0.005879  0.000052
460  -0.034232  0.019162  0.001539
461  -0.013616  0.012519  0.000342
462  0.034821  0.022634  0.001725
463  -0.009150  -0.017108  0.000376
464  0.017578  0.005183  0.000336
465  -0.015072  -0.026046  0.000906
466  -0.012456  0.016092  0.000414
467  0.012018  0.008664  0.000219
468  0.039952  -0.025618  0.002252
469  -0.000176  0.018956  0.000359
470  -0.058101  0.012729  0.003538
471  -0.032435  -0.010750  0.001168
472  0.006834  -0.001493  0.000049
473  0.002681  -0.028285  0.000807
474  -0.010750  -0.012519  0.000272
475  -0.039538  -0.036647  0.002906
476  -0.015515  0.007554  0.000298
477  0.004962  0.021645  0.000493
478  0.013709  -0.026151  0.000872
479  -0.018355  0.003529  0.000349
480  0.045637  -0.005838  0.002117
481  0.019541  -0.036738  0.001731
482  0.004553  0.000309  0.000021
483  -0.000209  0.017673  0.000312
484  -0.024730  -0.005776  0.000645
485  -0.010036  0.000249  0.000101
486  -0.058318  -0.001344  0.003403
487  0.003997  -0.036716  0.001364
488  -0.014760  -0.015141  0.000447
489  -0.011868  -0.017409  0.000444
490  0.045625  -0.020279  0.002493
491  -0.031233  -0.003341  0.000987
492  -0.057163  -0.014597  0.003481
493  0.001883  0.010647  0.000117
494  -0.044760  0.006324  0.002043
495  -0.013824  -0.004055  0.000208
496  0.022273  0.014994  0.000721
497  -0.016517  0.024554  0.000876
498  -0.024685  0.027925  0.001389
499  0.002617  -0.024833  0.000624
500  0.016604  0.001262  0.000277
501  -0.028643  0.020891  0.001257
502  0.016592  0.005739  0.000308
503  0.008404  -0.022240  0.000565
504  0.006223  -0.000268  0.000039
505  -0.018858  -0.012885  0.000522
506  0.040013  -0.021316  0.002055
507  0.005402  0.020659  0.000456
508  0.003726  0.031581  0.001011
509  -0.028840  -0.001593  0.000834
510  0.000586  -0.016500  0.000273
511  -0.002748  0.005621  0.000039
512  -0.027805  -0.016198  0.001035
513  -0.023448  0.026064  0.001229
514  0.013969  -0.006827  0.000242
515  -0.017316  -0.008008  0.000364
516  0.009222  -0.004986  0.000110
517  0.011021  -0.001336  0.000123
518  0.014443  0.034033  0.001367
519  0.016059  0.029035  0.001101
520  -0.006192  -0.009771  0.000134
521  -0.005264  0.020127  0.000433
522  0.007491  -0.011166  0.000181
523  0.007221  0.014123  0.000252
524  -0.027180  0.007027  0.000788
525  0.015872  -0.013467  0.000433
526  -0.019869  -0.002414  0.000401
527  -0.005013  0.016993  0.000314
528  0.019480  0.000234  0.000380
529  0.005697  0.032049  0.001060
530  -0.018741  -0.009915  0.000450
531  -0.007056  0.002343  0.000055
532  0.014994  -0.027802  0.000998
533  -0.008653  -0.002643  0.000082
534  -0.032966  0.008966  0.001167
535  -0.040393  0.007014  0.001681
536  0.004455  -0.011562  0.000154
537  -0.002435  0.021482  0.000467
538  0.018354  0.007306  0.000390
539  -0.019676  -0.018679  0.000736
540  -0.025964  0.064346  0.004815
541  0.020274  -0.036559  0.001748
542  0.033128  -0.026271  0.001788
543  0.004903  0.019662  0.000411
544  -0.017389  0.008044  0.000367
545  -0.016316  -0.024289  0.000856
546  0.003076  0.007140  0.000060
547  -0.008957  0.000763  0.000081
548  0.017195  0.018041  0.000621
549  0.000751  -0.016241  0.000264
550  -0.018688  -0.023952  0.000923
551  0.012156  0.017471  0.000453
552  0.025559  0.010033  0.000754
553  0.019350  -0.030370  0.001297
554  0.012055  0.018256  0.000479
555  0.040743  -0.026511  0.002363
556  0.007779  -0.015864  0.000312
557  0.025548  -0.012297  0.000804
558  0.030097  -0.020970  0.001346
559  0.023817  -0.030394  0.001491
560  -0.019019  0.021278  0.000814
561  0.024760  -0.006385  0.000654
562  0.008876  -0.024013  0.000655
563  0.002045  0.006086  0.000041
564  -0.036869  0.000368  0.001359
565  0.015948  -0.020275  0.000665
566  0.028831  0.009131  0.000915
567  0.016875  -0.009173  0.000369
568  -0.047804  -0.004889  0.002309
569  -0.017293  -0.022524  0.000806
570  -0.000589  -0.012334  0.000152
571  -0.007876  0.007560  0.000119
572  0.010951  0.005720  0.000153
573  0.011234  0.024819  0.000742
574  -0.007413  -0.058424  0.003468
575  0.011217  -0.011556  0.000259
576  0.019634  -0.021364  0.000842
577  0.006442  -0.007331  0.000095
578  0.003275  -0.030831  0.000961
579  -0.035353  0.021226  0.001700
580  0.037187  0.012494  0.001539
581  0.008975  0.018255  0.000414
582  0.028639  -0.028395  0.001626
583  -0.015079  0.008092  0.000293
584  -0.025021  0.007207  0.000678
585  -0.005598  0.022579  0.000541
586  -0.036870  0.017549  0.001667
587  -0.005594  0.013187  0.000205
588  0.009535  0.015980  0.000346
589  0.019298  0.024056  0.000951
590  -0.001816  -0.019713  0.000392
591  -0.005112  -0.006967  0.000075
592  -0.007804  -0.005985  0.000097
593  -0.018370  0.018109  0.000665
594  0.025949  -0.001978  0.000677
595  0.005299  -0.019448  0.000406
596  0.024575  0.007966  0.000667
597  -0.012272  -0.006004  0.000187
598  -0.005588  -0.017905  0.000352
599  -0.014421  0.020978  0.000648
600  -0.009761  -0.010073  0.000197
601  0.022136  -0.013177  0.000664
602  0.002180  0.001990  0.000009
603  -0.017398  -0.013961  0.000498
604  0.018944  -0.037029  0.001730
605  -0.010303  -0.008398  0.000177
606  -0.021905  -0.000133  0.000480
607  -0.022144  0.006969  0.000539
608  0.001413  0.034313  0.001179
609  0.000003  -0.018189  0.000331
610  -0.005727  -0.019766  0.000423
611  -0.042616  0.006459  0.001858
612  0.010846  -0.008977  0.000198
613  -0.009075  0.001323  0.000084
614  -0.011939  -0.010022  0.000243
615  -0.017388  0.005346  0.000331
616  -0.022388  -0.006411  0.000542
617  0.006321  -0.002915  0.000048
618  -0.030336  -0.033306  0.002030
619  0.012187  -0.018311  0.000484
620  0.019272  -0.006631  0.000415
621  -0.004114  -0.011218  0.000143
622  -0.009180  -0.028624  0.000904
623  -0.030638  -0.035051  0.002167
624  0.015561  0.042520  0.002050
625  -0.048159  0.062954  0.006283
626  -0.018455  -0.006261  0.000380
627  0.012039  -0.014542  0.000356
628  0.041248  -0.022986  0.002230
629  0.010543  -0.030305  0.001030
630  -0.006279  -0.029495  0.000909
631  -0.019317  0.038524  0.001857
632  -0.041213  0.013870  0.001891
633  0.010946  0.045329  0.002175
634  -0.007049  -0.018229  0.000382
635  -0.001161  -0.017573  0.000310
636  0.014971  -0.022114  0.000713
637  -0.009374  -0.034532  0.001280
638  -0.031864  -0.000644  0.001016
639  -0.034281  -0.013251  0.001351
640  0.000416  0.000950  0.000001
641  0.000740  0.000105  0.000001
642  -0.004307  0.014599  0.000232
643  -0.008755  0.009113  0.000160
644  0.012699  0.006492  0.000203
645  0.043374  0.024412  0.002477
646  -0.010830  -0.013863  0.000309
647  -0.026838  0.018479  0.001062
648  0.022531  -0.021161  0.000955
649  0.004358  0.007510  0.000075
650  -0.004263  0.012211  0.000167
651  0.013848  -0.022020  0.000677
652  -0.017585  0.002789  0.000317
653  0.030252  -0.026247  0.001604
654  -0.003371  0.014337  0.000217
655  0.010454  0.022034  0.000595
656  -0.027926  -0.014731  0.000997
657  0.030509  -0.059156  0.004430
658  0.004238  -0.037820  0.001448
659  -0.027035  0.018740  0.001082
660  0.032788  0.013823  0.001266
661  -0.037601  -0.009503  0.001504
662  0.005340  0.000319  0.000029
663  0.026315  -0.018325  0.001028
664  -0.032648  0.030100  0.001972
665  0.004748  0.037806  0.001452
666  0.008092  0.009301  0.000152
667  0.006540  0.000185  0.000043
668  0.000445  0.008153  0.000067
669  0.018193  0.029071  0.001176
670  0.024952  0.002297  0.000628
671  0.003961  -0.025976  0.000690
672  0.021654  0.021386  0.000926
673  -0.005916  0.002589  0.000042
674  -0.006660  0.002720  0.000052
675  -0.023750  -0.030340  0.001485
676  -0.018252  0.012295  0.000484
677  -0.011226  -0.015397  0.000363
678  0.004071  0.034565  0.001211
679  0.016996  -0.015468  0.000528
680  0.005728  0.002446  0.000039
681  -0.018926  -0.016649  0.000635
682  0.008952  0.006209  0.000119
683  -0.012119  0.001024  0.000148
684  -0.014039  -0.013043  0.000367
685  0.018581  0.003177  0.000355
686  -0.018831  -0.020709  0.000783
687  -0.012582  -0.020184  0.000566
688  -0.017882  0.024663  0.000928
689  0.000947  -0.007863  0.000063
690  0.019136  0.019622  0.000751
691  0.005581  0.006209  0.000070
692  -0.027141  0.003186  0.000747
693  0.031694  0.011430  0.001135
694  -0.015064  -0.001947  0.000231
695  -0.004165  0.001816  0.000021
696  -0.020110  0.031308  0.001385
697  -0.019155  -0.019956  0.000765
698  0.001329  0.011009  0.000123
699  0.028990  -0.029521  0.001712
700  0.011153  0.005092  0.000150
701  -0.010123  0.001978  0.000106
702  -0.005013  -0.006203  0.000064
703  -0.011060  -0.008066  0.000187
704  0.011281  0.000521  0.000128
705  0.009210  -0.007938  0.000148
706  0.008321  0.005362  0.000098
707  0.001098  -0.037251  0.001389
708  0.010563  0.024133  0.000694
709  -0.008916  -0.002273  0.000085
710  -0.039483  -0.071455  0.006665
711  -0.013238  0.006929  0.000223
712  -0.002594  0.002728  0.000014
713  0.002327  -0.004170  0.000023
714  -0.026071  -0.011874  0.000821
715  0.007839  -0.021110  0.000507
716  -0.012336  0.026929  0.000877
717  -0.017422  0.021467  0.000764
718  0.020709  0.011970  0.000572
719  -0.004672  0.001009  0.000023
720  0.001186  0.015493  0.000241
721  0.014195  0.016902  0.000487
722  0.032230  -0.033107  0.002135
723  -0.025879  0.033149  0.001769
724  0.003220  -0.005531  0.000041
725  0.008938  0.008141  0.000146
726  -0.008215  -0.006100  0.000105
727  0.005520  0.017872  0.000350
728  -0.036460  -0.004235  0.001347
729  0.001894  0.006883  0.000051
730  0.027518  -0.050808  0.003339
731  -0.016741  0.009197  0.000365
732  -0.001597  0.022269  0.000498
733  -0.020733  0.046767  0.002617
734  -0.012176  0.009275  0.000234
735  -0.022390  0.014474  0.000711
736  -0.001582  -0.024457  0.000601
737  0.017089  -0.009274  0.000378
738  -0.003808  0.004429  0.000034
739  0.015388  0.034408  0.001421
740  -0.018442  -0.022545  0.000848
741  0.000577  -0.008356  0.000070
742  0.003328  -0.027988  0.000794
743  -0.049340  0.003856  0.002449
744  0.009923  -0.003351  0.000110
745  0.005096  0.014056  0.000224
746  -0.010438  -0.001959  0.000113
747  0.015615  -0.012339  0.000396
748  -0.014847  0.015341  0.000456
749  -0.025792  0.023985  0.001240
750  -0.022343  0.000695  0.000500
751  -0.050717  -0.009065  0.002654
752  0.011795  0.011627  0.000274
753  0.007725  -0.012648  0.000220
754  0.010080  -0.010347  0.000209
755  -0.006629  0.030050  0.000947
756  0.005734  -0.010242  0.000138
757  -0.003992  -0.036036  0.001314
758  0.012844  -0.024302  0.000756
759  0.006061  -0.017277  0.000335
760  0.006596  0.026449  0.000743
761  -0.011830  -0.013534  0.000323
762  -0.001462  -0.004361  0.000021
763  -0.006732  -0.040863  0.001715
764  -0.008335  0.024450  0.000667
765  -0.016423  0.011413  0.000400
766  -0.038218  0.008319  0.001530
767  -0.006848  -0.011121  0.000171
768  0.004601  0.037272  0.001410
769  0.026796  0.043105  0.002576
770  -0.025385  -0.029358  0.001506
771  0.001597  0.020459  0.000421
772  -0.012449  -0.011705  0.000292
773  0.001125  0.040207  0.001618
774  -0.014847  -0.029177  0.001072
775  -0.015718  -0.006198  0.000285
776  -0.010345  -0.005837  0.000141
777  0.005008  -0.015177  0.000255
778  -0.006236  0.003237  0.000049
779  0.019199  -0.004495  0.000389
780  0.006902  0.028272  0.000847
781  -0.015534  -0.008864  0.000320
782  0.011759  0.032205  0.001175
783  -0.014606  -0.012894  0.000380
784  -0.018957  0.005927  0.000394
785  -0.012120  0.005536  0.000178
786  -0.036141  -0.022824  0.001827
787  -0.000845  0.003906  0.000016
788  -0.019030  0.010530  0.000473
789  -0.017575  0.002651  0.000316
790  0.002818  -0.016227  0.000271
791  0.004595  -0.006702  0.000066
792  -0.019880  0.012530  0.000552
793  0.001141  -0.005699  0.000034
794  -0.008342  -0.036316  0.001388
795  -0.003404  -0.004466  0.000032
796  -0.018335  -0.026291  0.001027
797  -0.012257  -0.011590  0.000285
798  -0.000200  -0.030739  0.000945
799  0.010987  0.016051  0.000378
800  -0.020417  -0.001287  0.000419
801  0.011443  -0.010974  0.000251
802  -0.014344  -0.003488  0.000218
803  0.008698  0.004500  0.000096
804  -0.012498  -0.032199  0.001193
805  -0.007939  -0.004140  0.000080
806  0.002697  0.004092  0.000024
807  -0.025116  -0.016849  0.000915
808  -0.034042  0.025043  0.001786
809  -0.024175  0.008490  0.000657
810  -0.019567  0.004254  0.000401
811  -0.000276  0.019366  0.000375
812  0.019865  0.026200  0.001081
813  0.023409  -0.001137  0.000549
814  0.018583  0.002931  0.000354
815  0.023456  0.014660  0.000765
816  -0.021460  0.008639  0.000535
817  -0.033041  0.035968  0.002385
818  -0.001354  -0.008016  0.000066
819  -0.029396  0.013489  0.001046
820  -0.032084  -0.025047  0.001657
821  -0.008796  0.011852  0.000218
822  -0.009380  -0.016286  0.000353
823  0.006913  -0.022383  0.000549
824  -0.010820  0.002211  0.000122
825  -0.009574  0.006552  0.000135
826  0.029775  -0.027936  0.001667
827  0.035498  0.005267  0.001288
828  0.016738  0.033142  0.001379
829  0.026067  -0.000795  0.000680
830  0.004741  0.008355  0.000092
831  -0.021802  -0.021853  0.000953
832  0.011977  0.030063  0.001047
833  -0.010830  -0.038588  0.001606
834  -0.009960  -0.012261  0.000250
835  0.028396  -0.017112  0.001099
836  -0.006632  -0.006496  0.000086
837  0.014358  -0.004563  0.000227
838  0.055105  -0.031809  0.004048
839  -0.007613  0.046218  0.002194
840  0.000272  -0.016125  0.000260
841  0.014199  -0.000010  0.000202
842  -0.011176  -0.055887  0.003248
843  -0.011754  0.032912  0.001221
844  -0.016030  -0.026005  0.000933
845  -0.005462  0.021210  0.000480
846  -0.010291  -0.004642  0.000127
847  -0.011446  0.030123  0.001038
848  0.011220  0.000268  0.000126
849  0.012560  -0.019868  0.000552
850  0.006450  -0.009599  0.000134
851  -0.001893  -0.008626  0.000078
852  0.000821  0.002927  0.000009
853  -0.031494  -0.022007  0.001476
854  -0.010503  -0.011538  0.000243
855  0.020788  -0.018285  0.000766
856  -0.019945  0.001181  0.000399
857  0.017402  0.015602  0.000546
858  0.008542  -0.025530  0.000725
859  -0.001172  -0.030689  0.000943
860  -0.036909  -0.004374  0.001381
861  0.000895  0.009199  0.000085
862  -0.021469  0.002104  0.000465
863  -0.008509  -0.007909  0.000135
864  0.003166  0.044816  0.002019
865  -0.007060  -0.013781  0.000240
866  -0.005490  -0.009569  0.000122
867  -0.007092  -0.020373  0.000465
868  -0.038983  -0.018284  0.001854
869  -0.044149  -0.000509  0.001949
870  0.000545  -0.004432  0.000020
871  0.008222  0.021042  0.000510
872  0.011960  0.009241  0.000228
873  -0.003012  -0.014235  0.000212
874  -0.045321  -0.001295  0.002056
875  0.021693  0.009238  0.000556
876  0.034184  -0.016986  0.001457
877  0.037547  -0.026042  0.002088
878  -0.006203  -0.013568  0.000223
879  -0.007115  0.005988  0.000086
880  0.040776  -0.011091  0.001786
881  -0.002681  0.040314  0.001632
882  -0.011295  -0.007233  0.000180
883  -0.004776  -0.015761  0.000271
884  -0.017322  0.003353  0.000311
885  -0.024146  0.000318  0.000583
886  -0.025697  -0.016711  0.000940
887  0.033748  -0.024828  0.001755
888  0.024335  -0.049524  0.003045
889  -0.031804  0.001267  0.001013
890  -0.017329  0.001264  0.000302
891  0.009330  0.008426  0.000158
892  -0.002431  -0.042401  0.001804
893  -0.000874  0.015332  0.000236
894  0.016561  -0.026664  0.000985
895  0.022809  -0.000558  0.000521
896  -0.009103  0.022585  0.000593
897  0.025680  -0.004739  0.000682
898  0.002467  -0.011695  0.000143
899  -0.013375  -0.020352  0.000593
900  0.011793  -0.038721  0.001638
901  -0.017246  0.001969  0.000301
902  -0.019232  0.015040  0.000596
903  -0.022018  -0.018658  0.000833
904  0.006634  -0.024578  0.000648
905  0.016280  0.006845  0.000312
906  0.013896  0.003074  0.000203
907  0.052258  -0.022607  0.003242
908  0.021269  0.021647  0.000921
909  0.000694  0.019556  0.000383
910  0.052047  0.026981  0.003437
911  -0.011773  0.014436  0.000347
912  -0.019981  -0.029172  0.001250
913  0.035582  -0.030134  0.002174
914  0.027229  -0.013422  0.000922
915  -0.035880  -0.016172  0.001549
916  -0.003523  -0.006867  0.000060
917  -0.030773  0.009270  0.001033
918  0.009400  -0.006006  0.000124
919  0.019353  -0.006311  0.000414
920  -0.033264  0.008327  0.001176
921  0.010784  0.008952  0.000196
922  0.013707  -0.012283  0.000339
923  0.023268  0.040393  0.002173
924  0.010972  -0.001991  0.000124
925  -0.022482  0.016722  0.000785
926  0.003763  -0.027010  0.000744
927  0.030551  -0.024691  0.001543
928  -0.033895  -0.012256  0.001299
929  0.024516  -0.025828  0.001268
930  -0.044713  0.000975  0.002000
931  0.004707  -0.002987  0.000031
932  0.009730  0.004386  0.000114
933  0.012895  0.014169  0.000367
934  -0.007355  -0.017966  0.000377
935  0.017976  0.002549  0.000330
936  0.014456  0.041797  0.001956
937  0.031773  -0.011647  0.001145
938  -0.027916  -0.030331  0.001699
939  -0.005331  -0.016753  0.000309
940  0.023349  0.009832  0.000642
941  0.014578  -0.030522  0.001144
942  -0.008630  -0.013780  0.000264
943  -0.019055  -0.007397  0.000418
944  0.014385  -0.036866  0.001566
945  0.009975  -0.019408  0.000476
946  0.015607  0.019690  0.000631
947  -0.011345  0.035856  0.001414
948  0.010729  -0.045368  0.002173
949  -0.035013  0.009514  0.001316
950  0.005064  0.002179  0.000030
951  -0.001816  0.047683  0.002277
952  0.027324  0.029639  0.001625
953  0.016061  -0.009104  0.000341
954  -0.026352  -0.027123  0.001430
955  -0.025305  -0.002450  0.000646
956  -0.017379  -0.023397  0.000849
957  -0.032506  0.027539  0.001815
958  -0.004675  -0.003609  0.000035
959  -0.024788  0.012420  0.000769
960  0.024747  0.025937  0.001285
961  0.025704  0.036101  0.001964
962  -0.021078  -0.022814  0.000965
963  -0.004880  -0.009390  0.000112
964  -0.045212  0.021686  0.002514
965  -0.029307  -0.019281  0.001231
966  0.025622  0.019326  0.001030
967  0.004930  0.021100  0.000470
968  0.023633  -0.025730  0.001221
969  -0.017639  0.015413  0.000549
970  -0.001021  0.004850  0.000025
971  0.023639  -0.006658  0.000603
972  -0.016862  0.030363  0.001206
973  0.023267  0.056895  0.003778
974  0.002324  0.009904  0.000103
975  -0.017728  0.018758  0.000666
976  0.019244  -0.023253  0.000911
977  0.025540  -0.015223  0.000884
978  -0.001487  -0.007061  0.000052
979  -0.010689  0.016107  0.000374
980  0.001808  -0.024509  0.000604
981  0.004507  0.038783  0.001524
982  0.039090  0.005686  0.001560
983  0.032907  0.002905  0.001091
984  -0.002022  0.033046  0.001096
985  0.020227  -0.034414  0.001593
986  0.007396  -0.025508  0.000705
987  0.060407  0.012421  0.003803
988  0.019569  -0.009199  0.000468
989  0.018335  -0.017088  0.000628
990  0.012994  -0.022984  0.000697
991  0.050561  -0.004301  0.002575
992  -0.018291  -0.000075  0.000335
993  -0.024574  0.029967  0.001502
994  -0.008122  0.011206  0.000192
995  0.012017  0.021450  0.000605
996  -0.010117  -0.011709  0.000239
997  -0.008244  0.023438  0.000617
998  0.017258  -0.015273  0.000531
999  0.014173  0.019276  0.000572
1000  0.024686  0.004216  0.000627
1001  -0.017429  -0.003803  0.000318
1002  0.009925  0.026638  0.000808
1003  0.007677  -0.011657  0.000195
1004  0.007168  -0.033031  0.001142
1005  -0.011911  0.000904  0.000143
1006  -0.008961  0.031685  0.001084
1007  0.049750  -0.031140  0.003445
1008  -0.005750  -0.025006  0.000658
1009  -0.032368  -0.005289  0.001076
1010  0.024639  -0.006613  0.000651
1011  0.022393  -0.003252  0.000512
1012  -0.002319  0.031861  0.001021
1013  0.031376  -0.019424  0.001362
1014  -0.017784  0.016328  0.000583
1015  -0.032289  0.001998  0.001047
1016  -0.001708  -0.015948  0.000257
1017  0.017731  0.008497  0.000387
1018  -0.011180  0.015353  0.000361
1019  -0.006548  -0.031267  0.001021
1020  -0.008559  -0.026843  0.000794
1021  -0.033862  -0.007616  0.001205
1022  -0.008574  0.009011  0.000155
1023  -0.011507  0.017169  0.000427
1024  0.042164  0.037441  0.003180
1025  0.009473  -0.000344  0.000090
1026  0.019505  -0.014439  0.000589
1027  -0.019695  -0.037390  0.001786
1028  -0.043562  -0.024976  0.002521
1029  -0.015089  -0.022053  0.000714
1030  -0.031487  0.014365  0.001198
1031  -0.014864  -0.000806  0.000222
1032  0.024218  -0.019220  0.000956
1033  -0.003422  0.019033  0.000374
1034  0.035983  0.001788  0.001298
1035  0.001408  0.038490  0.001483
1036  0.013363  -0.044560  0.002164
1037  0.000342  0.011836  0.000140
1038  0.001166  -0.000063  0.000001
1039  0.003658  -0.004323  0.000032
1040  0.024044  -0.024644  0.001185
1041  0.003916  -0.042274  0.001802
1042  -0.011310  -0.021966  0.000610
1043  -0.031206  -0.023706  0.001536
1044  -0.010081  -0.001922  0.000105
1045  0.003990  0.013037  0.000186
1046  -0.007024  -0.027739  0.000819
1047  -0.010346  -0.018048  0.000433
1048  0.045987  -0.021474  0.002576
1049  0.000585  -0.001861  0.000004
1050  0.014487  0.040815  0.001876
1051  0.012734  -0.034904  0.001380
1052  0.017122  0.001997  0.000297
1053  -0.028786  0.000004  0.000829
1054  -0.004435  0.005447  0.000049
1055  0.022152  0.017911  0.000812
1056  -0.002387  -0.038015  0.001451
1057  -0.014596  0.017385  0.000515
1058  -0.019127  -0.062514  0.004274
1059  -0.014248  -0.018766  0.000555
1060  0.002295  -0.000424  0.000005
1061  0.019348  0.001135  0.000376
1062  0.019493  -0.015378  0.000616
1063  -0.002986  -0.004713  0.000031
1064  0.019262  0.019689  0.000759
1065  0.020792  -0.025110  0.001063
1066  -0.022035  0.020169  0.000892
1067  0.002229  -0.001270  0.000007
1068  -0.015948  -0.020377  0.000670
1069  -0.020303  -0.011815  0.000552
1070  0.012432  0.008656  0.000229
1071  0.039852  0.006786  0.001634
1072  -0.018487  0.019820  0.000735
1073  -0.017475  0.009566  0.000397
1074  -0.009670  -0.000820  0.000094
1075  -0.009468  0.008478  0.000162
1076  -0.013688  0.037497  0.001593
1077  0.016490  -0.015680  0.000518
1078  0.025180  -0.024872  0.001253
1079  0.028591  0.010478  0.000927
1080  -0.018440  0.001218  0.000342
1081  0.015427  0.017406  0.000541
1082  -0.021214  0.029724  0.001334
1083  0.043666  0.001644  0.001909
1084  -0.003186  0.040633  0.001661
1085  0.039048  0.015868  0.001777
1086  0.010945  0.008750  0.000196
1087  -0.002571  0.003687  0.000020
1088  0.039106  0.012422  0.001684
1089  -0.027470  -0.010859  0.000873
1090  -0.015280  -0.012751  0.000396
1091  0.012340  -0.023989  0.000728
1092  0.011568  -0.017097  0.000426
1093  0.002380  0.012654  0.000166
1094  0.009657  0.014556  0.000305
1095  0.022684  -0.038795  0.002020
1096  0.009870  0.007701  0.000157
1097  -0.015844  0.005716  0.000284
1098  0.022873  0.023453  0.001073
1099  -0.015540  0.020170  0.000648
1100  0.007437  0.003873  0.000070
1101  -0.014533  -0.004612  0.000232
1102  -0.028839  0.006933  0.000880
1103  -0.031621  0.008175  0.001067
1104  -0.039704  -0.014175  0.001777
1105  -0.007277  0.016818  0.000336
1106  0.033023  -0.030394  0.002014
1107  -0.006635  0.003967  0.000060
1108  0.037920  0.027015  0.002168
1109  -0.024474  0.023138  0.001134
1110  -0.022875  0.014639  0.000738
1111  -0.037663  0.022894  0.001943
1112  -0.003960  -0.017297  0.000315
1113  -0.022507  0.044474  0.002485
1114  -0.044378  0.018289  0.002304
1115  0.021228  -0.004172  0.000468
1116  0.033344  0.034656  0.002313
1117  0.020654  -0.004536  0.000447
1118  0.004154  -0.028297  0.000818
1119  -0.002570  -0.002896  0.000015
1120  0.020491  -0.037528  0.001828
1121  -0.013651  -0.008300  0.000255
1122  -0.010691  -0.001885  0.000118
1123  -0.033883  -0.045366  0.003206
1124  -0.008418  -0.004163  0.000088
1125  0.003275  -0.030036  0.000913
1126  0.014106  -0.018671  0.000548
1127  0.019189  -0.001779  0.000371
1128  0.027412  0.040006  0.002352
1129  -0.049087  -0.006289  0.002449
1130  0.019352  0.016144  0.000635
1131  -0.001408  0.009059  0.000084
1132  -0.006840  0.019261  0.000418
1133  -0.039982  -0.014158  0.001799
1134  0.008206  -0.029104  0.000914
1135  -0.010627  0.049440  0.002557
1136  0.027095  -0.017474  0.001039
1137  -0.000695  -0.023052  0.000532
1138  -0.018823  -0.008823  0.000432
1139  -0.030020  0.025951  0.001575
1140  0.053034  -0.007223  0.002865
1141  0.028094  -0.002735  0.000797
1142  -0.012163  -0.004261  0.000166
1143  -0.025913  0.031891  0.001688
1144  -0.024142  0.011708  0.000720
1145  -0.011328  -0.005281  0.000156
1146  -0.024416  0.016654  0.000874
1147  0.014935  -0.006956  0.000271
1148  0.000138  -0.001541  0.000002
1149  -0.047908  0.012964  0.002463
1150  0.037453  -0.012498  0.001559
1151  0.012639  -0.008056  0.000225
1152  -0.005487  0.009239  0.000115
1153  -0.016703  -0.000650  0.000279
1154  -0.027066  0.018195  0.001064
1155  0.012300  -0.028302  0.000952
1156  -0.009900  0.036483  0.001429
1157  -0.022591  0.033475  0.001631
1158  -0.061718  0.016591  0.004084
1159  -0.038349  -0.042682  0.003292
1160  -0.023085  0.009270  0.000619
1161  -0.034761  -0.012693  0.001369
1162  -0.024722  -0.013343  0.000789
1163  -0.036258  -0.027034  0.002045
1164  0.004197  -0.001373  0.000020
1165  0.006427  -0.055360  0.003106
1166  -0.018905  -0.004257  0.000376
1167  -0.041857  -0.032023  0.002777
1168  -0.053338  0.050979  0.005444
1169  -0.019003  -0.022571  0.000871
1170  0.003841  -0.026711  0.000728
1171  -0.028355  0.014746  0.001021
1172  -0.039206  0.004375  0.001556
1173  0.016227  -0.022155  0.000754
1174  0.026774  0.004673  0.000739
1175  0.027958  -0.020255  0.001192
1176  0.032211  -0.014002  0.001234
1177  0.004203  0.035242  0.001260
1178  -0.019426  -0.012929  0.000545
1179  0.025390  0.009625  0.000737
1180  0.004475  -0.007443  0.000075
1181  0.004150  0.008190  0.000084
1182  -0.042572  -0.005802  0.001846
1183  0.014348  -0.023805  0.000773
1184  0.015959  0.018266  0.000588
1185  -0.018649  -0.005361  0.000377
1186  -0.020225  -0.008388  0.000479
1187  0.001563  0.003413  0.000014
1188  -0.010275  -0.023743  0.000669
1189  -0.032358  -0.015312  0.001281
1190  0.002662  0.010063  0.000108
1191  -0.000339  0.030046  0.000903
1192  -0.021080  0.044001  0.002380
1193  -0.011413  -0.024204  0.000716
1194  0.011338  0.043873  0.002053
1195  -0.019986  0.021249  0.000851
1196  0.001951  -0.005542  0.000035
1197  -0.009696  -0.000581  0.000094
1198  0.004650  0.051735  0.002698
1199  -0.010954  0.059874  0.003705
1200  -0.007951  -0.019927  0.000460
1201  -0.002168  -0.035032  0.001232
1202  0.065410  0.010311  0.004385
1203  -0.046829  0.047097  0.004411
1204  -0.041568  -0.001505  0.001730
1205  0.046346  -0.031430  0.003136
1206  -0.001137  0.010901  0.000120
1207  -0.043338  -0.017814  0.002196
1208  0.012930  0.015734  0.000415
1209  0.000506  -0.045838  0.002101
1210  -0.042913  -0.018403  0.002180
1211  0.032643  0.013534  0.001249
1212  -0.034346  0.048387  0.003521
1213  -0.028147  -0.027506  0.001549
1214  -0.041300  -0.039979  0.003304
1215  0.007905  0.040304  0.001687
1216  -0.073439  0.000295  0.005393
1217  -0.004583  0.003933  0.000036
1218  0.047767  0.022092  0.002770
1219  0.020729  -0.017792  0.000746
1220  -0.061091  0.000295  0.003732
1221  -0.038395  -0.004317  0.001493
1222  -0.001503  -0.029751  0.000887
1223  -0.017466  0.025051  0.000933
1224  0.010075  0.014350  0.000307
1225  -0.015223  -0.016565  0.000506
1226  -0.018510  -0.008184  0.000410
1227  0.014842  -0.050894  0.002811
1228  0.039886  0.001934  0.001595
1229  0.007603  0.022985  0.000586
1230  0.006434  -0.022576  0.000551
1231  0.014592  -0.050511  0.002764
1232  0.011270  0.006353  0.000167
1233  0.036196  -0.005764  0.001343
1234  -0.037764  0.006260  0.001465
1235  -0.033365  -0.024734  0.001725
1236  0.027244  -0.015204  0.000973
1237  0.029588  0.030996  0.001836
1238  -0.019853  -0.003195  0.000404
1239  -0.025353  0.003825  0.000657
1240  0.030441  0.090536  0.009123
1241  -0.002488  -0.036482  0.001337
1242  -0.031141  0.051654  0.003638
1243  0.039436  -0.024167  0.002139
1244  0.002321  0.012069  0.000151
1245  0.003924  0.039031  0.001539
1246  -0.037073  -0.004100  0.001391
1247  -0.027468  -0.037988  0.002198
1248  -0.008770  -0.001903  0.000081
1249  -0.008724  -0.018660  0.000424
1250  -0.023517  -0.016164  0.000814
1251  -0.017580  0.034826  0.001522
1252  -0.027848  -0.039813  0.002361
1253  0.025438  0.015129  0.000876
1254  0.037164  0.019551  0.001763
1255  -0.017197  0.020990  0.000736
1256  -0.006477  0.059409  0.003571
1257  -0.023134  0.017882  0.000855
1258  0.002425  0.009850  0.000103
1259  -0.027893  0.016775  0.001059
1260  -0.018197  0.006549  0.000374
1261  0.012061  0.013393  0.000325
1262  -0.057673  -0.012475  0.003482
1263  0.016835  0.000128  0.000283
1264  0.021561  -0.000796  0.000466
1265  -0.006309  0.007719  0.000099
1266  -0.019052  0.020014  0.000764
1267  -0.070374  -0.001689  0.004955
1268  -0.024464  -0.019582  0.000982
1269  -0.018676  0.020026  0.000750
1270  -0.039933  -0.059002  0.005076
1271  -0.002102  -0.037393  0.001403
1272  -0.015845  -0.002195  0.000256
1273  0.004623  0.008474  0.000093
1274  0.014278  -0.014945  0.000427
1275  -0.017315  0.013565  0.000484
1276  -0.038662  -0.031978  0.002517
1277  0.006737  -0.027647  0.000810
1278  -0.004416  -0.030700  0.000962
1279  0.058589  -0.023220  0.003972
1280  0.030243  -0.062114  0.004773
1281  0.031886  0.005138  0.001043
1282  0.025723  -0.024838  0.001279
1283  0.003368  -0.012154  0.000159
1284  -0.017131  0.006977  0.000342
1285  0.006254  -0.000390  0.000039
1286  0.006824  0.019997  0.000446
1287  0.029405  -0.023079  0.001397
1288  0.004122  -0.010108  0.000119
1289  -0.000776  0.036784  0.001354
1290  -0.020947  0.000076  0.000439
1291  -0.002143  0.006248  0.000044
1292  -0.014374  0.015357  0.000442
1293  0.012128  -0.002458  0.000153
1294  0.043084  -0.045514  0.003928
1295  -0.047812  -0.038483  0.003767
1296  0.000583  -0.011725  0.000138
1297  -0.009599  -0.015855  0.000344
1298  0.005260  -0.023539  0.000582
1299  -0.022556  -0.063107  0.004491
1300  -0.017823  -0.039367  0.001867
1301  0.057006  -0.004109  0.003267
1302  -0.011363  -0.009192  0.000214
1303  -0.025433  -0.007594  0.000705
1304  0.014879  -0.050534  0.002775
1305  -0.041144  0.018341  0.002029
1306  -0.019698  -0.037571  0.001800
1307  -0.068080  -0.010367  0.004742
1308  -0.040515  -0.021583  0.002107
1309  0.052170  0.009988  0.002821
1310  -0.040398  0.034522  0.002824
1311  0.036627  -0.026742  0.002057
1312  0.002404  0.003132  0.000016
1313  -0.028487  -0.010775  0.000928
1314  -0.004863  0.048131  0.002340
1315  -0.017849  -0.014227  0.000521
1316  -0.064151  -0.014559  0.004327
1317  0.010989  0.009779  0.000216
1318  -0.014980  -0.006218  0.000263
1319  0.005481  0.027482  0.000785
1320  -0.052508  0.033148  0.003856
1321  0.009623  -0.012779  0.000256
1322  0.027594  -0.014616  0.000975
1323  -0.005279  -0.007053  0.000078
1324  0.042465  0.015275  0.002037
1325  0.016046  -0.074675  0.005834
1326  0.064421  -0.005833  0.004184
1327  0.003501  0.018219  0.000344
1328  -0.015500  -0.015761  0.000489
1329  -0.035419  -0.014184  0.001456
1330  -0.004707  0.023274  0.000564
1331  0.036377  -0.000445  0.001323
1332  -0.023606  -0.027232  0.001299
1333  -0.029970  -0.020431  0.001316
1334  0.034694  0.029883  0.002097
1335  0.062539  -0.030435  0.004837
1336  0.013561  -0.019389  0.000560
1337  0.003016  -0.004700  0.000031
1338  0.071660  0.008364  0.005205
1339  -0.029771  0.017444  0.001191
1340  0.013616  0.035292  0.001431
1341  -0.039471  0.002161  0.001563
1342  -0.004437  -0.012255  0.000170
1343  -0.012645  0.055786  0.003272
1344  0.016495  -0.005788  0.000306
1345  0.046728  -0.049968  0.004680
1346  0.029522  -0.073937  0.006338
1347  0.023523  -0.028744  0.001380
1348  0.016865  0.000561  0.000285
1349  -0.012828  0.022636  0.000677
1350  0.021999  0.032554  0.001544
1351  0.031804  0.074603  0.006577
1352  -0.037760  0.057078  0.004684
1353  0.018742  0.071093  0.005406
1354  -0.040469  0.003977  0.001654
1355  -0.024565  -0.013963  0.000798
1356  -0.049202  -0.001920  0.002425
1357  0.013211  -0.077966  0.006253
1358  -0.007659  0.012835  0.000223
1359  -0.000128  -0.033330  0.001111
1360  -0.005048  -0.011304  0.000153
1361  0.050347  -0.020657  0.002962
1362  0.014514  0.053571  0.003080
1363  0.016898  0.007348  0.000340
1364  -0.035697  0.028627  0.002094
1365  0.008079  0.030512  0.000996
1366  -0.018557  0.062882  0.004298
1367  -0.042883  -0.006277  0.001878
1368  0.095379  0.020913  0.009534
1369  0.085527  0.036789  0.008668
1370  0.019478  -0.046547  0.002546
1371  -0.046433  0.029276  0.003013
1372  0.027541  -0.002689  0.000766
1373  0.003467  0.011669  0.000148
1374  0.001083  0.059025  0.003485
1375  0.057048  -0.034696  0.004458
1376  0.036191  0.022536  0.001818
1377  -0.016124  -0.023903  0.000831
1378  0.022023  0.011977  0.000628
1379  -0.002103  0.057738  0.003338
1380  0.063035  0.072305  0.009201
1381  0.001216  -0.021511  0.000464
1382  -0.009103  0.016804  0.000365
1383  -0.034181  0.062757  0.005107
1384  -0.006693  -0.029590  0.000920
1385  0.043073  0.019966  0.002254
1386  0.004443  0.034919  0.001239
1387  -0.017463  -0.026819  0.001024
1388  0.032756  0.037989  0.002516
1389  -0.086292  -0.010360  0.007554
1390  -0.009375  0.012028  0.000233
1391  -0.019196  -0.033452  0.001487
1392  0.018302  -0.004191  0.000353
1393  -0.043807  -0.021461  0.002380
1394  0.007504  0.038576  0.001544
1395  0.006547  0.024427  0.000640
1396  -0.048704  0.006783  0.002418
1397  -0.000151  -0.028794  0.000829
1398  -0.043659  0.030400  0.002830
1399  0.046152  -0.052577  0.004894
1400  -0.048260  -0.071788  0.007483
1401  -0.045082  -0.019079  0.002396
1402  -0.018947  -0.036706  0.001706
1403  0.015945  0.033674  0.001388
1404  -0.024083  -0.086116  0.007996
1405  0.058742  -0.058495  0.006872
1406  -0.033533  -0.046256  0.003264
1407  0.011306  -0.007866  0.000190
1408  -0.008662  0.000023  0.000075
1409  -0.050477  -0.016704  0.002827
1410  0.018483  0.028254  0.001140
1411  -0.051602  0.033501  0.003785
1412  0.045733  0.046239  0.004230
1413  -0.059506  0.008750  0.003618
1414  -0.028792  -0.070422  0.005788
1415  0.008181  0.040687  0.001722
1416  -0.010349  0.027372  0.000856
1417  -0.014493  0.011390  0.000340
1418  -0.080626  0.030279  0.007417
1419  -0.024128  0.040712  0.002240
1420  0.004230  -0.039549  0.001582
1421  0.099796  0.010610  0.010072
1422  0.065033  0.012419  0.004384
1423  -0.023151  -0.024721  0.001147
1424  0.003811  0.058684  0.003458
1425  -0.031588  0.083844  0.008028
1426  -0.047597  -0.097347  0.011742
1427  -0.046648  0.048764  0.004554
1428  -0.077101  -0.006315  0.005984
1429  -0.054007  0.006774  0.002963
1430  0.082796  -0.006493  0.006897
1431  -0.033325  0.030357  0.002032
1432  -0.071357  -0.012808  0.005256
1433  -0.035881  0.022949  0.001814
1434  0.049368  -0.037093  0.003813
1435  0.054365  0.052493  0.005711
1436  0.030245  -0.023039  0.001446
1437  -0.059766  -0.013802  0.003762
1438  -0.045540  -0.014239  0.002277
1439  0.071033  0.064995  0.009270
1440  -0.129793  0.078073  0.022942
1441  -0.006924  0.018773  0.000400
1442  0.004733  0.045252  0.002070
1443  -0.013610  0.015435  0.000423
1444  0.034355  0.042749  0.003008
1445  -0.017042  0.000368  0.000291
1446  -0.048001  0.011692  0.002441
1447  0.005532  0.062367  0.003920
1448  -0.024058  0.009476  0.000669
1449  0.050721  -0.088457  0.010397
1450  -0.003653  0.019535  0.000395
1451  -0.019288  -0.059701  0.003936
1452  0.128111  -0.055035  0.019441
1453  -0.007036  0.029174  0.000901
1454  0.022671  -0.035156  0.001750
1455  -0.044250  -0.057460  0.005260
1456  0.078561  0.009265  0.006258
1457  0.099127  -0.015503  0.010066
1458  0.006860  -0.007941  0.000110
1459  0.037816  -0.015038  0.001656
1460  0.016454  0.081592  0.006928
1461  0.116233  -0.027419  0.014262
1462  -0.028575  0.020266  0.001227
1463  0.055164  -0.010552  0.003154
1464  0.017162  -0.010056  0.000396
1465  0.009231  0.093584  0.008843
1466  0.001633  0.011252  0.000129
1467  -0.103847  -0.010614  0.010897
1468  -0.010107  0.005171  0.000129
1469  0.044455  -0.039199  0.003513
1470  0.051369  -0.044639  0.004631
1471  -0.056943  0.031571  0.004239
1472  0.035169  0.074861  0.006841
1473  -0.119250  0.057773  0.017558
1474  -0.141234  -0.079864  0.026325
1475  0.187126  -0.014068  0.035214
1476  -0.023840  -0.119049  0.014741
1477  0.040392  0.061209  0.005378
1478  0.072897  0.033260  0.006420
1479  -0.016529  -0.002036  0.000277
1480  0.002024  -0.053561  0.002873
1481  -0.055152  -0.002032  0.003046
1482  -0.105741  -0.058338  0.014584
1483  -0.065815  0.100169  0.014365
1484  -0.101233  0.042263  0.012034
1485  0.144803  -0.041318  0.022675
1486  -0.182469  0.211385  0.077978
1487  -0.123506  0.048353  0.017592
1488  -0.199211  -0.136962  0.058444
1489  -0.105069  -0.178261  0.042816
1490  -0.146343  -0.113479  0.034294
1491  0.098401  -0.075164  0.015332
1492  -0.092812  -0.149909  0.031087
1493  0.013471  -0.110447  0.012380
1494  0.122426  0.012529  0.015145
1495  -0.029454  -0.213756  0.046559
1496  0.148453  -0.060642  0.025716
1497  -0.055714  0.026536  0.003808
1498  0.147819  -0.077103  0.027795
1499  0.003522  -0.046949  0.002217
1500  -0.119256  -0.113457  0.027095
1501  0.021823  -0.124755  0.016040
1502  0.041500  -0.127779  0.018050
1503  0.014720  0.049877  0.002704
1504  0.100659  -0.115694  0.023517
1505  0.130730  0.234622  0.072138
1506  -0.078020  -0.130835  0.023205
1507  0.164138  0.200015  0.066947
1508  -0.068112  -0.081094  0.011215
1509  0.144547  0.034452  0.022081
1510  -0.012473  0.028485  0.000967
1511  0.038461  -0.007510  0.001536
1512  0.074506  0.030818  0.006501
1513  -0.270046  0.051015  0.075528
1514  0.002360  0.016623  0.000282
1515  0.055901  0.002552  0.003131
1516  0.157273  -0.211135  0.069313
1517  0.084725  0.033283  0.008286
1518  -0.100932  -0.006403  0.010228
1519  0.053782  0.115067  0.016133
1520  -0.078182  -0.089931  0.014200
1521  0.161698  0.042634  0.027964
1522  -0.123286  -0.119658  0.029518
1523  -0.001849  0.155615  0.024220
1524  -0.048046  0.098239  0.011959
1525  0.131984  -0.129246  0.034124
1526  0.210139  0.126541  0.060171
1527  -0.063045  -0.032148  0.005008
1528  -0.008535  0.081729  0.006752
1529  -0.007255  -0.244330  0.059750
1530  0.126976  -0.009837  0.016220
1531  -0.078263  0.310171  0.102331
1532  -0.097099  -0.003143  0.009438
1533  0.086553  -0.013718  0.007680
1534  -0.105370  0.040415  0.012736
1535  -0.021147  0.061253  0.004199
1536  0.021035  0.104268  0.011314
1537  -0.072781  -0.161765  0.031465
1538  0.098725  0.081790  0.016436
1539  0.065307  -0.175925  0.035214
1540  0.125268  0.181129  0.048500
1541  -0.000421  -0.114088  0.013016
1542  -0.026121  0.092474  0.009234
1543  -0.081229  -0.000498  0.006598
1544  -0.280435  0.199475  0.118434
1545  -0.106369  -0.161327  0.037341
1546  0.080104  0.240973  0.064485
1547  0.049810  0.114529  0.015598
1548  -0.028727  -0.055769  0.003935
1549  -0.030784  0.113955  0.013933
1550  -0.062144  -0.018972  0.004222
1551  -0.223228  -0.072965  0.055155
1552  -0.147618  0.054609  0.024773
1553  0.099385  -0.006778  0.009923
1554  -0.116246  -0.055518  0.016595
1555  0.114439  0.051188  0.015716
1556  0.111929  -0.167817  0.040691
1557  0.021612  -0.011358  0.000596
1558  -0.186152  -0.148970  0.056845
1559  0.072904  -0.251225  0.068429
1560  -0.054019  0.139227  0.022302
1561  -0.053644  -0.074406  0.008414
1562  0.076983  0.098760  0.015680
1563  -0.031218  -0.274302  0.076216
1564  0.402684  0.222703  0.211751
1565  -0.163856  -0.084575  0.034002
1566  0.091369  0.040059  0.009953
1567  -0.007076  0.171695  0.029529
1568  -0.198505  -0.302928  0.131169
1569  0.433769  0.025180  0.188789
1570  0.049188  0.374786  0.142884
1571  0.106793  0.139409  0.030840
1572  -0.234235  0.135874  0.073328
1573  -0.193207  0.076648  0.043204
1574  0.218255  0.235983  0.103323
1575  -0.571210  0.199434  0.366055
1576  -0.491201  -0.089975  0.249374
1577  0.098697  -0.269294  0.082261
1578  0.305532  -0.306666  0.187393
1579  0.311962  0.424076  0.277161
1580  0.066157  -0.040726  0.006035
1581  0.211359  0.167051  0.072579
1582  0.093390  0.304216  0.101269
1583  -0.037921  0.119120  0.015627
1584  -0.093993  0.177371  0.040295
1585  0.081645  -0.007186  0.006718
1586  0.123774  0.016422  0.015590
1587  0.190901  -0.053080  0.039261
1588  0.301999  0.077998  0.097287
1589  -0.183397  0.179289  0.065779
1590  0.147177  0.066867  0.026132
1591  -0.099343  0.104809  0.020854
1592  0.207548  -0.286153  0.124960
1593  -0.073263  -0.235952  0.061041
1594  0.099151  0.324016  0.114817
1595  -0.095294  -0.087626  0.016759
1596  0.084754  0.149702  0.029594
1597  -0.353717  0.161799  0.151295
1598  -0.298255  0.059067  0.092445
1599  -0.303201  0.520429  0.362778
1600  -0.138050  0.035903  0.020347
1601  -0.514688  -0.189395  0.300774
1602  -0.243975  -0.247693  0.120876
1603  0.161629  0.261187  0.094343
1604  0.037840  0.008688  0.001507
1605  0.298343  -0.021758  0.089482
1606  -0.439977  -0.355421  0.319904
1607  0.155141  0.276653  0.100605
1608  0.324603  -0.736179  0.647327
1609  0.082898  0.168906  0.035401
1610  -0.192557  0.420164  0.213616
1611  -0.436954  0.171084  0.220199
1612  -0.655516  -0.233239  0.484102
1613  0.403385  -0.568374  0.485769
1614  0.046689  0.464189  0.217651
1615  -0.225475  0.200066  0.090866
1616  -0.131504  -0.328083  0.124932
1617  -0.507702  -0.243388  0.316999
1618  0.121628  -0.307830  0.109553
1619  -0.345275  -0.189461  0.155111
1620  -0.027213  -0.076543  0.006599
1621  0.012436  -0.391032  0.153061
1622  0.442334  0.232640  0.249781
1623  -0.262136  0.480569  0.299662
1624  -0.012603  0.096687  0.009507
1625  0.072642  0.059371  0.008802
1626  0.263101  -0.488261  0.307621
1627  -0.231387  0.300001  0.143541
1628  -0.270661  -0.215174  0.119557
1629  0.273921  -0.223927  0.125176
1630  -0.002698  -0.126488  0.016006
1631  -0.096186  -0.251928  0.072720
1632  0.447567  0.394107  0.355636
1633  -0.268150  -0.056079  0.075049
1634  -0.037515  -0.110567  0.013632
1635  -0.005250  0.282096  0.079606
1636  0.392475  -0.276616  0.230553
1637  -0.060607  -0.252628  0.067494
1638  -0.008374  -0.660922  0.436889
1639  0.525912  -0.058962  0.280060
1640  0.249269  0.587732  0.407564
1641  -0.070913  0.377912  0.147846
1642  -0.024260  -0.142399  0.020866
1643  -0.550670  -0.037619  0.304652
1644  0.414308  -0.554200  0.478789
1645  -0.306953  0.303623  0.186407
1646  0.178063  -0.236896  0.087826
1647  0.207833  -0.504557  0.297773
1648  0.012916  -0.401267  0.161182
1649  0.112628  0.175070  0.043335
1650  -0.442012  -0.215366  0.241757
1651  0.314968  -0.249062  0.161237
1652  0.169826  -0.579050  0.364140
1653  0.109058  0.081882  0.018598
1654  0.270641  0.449455  0.275256
1655  -0.658240  0.314124  0.531954
1656  0.448037  0.074862  0.206341
1657  -0.386700  0.500754  0.400291
1658  -0.024174  -0.468552  0.220126
1659  -0.349053  0.359652  0.251187
1660  0.110836  0.210304  0.056512
1661  -0.178200  -0.205327  0.073914
1662  -0.141477  0.162137  0.046304
1663  0.010843  0.173806  0.030326
1664  0.769647  -0.253710  0.656725
1665  0.402367  0.026909  0.162624
1666  0.195745  -0.174502  0.068767
1667  -0.417805  0.448312  0.375545
1668  -0.278673  0.089883  0.085737
1669  0.466970  -0.021283  0.218514
1670  -0.666015  0.173059  0.473525
1671  -0.011789  -0.598508  0.358350
1672  0.147311  0.181538  0.054657
1673  -0.298652  -0.316590  0.189422
1674  0.109775  -0.288789  0.095450
1675  -0.095200  0.382179  0.155124
1676  -0.226227  -0.091138  0.059485
1677  -0.600103  -0.307597  0.454740
1678  0.701369  -0.120845  0.506523
1679  0.316286  0.413479  0.271002
1680  -0.326208  -0.358640  0.235034
1681  0.236056  -0.296712  0.143761
1682  0.128909  -0.371358  0.154524
1683  -0.411846  -0.458337  0.379690
1684  -0.312019  0.231820  0.151096
1685  -0.084375  0.646447  0.425012
1686  -0.084839  0.260472  0.075043
1687  0.012473  0.399408  0.159683
1688  0.949203  -0.397366  1.058885
1689  -0.190521  -0.234245  0.091169
1690  0.271784  0.182067  0.107015
1691  0.049201  0.311418  0.099402
1692  -0.072983  0.659170  0.439832
1693  0.123714  0.297690  0.103925
1694  0.410971  0.388159  0.319565
1695  0.895687  -0.260485  0.870108
1696  0.630676  0.796380  1.031974
1697  -0.059098  0.100944  0.013682
1698  0.328002  -0.002220  0.107590
1699  -0.468095  -0.143761  0.239780
1700  -0.355552  -0.286179  0.208315
1701  0.145070  0.356863  0.148396
1702  0.230603  -0.148733  0.075299
1703  -0.339116  0.608268  0.484989
1704  -0.770142  0.349299  0.715128
1705  0.230386  0.538052  0.342577
1706  -0.302388  0.036158  0.092746
1707  0.115213  0.412619  0.183528
1708  -0.999888  0.648809  1.420729
1709  -1.100739  -0.460676  1.423849
1710  -0.583732  -0.365337  0.474214
1711  -0.122090  -0.631205  0.413326
1712  -0.069572  0.823966  0.683761
1713  0.070394  0.319033  0.106737
1714  -0.103597  -0.162693  0.037201
1715  -0.822482  0.261375  0.744793
1716  -0.286716  0.153471  0.105759
1717  -0.052935  0.459611  0.214045
1718  -0.491791  -0.216290  0.288640
1719  -0.125590  -0.397123  0.173480
1720  -0.076809  0.586064  0.349371
1721  -0.191798  0.237206  0.093053
1722  0.207246  -0.727296  0.571910
1723  -0.053280  0.477855  0.231184
1724  -0.334879  0.255299  0.177321
1725  0.161477  0.341191  0.142486
1726  -0.223526  0.095602  0.059104
1727  0.226358  0.141139  0.071158
1728  0.941423  -0.158053  0.911258
1729  0.112811  -0.323845  0.117602
1730  0.242930  0.045861  0.061118
1731  -0.556359  -0.239334  0.366817
1732  -0.855879  0.075678  0.738257
1733  0.002517  -0.254665  0.064860
1734  0.254618  -0.511045  0.325997
1735  -0.619625  0.202312  0.424866
1736  -0.208964  0.347121  0.164159
1737  0.862317  -0.457346  0.952756
1738  -0.405298  -0.529620  0.444764
1739  0.507679  0.778442  0.863710
1740  -1.032737  0.446826  1.266200
1741  -0.982580  0.379194  1.109252
1742  -0.125221  -0.238566  0.072594
1743  -0.415105  -0.171516  0.201730
1744  -0.010264  0.313602  0.098451
1745  0.497619  -0.314998  0.346848
1746  -0.183894  -0.326729  0.140568
1747  -0.387445  -0.445517  0.348599
1748  -0.415019  -0.035539  0.173504
1749  0.194733  0.969273  0.977412
1750  0.037837  -0.338233  0.115833
1751  0.013066  0.106550  0.011524
1752  0.181804  0.100855  0.043224
1753  1.252608  0.458594  1.779336
1754  0.267576  -0.093496  0.080338
1755  0.251511  -0.055987  0.066392
1756  -0.126508  -0.074589  0.021568
1757  -0.283532  0.119899  0.094766
1758  0.074538  0.483299  0.239134
1759  0.619756  -0.503996  0.638109
1760  0.371335  0.303426  0.229957
1761  0.045074  -0.746940  0.559951
1762  0.129371  -0.183600  0.050446
1763  -0.002497  -0.010186  0.000110
1764  -0.173048  -0.482456  0.262709
1765  0.085255  -0.397365  0.165167
1766  0.058014  -0.403733  0.166366
1767  0.270792  0.297585  0.161885
1768  -0.458491  -0.054341  0.213167
1769  -0.715215  -0.155605  0.535745
1770  -0.499832  0.016383  0.250101
1771  -0.202629  0.457437  0.250307
1772  -0.123464  0.351825  0.139025
1773  -0.611203  0.630202  0.770725
1774  0.219461  -0.617888  0.429949
1775  -0.282985  0.066212  0.084464
1776  0.843372  -0.291496  0.796245
1777  -0.278049  0.410998  0.246230
1778  0.102360  -0.700513  0.501195
1779  -0.666688  0.153292  0.467972
1780  0.086319  -0.262694  0.076459
1781  -0.660483  0.253782  0.500643
1782  0.208370  -0.812347  0.703326
1783  -0.224934  -0.149230  0.072865
1784  -0.925969  0.424525  1.037640
1785  0.616467  0.322432  0.483994
1786  0.481302  -0.604092  0.596579
1787  0.407052  -1.331321  1.938106
1788  -0.326213  0.028585  0.107232
1789  -0.219868  -0.545210  0.345596
1790  -0.715093  -0.624421  0.901261
1791  0.155825  0.378781  0.167756
1792  0.140815  -0.150319  0.042425
1793  -0.404134  0.330636  0.272644
1794  0.312415  -0.449331  0.299502
1795  0.473976  -0.389301  0.376209
1796  0.172325  0.136455  0.048316
1797  -0.213016  0.382843  0.191944
1798  0.090611  0.367057  0.142941
1799  0.352898  -0.040009  0.126138
1800  -0.542053  -0.185566  0.328256
1801  -0.658819  -0.581638  0.772346
1802  -0.158036  0.142687  0.045335
1803  0.018096  0.072869  0.005637
1804  -1.187800  0.580152  1.747445
1805  0.548183  0.201727  0.341198
1806  0.630283  -0.337722  0.511313
1807  0.210136  -0.512814  0.307136
1808  0.115481  0.009920  0.013434
1809  -0.038979  0.086742  0.009043
1810  -0.328887  0.512354  0.370674
1811  0.240078  0.000988  0.057638
1812  0.165646  -0.030085  0.028344
1813  0.287710  0.496495  0.329285
1814  0.344608  -0.330306  0.227856
1815  0.277723  0.246261  0.137775
1816  0.303412  -0.087782  0.099765
1817  -0.315549  0.284568  0.180550
1818  -0.520786  -0.587005  0.615792
1819  0.026067  -0.316823  0.101057
1820  0.372108  0.104668  0.149420
1821  -0.247779  0.181854  0.094465
1822  0.239242  0.212927  0.102575
1823  0.457593  -0.532809  0.493277
1824  0.075118  -0.220610  0.054312
1825  0.049869  0.334678  0.114497
1826  0.549565  0.732662  0.838816
1827  1.063833  -0.067194  1.136255
1828  0.801275  0.129794  0.658888
1829  -0.552132  -0.293530  0.391010
1830  -1.021512  -0.184264  1.077440
1831  -0.105408  -0.228952  0.063530
1832  0.004691  -0.604875  0.365896
1833  -0.422232  -0.128884  0.194891
1834  -0.248412  0.185562  0.096142
1835  -0.087541  -0.212044  0.052626
1836  0.620027  0.244449  0.444189
1837  0.252073  -0.383218  0.210397
1838  0.210722  -0.605590  0.411144
1839  0.806641  -0.550703  0.953945
1840  -0.734402  0.143206  0.559854
1841  -0.082737  0.002637  0.006852
1842  0.004144  -0.091394  0.008370
1843  -0.490558  0.034641  0.241847
1844  -1.004735  -0.273407  1.084245
1845  -0.063354  0.689743  0.479759
1846  0.375465  0.136597  0.159633
1847  0.744654  0.998155  1.550823
1848  0.320792  -0.081569  0.109561
1849  -0.040123  0.340714  0.117696
1850  -0.111158  0.191202  0.048914
1851  -0.066693  -0.220653  0.053136
1852  0.236830  -0.081241  0.062689
1853  -0.200488  0.120033  0.054603
1854  0.685320  -0.981725  1.433446
1855  0.078566  0.282233  0.085828
1856  -0.240482  -0.139410  0.077267
1857  -0.248848  -0.365169  0.195273
1858  -0.173244  1.039054  1.109646
1859  0.243869  0.279196  0.137422
1860  0.412785  -0.169874  0.199248
1861  0.092637  0.426294  0.190308
1862  0.423418  -0.200838  0.219619
1863  0.007434  -0.174202  0.030402
1864  -0.464479  -0.339547  0.331033
1865  0.291899  0.624136  0.474751
1866  0.754558  -0.137418  0.588241
1867  0.089115  0.133896  0.025870
1868  0.036889  0.135644  0.019760
1869  -0.573282  -0.457336  0.537809
1870  0.461957  0.150808  0.236147
1871  0.338582  0.060991  0.118358
1872  -0.337309  -0.136433  0.132391
1873  -0.232139  0.123680  0.069185
1874  0.450258  0.029385  0.203595
1875  -0.049709  0.077954  0.008548
1876  0.221766  0.047696  0.051455
1877  0.107780  0.570798  0.337427
1878  0.750581  0.101760  0.573727
1879  0.063818  0.213960  0.049852
1880  0.108558  -0.247251  0.072918
1881  0.018384  -0.254983  0.065354
1882  0.271290  0.014489  0.073808
1883  -0.256138  0.212823  0.110900
1884  -0.305924  -0.157924  0.118529
1885  0.274128  -0.320322  0.177752
1886  -0.432909  0.053825  0.190307
1887  -0.001329  0.477391  0.227904
1888  -0.082548  -0.156860  0.031419
1889  0.024627  -0.349540  0.122785
1890  -0.110504  0.275019  0.087847
1891  -0.278609  -0.114013  0.090622
1892  -0.117718  -0.216297  0.060642
1893  0.355277  0.286903  0.208535
1894  0.102079  0.000355  0.010420
1895  -0.277031  0.168574  0.105164
1896  0.304985  0.003178  0.093026
1897  0.129075  -0.151350  0.039567
1898  0.021979  -0.074078  0.005971
1899  -0.186091  0.090471  0.042815
1900  0.225774  0.179306  0.083125
1901  0.251778  0.194367  0.101170
1902  -0.200931  0.062516  0.044282
1903  -0.009039  -0.039619  0.001651
1904  0.041062  0.132384  0.019212
1905  -0.218036  -0.013486  0.047722
1906  0.029416  0.208821  0.044471
1907  -0.452882  0.173139  0.235080
1908  -0.110975  0.376481  0.154053
1909  0.629646  -0.254727  0.461340
1910  0.281997  0.080629  0.086023
1911  0.257286  -0.127146  0.082362
1912  0.152943  -0.409009  0.190680
1913  0.201685  -0.335320  0.153116
1914  -0.220735  -0.363162  0.180611
1915  -0.079544  -0.216262  0.053097
1916  0.042230  -0.207632  0.044895
1917  -0.005642  -0.149419  0.022358
1918  0.185671  0.329924  0.143324
1919  -0.200285  0.216132  0.086827
1920  -0.137665  -0.254854  0.083902
1921  0.020125  0.324939  0.105990
1922  0.083035  -0.122105  0.021804
1923  -0.166346  0.125898  0.043521
1924  -0.071544  0.052645  0.007890
1925  -0.150606  0.000407  0.022682
1926  0.003096  0.153136  0.023460
1927  -0.178174  -0.062019  0.035592
1928  0.372409  0.169801  0.167521
1929  -0.053706  0.001147  0.002886
1930  0.004068  0.016483  0.000288
1931  -0.119080  0.114376  0.027262
1932  0.101343  0.062983  0.014237
1933  -0.050847  0.080607  0.009083
1934  0.116664  0.342774  0.131104
1935  -0.010262  -0.299660  0.089901
1936  0.043558  -0.054337  0.004850
1937  0.335531  0.146082  0.133921
1938  -0.161750  -0.066524  0.030588
1939  -0.056248  -0.129578  0.019954
1940  -0.069392  -0.069953  0.009709
1941  -0.358589  -0.056485  0.131776
1942  0.139503  -0.287917  0.102357
1943  -0.126217  -0.082437  0.022727
1944  -0.116281  0.072981  0.018847
1945  0.060150  -0.088720  0.011489
1946  0.089175  -0.003336  0.007963
1947  0.248810  -0.243922  0.121404
1948  -0.188944  0.075250  0.041362
1949  -0.202928  0.029324  0.042040
1950  0.058602  0.049737  0.005908
1951  -0.119279  0.084930  0.021441
1952  0.058785  -0.210772  0.047880
1953  -0.197386  0.218429  0.086672
1954  -0.056459  0.180178  0.035652
1955  -0.126587  0.120669  0.030585
1956  0.070126  0.032914  0.006001
1957  0.218325  -0.220193  0.096151
1958  -0.008236  -0.132829  0.017711
1959  -0.058053  0.138756  0.022623
1960  -0.086599  0.290949  0.092151
1961  0.368004  -0.063574  0.139468
1962  -0.037992  0.225242  0.052177
1963  0.157404  -0.231174  0.078217
1964  -0.034414  -0.132074  0.018628
1965  -0.085465  0.011256  0.007431
1966  0.038673  0.060439  0.005148
1967  -0.011202  0.050887  0.002715
1968  0.017505  -0.020777  0.000738
1969  0.194658  -0.056172  0.041047
1970  0.074017  -0.043826  0.007399
1971  -0.013533  0.072274  0.005407
1972  0.090563  0.120032  0.022609
1973  -0.055227  0.088668  0.010912
1974  0.226585  -0.292395  0.136835
1975  0.112239  -0.129333  0.029325
1976  0.161302  -0.303156  0.117922
1977  -0.112899  -0.147818  0.034596
1978  -0.148722  -0.019911  0.022515
1979  0.052672  0.279608  0.080955
1980  -0.106863  -0.140222  0.031082
1981  -0.109984  0.097315  0.021567
1982  -0.154377  -0.082829  0.030693
1983  -0.191968  -0.062134  0.040712
1984  -0.118787  -0.047416  0.016359
1985  -0.036270  0.056108  0.004464
1986  0.045021  0.196767  0.040744
1987  0.073882  0.043104  0.007316
1988  0.043140  -0.000200  0.001861
1989  0.049431  0.048298  0.004776
1990  0.014409  -0.042116  0.001981
1991  -0.069507  0.052052  0.007541
1992  -0.091648  -0.023504  0.008952
1993  -0.030177  -0.141576  0.020954
1994  0.031423  0.063193  0.004981
1995  0.072386  -0.012001  0.005384
1996  -0.274502  -0.029035  0.076195
1997  0.004971  0.049788  0.002504
1998  0.061105  -0.009944  0.003833
1999  0.092139  0.018158  0.008819
2000  -0.044973  0.043051  0.003876
2001  0.104781  -0.008904  0.011058
2002  0.014769  0.026548  0.000923
2003  0.120756  -0.098264  0.024238
2004  -0.035875  -0.107125  0.012763
2005  -0.064740  0.084610  0.011350
2006  0.023326  -0.044894  0.002560
2007  -0.154524  -0.004652  0.023899
2008  0.062769  0.031366  0.004924
2009  0.088622  -0.060083  0.011464
2010  -0.022799  0.064657  0.004700
2011  -0.070416  0.041131  0.006650
2012  0.077423  -0.003146  0.006004
2013  -0.046169  -0.037657  0.003550
2014  0.043352  -0.037109  0.003256
2015  0.096644  0.084909  0.016550
2016  0.071735  -0.173552  0.035266
2017  0.029090  0.042653  0.002666
2018  0.022144  0.049550  0.002946
2019  0.024378  -0.012377  0.000747
2020  0.029346  0.114653  0.014007
2021  -0.060142  -0.071392  0.008714
2022  0.028423  0.078618  0.006989
2023  -0.027984  -0.191227  0.037351
2024  0.057344  0.030293  0.004206
2025  0.012677  0.084196  0.007250
2026  -0.024850  0.008422  0.000688
2027  -0.071347  -0.096678  0.014437
2028  -0.079854  -0.043195  0.008242
2029  -0.081726  0.129969  0.023571
2030  0.128589  0.028505  0.017348
2031  0.082064  -0.101526  0.017042
2032  -0.048455  0.085855  0.009719
2033  -0.044142  0.033745  0.003087
2034  0.118262  0.049896  0.016475
2035  -0.048040  0.050242  0.004832
2036  -0.011711  0.002024  0.000141
2037  0.006973  -0.092596  0.008623
2038  0.046049  0.006391  0.002161
2039  -0.013713  -0.035029  0.001415
2040  -0.030463  -0.078735  0.007127
2041  -0.070626  -0.041895  0.006743
2042  -0.086316  0.074248  0.012963
2043  0.027432  0.026879  0.001475
2044  -0.017585  -0.000632  0.000310
2045  0.035035  0.052090  0.003941
2046  -0.140824  0.009746  0.019926
2047  0.042498  0.006553  0.001849
