0  0.013580  -0.028914  0.001020
1  -0.019796  -0.002288  0.000397
2  -0.005440  -0.004374  0.000049
3  -0.004808  -0.043163  0.001886
4  0.011482  0.002827  0.000140
5  -0.034775  -0.020112  0.001614
6  0.006665  -0.006194  0.000083
7  0.016775  0.002704  0.000289
8  0.003043  0.003610  0.000022
9  -0.013503  0.005747  0.000215
10  0.025848  -0.012383  0.000821
11  0.023646  -0.021017  0.001001
12  -0.023665  0.012530  0.000717
13  0.032140  -0.010472  0.001143
14  0.008365  -0.007349  0.000124
15  0.000774  -0.003578  0.000013
16  -0.023629  0.002161  0.000563
17  -0.016910  -0.002762  0.000294
18  -0.007039  0.015667  0.000295
19  -0.009843  0.002274  0.000102
20  -0.018688  -0.001240  0.000351
21  0.003976  0.010644  0.000129
22  0.000974  -0.003004  0.000010
23  0.008956  0.001613  0.000083
24  0.002371  -0.028453  0.000815
25  0.009698  0.013840  0.000286
26  0.020394  0.016454  0.000687
27  -0.010546  -0.010304  0.000217
28  -0.000865  0.016391  0.000269
29  0.016592  -0.012623  0.000435
30  -0.007014  -0.020410  0.000466
31  -0.011659  -0.016216  0.000399
32  0.018411  0.012432  0.000494
33  -0.006985  -0.006778  0.000095
34  0.022949  0.004031  0.000543
35  0.005432  -0.001889  0.000033
36  0.011224  0.006276  0.000165
37  -0.009768  -0.000122  0.000095
38  0.003158  0.016310  0.000276
39  0.017562  0.002772  0.000316
40  -0.006960  0.002078  0.000053
41  -0.008091  0.008541  0.000138
42  -0.000282  -0.003209  0.000010
43  0.006324  0.001251  0.000042
44  0.046517  0.004638  0.002185
45  0.005266  0.027911  0.000807
46  0.004524  0.007032  0.000070
47  0.032043  0.007167  0.001078
48  0.025885  0.028440  0.001479
49  0.007130  0.007984  0.000115
50  0.003663  0.002365  0.000019
51  0.005519  0.000616  0.000031
52  0.008027  0.001942  0.000068
53  -0.003079  0.002258  0.000015
54  0.012907  -0.012860  0.000332
55  0.015230  -0.014157  0.000432
56  0.012999  -0.003773  0.000183
57  -0.009830  -0.008270  0.000165
58  0.006489  0.002238  0.000047
59  0.015721  -0.027722  0.001016
60  -0.003332  0.003809  0.000026
61  -0.018025  -0.025072  0.000953
62  0.013925  -0.010355  0.000301
63  0.001417  -0.005373  0.000031
64  0.005432  -0.027030  0.000760
65  0.014051  -0.026447  0.000897
66  -0.010594  0.001575  0.000115
67  -0.039677  -0.018022  0.001899
68  -0.016453  -0.001453  0.000273
69  -0.016222  0.009230  0.000348
70  -0.020794  -0.028094  0.001222
71  -0.008902  0.028568  0.000895
72  -0.008942  -0.006573  0.000123
73  0.026500  0.022443  0.001206
74  0.025470  -0.000642  0.000649
75  0.025355  0.000751  0.000643
76  -0.002045  0.007170  0.000056
77  -0.009364  0.011424  0.000218
78  -0.020558  0.005825  0.000457
79  0.000345  0.009092  0.000083
80  -0.006278  -0.005844  0.000074
81  0.001684  -0.002018  0.000007
82  0.002696  -0.013809  0.000198
83  -0.011777  0.038733  0.001639
84  -0.023106  -0.019434  0.000912
85  0.009886  0.013828  0.000289
86  -0.011927  -0.006237  0.000181
87  -0.005309  0.010786  0.000145
88  0.008273  -0.018307  0.000404
89  0.006313  0.003288  0.000051
90  -0.002939  0.009155  0.000092
91  0.003128  -0.005788  0.000043
92  -0.003946  -0.026620  0.000724
93  0.019578  0.003039  0.000393
94  0.011763  0.001678  0.000141
95  0.018458  -0.006143  0.000378
96  -0.006855  -0.002567  0.000054
97  -0.009008  -0.013406  0.000261
98  -0.010792  0.006864  0.000164
99  -0.011060  -0.017824  0.000440
100  0.005875  0.007642  0.000093
101  -0.004801  -0.028516  0.000836
102  0.007930  0.007771  0.000123
103  0.015059  -0.006193  0.000265
104  0.016603  -0.015352  0.000511
105  0.008620  -0.001154  0.000076
106  0.007893  0.024231  0.000649
107  -0.014534  -0.009694  0.000305
108  0.010597  0.026351  0.000807
109  0.013446  0.004096  0.000198
110  -0.001805  0.020975  0.000443
111  0.002255  -0.022077  0.000492
112  0.005186  -0.003481  0.000039
113  -0.030077  -0.000919  0.000905
114  0.023112  -0.002726  0.000542
115  0.002644  0.017027  0.000297
116  -0.006978  -0.018909  0.000406
117  -0.012310  -0.010211  0.000256
118  -0.001414  0.008047  0.000067
119  0.013117  0.004386  0.000191
120  0.021101  0.006385  0.000486
121  -0.000435  0.008223  0.000068
122  0.012280  -0.001852  0.000154
123  0.013844  -0.000992  0.000193
124  0.007774  0.026410  0.000758
125  0.004316  -0.015595  0.000262
126  0.031064  -0.000590  0.000965
127  0.016918  0.018067  0.000613
128  -0.007209  0.000590  0.000052
129  -0.012189  -0.008528  0.000221
130  -0.019808  -0.025088  0.001022
131  -0.007975  -0.018294  0.000398
132  -0.003228  -0.001892  0.000014
133  0.011340  -0.018482  0.000470
134  -0.007689  0.022450  0.000563
135  0.015692  -0.012784  0.000410
136  -0.002581  0.002189  0.000011
137  -0.012735  0.009606  0.000254
138  0.019870  -0.000486  0.000395
139  0.006230  -0.014219  0.000241
140  0.018432  -0.008016  0.000404
141  0.032576  -0.010498  0.001171
142  0.014199  -0.018146  0.000531
143  -0.018063  0.001854  0.000330
144  0.005880  0.002772  0.000042
145  0.006572  -0.024422  0.000640
146  0.002463  -0.033760  0.001146
147  0.017756  -0.004657  0.000337
148  0.004671  -0.023955  0.000596
149  -0.017932  -0.028361  0.001126
150  0.017525  -0.023071  0.000839
151  0.026643  0.004169  0.000727
152  0.000813  -0.006371  0.000041
153  0.015701  0.007255  0.000299
154  0.029510  0.012775  0.001034
155  -0.000579  -0.028074  0.000788
156  -0.017355  -0.000435  0.000301
157  0.004970  -0.018914  0.000382
158  0.007058  0.023651  0.000609
159  0.003927  -0.009386  0.000104
160  -0.020832  0.004603  0.000455
161  0.018888  0.013104  0.000528
162  0.006815  0.004443  0.000066
163  -0.019809  -0.015608  0.000636
164  0.020291  -0.006499  0.000454
165  -0.019063  -0.002347  0.000369
166  -0.008805  0.036663  0.001422
167  -0.007833  0.009438  0.000150
168  -0.002459  -0.026811  0.000725
169  -0.002696  -0.016813  0.000290
170  0.009567  0.010277  0.000197
171  0.013123  -0.007740  0.000232
172  0.004565  -0.010766  0.000137
173  -0.003784  0.018142  0.000343
174  -0.005643  -0.017639  0.000343
175  -0.011746  0.021611  0.000605
176  -0.007226  -0.039175  0.001587
177  -0.000574  0.013563  0.000184
178  -0.006365  -0.012945  0.000208
179  0.018001  -0.012428  0.000478
180  0.010555  0.007266  0.000164
181  0.008888  -0.012350  0.000232
182  0.011181  -0.000655  0.000125
183  -0.000454  0.004120  0.000017
184  -0.021412  0.011239  0.000585
185  -0.012003  0.007645  0.000203
186  -0.000955  0.022303  0.000498
187  0.002072  -0.013870  0.000197
188  0.002074  -0.019962  0.000403
189  -0.020336  0.003542  0.000426
190  0.013738  0.009801  0.000285
191  0.002244  -0.007485  0.000061
192  0.017599  -0.014041  0.000507
193  0.000185  0.002793  0.000008
194  -0.016269  0.012853  0.000430
195  -0.003536  0.029485  0.000882
196  0.019043  -0.006636  0.000407
197  -0.015837  0.000836  0.000252
198  0.006861  -0.012582  0.000205
199  0.018751  -0.012566  0.000510
200  -0.000437  -0.001408  0.000002
201  0.017465  0.004694  0.000327
202  0.009485  -0.027699  0.000857
203  -0.004448  -0.005875  0.000054
204  0.030992  -0.002456  0.000967
205  -0.017240  -0.020899  0.000734
206  0.021699  0.003168  0.000481
207  0.000210  -0.025089  0.000629
208  -0.006948  -0.028359  0.000853
209  0.031666  -0.022057  0.001489
210  0.012578  -0.011435  0.000289
211  -0.000167  -0.015934  0.000254
212  0.002573  0.001577  0.000009
213  -0.014135  0.009166  0.000284
214  -0.000547  0.010487  0.000110
215  0.019190  0.021579  0.000834
216  0.017608  -0.015885  0.000562
217  -0.008723  -0.005019  0.000101
218  -0.002005  -0.021445  0.000464
219  -0.000757  0.004799  0.000024
220  0.021448  -0.010593  0.000572
221  0.010744  0.001401  0.000117
222  0.013339  -0.001918  0.000182
223  0.010250  0.000753  0.000106
224  0.007246  0.008816  0.000130
225  0.005673  -0.002487  0.000038
226  0.010837  -0.015554  0.000359
227  -0.002061  0.008937  0.000084
228  -0.007574  -0.005915  0.000092
229  0.005282  0.002820  0.000036
230  -0.013516  -0.011393  0.000312
231  0.024940  -0.023205  0.001160
232  0.014415  -0.005184  0.000235
233  -0.011467  -0.016938  0.000418
234  0.036217  -0.010990  0.001432
235  -0.015799  -0.004463  0.000270
236  0.018502  0.018925  0.000700
237  -0.003704  -0.013614  0.000199
238  -0.009393  -0.017025  0.000378
239  0.020552  -0.006940  0.000471
240  0.012672  -0.027468  0.000915
241  -0.003826  -0.015958  0.000269
242  0.002103  -0.001111  0.000006
243  -0.009997  -0.001872  0.000103
244  0.020661  -0.003804  0.000441
245  0.028719  -0.007511  0.000881
246  -0.004072  -0.002718  0.000024
247  0.002701  0.026817  0.000726
248  -0.002568  0.024090  0.000587
249  0.007248  0.017697  0.000366
250  0.015701  -0.000611  0.000247
251  0.015432  -0.006930  0.000286
252  -0.008336  -0.010347  0.000177
253  -0.005142  0.029349  0.000888
254  0.000960  0.022669  0.000515
255  0.010335  0.017271  0.000405
256  0.017463  0.011321  0.000433
257  -0.012951  -0.000574  0.000168
258  0.012446  -0.005895  0.000190
259  -0.026736  0.006221  0.000754
260  0.015937  -0.023352  0.000799
261  -0.003832  -0.008871  0.000093
262  -0.009160  0.008220  0.000151
263  -0.016223  -0.003684  0.000277
264  -0.005722  0.009596  0.000125
265  -0.006113  0.004959  0.000062
266  0.015302  -0.003238  0.000245
267  -0.028407  -0.020327  0.001220
268  -0.007998  0.005653  0.000096
269  -0.002008  -0.009360  0.000092
270  0.005738  0.008671  0.000108
271  0.012616  0.021579  0.000625
272  0.019875  -0.015115  0.000623
273  0.011451  -0.004354  0.000150
274  -0.017143  0.019601  0.000678
275  0.001714  -0.007505  0.000059
276  -0.016036  -0.004970  0.000282
277  0.005654  0.008579  0.000106
278  -0.019061  0.004368  0.000382
279  0.021645  0.022886  0.000992
280  0.014522  -0.011198  0.000336
281  -0.008724  0.008633  0.000151
282  0.003195  0.004043  0.000027
283  -0.015189  0.008439  0.000302
284  0.017129  0.001645  0.000296
285  0.001716  0.031476  0.000994
286  -0.013653  -0.017704  0.000500
287  0.018715  -0.013398  0.000530
288  0.023313  0.001236  0.000545
289  -0.007764  -0.001910  0.000064
290  0.018840  0.016902  0.000641
291  -0.012466  -0.007626  0.000214
292  0.021378  -0.012758  0.000620
293  0.006674  0.000334  0.000045
294  0.028203  -0.015641  0.001040
295  -0.000439  0.029385  0.000864
296  -0.005960  -0.011974  0.000179
297  0.000545  0.013441  0.000181
298  0.014047  -0.011205  0.000323
299  0.002030  -0.017574  0.000313
300  -0.005295  0.016661  0.000306
301  0.005435  -0.018899  0.000387
302  -0.019443  -0.005837  0.000412
303  0.005231  0.025746  0.000690
304  -0.005675  -0.020386  0.000448
305  -0.023386  -0.008073  0.000612
306  0.027840  -0.007511  0.000831
307  -0.004792  0.005201  0.000050
308  0.002875  0.029951  0.000905
309  0.003461  0.001336  0.000014
310  -0.018324  -0.014145  0.000536
311  0.012699  -0.018138  0.000490
312  -0.001617  0.006075  0.000040
313  -0.008320  0.003451  0.000081
314  -0.011695  0.002115  0.000141
315  -0.019334  -0.000800  0.000374
316  -0.011251  0.015317  0.000361
317  -0.004571  -0.010486  0.000131
318  -0.004033  -0.036386  0.001340
319  0.010267  -0.009522  0.000196
320  -0.000254  0.014796  0.000219
321  0.014613  -0.000920  0.000214
322  0.008204  -0.005428  0.000097
323  0.005676  0.027469  0.000787
324  -0.007975  -0.009736  0.000158
325  -0.004910  -0.009642  0.000117
326  -0.025202  0.025161  0.001268
327  -0.018475  0.008221  0.000409
328  0.003885  -0.026998  0.000744
329  0.013751  0.015871  0.000441
330  0.010817  -0.011586  0.000251
331  -0.023587  -0.016133  0.000817
332  0.011592  0.001129  0.000136
333  0.005383  -0.004141  0.000046
334  -0.007417  -0.007062  0.000105
335  -0.007273  -0.006035  0.000089
336  -0.011316  0.017321  0.000428
337  -0.006073  0.007788  0.000098
338  0.007792  0.008806  0.000138
339  0.013794  -0.006949  0.000239
340  0.018225  -0.009872  0.000430
341  0.004991  -0.021346  0.000481
342  -0.003565  0.003032  0.000022
343  0.015103  -0.004662  0.000250
344  0.019694  0.011512  0.000520
345  -0.022067  0.005010  0.000512
346  0.021673  -0.011139  0.000594
347  -0.019312  0.004311  0.000392
348  0.006354  0.014719  0.000257
349  0.009661  -0.026332  0.000787
350  0.002035  -0.023865  0.000574
351  -0.028824  0.008158  0.000897
352  -0.011354  -0.025505  0.000779
353  0.011057  0.027546  0.000881
354  -0.023611  -0.001023  0.000559
355  0.001125  0.009536  0.000092
356  -0.013956  0.008379  0.000265
357  0.014388  -0.003019  0.000216
358  -0.041442  -0.007893  0.001780
359  0.015702  0.014425  0.000455
360  -0.007570  -0.000490  0.000058
361  0.023216  0.006411  0.000580
362  0.014875  -0.004564  0.000242
363  -0.012309  0.004574  0.000172
364  0.016108  -0.012775  0.000423
365  0.000317  -0.017120  0.000293
366  -0.004228  0.022101  0.000506
367  0.012605  0.001335  0.000161
368  0.020256  -0.000764  0.000411
369  0.006627  0.010119  0.000146
370  -0.014614  0.015710  0.000460
371  0.010193  0.017803  0.000421
372  0.002953  -0.008130  0.000075
373  0.003563  -0.002829  0.000021
374  -0.010508  -0.028120  0.000901
375  -0.006851  0.008983  0.000128
376  -0.011928  -0.023301  0.000685
377  -0.007399  -0.014034  0.000252
378  0.010141  0.000191  0.000103
379  0.005392  -0.007171  0.000080
380  0.018326  -0.003952  0.000351
381  -0.000275  0.010375  0.000108
382  0.028870  -0.006049  0.000870
383  0.003632  -0.010811  0.000130
384  -0.038258  0.009488  0.001554
385  -0.017076  -0.006587  0.000335
386  0.004302  0.021408  0.000477
387  -0.025691  -0.004033  0.000676
388  0.012080  0.000691  0.000146
389  -0.018493  -0.012763  0.000505
390  -0.020862  0.003602  0.000448
391  -0.026574  0.021998  0.001190
392  -0.000584  0.005876  0.000035
393  -0.001557  -0.010686  0.000117
394  0.028543  0.006785  0.000861
395  0.004665  -0.002948  0.000030
396  -0.006812  0.010708  0.000161
397  0.013633  -0.005421  0.000215
398  -0.022445  -0.007129  0.000555
399  0.011407  0.018309  0.000465
400  -0.012690  -0.007035  0.000211
401  -0.022317  0.032283  0.001540
402  -0.009241  -0.014876  0.000307
403  -0.000479  0.018470  0.000341
404  0.013129  -0.005882  0.000207
405  -0.001479  -0.006765  0.000048
406  0.002553  0.019421  0.000384
407  0.001393  -0.006731  0.000047
408  -0.003142  0.014238  0.000213
409  0.012135  0.012026  0.000292
410  0.025548  -0.006026  0.000689
411  0.001007  0.017662  0.000313
412  -0.016136  -0.005689  0.000293
413  0.003746  -0.031362  0.000998
414  -0.010067  0.017426  0.000405
415  -0.021874  0.028248  0.001276
416  0.023537  0.004142  0.000571
417  -0.012096  -0.015008  0.000372
418  -0.001253  -0.000129  0.000002
419  0.007820  -0.016913  0.000347
420  0.001553  0.020292  0.000414
421  0.040587  0.000952  0.001648
422  0.009427  -0.007706  0.000148
423  -0.012708  0.006336  0.000202
424  -0.006160  0.022772  0.000557
425  -0.000508  0.005679  0.000033
426  -0.003095  -0.005956  0.000045
427  -0.008006  -0.007893  0.000126
428  0.001015  -0.002820  0.000009
429  -0.005257  -0.015461  0.000267
430  0.004120  -0.008544  0.000090
431  -0.024860  0.009261  0.000704
432  0.016276  0.005939  0.000300
433  -0.008193  -0.004621  0.000088
434  0.001257  -0.019896  0.000397
435  -0.002963  -0.022010  0.000493
436  0.006118  -0.002526  0.000044
437  0.032016  0.013047  0.001195
438  -0.018471  0.015028  0.000567
439  0.012262  -0.003451  0.000162
440  0.015404  0.010801  0.000354
441  -0.008010  -0.001666  0.000067
442  -0.017306  -0.010999  0.000420
443  0.004001  0.000672  0.000016
444  -0.036522  0.004026  0.001350
445  0.034448  -0.004318  0.001205
446  -0.010886  -0.007772  0.000179
447  0.003193  0.012745  0.000173
448  0.013284  0.020108  0.000581
449  -0.012024  0.024963  0.000768
450  -0.012238  -0.004080  0.000166
451  0.028959  -0.014627  0.001053
452  0.006362  -0.034750  0.001248
453  -0.002796  0.006580  0.000051
454  -0.052298  0.014379  0.002942
455  0.015222  0.005402  0.000261
456  0.008922  0.011117  0.000203
457  -0.032765  -0.007605  0.001131
458  0.001335  0.004209  0.000019
459  0.009038  -0.015247  0.000314
460  0.019952  -0.006913  0.000446
461  -0.012729  -0.011764  0.000300
462  -0.017712  0.017203  0.000610
463  0.024482  -0.002928  0.000608
464  0.001632  -0.023003  0.000532
465  -0.027185  0.007952  0.000802
466  -0.021003  -0.027663  0.001206
467  0.005514  -0.028728  0.000856
468  -0.004706  -0.001381  0.000024
469  0.015005  -0.037985  0.001668
470  0.005044  0.013733  0.000214
471  -0.006539  0.001185  0.000044
472  0.011515  -0.024014  0.000709
473  0.010700  0.000836  0.000115
474  0.017889  0.013725  0.000508
475  0.005234  0.017760  0.000343
476  -0.012313  -0.004496  0.000172
477  -0.000714  -0.014836  0.000221
478  -0.021861  -0.016483  0.000750
479  -0.000015  -0.015146  0.000229
480  -0.000026  0.006466  0.000042
481  0.007872  0.009022  0.000143
482  -0.001986  -0.015787  0.000253
483  0.013125  -0.021618  0.000640
484  0.012357  -0.009636  0.000246
485  0.018349  0.011077  0.000459
486  0.014591  -0.024990  0.000837
487  0.005367  -0.013455  0.000210
488  0.001438  -0.010482  0.000112
489  0.004201  -0.000254  0.000018
490  -0.036044  -0.013700  0.001487
491  0.021874  -0.000369  0.000479
492  0.012206  0.002552  0.000155
493  -0.040236  -0.012501  0.001775
494  0.029670  0.009244  0.000966
495  0.026532  0.012221  0.000853
496  -0.024787  -0.011950  0.000757
497  -0.008974  -0.003063  0.000090
498  -0.008235  -0.008789  0.000145
499  0.015804  -0.006954  0.000298
500  0.019916  -0.002566  0.000403
501  0.011402  -0.005096  0.000156
502  -0.012512  0.020350  0.000571
503  0.015658  0.036280  0.001561
504  0.023412  -0.026109  0.001230
505  -0.007990  -0.012655  0.000224
506  -0.006701  -0.001229  0.000046
507  -0.015985  0.037970  0.001697
508  -0.018831  -0.030983  0.001315
509  0.029838  0.028019  0.001675
510  -0.003624  -0.012202  0.000162
511  0.000814  -0.009210  0.000085
512  -0.016593  -0.007116  0.000326
513  0.007966  -0.025268  0.000702
514  -0.003495  -0.014485  0.000222
515  0.009095  0.006894  0.000130
516  0.017388  -0.021560  0.000767
517  -0.007948  -0.002745  0.000071
518  -0.008505  -0.021301  0.000526
519  0.011680  -0.002481  0.000143
520  0.007584  -0.011689  0.000194
521  -0.002568  0.014380  0.000213
522  -0.003853  0.013449  0.000196
523  -0.014356  0.023282  0.000748
524  0.024884  0.013281  0.000796
525  0.006591  -0.030211  0.000956
526  0.026052  -0.003622  0.000692
527  0.003803  -0.000352  0.000015
528  -0.002812  -0.002980  0.000017
529  -0.003409  -0.029174  0.000863
530  -0.005860  -0.006611  0.000078
531  -0.008073  -0.011489  0.000197
532  -0.015364  -0.010623  0.000349
533  -0.000209  -0.011470  0.000132
534  -0.001246  0.008034  0.000066
535  0.013442  -0.000997  0.000182
536  -0.028064  -0.002704  0.000795
537  -0.011534  0.009208  0.000218
538  0.036371  0.006166  0.001361
539  0.007091  0.013362  0.000229
540  -0.019786  -0.031154  0.001362
541  -0.001301  0.007613  0.000060
542  0.001496  0.010134  0.000105
543  -0.011524  -0.034064  0.001293
544  0.012909  -0.005426  0.000196
545  0.000101  -0.010584  0.000112
546  0.026506  -0.009444  0.000792
547  -0.003415  -0.009707  0.000106
548  0.013093  0.008046  0.000236
549  0.020602  0.021510  0.000887
550  0.009003  0.016188  0.000343
551  -0.000431  -0.026919  0.000725
552  -0.004820  -0.006535  0.000066
553  0.010179  -0.021754  0.000577
554  -0.015542  -0.018836  0.000596
555  -0.011072  0.008272  0.000191
556  0.017240  -0.030284  0.001214
557  -0.011742  0.001997  0.000142
558  -0.010093  0.013929  0.000296
559  -0.021280  -0.020888  0.000889
560  0.020685  -0.002835  0.000436
561  0.005070  -0.023809  0.000593
562  0.009032  0.002402  0.000087
563  -0.007791  -0.020461  0.000479
564  -0.003770  0.007563  0.000071
565  0.015335  -0.016817  0.000518
566  -0.003688  -0.010485  0.000124
567  -0.031033  0.004039  0.000979
568  0.012834  0.009874  0.000262
569  0.009231  -0.046186  0.002218
570  0.008343  -0.012666  0.000230
571  -0.020848  -0.001463  0.000437
572  0.001349  -0.017885  0.000322
573  0.015569  0.003091  0.000252
574  0.009090  -0.019784  0.000474
575  -0.009063  -0.026752  0.000798
576  0.022389  0.006789  0.000547
577  -0.008820  0.019714  0.000466
578  0.010513  -0.000435  0.000111
579  0.014441  -0.007296  0.000262
580  -0.007818  0.010728  0.000176
581  -0.026687  0.004655  0.000734
582  -0.012306  0.012635  0.000311
583  0.015328  0.020007  0.000635
584  0.003148  -0.001854  0.000013
585  0.017934  0.019408  0.000698
586  0.006287  -0.018394  0.000378
587  -0.007705  -0.025002  0.000684
588  0.000425  -0.003959  0.000016
589  0.023364  0.027624  0.001309
590  0.011126  0.015146  0.000353
591  0.013540  -0.016582  0.000458
592  -0.002514  -0.003044  0.000016
593  -0.011067  -0.012563  0.000280
594  -0.021568  -0.007324  0.000519
595  -0.007863  -0.000744  0.000062
596  -0.003527  -0.001402  0.000014
597  -0.012066  -0.026346  0.000840
598  0.000760  0.003131  0.000010
599  0.004627  -0.004638  0.000043
600  0.007832  -0.002838  0.000069
601  0.003741  -0.025194  0.000649
602  -0.004252  -0.008876  0.000097
603  0.016994  -0.019698  0.000677
604  0.005323  0.037009  0.001398
605  0.001705  0.016318  0.000269
606  -0.036440  0.003991  0.001344
607  0.006234  0.015029  0.000265
608  -0.023790  -0.011226  0.000692
609  -0.007846  -0.013549  0.000245
610  -0.014944  -0.006921  0.000271
611  -0.010391  0.028943  0.000946
612  -0.007363  0.012470  0.000210
613  0.015296  0.002735  0.000241
614  -0.026919  -0.003320  0.000736
615  -0.000514  -0.001428  0.000002
616  -0.022899  -0.011323  0.000653
617  -0.009657  -0.009499  0.000183
618  0.023338  -0.003916  0.000560
619  -0.029414  -0.000795  0.000866
620  0.004024  -0.005574  0.000047
621  0.016050  -0.012741  0.000420
622  0.003007  0.003053  0.000018
623  0.001587  0.011340  0.000131
624  0.006470  -0.021596  0.000508
625  0.017547  0.015009  0.000533
626  0.004536  -0.011107  0.000144
627  -0.008949  -0.007520  0.000137
628  0.002103  -0.028717  0.000829
629  -0.008537  0.009550  0.000164
630  0.004402  -0.021591  0.000486
631  -0.003560  0.016358  0.000280
632  -0.003371  -0.004900  0.000035
633  0.018910  -0.012450  0.000513
634  0.005853  -0.008447  0.000106
635  -0.018122  -0.009617  0.000421
636  0.015821  0.010824  0.000367
637  0.016128  -0.016308  0.000526
638  0.015740  0.025363  0.000891
639  0.019901  -0.020627  0.000822
640  0.005579  0.010614  0.000144
641  0.009821  -0.012888  0.000263
642  -0.012043  -0.005893  0.000180
643  0.009733  -0.010484  0.000205
644  -0.013151  -0.004571  0.000194
645  0.018785  -0.012765  0.000516
646  -0.011127  0.019928  0.000521
647  -0.024703  -0.004389  0.000630
648  -0.008642  -0.002487  0.000081
649  -0.001439  -0.000091  0.000002
650  -0.004389  -0.012507  0.000176
651  0.007973  0.028388  0.000869
652  0.002492  0.003773  0.000020
653  0.000033  0.004137  0.000017
654  0.021951  0.000911  0.000483
655  -0.006477  -0.015956  0.000297
656  0.005707  -0.010264  0.000138
657  -0.019109  -0.014320  0.000570
658  -0.015175  0.001256  0.000232
659  0.005895  -0.014790  0.000254
660  -0.006319  0.004263  0.000058
661  -0.012243  -0.004358  0.000169
662  0.039961  0.009365  0.001685
663  0.003995  -0.010457  0.000125
664  0.007027  -0.011174  0.000174
665  0.011443  -0.006479  0.000173
666  -0.001038  0.008065  0.000066
667  0.009074  -0.056160  0.003236
668  0.018182  -0.014143  0.000531
669  0.014594  -0.016621  0.000489
670  0.027009  -0.012024  0.000874
671  -0.007295  -0.007355  0.000107
672  -0.016914  -0.028873  0.001120
673  -0.004000  -0.030738  0.000961
674  -0.003668  -0.011526  0.000146
675  -0.024004  0.023895  0.001147
676  -0.000655  -0.024141  0.000583
677  0.028636  0.004961  0.000845
678  -0.003809  -0.026699  0.000727
679  -0.009981  -0.002533  0.000106
680  -0.007562  0.004434  0.000077
681  -0.019989  -0.027332  0.001147
682  0.012268  0.005303  0.000179
683  0.016204  -0.006606  0.000306
684  0.026928  -0.006649  0.000769
685  -0.021506  -0.016981  0.000751
686  0.019932  0.021521  0.000860
687  -0.006779  0.005717  0.000079
688  -0.012360  0.003004  0.000162
689  0.000330  -0.024357  0.000593
690  0.002764  -0.009137  0.000091
691  -0.009680  -0.011137  0.000218
692  0.020862  0.016993  0.000724
693  -0.010322  0.047602  0.002373
694  -0.016968  -0.002470  0.000294
695  -0.013322  -0.021904  0.000657
696  -0.004846  -0.001179  0.000025
697  -0.026902  -0.005273  0.000752
698  -0.039718  0.011484  0.001709
699  -0.009544  0.005017  0.000116
700  -0.012277  -0.027958  0.000932
701  -0.025700  -0.043708  0.002571
702  -0.003451  -0.017872  0.000331
703  -0.008595  -0.004235  0.000092
704  -0.017563  0.007253  0.000361
705  -0.025360  -0.028338  0.001446
706  -0.010631  0.009176  0.000197
707  0.031616  0.000714  0.001000
708  0.015429  0.008421  0.000309
709  -0.003387  0.009293  0.000098
710  -0.005918  -0.002456  0.000041
711  -0.009594  0.028341  0.000895
712  0.019096  0.019648  0.000751
713  -0.009565  0.021019  0.000533
714  0.014612  0.000442  0.000214
715  -0.023896  0.012629  0.000731
716  -0.015164  0.007404  0.000285
717  -0.007069  0.026089  0.000731
718  0.022182  -0.010630  0.000605
719  -0.006414  0.006076  0.000078
720  -0.019511  -0.021715  0.000852
721  0.010544  -0.005355  0.000140
722  0.002408  0.022821  0.000527
723  -0.013310  -0.012215  0.000326
724  0.006166  -0.010180  0.000142
725  -0.035320  0.004969  0.001272
726  0.005628  0.023253  0.000572
727  0.005757  -0.045419  0.002096
728  0.015184  -0.004253  0.000249
729  -0.030825  0.009602  0.001042
730  0.025441  0.003026  0.000656
731  0.037300  0.013916  0.001585
732  0.010071  0.000420  0.000102
733  -0.002417  0.003683  0.000019
734  0.027301  -0.002150  0.000750
735  0.034152  -0.017060  0.001457
736  -0.001543  0.022647  0.000515
737  0.003684  -0.004361  0.000033
738  -0.005881  0.012624  0.000194
739  0.000353  -0.032684  0.001068
740  -0.001606  -0.020695  0.000431
741  0.013595  0.022195  0.000677
742  0.028723  -0.005004  0.000850
743  0.008836  0.012623  0.000237
744  0.005245  0.000955  0.000028
745  0.028420  -0.023749  0.001372
746  0.011288  0.013939  0.000322
747  -0.021508  0.009576  0.000554
748  -0.027715  -0.008343  0.000838
749  0.009820  -0.014129  0.000296
750  0.024413  -0.020921  0.001034
751  -0.000115  -0.045628  0.002082
752  0.031625  -0.000547  0.001000
753  0.005986  0.012233  0.000185
754  -0.008543  -0.032281  0.001115
755  0.018113  -0.046842  0.002522
756  0.013542  0.006125  0.000221
757  0.016650  0.008379  0.000347
758  0.000165  -0.013948  0.000195
759  0.023831  -0.029557  0.001442
760  -0.016913  0.015084  0.000514
761  0.020222  0.030472  0.001337
762  -0.033242  0.002617  0.001112
763  0.015234  -0.016647  0.000509
764  0.039226  0.012620  0.001698
765  0.020417  0.023865  0.000986
766  -0.006765  0.024950  0.000668
767  -0.020207  -0.005683  0.000441
768  -0.042891  -0.026131  0.002522
769  0.013803  0.005492  0.000221
770  0.001507  -0.027298  0.000747
771  0.020251  0.023074  0.000943
772  -0.003124  0.013244  0.000185
773  0.007259  -0.003658  0.000066
774  -0.038085  0.005260  0.001478
775  0.021121  -0.003889  0.000461
776  0.006586  -0.001055  0.000044
777  -0.011168  -0.020343  0.000539
778  0.006807  0.011450  0.000177
779  -0.015715  0.007598  0.000305
780  0.004707  0.016815  0.000305
781  -0.001748  0.009851  0.000100
782  -0.035878  -0.012678  0.001448
783  0.019373  0.002890  0.000384
784  0.019694  0.036598  0.001727
785  -0.019156  -0.005609  0.000398
786  0.026237  -0.000484  0.000689
787  0.009303  -0.011657  0.000222
788  -0.008697  0.016583  0.000351
789  0.011666  -0.000331  0.000136
790  -0.001689  0.025074  0.000632
791  -0.029693  0.008442  0.000953
792  0.029384  0.011430  0.000994
793  -0.010759  0.019842  0.000509
794  -0.015980  0.017557  0.000564
795  0.024526  0.007981  0.000665
796  0.019254  0.017080  0.000662
797  0.003760  0.008866  0.000093
798  0.023508  -0.045322  0.002607
799  -0.017113  0.032389  0.001342
800  -0.003333  0.017387  0.000313
801  -0.015862  0.015011  0.000477
802  -0.022576  0.011053  0.000632
803  -0.014523  -0.004217  0.000229
804  -0.024889  -0.003351  0.000631
805  0.001307  -0.015578  0.000244
806  -0.005799  -0.031553  0.001029
807  -0.002820  -0.002730  0.000015
808  0.038604  0.019832  0.001884
809  -0.003424  -0.009238  0.000097
810  0.036933  0.009399  0.001452
811  -0.000712  0.025227  0.000637
812  0.036900  0.006760  0.001407
813  -0.046904  0.032020  0.003225
814  0.014872  -0.001038  0.000222
815  -0.018636  -0.016469  0.000619
816  0.023212  -0.014330  0.000744
817  0.024607  0.005798  0.000639
818  0.011482  0.038982  0.001651
819  -0.016284  0.008170  0.000332
820  0.000591  0.013739  0.000189
821  -0.001448  -0.003814  0.000017
822  0.007992  0.054948  0.003083
823  -0.036031  0.019838  0.001692
824  0.032561  -0.026150  0.001744
825  0.062909  -0.022217  0.004451
826  -0.009427  0.029978  0.000988
827  -0.004005  0.017111  0.000309
828  0.016365  0.012532  0.000425
829  -0.010059  -0.019017  0.000463
830  0.034857  -0.010981  0.001336
831  -0.004394  0.005379  0.000048
832  -0.033752  0.009814  0.001236
833  0.015909  0.010914  0.000372
834  -0.002665  -0.017367  0.000309
835  0.007567  0.005692  0.000090
836  -0.001011  -0.025859  0.000670
837  0.004618  -0.033754  0.001161
838  -0.066971  -0.032852  0.005564
839  0.032026  0.008710  0.001102
840  -0.006508  0.006004  0.000078
841  -0.002844  -0.012161  0.000156
842  0.003966  -0.020257  0.000426
843  0.001489  0.016682  0.000281
844  -0.015270  -0.016849  0.000517
845  0.009958  -0.014248  0.000302
846  -0.002776  -0.007402  0.000062
847  -0.028261  -0.023484  0.001350
848  -0.015478  0.014564  0.000452
849  -0.000822  -0.010873  0.000119
850  0.027138  -0.022677  0.001251
851  0.006757  -0.011530  0.000179
852  0.008985  -0.022171  0.000572
853  -0.000894  0.032776  0.001075
854  0.019129  0.017167  0.000661
855  0.023416  0.002580  0.000555
856  -0.029726  0.017036  0.001174
857  -0.009668  0.024317  0.000685
858  -0.066213  -0.033032  0.005475
859  0.006659  -0.006958  0.000093
860  -0.012759  0.013030  0.000333
861  -0.002724  -0.016369  0.000275
862  0.009998  0.030618  0.001037
863  0.011744  0.029213  0.000991
864  0.016169  -0.021392  0.000719
865  0.026021  -0.003227  0.000687
866  0.006225  0.008539  0.000112
867  0.019390  -0.013485  0.000558
868  0.034077  0.049454  0.003607
869  0.011275  -0.008129  0.000193
870  -0.010676  -0.001790  0.000117
871  0.011778  0.010034  0.000239
872  0.002613  -0.027196  0.000746
873  -0.001226  0.005140  0.000028
874  0.013871  0.001648  0.000195
875  -0.013492  -0.033400  0.001298
876  -0.000012  0.000011  0.000000
877  -0.015014  0.016315  0.000492
878  -0.030008  -0.008744  0.000977
879  -0.005276  -0.016521  0.000301
880  0.003429  0.005792  0.000045
881  0.029066  -0.033409  0.001961
882  -0.000933  0.038118  0.001454
883  0.000861  0.027904  0.000779
884  0.001912  -0.014328  0.000209
885  0.005916  -0.033801  0.001178
886  0.005894  0.029351  0.000896
887  0.047425  0.032921  0.003333
888  -0.022965  -0.001601  0.000530
889  -0.019089  0.011930  0.000507
890  -0.032123  0.005147  0.001058
891  -0.032445  -0.004258  0.001071
892  0.011430  0.000436  0.000131
893  -0.017450  -0.020985  0.000745
894  -0.022329  0.006274  0.000538
895  0.000849  -0.005244  0.000028
896  -0.008454  0.027047  0.000803
897  0.032182  -0.021857  0.001513
898  -0.021186  -0.016192  0.000711
899  -0.024319  0.027755  0.001362
900  0.027288  0.027058  0.001477
901  -0.029871  0.006193  0.000931
902  0.019454  -0.008368  0.000448
903  -0.015334  0.015481  0.000475
904  0.042337  0.004342  0.001811
905  -0.003157  -0.026141  0.000693
906  -0.018466  0.013478  0.000523
907  0.011650  -0.015144  0.000365
908  0.012692  0.002576  0.000168
909  0.034425  0.016363  0.001453
910  -0.023065  -0.004603  0.000553
911  -0.009508  -0.023159  0.000627
912  0.014572  0.000183  0.000212
913  -0.047435  -0.023626  0.002808
914  -0.021147  0.005073  0.000473
915  -0.010484  -0.007468  0.000166
916  -0.050666  0.047080  0.004784
917  0.016470  -0.011435  0.000402
918  0.020375  0.021861  0.000893
919  -0.038459  0.007312  0.001533
920  0.009692  0.038356  0.001565
921  0.014837  -0.013539  0.000403
922  -0.007741  0.009804  0.000156
923  -0.025722  0.004543  0.000682
924  -0.051953  0.003473  0.002711
925  0.012528  -0.018444  0.000497
926  0.023170  -0.050094  0.003046
927  -0.014582  0.005519  0.000243
928  0.033013  0.006160  0.001128
929  -0.006878  0.009659  0.000141
930  0.017217  0.026109  0.000978
931  0.002512  0.013846  0.000198
932  -0.035021  0.004347  0.001245
933  -0.045050  0.018219  0.002361
934  0.016166  -0.038930  0.001777
935  0.027792  0.032833  0.001850
936  0.017478  -0.036172  0.001614
937  -0.042069  0.023220  0.002309
938  0.006567  -0.009721  0.000138
939  -0.010473  0.000035  0.000110
940  0.008768  -0.005113  0.000103
941  -0.029380  -0.026861  0.001585
942  0.005557  0.003405  0.000042
943  -0.008191  -0.014274  0.000271
944  -0.006608  -0.001264  0.000045
945  0.023317  0.012172  0.000692
946  -0.026944  0.029508  0.001597
947  -0.029477  0.012202  0.001018
948  0.038857  -0.014615  0.001723
949  0.020725  0.022812  0.000950
950  -0.000781  -0.014368  0.000207
951  -0.000568  0.012759  0.000163
952  0.016954  0.022477  0.000793
953  -0.010264  0.009881  0.000203
954  0.001899  0.002465  0.000010
955  -0.020798  0.004887  0.000456
956  -0.007166  0.029046  0.000895
957  0.003377  -0.021130  0.000458
958  0.028805  0.047787  0.003113
959  -0.015432  -0.033558  0.001364
960  -0.003524  0.021957  0.000495
961  -0.005764  0.014507  0.000244
962  -0.038044  0.030618  0.002385
963  -0.006050  -0.011395  0.000166
964  0.023050  -0.024615  0.001137
965  0.011183  0.003190  0.000135
966  -0.041347  0.080310  0.008159
967  -0.016659  0.003828  0.000292
968  -0.009220  0.030002  0.000985
969  0.007167  0.068050  0.004682
970  -0.007863  -0.022748  0.000579
971  -0.042296  -0.008399  0.001859
972  -0.007889  -0.048683  0.002432
973  -0.008085  -0.020673  0.000493
974  0.037034  -0.006739  0.001417
975  0.015787  -0.008971  0.000330
976  -0.017867  -0.000625  0.000320
977  -0.024175  -0.026293  0.001276
978  -0.051054  -0.046430  0.004762
979  0.005617  0.016427  0.000301
980  -0.011270  0.017466  0.000432
981  -0.028204  -0.023124  0.001330
982  -0.004323  -0.008031  0.000083
983  -0.027641  0.045669  0.002850
984  -0.034419  0.017218  0.001481
985  -0.025369  -0.032251  0.001684
986  -0.033560  0.002464  0.001132
987  -0.040292  0.017313  0.001923
988  -0.015612  -0.004325  0.000262
989  -0.001396  0.002697  0.000009
990  0.029371  0.006572  0.000906
991  0.012066  0.017021  0.000435
992  -0.028517  0.042709  0.002637
993  0.004240  -0.035153  0.001254
994  -0.029902  -0.002103  0.000899
995  -0.001033  -0.052865  0.002796
996  -0.044610  -0.038777  0.003494
997  0.024619  0.012135  0.000753
998  -0.051667  -0.052900  0.005468
999  0.022443  0.026181  0.001189
1000  0.010261  0.042888  0.001945
1001  0.001331  0.046669  0.002180
1002  -0.061094  -0.024085  0.004313
1003  -0.039448  -0.012488  0.001712
1004  0.000258  0.011639  0.000136
1005  -0.093266  -0.044530  0.010681
1006  0.000266  -0.009747  0.000095
1007  -0.038802  -0.008397  0.001576
1008  -0.055854  -0.024066  0.003699
1009  0.050134  -0.031877  0.003530
1010  0.005020  -0.046957  0.002230
1011  0.016758  -0.056635  0.003488
1012  -0.031960  0.007792  0.001082
1013  -0.006688  0.010865  0.000163
1014  -0.009237  -0.017775  0.000401
1015  0.037622  0.032696  0.002484
1016  -0.052647  -0.029330  0.003632
1017  0.011449  -0.062223  0.004003
1018  0.013779  0.029837  0.001080
1019  -0.003071  -0.015371  0.000246
1020  0.021844  0.011821  0.000617
1021  0.017355  0.051640  0.002968
1022  -0.053899  -0.041551  0.004632
1023  0.006225  -0.037728  0.001462
1024  0.040205  0.023821  0.002184
1025  0.010163  -0.022473  0.000608
1026  -0.062085  -0.001173  0.003856
1027  0.079794  0.086061  0.013774
1028  -0.064427  0.014598  0.004364
1029  -0.028021  0.021397  0.001243
1030  0.003487  -0.027607  0.000774
1031  -0.069374  -0.010855  0.004931
1032  0.022993  0.026078  0.001209
1033  0.001544  -0.057935  0.003359
1034  0.055407  0.006139  0.003108
1035  -0.041849  -0.015579  0.001994
1036  -0.106760  -0.006482  0.011440
1037  0.000562  -0.027805  0.000773
1038  -0.023961  -0.014520  0.000785
1039  -0.055992  0.009195  0.003220
1040  0.085569  0.010047  0.007423
1041  -0.020006  0.027521  0.001158
1042  0.016250  0.006090  0.000301
1043  0.024763  0.009028  0.000695
1044  0.019889  -0.035536  0.001658
1045  -0.027673  -0.057908  0.004119
1046  -0.003243  0.006483  0.000053
1047  0.001161  -0.051927  0.002698
1048  -0.000996  -0.006935  0.000049
1049  0.033308  -0.028838  0.001941
1050  -0.064642  -0.015941  0.004433
1051  -0.041190  0.033114  0.002793
1052  -0.018842  -0.006264  0.000394
1053  0.057327  -0.085370  0.010574
1054  0.012749  -0.045127  0.002199
1055  0.008017  -0.015337  0.000300
1056  -0.011352  -0.058324  0.003531
1057  0.077724  -0.049151  0.008457
1058  0.002019  0.050388  0.002543
1059  -0.049413  0.036496  0.003774
1060  -0.036788  -0.005216  0.001381
1061  -0.103134  -0.032837  0.011715
1062  0.019225  -0.011624  0.000505
1063  0.012951  0.025057  0.000796
1064  -0.013789  -0.055181  0.003235
1065  -0.078074  0.098851  0.015867
1066  0.011988  0.003908  0.000159
1067  -0.012615  -0.005363  0.000188
1068  0.003468  0.046551  0.002179
1069  -0.065022  -0.020410  0.004644
1070  -0.047631  -0.027885  0.003046
1071  -0.012005  -0.043616  0.002046
1072  0.070341  -0.025172  0.005582
1073  -0.004711  -0.018915  0.000380
1074  -0.028471  -0.009233  0.000896
1075  0.031770  -0.075220  0.006667
1076  0.082818  -0.028925  0.007696
1077  -0.035067  -0.029652  0.002109
1078  -0.043814  0.049086  0.004329
1079  -0.024831  0.005682  0.000649
1080  0.128435  -0.008387  0.016566
1081  -0.006666  0.009193  0.000129
1082  -0.037778  0.031563  0.002423
1083  -0.084898  0.037425  0.008608
1084  -0.107697  0.002575  0.011605
1085  -0.023655  0.126728  0.016620
1086  -0.079141  -0.067120  0.010768
1087  -0.074940  -0.054742  0.008613
1088  -0.059043  -0.119143  0.017681
1089  -0.005576  -0.048064  0.002341
1090  0.007324  -0.049831  0.002537
1091  0.087496  0.023644  0.008215
1092  -0.059041  0.056485  0.006676
1093  -0.003405  -0.010915  0.000131
1094  0.015052  0.042736  0.002053
1095  -0.027859  -0.055796  0.003889
1096  0.052291  -0.034465  0.003922
1097  0.000211  0.021809  0.000476
1098  0.041844  0.050746  0.004326
1099  0.044250  0.009073  0.002040
1100  0.047206  -0.008670  0.002304
1101  0.128320  -0.009102  0.016549
1102  0.138444  -0.048314  0.021501
1103  -0.048849  0.110535  0.014604
1104  0.060265  0.094645  0.012589
1105  -0.031625  0.059059  0.004488
1106  -0.054889  0.013596  0.003198
1107  -0.018392  0.047152  0.002562
1108  -0.027546  0.001333  0.000761
1109  0.076451  -0.090495  0.014034
1110  -0.019450  -0.035097  0.001610
1111  -0.050251  -0.058248  0.005918
1112  -0.002871  -0.004587  0.000029
1113  -0.068598  -0.055139  0.007746
1114  -0.029369  -0.044861  0.002875
1115  0.005646  0.034051  0.001191
1116  -0.102990  0.010269  0.010712
1117  -0.054046  0.095141  0.011973
1118  -0.004530  0.065102  0.004259
1119  -0.052544  -0.037297  0.004152
1120  0.028962  -0.140391  0.020548
1121  0.070181  -0.035062  0.006155
1122  -0.110096  0.078873  0.018342
1123  0.020423  -0.059797  0.003993
1124  -0.055005  0.042308  0.004815
1125  -0.025723  0.019364  0.001037
1126  -0.052095  0.054584  0.005693
1127  -0.075623  -0.111015  0.018043
1128  0.121750  0.092333  0.023348
1129  0.083136  0.054451  0.009877
1130  -0.060845  -0.000394  0.003702
1131  -0.094938  -0.077931  0.015086
1132  0.019560  -0.001282  0.000384
1133  0.029350  -0.029609  0.001738
1134  -0.104418  0.049055  0.013310
1135  0.079918  -0.102325  0.016857
1136  0.069273  0.123103  0.019953
1137  -0.132722  0.146937  0.039206
1138  -0.103688  0.015208  0.010982
1139  -0.088001  -0.084061  0.014811
1140  0.071954  0.039946  0.006773
1141  0.045540  -0.004659  0.002096
1142  -0.192457  -0.176746  0.068279
1143  0.089955  0.022704  0.008607
1144  0.039266  -0.105523  0.012677
1145  0.036276  -0.091003  0.009598
1146  0.064631  -0.005824  0.004211
1147  -0.049385  -0.234705  0.057525
1148  0.115253  0.005054  0.013309
1149  -0.020062  0.040136  0.002013
1150  0.090133  0.005758  0.008157
1151  -0.001691  0.083938  0.007048
1152  -0.086147  -0.116901  0.021087
1153  -0.093310  -0.097489  0.018211
1154  0.049707  -0.054839  0.005478
1155  -0.035116  0.034729  0.002439
1156  0.071953  -0.149562  0.027546
1157  0.182078  0.189302  0.068987
1158  0.065020  -0.173076  0.034183
1159  0.085620  0.140300  0.027015
1160  0.126384  -0.146311  0.037380
1161  0.303684  0.141440  0.112229
1162  -0.042706  -0.057610  0.005143
1163  -0.074681  0.079159  0.011843
1164  -0.048345  0.054362  0.005293
1165  0.115504  -0.045792  0.015438
1166  -0.121145  -0.148199  0.036639
1167  0.126280  -0.301964  0.107129
1168  0.157353  -0.222555  0.074290
1169  -0.161381  -0.059659  0.029603
1170  -0.064141  -0.179296  0.036261
1171  0.312437  -0.207805  0.140800
1172  -0.045422  0.098019  0.011671
1173  -0.172695  -0.020965  0.030263
1174  0.262856  0.051492  0.071744
1175  0.192002  0.336572  0.150146
1176  -0.019097  -0.010077  0.000466
1177  -0.250786  0.007919  0.062957
1178  -0.039249  0.098410  0.011225
1179  0.121255  -0.011000  0.014824
1180  -0.169564  0.207094  0.071640
1181  -0.057490  0.152061  0.026428
1182  -0.045259  -0.204280  0.043779
1183  0.150921  -0.135919  0.041251
1184  -0.095414  0.209770  0.053107
1185  -0.410679  -0.116251  0.182171
1186  0.037982  0.011397  0.001572
1187  0.035474  -0.287722  0.084042
1188  0.300859  -0.094858  0.099514
1189  0.356616  0.029497  0.128045
1190  0.143865  0.009163  0.020781
1191  -0.282864  0.112900  0.092758
1192  0.123650  -0.000391  0.015289
1193  0.019221  0.081633  0.007033
1194  -0.070658  0.190483  0.041276
1195  0.015660  0.030377  0.001168
1196  -0.185113  -0.173121  0.064238
1197  0.207597  0.125330  0.058804
1198  -0.251064  -0.025427  0.063680
1199  0.263698  -0.086035  0.076939
1200  0.030924  0.453183  0.206331
1201  -0.212128  -0.049801  0.047478
1202  -0.217244  0.166139  0.074797
1203  -0.067349  -0.299320  0.094129
1204  -0.007918  0.099820  0.010027
1205  0.098452  -0.095056  0.018728
1206  0.307001  0.331049  0.203843
1207  -0.203133  0.012669  0.041424
1208  0.326634  -0.220649  0.155376
1209  0.041490  0.225772  0.052694
1210  0.076011  0.185634  0.040238
1211  0.296800  -0.085677  0.095430
1212  -0.391709  -0.231095  0.206841
1213  -0.042535  0.366232  0.135935
1214  0.222251  0.090304  0.057550
1215  -0.083111  -0.071301  0.011991
1216  -0.003787  -0.584943  0.342172
1217  -0.408659  0.284265  0.247809
1218  0.491746  0.052594  0.244580
1219  -0.471197  0.273941  0.297070
1220  0.198060  -0.256340  0.104938
1221  0.201036  -0.099312  0.050278
1222  -0.012828  0.291487  0.085129
1223  -0.107672  -0.244522  0.071384
1224  -0.214487  0.388133  0.196651
1225  -0.119529  0.376558  0.156083
1226  0.116000  0.143873  0.034155
1227  -0.073386  -0.607265  0.374157
1228  -0.296651  0.111814  0.100504
1229  -0.379311  0.018753  0.144229
1230  -0.617904  0.260761  0.449802
1231  -0.024984  0.720812  0.520194
1232  0.042827  0.063840  0.005910
1233  0.218536  0.569597  0.372199
1234  -0.275492  0.104636  0.086845
1235  0.224798  -0.219796  0.098844
1236  -0.237629  -0.401114  0.217360
1237  -0.199491  0.257005  0.105849
1238  -0.134968  0.116396  0.031765
1239  0.382872  -0.050210  0.149112
1240  -0.039177  0.126818  0.017618
1241  -0.198607  -0.100568  0.049559
1242  -0.142815  -0.300432  0.110656
1243  0.141064  0.160895  0.045787
1244  -0.119560  -0.019952  0.014693
1245  0.627015  -0.163731  0.419955
1246  0.153001  -0.204888  0.065388
1247  -0.672154  -0.030089  0.452696
1248  -0.074594  -0.104897  0.016568
1249  -0.192717  0.135589  0.055524
1250  0.273222  -0.321989  0.178327
1251  -0.097738  -0.963005  0.936932
1252  0.383341  -0.132076  0.164394
1253  0.170645  -0.074316  0.034643
1254  0.018468  -0.204242  0.042056
1255  0.551955  -0.529841  0.585386
1256  0.420513  0.315322  0.276259
1257  0.861597  0.152254  0.765530
1258  -0.174122  -0.000785  0.030319
1259  0.140221  0.203138  0.060927
1260  -0.177194  0.073189  0.036754
1261  -0.106117  0.676028  0.468275
1262  -0.101459  0.004895  0.010318
1263  -0.157996  0.187083  0.059963
1264  -0.192418  -0.968436  0.974892
1265  0.193774  -0.253251  0.101684
1266  0.149697  -0.288072  0.105395
1267  0.637973  0.326287  0.513472
1268  0.075488  -0.426074  0.187237
1269  -0.045804  -0.092645  0.010681
1270  -0.141434  0.157045  0.044667
1271  0.269925  0.385167  0.221213
1272  0.382767  0.109677  0.158540
1273  -0.840428  -0.819538  1.377963
1274  -0.013816  0.413876  0.171484
1275  -0.581774  -0.188393  0.373953
1276  0.232432  0.201910  0.094792
1277  -0.802639  -0.269000  0.716591
1278  -0.278270  -0.869409  0.833305
1279  -0.187170  -0.111379  0.047438
1280  -0.473342  -0.387714  0.374375
1281  0.270349  0.661519  0.510696
1282  -0.434555  -0.138831  0.208112
1283  0.345232  -0.227597  0.170986
1284  0.727684  0.402466  0.691503
1285  0.973231  -0.489496  1.186785
1286  0.138656  0.109289  0.031170
1287  -0.468011  -0.253251  0.283170
1288  -0.033634  1.045179  1.093531
1289  0.152730  -0.012690  0.023487
1290  -0.169665  -0.545496  0.326353
1291  0.612214  0.100103  0.384826
1292  -0.144920  -0.436221  0.211291
1293  -0.433869  -0.321680  0.291721
1294  -0.438778  -0.302510  0.284039
1295  0.239187  0.064445  0.061364
1296  0.179339  0.598764  0.390681
1297  -0.767546  0.574894  0.919630
1298  0.521507  0.345584  0.391398
1299  1.555060  0.811733  3.077123
1300  0.046892  -0.584771  0.344156
1301  0.514649  0.523398  0.538809
1302  -0.577230  -0.231179  0.386638
1303  -0.353609  0.977227  1.080012
1304  0.914554  -0.049029  0.838813
1305  -0.217798  -0.254237  0.112072
1306  0.085903  -0.694240  0.489348
1307  -0.068065  0.071852  0.009796
1308  0.308675  0.366289  0.229448
1309  -0.667372  -1.083607  1.619590
1310  -0.482348  -0.065358  0.236931
1311  -0.348397  -0.165767  0.148859
1312  0.332464  0.166666  0.138310
1313  0.497692  -1.141635  1.551028
1314  0.389500  0.126442  0.167698
1315  -0.014318  -0.086153  0.007627
1316  0.278573  -1.019722  1.117437
1317  -0.035255  0.172498  0.030998
1318  -0.273973  -0.226565  0.126392
1319  -0.416278  -0.454728  0.380064
1320  0.995649  -0.192981  1.028558
1321  0.153253  0.593927  0.376236
1322  -0.075657  0.166251  0.033364
1323  -0.163923  -0.580691  0.364073
1324  -0.542325  -0.375462  0.435088
1325  -0.690979  1.200650  1.919012
1326  -0.003011  0.077391  0.005998
1327  -0.530399  -0.200632  0.321577
1328  -0.011016  -0.247158  0.061209
1329  0.166311  0.503396  0.281067
1330  0.736024  0.199986  0.581726
1331  0.511384  -0.825033  0.942193
1332  -1.105244  -0.069827  1.226439
1333  0.135991  0.505288  0.273809
1334  0.491502  0.171940  0.271138
1335  -0.562972  -0.844637  1.030349
1336  0.077509  1.194413  1.432631
1337  0.474237  0.561543  0.540231
1338  -0.121808  0.727548  0.544164
1339  0.174083  0.253155  0.094392
1340  0.279880  0.659384  0.513120
1341  0.011815  -0.233634  0.054725
1342  0.488464  0.680699  0.701948
1343  -0.982641  -0.935057  1.839916
1344  -0.824129  -0.248025  0.740704
1345  0.587536  0.745622  0.901151
1346  0.601390  0.068935  0.366422
1347  0.169898  -0.277306  0.105764
1348  -0.559201  -0.326536  0.419332
1349  -0.011945  -0.142972  0.020584
1350  0.155636  -0.333610  0.135518
1351  -0.442196  -0.777619  0.800228
1352  -0.056185  -0.663986  0.444034
1353  0.990752  -0.260518  1.049460
1354  -0.656018  -0.652827  0.856544
1355  -0.485674  0.105160  0.246938
1356  -0.225326  0.178628  0.082680
1357  -0.903241  0.741501  1.365668
1358  -0.204382  0.248514  0.103531
1359  1.253101  -0.074304  1.575783
1360  -0.285956  -0.685951  0.552299
1361  -0.738867  -0.218489  0.593662
1362  -0.774911  -0.349807  0.722852
1363  -1.387582  -0.066143  1.929760
1364  1.034104  0.370263  1.206466
1365  -0.504836  -0.482218  0.487394
1366  -0.312541  -0.637653  0.504283
1367  -0.092458  -0.045162  0.010588
1368  0.067804  -0.093721  0.013381
1369  0.197768  -0.049346  0.041547
1370  0.085918  0.229367  0.059991
1371  0.581545  0.655619  0.768031
1372  0.045092  -0.536603  0.289976
1373  0.285127  0.179626  0.113563
1374  -1.422725  0.734450  2.563564
1375  -0.302635  -0.029804  0.092476
1376  0.071703  -0.614847  0.383179
1377  -0.502703  -0.081313  0.259322
1378  0.334709  -0.070420  0.116989
1379  0.105982  -0.525232  0.287101
1380  0.131606  -0.227817  0.069221
1381  0.996228  0.686870  1.464261
1382  0.305610  0.363229  0.225333
1383  -0.453228  -0.006933  0.205464
1384  -0.270878  0.718547  0.589684
1385  -0.306666  -1.244051  1.641707
1386  -0.345058  -0.343004  0.236717
1387  -0.334217  -0.082768  0.118552
1388  -0.550873  0.891475  1.098189
1389  0.224024  -0.212794  0.095468
1390  -0.038235  0.224540  0.051880
1391  0.180931  0.597102  0.389267
1392  0.089714  0.387836  0.158465
1393  -1.354239  0.049330  1.836396
1394  -0.049839  0.121255  0.017187
1395  -0.724737  -0.377109  0.667455
1396  -0.046695  0.192549  0.039256
1397  0.307192  0.183094  0.127890
1398  0.378053  -0.230929  0.196252
1399  -0.311414  -0.084959  0.104197
1400  -0.160755  0.331031  0.135424
1401  0.179250  -0.349203  0.154073
1402  -0.410955  -0.351060  0.292127
1403  0.112590  -0.845377  0.727339
1404  -0.130388  -0.400611  0.177490
1405  -0.374436  -0.380061  0.284649
1406  -0.446513  0.517019  0.466682
1407  0.215721  0.223557  0.096513
1408  0.113017  -0.124078  0.028168
1409  0.122971  -0.437060  0.206144
1410  0.543914  0.699373  0.784966
1411  -0.082871  -0.239905  0.064422
1412  0.169725  0.799078  0.667332
1413  -0.127615  0.920646  0.863874
1414  0.048374  0.529420  0.282626
1415  0.181019  -0.160021  0.058375
1416  0.231449  0.269544  0.126223
1417  0.074303  -0.185702  0.040006
1418  0.499499  -0.503307  0.502817
1419  -0.169496  0.652559  0.454562
1420  -0.257789  -0.288179  0.149502
1421  -0.598039  -0.171936  0.387212
1422  0.300990  0.455358  0.297947
1423  -0.483927  0.199984  0.274179
1424  0.027886  0.116988  0.014464
1425  0.313950  0.116085  0.112041
1426  0.252593  0.215338  0.110174
1427  0.163148  -0.339135  0.141630
1428  -0.359364  0.324630  0.234527
1429  -0.146375  -0.128195  0.037859
1430  0.044468  -0.145819  0.023241
1431  0.088358  0.092208  0.016310
1432  0.040018  0.236139  0.057363
1433  -0.456380  0.213110  0.253698
1434  -0.145148  -0.357313  0.148741
1435  0.205139  0.028333  0.042885
1436  0.362072  0.242946  0.190119
1437  0.507317  0.187700  0.292602
1438  -0.177584  0.238261  0.088304
1439  0.256750  0.324297  0.171089
1440  0.522883  0.321528  0.376787
1441  0.516120  -0.416044  0.439473
1442  -0.322921  -0.265028  0.174518
1443  -0.297155  -0.092333  0.096826
1444  -0.333235  -0.204737  0.152963
1445  -0.170656  -0.248664  0.090957
1446  0.209834  0.308546  0.139231
1447  0.111905  0.160867  0.038401
1448  0.033202  0.175113  0.031767
1449  -0.265005  0.156328  0.094666
1450  0.441476  0.109089  0.206801
1451  0.228930  -0.112983  0.065174
1452  0.181910  -0.040006  0.034692
1453  -0.047199  -0.405752  0.166862
1454  0.487059  -0.264000  0.306923
1455  0.192204  -0.123255  0.052134
1456  -0.234502  -0.184179  0.088913
1457  -0.052057  -0.136311  0.021291
1458  -0.180617  0.120411  0.047121
1459  0.098174  0.228869  0.062019
1460  -0.232938  -0.262625  0.123232
1461  -0.188577  0.025078  0.036190
1462  -0.083332  -0.125389  0.022667
1463  -0.428961  -0.076377  0.189841
1464  -0.157017  -0.148524  0.046714
1465  -0.122703  -0.046570  0.017225
1466  0.142249  0.128409  0.036724
1467  0.153111  -0.063573  0.027484
1468  0.053900  -0.264851  0.073051
1469  0.232842  -0.040771  0.055878
1470  -0.334866  -0.157336  0.136890
1471  -0.032732  0.031888  0.002088
1472  -0.406165  -0.152803  0.188319
1473  -0.298837  -0.208478  0.132767
1474  -0.012209  -0.187583  0.035336
1475  -0.195198  -0.147795  0.059946
1476  0.080186  0.294272  0.093026
1477  0.138670  -0.332630  0.129872
1478  -0.266435  0.228676  0.123280
1479  0.008507  0.178048  0.031773
1480  0.221706  -0.100344  0.059222
1481  -0.359348  0.140114  0.148763
1482  0.102087  0.227350  0.062110
1483  0.292202  0.053102  0.088202
1484  -0.029460  0.136484  0.019496
1485  -0.191242  0.211623  0.081358
1486  0.013344  0.034749  0.001386
1487  -0.176903  -0.065099  0.035533
1488  -0.028329  0.054502  0.003773
1489  0.062025  -0.208529  0.047331
1490  -0.282471  -0.018583  0.080135
1491  0.080494  0.297674  0.095089
1492  0.291591  0.204422  0.126814
1493  0.083814  -0.293162  0.092969
1494  0.053444  -0.032906  0.003939
1495  -0.228136  0.161127  0.078008
1496  0.118341  -0.104271  0.024877
1497  -0.106295  -0.094020  0.020139
1498  -0.316999  -0.112612  0.113170
1499  -0.057393  0.128887  0.019906
1500  -0.117260  0.448257  0.214684
1501  0.114455  0.251743  0.076475
1502  0.272749  -0.013675  0.074579
1503  -0.114633  0.079217  0.019416
1504  0.204322  0.057521  0.045056
1505  0.306309  0.081312  0.100437
1506  -0.016397  -0.167722  0.028400
1507  -0.139853  0.002625  0.019566
1508  0.167014  -0.048589  0.030255
1509  -0.199771  -0.112538  0.052573
1510  -0.053857  0.018246  0.003233
1511  0.247480  -0.136097  0.079769
1512  -0.039705  0.014083  0.001775
1513  0.073986  -0.034429  0.006659
1514  -0.010204  -0.029671  0.000985
1515  0.130215  -0.105623  0.028112
1516  -0.070589  0.141542  0.025017
1517  0.165578  -0.102231  0.037867
1518  -0.030764  0.052172  0.003668
1519  0.090984  -0.168644  0.036719
1520  0.121370  -0.030781  0.015678
1521  -0.030615  0.166135  0.028538
1522  -0.038319  0.074845  0.007070
1523  0.061053  -0.085932  0.011112
1524  0.134991  0.108786  0.030057
1525  0.082960  0.127431  0.023121
1526  0.140653  -0.034687  0.020987
1527  0.064363  -0.040062  0.005748
1528  -0.040607  0.001466  0.001651
1529  -0.093762  0.174188  0.039133
1530  0.200075  0.102140  0.050463
1531  0.237151  -0.041529  0.057966
1532  0.066560  -0.135957  0.022915
1533  0.039856  0.039316  0.003134
1534  0.072925  -0.110231  0.017469
1535  -0.041881  -0.123992  0.017128
1536  -0.027062  0.037187  0.002115
1537  0.088562  0.009465  0.007933
1538  0.076965  0.025289  0.006563
1539  -0.073227  -0.030501  0.006293
1540  -0.023803  0.076148  0.006365
1541  0.033485  0.039403  0.002674
1542  0.028888  -0.071151  0.005897
1543  -0.007607  0.106090  0.011313
1544  -0.012386  -0.028700  0.000977
1545  0.027878  -0.100663  0.010910
1546  -0.024484  0.019679  0.000987
1547  0.101673  0.001628  0.010340
1548  0.100697  -0.019496  0.010520
1549  0.084266  -0.065138  0.011344
1550  0.005149  0.010048  0.000127
1551  0.060969  -0.046194  0.005851
1552  -0.040316  -0.185193  0.035922
1553  -0.046979  -0.046040  0.004327
1554  0.031829  -0.035545  0.002277
1555  -0.008164  -0.157858  0.024986
1556  0.021936  0.164751  0.027624
1557  0.043023  0.035786  0.003132
1558  -0.069016  0.061311  0.008522
1559  -0.052101  -0.039727  0.004293
1560  -0.060031  -0.000185  0.003604
1561  0.009678  0.062705  0.004026
1562  -0.058360  -0.054678  0.006396
1563  0.068734  0.037844  0.006156
1564  0.002319  0.018230  0.000338
1565  0.091311  -0.048268  0.010667
1566  0.014342  0.052578  0.002970
1567  -0.047219  -0.115785  0.015636
1568  -0.004969  0.023781  0.000590
1569  0.046582  -0.043398  0.004053
1570  0.040663  0.057119  0.004916
1571  0.027201  -0.014345  0.000946
1572  -0.070155  0.092341  0.013449
1573  0.003028  0.063719  0.004069
1574  -0.059010  0.088308  0.011280
1575  0.080861  0.013632  0.006724
1576  0.023269  0.048372  0.002881
1577  0.099692  -0.068598  0.014644
1578  -0.024135  0.051474  0.003232
1579  0.061907  -0.024867  0.004451
1580  -0.014072  0.027509  0.000955
1581  -0.058051  -0.139059  0.022707
1582  0.015907  0.007883  0.000315
1583  -0.038589  0.046073  0.003612
1584  -0.026920  -0.013946  0.000919
1585  0.025260  0.004780  0.000661
1586  0.004598  0.029852  0.000912
1587  0.061628  -0.050490  0.006347
1588  0.037620  -0.074851  0.007018
1589  -0.094977  -0.007005  0.009070
1590  0.030225  0.061074  0.004644
1591  0.094768  0.021693  0.009452
1592  0.003517  -0.026472  0.000713
1593  -0.037838  0.009181  0.001516
1594  -0.068360  -0.001311  0.004675
1595  -0.013830  0.093140  0.008866
1596  0.068029  0.056795  0.007854
1597  -0.021624  0.044993  0.002492
1598  -0.031069  0.018872  0.001321
1599  0.027797  0.024056  0.001351
1600  0.081534  -0.036636  0.007990
1601  0.006735  -0.050522  0.002598
1602  0.012156  0.000520  0.000148
1603  0.064146  -0.004669  0.004136
1604  -0.073088  0.040108  0.006950
1605  0.024663  0.030743  0.001553
1606  0.006476  0.013255  0.000218
1607  0.014641  -0.015167  0.000444
1608  0.079786  -0.018662  0.006714
1609  -0.066525  -0.015352  0.004661
1610  -0.054989  -0.004226  0.003042
1611  -0.009837  -0.034568  0.001292
1612  0.068645  0.007130  0.004763
1613  0.006174  -0.001649  0.000041
1614  0.038854  -0.002979  0.001519
1615  0.032083  -0.034702  0.002234
1616  -0.005903  -0.000908  0.000036
1617  0.036414  0.053111  0.004147
1618  0.026675  -0.011828  0.000851
1619  0.004309  -0.016436  0.000289
1620  0.070579  0.002262  0.004986
1621  0.014209  -0.053523  0.003067
1622  0.019413  -0.065053  0.004609
1623  -0.011656  0.029670  0.001016
1624  -0.009462  0.041918  0.001847
1625  -0.069394  0.033290  0.005924
1626  -0.052334  0.032709  0.003809
1627  -0.013023  -0.017314  0.000469
1628  0.005454  -0.006404  0.000071
1629  0.046315  0.005072  0.002171
1630  0.001558  0.056388  0.003182
1631  0.030290  0.031934  0.001937
1632  -0.002805  -0.035728  0.001284
1633  0.004506  -0.026694  0.000733
1634  0.017475  0.034430  0.001491
1635  -0.029399  -0.009174  0.000948
1636  0.008122  -0.021359  0.000522
1637  0.051914  0.066584  0.007128
1638  0.031938  0.009509  0.001110
1639  0.040590  -0.048683  0.004018
1640  0.054845  0.024949  0.003630
1641  0.046690  -0.011198  0.002305
1642  -0.004155  -0.007343  0.000071
1643  0.026673  -0.021317  0.001166
1644  0.108670  0.045169  0.013849
1645  0.013206  0.009627  0.000267
1646  0.012574  0.004063  0.000175
1647  -0.039053  -0.001777  0.001528
1648  -0.060182  -0.048297  0.005955
1649  -0.019273  0.010548  0.000483
1650  0.021012  0.042951  0.002286
1651  0.000980  0.069597  0.004845
1652  0.006548  0.047842  0.002332
1653  -0.035743  -0.029999  0.002178
1654  0.028680  0.043515  0.002716
1655  0.007366  -0.004775  0.000077
1656  0.026013  0.038619  0.002168
1657  0.042364  0.027649  0.002559
1658  -0.012947  0.017184  0.000463
1659  -0.019405  -0.033727  0.001514
1660  -0.017187  -0.022213  0.000789
1661  -0.018820  -0.003928  0.000370
1662  0.057929  -0.019263  0.003727
1663  -0.017567  0.017649  0.000620
1664  0.000648  0.006961  0.000049
1665  0.041088  -0.050357  0.004224
1666  -0.010525  -0.008687  0.000186
1667  -0.045954  -0.022080  0.002599
1668  0.033570  0.025646  0.001785
1669  -0.003403  0.025017  0.000637
1670  -0.075878  0.058606  0.009192
1671  0.007251  0.020302  0.000465
1672  -0.003400  0.029527  0.000883
1673  -0.026326  0.028578  0.001510
1674  0.060716  0.004870  0.003710
1675  -0.035555  -0.002503  0.001270
1676  0.004913  -0.006395  0.000065
1677  0.031771  0.010658  0.001123
1678  0.039758  -0.002134  0.001585
1679  -0.045355  -0.034542  0.003250
1680  0.023912  -0.017663  0.000884
1681  0.020734  0.045824  0.002530
1682  0.006876  -0.038982  0.001567
1683  0.029408  0.021588  0.001331
1684  -0.014999  0.049646  0.002690
1685  0.017980  0.009621  0.000416
1686  0.009844  0.041409  0.001812
1687  0.062388  -0.051555  0.006550
1688  -0.015243  -0.020286  0.000644
1689  0.001182  -0.022736  0.000518
1690  0.022594  -0.009572  0.000602
1691  0.022957  -0.022958  0.001054
1692  0.003250  0.035288  0.001256
1693  0.038806  0.015496  0.001746
1694  0.002444  0.049024  0.002409
1695  0.028605  0.007620  0.000876
1696  0.021517  0.012777  0.000626
1697  0.010046  0.040316  0.001726
1698  0.041617  -0.010910  0.001851
1699  -0.018512  0.025275  0.000982
1700  0.012873  0.009897  0.000264
1701  0.047765  -0.015931  0.002535
1702  0.055918  -0.012591  0.003285
1703  0.029639  0.002959  0.000887
1704  0.024776  -0.081389  0.007238
1705  0.038028  -0.025040  0.002073
1706  0.030891  0.045376  0.003013
1707  0.018638  -0.021047  0.000790
1708  -0.039192  0.009781  0.001632
1709  -0.017174  0.014470  0.000504
1710  0.031906  0.020550  0.001440
1711  0.007529  -0.016328  0.000323
1712  0.040222  -0.056077  0.004762
1713  -0.004648  -0.025288  0.000661
1714  0.002918  0.002027  0.000013
1715  0.039844  -0.046883  0.003786
1716  0.017787  0.013275  0.000493
1717  -0.046865  0.053462  0.005055
1718  0.052957  -0.053715  0.005690
1719  0.080441  0.036610  0.007811
1720  -0.034368  -0.007880  0.001243
1721  0.029774  -0.045662  0.002971
1722  0.019650  0.018593  0.000732
1723  -0.012500  -0.006015  0.000192
1724  -0.025516  -0.019422  0.001028
1725  -0.003290  0.051285  0.002641
1726  0.009409  -0.007535  0.000145
1727  0.034880  0.004935  0.001241
1728  0.017796  0.009749  0.000412
1729  0.056831  -0.000888  0.003231
1730  0.021112  -0.005737  0.000479
1731  0.026892  0.001503  0.000725
1732  -0.007826  0.024488  0.000661
1733  -0.005979  -0.009363  0.000123
1734  0.010228  -0.013893  0.000298
1735  -0.018644  -0.032445  0.001400
1736  0.049175  0.016458  0.002689
1737  0.014117  0.035806  0.001481
1738  0.001049  -0.003153  0.000011
1739  -0.007222  -0.072489  0.005307
1740  -0.016451  -0.022680  0.000785
1741  0.029829  -0.038424  0.002366
1742  0.006376  0.001744  0.000044
1743  -0.015583  -0.008017  0.000307
1744  0.037494  0.051820  0.004091
1745  0.011184  -0.040920  0.001800
1746  0.020885  -0.058746  0.003887
1747  0.025584  0.010271  0.000760
1748  -0.014063  -0.015213  0.000429
1749  0.020238  0.030392  0.001333
1750  0.021108  -0.010224  0.000550
1751  0.002893  -0.001753  0.000011
1752  0.004947  0.004830  0.000048
1753  0.006873  -0.005544  0.000078
1754  -0.004133  -0.013102  0.000189
1755  0.042345  -0.000712  0.001794
1756  -0.004812  -0.044559  0.002009
1757  -0.008234  -0.008577  0.000141
1758  0.034776  0.025116  0.001840
1759  0.016439  -0.018066  0.000597
1760  -0.019836  -0.026042  0.001072
1761  0.036212  -0.000625  0.001312
1762  -0.002291  0.000599  0.000006
1763  0.000696  -0.013017  0.000170
1764  0.005044  -0.005867  0.000060
1765  -0.019824  -0.010318  0.000499
1766  0.007597  -0.042917  0.001900
1767  0.002149  -0.048743  0.002380
1768  -0.014093  -0.008172  0.000265
1769  0.012640  0.017007  0.000449
1770  0.013694  -0.000135  0.000188
1771  0.026794  -0.001763  0.000721
1772  0.003146  -0.002135  0.000014
1773  0.008486  0.037756  0.001498
1774  -0.003916  0.036546  0.001351
1775  0.006889  -0.014086  0.000246
1776  0.004084  0.001050  0.000018
1777  -0.014264  -0.042024  0.001969
1778  -0.047811  -0.027079  0.003019
1779  0.013596  0.010957  0.000305
1780  -0.005892  0.005114  0.000061
1781  0.003925  -0.041568  0.001743
1782  0.007202  -0.000447  0.000052
1783  0.020696  0.029240  0.001283
1784  0.016614  -0.003065  0.000285
1785  0.004654  -0.025046  0.000649
1786  -0.034232  0.001984  0.001176
1787  -0.007646  0.014810  0.000278
1788  -0.017741  0.026810  0.001034
1789  -0.001615  0.000215  0.000003
1790  0.014169  0.001049  0.000202
1791  -0.008845  0.007817  0.000139
1792  0.005101  0.008178  0.000093
1793  0.039541  0.004801  0.001587
1794  -0.002560  0.024627  0.000613
1795  0.003771  0.011977  0.000158
1796  0.037523  0.012596  0.001567
1797  -0.002712  0.007147  0.000058
1798  -0.030282  0.043114  0.002776
1799  0.016794  0.009726  0.000377
1800  0.002007  0.025787  0.000669
1801  -0.011697  -0.008399  0.000207
1802  -0.006449  0.027749  0.000812
1803  -0.021906  0.028552  0.001295
1804  0.021166  0.032203  0.001485
1805  -0.010402  0.014378  0.000315
1806  0.017403  0.016545  0.000577
1807  0.030266  -0.004314  0.000935
1808  -0.009697  -0.024811  0.000710
1809  -0.013147  -0.008302  0.000242
1810  -0.001862  -0.009245  0.000089
1811  -0.023416  0.022369  0.001049
1812  0.009557  0.011748  0.000229
1813  0.009248  -0.009063  0.000168
1814  0.003263  -0.029508  0.000881
1815  0.020016  -0.007564  0.000458
1816  -0.023420  -0.032850  0.001628
1817  -0.010010  -0.024508  0.000701
1818  -0.007101  -0.001446  0.000053
1819  -0.031393  -0.023071  0.001518
1820  0.011991  -0.010782  0.000260
1821  0.024558  0.003029  0.000612
1822  0.016905  0.014083  0.000484
1823  -0.046036  -0.005024  0.002145
1824  0.017315  -0.006193  0.000338
1825  0.008354  0.005279  0.000098
1826  0.010839  0.019970  0.000516
1827  -0.010978  -0.013691  0.000308
1828  0.050426  -0.014445  0.002751
1829  -0.002927  0.002002  0.000013
1830  0.001570  0.003756  0.000017
1831  0.029654  -0.028383  0.001685
1832  0.000130  -0.007809  0.000061
1833  -0.002766  0.002253  0.000013
1834  0.036455  -0.006947  0.001377
1835  0.032175  -0.005511  0.001066
1836  0.047731  0.016147  0.002539
1837  -0.011013  -0.042694  0.001944
1838  0.030425  -0.000541  0.000926
1839  0.040750  -0.002476  0.001667
1840  -0.005118  -0.011043  0.000148
1841  0.016796  -0.025615  0.000938
1842  0.010721  -0.017083  0.000407
1843  -0.008565  0.020228  0.000483
1844  0.037764  0.029740  0.002311
1845  0.004262  -0.013240  0.000193
1846  -0.003262  0.024988  0.000635
1847  0.045635  0.004874  0.002106
1848  -0.037240  -0.015444  0.001625
1849  0.023565  0.024696  0.001165
1850  0.009667  0.021426  0.000553
1851  -0.042893  -0.042455  0.003642
1852  0.029782  0.010874  0.001005
1853  0.026906  -0.001445  0.000726
1854  -0.000148  -0.016508  0.000273
1855  0.008140  0.023551  0.000621
1856  0.050229  0.021313  0.002977
1857  0.042577  -0.032116  0.002844
1858  0.010791  -0.026785  0.000834
1859  -0.023607  0.004053  0.000574
1860  0.031331  -0.014437  0.001190
1861  -0.010869  0.005778  0.000152
1862  -0.009921  0.002693  0.000106
1863  0.002265  0.038664  0.001500
1864  -0.013667  -0.010152  0.000290
1865  -0.043262  -0.016743  0.002152
1866  0.017082  0.000606  0.000292
1867  0.009097  0.003551  0.000095
1868  0.010371  -0.023947  0.000681
1869  0.015879  -0.051173  0.002871
1870  0.006185  0.014734  0.000255
1871  0.021832  -0.027340  0.001224
1872  -0.025296  0.002576  0.000647
1873  -0.003104  -0.020083  0.000413
1874  0.014199  -0.011552  0.000335
1875  0.002645  -0.015209  0.000238
1876  0.017157  0.003330  0.000305
1877  -0.010578  -0.031363  0.001096
1878  -0.023466  -0.001369  0.000553
1879  0.012170  0.002541  0.000155
1880  -0.025986  -0.019136  0.001041
1881  -0.023273  0.008465  0.000613
1882  0.008679  0.006993  0.000124
1883  -0.013843  -0.021270  0.000644
1884  -0.021968  0.021927  0.000963
1885  -0.038419  -0.023254  0.002017
1886  -0.006539  0.018378  0.000381
1887  0.017364  0.013476  0.000483
1888  -0.009390  0.014266  0.000292
1889  0.001453  -0.021393  0.000460
1890  0.003951  0.015329  0.000251
1891  -0.019267  -0.014407  0.000579
1892  0.001895  -0.013809  0.000194
1893  -0.020860  -0.016353  0.000703
1894  -0.015704  -0.018318  0.000582
1895  -0.013580  -0.002552  0.000191
1896  -0.019555  -0.003144  0.000392
1897  0.026615  0.017613  0.001019
1898  0.007623  -0.008337  0.000128
1899  0.000193  0.005513  0.000030
1900  -0.008230  0.003467  0.000080
1901  -0.058464  0.001057  0.003419
1902  -0.015519  -0.024124  0.000823
1903  0.020859  0.015630  0.000679
1904  0.000872  0.015470  0.000240
1905  0.014250  0.029418  0.001068
1906  -0.002440  -0.031101  0.000973
1907  0.019820  -0.000548  0.000393
1908  -0.007398  -0.016710  0.000334
1909  -0.017701  -0.000075  0.000313
1910  0.055842  -0.009609  0.003211
1911  0.008432  0.005159  0.000098
1912  -0.013460  0.000762  0.000182
1913  0.027406  0.001936  0.000755
1914  -0.004649  0.008760  0.000098
1915  -0.007080  0.005765  0.000083
1916  -0.004315  0.013186  0.000192
1917  -0.001922  -0.027111  0.000739
1918  -0.003989  0.002013  0.000020
1919  0.019072  -0.036756  0.001715
1920  -0.024167  -0.015302  0.000818
1921  0.006963  0.007835  0.000110
1922  0.003782  -0.030094  0.000920
1923  0.002040  0.027574  0.000764
1924  -0.002919  0.011204  0.000134
1925  0.026423  0.005253  0.000726
1926  0.016924  0.024621  0.000893
1927  -0.019403  -0.004834  0.000400
1928  0.045405  0.020036  0.002463
1929  -0.007817  0.015893  0.000314
1930  -0.014979  0.010174  0.000328
1931  -0.013042  -0.011837  0.000310
1932  0.006788  -0.032571  0.001107
1933  0.025784  -0.009387  0.000753
1934  0.001974  -0.033366  0.001117
1935  0.025716  -0.015543  0.000903
1936  0.012352  0.006196  0.000191
1937  0.037944  -0.021013  0.001881
1938  0.011405  0.018295  0.000465
1939  0.000902  0.012327  0.000153
1940  0.011526  -0.007339  0.000187
1941  -0.003317  -0.033920  0.001162
1942  -0.000236  -0.019690  0.000388
1943  0.012787  -0.005800  0.000197
1944  -0.013529  0.002111  0.000187
1945  0.017486  -0.033644  0.001438
1946  0.000540  -0.008900  0.000079
1947  -0.007240  -0.015564  0.000295
1948  -0.001027  0.007581  0.000059
1949  0.002750  -0.005945  0.000043
1950  0.046119  0.010347  0.002234
1951  -0.005171  0.001936  0.000030
1952  0.002804  -0.001513  0.000010
1953  0.024209  0.020420  0.001003
1954  -0.017492  0.021227  0.000757
1955  0.024539  -0.008052  0.000667
1956  0.003614  -0.004055  0.000030
1957  0.014632  -0.025966  0.000888
1958  -0.007349  -0.007404  0.000109
1959  0.021656  -0.029277  0.001326
1960  -0.000899  0.036597  0.001340
1961  -0.006062  -0.025207  0.000672
1962  -0.000821  -0.025383  0.000645
1963  0.006106  -0.012816  0.000202
1964  0.021549  0.018990  0.000825
1965  0.037905  -0.034529  0.002629
1966  -0.038189  0.007365  0.001513
1967  0.044072  0.005170  0.001969
1968  -0.020246  0.008545  0.000483
1969  -0.004662  -0.016348  0.000289
1970  0.004986  -0.000851  0.000026
1971  0.022272  -0.044572  0.002483
1972  -0.002230  -0.020326  0.000418
1973  0.007741  -0.005917  0.000095
1974  0.011518  -0.018064  0.000459
1975  -0.003313  0.007170  0.000062
1976  0.019187  -0.009153  0.000452
1977  -0.002976  0.015187  0.000240
1978  0.005437  -0.000644  0.000030
1979  -0.011359  -0.005640  0.000161
1980  -0.030894  -0.005285  0.000982
1981  0.001292  0.034982  0.001225
1982  -0.005020  -0.014929  0.000248
1983  -0.020324  -0.009333  0.000500
1984  0.003485  -0.009434  0.000101
1985  -0.022684  -0.010182  0.000618
1986  0.000118  -0.006489  0.000042
1987  0.007646  0.020227  0.000468
1988  0.021604  0.008183  0.000534
1989  -0.004535  -0.010897  0.000139
1990  0.020379  -0.005414  0.000445
1991  0.030194  0.011230  0.001038
1992  -0.007281  0.009387  0.000141
1993  0.002123  -0.031695  0.001009
1994  -0.021912  -0.000142  0.000480
1995  -0.023515  -0.010908  0.000672
1996  0.019431  -0.004834  0.000401
1997  0.007484  0.017038  0.000346
1998  0.004574  -0.001837  0.000024
1999  0.003922  -0.002553  0.000022
2000  -0.009852  0.014386  0.000304
2001  0.010813  0.013074  0.000288
2002  -0.033141  0.000057  0.001098
2003  0.026367  -0.031298  0.001675
2004  -0.008241  -0.014925  0.000291
2005  0.015857  0.014950  0.000475
2006  -0.010003  0.007996  0.000164
2007  0.021445  -0.019880  0.000855
2008  -0.006341  -0.024924  0.000661
2009  -0.000511  0.002733  0.000008
2010  0.028491  -0.032242  0.001851
2011  0.009514  -0.033918  0.001241
2012  -0.005558  -0.012705  0.000192
2013  0.014426  -0.009219  0.000293
2014  0.002432  -0.029782  0.000893
2015  -0.005698  0.005497  0.000063
2016  0.025879  -0.035989  0.001965
2017  -0.002118  -0.024838  0.000621
2018  0.005998  -0.017745  0.000351
2019  -0.002019  0.020140  0.000410
2020  -0.006679  0.028197  0.000840
2021  0.008808  -0.012410  0.000232
2022  -0.024979  0.013079  0.000795
2023  0.016651  0.008677  0.000353
2024  -0.023025  0.026569  0.001236
2025  0.017061  -0.017252  0.000589
2026  0.003242  0.007920  0.000073
2027  -0.035851  -0.000960  0.001286
2028  0.009753  -0.015325  0.000330
2029  0.012350  -0.011667  0.000289
2030  0.011957  0.016594  0.000418
2031  0.004192  -0.028738  0.000843
2032  0.016427  0.000244  0.000270
2033  -0.014983  0.009043  0.000306
2034  -0.022601  0.013187  0.000685
2035  -0.003169  0.006795  0.000056
2036  0.009784  0.011100  0.000219
2037  0.014714  -0.000905  0.000217
2038  -0.005017  0.002429  0.000031
2039  0.020124  0.005497  0.000435
2040  -0.005891  -0.025627  0.000691
2041  -0.009298  0.012623  0.000246
2042  -0.000463  -0.009922  0.000099
2043  0.014401  0.003675  0.000221
2044  0.008586  0.005345  0.000102
2045  -0.008584  0.012090  0.000220
2046  0.003765  0.020179  0.000421
2047  -0.010708  0.021949  0.000596
