0  -0.003252  -0.008688  0.000086
1  0.010042  -0.010475  0.000211
2  -0.023632  -0.047770  0.002840
3  -0.016662  0.019419  0.000655
4  0.015260  -0.020063  0.000635
5  -0.008471  -0.001960  0.000076
6  -0.007651  0.003070  0.000068
7  -0.001225  -0.011824  0.000141
8  -0.001286  -0.007606  0.000060
9  0.002576  0.005351  0.000035
10  -0.007109  0.007493  0.000107
11  -0.016522  0.002126  0.000277
12  0.012243  0.027615  0.000913
13  0.010979  -0.007379  0.000175
14  -0.001909  0.001816  0.000007
15  0.012334  0.003043  0.000161
16  -0.008221  -0.001596  0.000070
17  -0.005968  0.001656  0.000038
18  0.015305  -0.007649  0.000293
19  -0.029420  -0.045459  0.002932
20  -0.023532  -0.026076  0.001234
21  0.017106  -0.006733  0.000338
22  -0.007674  -0.001344  0.000061
23  0.006567  0.003739  0.000057
24  -0.014117  0.002414  0.000205
25  -0.008936  -0.024635  0.000687
26  -0.012182  0.013592  0.000333
27  -0.031245  -0.003470  0.000988
28  -0.000887  -0.031792  0.001012
29  -0.015160  -0.020298  0.000642
30  0.000281  0.005152  0.000027
31  -0.021658  0.000466  0.000469
32  -0.004591  -0.020293  0.000433
33  0.004824  0.040927  0.001698
34  -0.007064  -0.010049  0.000151
35  -0.013954  -0.000920  0.000196
36  0.001102  -0.009697  0.000095
37  0.023078  -0.026430  0.001231
38  -0.017792  0.004568  0.000337
39  -0.000233  0.017967  0.000323
40  0.012260  0.008737  0.000227
41  0.009529  0.004624  0.000112
42  -0.024119  -0.020727  0.001011
43  -0.019637  0.004552  0.000406
44  0.015851  0.001839  0.000255
45  0.006979  -0.005889  0.000083
46  -0.017027  -0.015247  0.000522
47  -0.001301  -0.009287  0.000088
48  0.023230  -0.011497  0.000672
49  0.011535  0.002913  0.000142
50  0.010305  0.007465  0.000162
51  0.029944  -0.017397  0.001199
52  0.005287  -0.023521  0.000581
53  -0.016762  -0.016497  0.000553
54  -0.000488  0.004438  0.000020
55  -0.017021  -0.022103  0.000778
56  -0.011220  -0.001923  0.000130
57  -0.001534  -0.004746  0.000025
58  -0.023495  -0.023456  0.001102
59  -0.005968  -0.009553  0.000127
60  0.004389  0.002113  0.000024
61  -0.024698  0.003087  0.000620
62  -0.026145  -0.006746  0.000729
63  0.000385  -0.020121  0.000405
64  -0.019370  -0.007327  0.000429
65  -0.015642  -0.016236  0.000508
66  0.000214  -0.014618  0.000214
67  0.007212  0.009227  0.000137
68  -0.001975  -0.023732  0.000567
69  -0.013151  -0.016444  0.000443
70  -0.034376  0.019239  0.001552
71  -0.005374  -0.023372  0.000575
72  -0.006111  -0.003060  0.000047
73  0.004953  -0.030864  0.000977
74  -0.012911  0.001426  0.000169
75  -0.014514  -0.021665  0.000680
76  -0.028103  -0.002332  0.000795
77  0.005617  0.002058  0.000036
78  -0.017552  0.003700  0.000322
79  0.007345  0.011526  0.000187
80  0.007731  -0.004640  0.000081
81  -0.000116  0.002767  0.000008
82  -0.029561  0.001619  0.000876
83  0.011906  -0.001190  0.000143
84  0.003975  0.007606  0.000074
85  0.003271  -0.017938  0.000332
86  -0.033064  -0.022045  0.001579
87  0.010650  -0.003235  0.000124
88  -0.012678  0.011200  0.000286
89  -0.001405  -0.036872  0.001362
90  -0.007434  -0.012181  0.000204
91  -0.019767  -0.037063  0.001764
92  -0.019155  -0.012113  0.000514
93  -0.018968  -0.000390  0.000360
94  0.007640  0.009652  0.000152
95  -0.029828  -0.031449  0.001879
96  0.009195  0.013819  0.000276
97  0.002928  -0.002436  0.000015
98  -0.006328  0.028035  0.000826
99  -0.019424  0.003956  0.000393
100  -0.003857  -0.016349  0.000282
101  -0.009376  0.001283  0.000090
102  -0.038531  0.005058  0.001510
103  0.007900  -0.040983  0.001742
104  -0.027476  0.014603  0.000968
105  -0.006649  0.003353  0.000055
106  -0.001455  -0.012397  0.000156
107  -0.006478  0.010450  0.000151
108  0.019093  0.003650  0.000378
109  -0.004494  -0.007211  0.000072
110  -0.005115  -0.011564  0.000160
111  -0.025671  0.022819  0.001180
112  -0.028207  0.010751  0.000911
113  -0.029010  -0.001905  0.000845
114  0.000134  0.008970  0.000080
115  0.012083  -0.029556  0.001020
116  0.006534  -0.012556  0.000200
117  -0.013330  -0.010695  0.000292
118  -0.003975  0.012760  0.000179
119  -0.007687  0.012997  0.000228
120  0.024138  0.003083  0.000592
121  0.024846  -0.017608  0.000927
122  0.004540  -0.004482  0.000041
123  -0.003696  -0.020784  0.000446
124  0.012154  -0.002444  0.000154
125  -0.003390  0.006285  0.000051
126  -0.000323  -0.004359  0.000019
127  0.002968  -0.025187  0.000643
128  0.001457  0.016894  0.000288
129  -0.016932  -0.000180  0.000287
130  -0.012219  0.020767  0.000581
131  0.004413  -0.005390  0.000049
132  -0.004874  -0.011043  0.000146
133  -0.028319  -0.010877  0.000920
134  -0.002933  -0.008938  0.000088
135  0.000618  0.003323  0.000011
136  -0.003286  -0.021782  0.000485
137  -0.000714  0.006927  0.000048
138  -0.009990  -0.005260  0.000127
139  -0.015466  -0.001518  0.000242
140  -0.015058  -0.016221  0.000490
141  0.016947  0.003295  0.000298
142  -0.026773  0.014273  0.000921
143  0.018126  -0.019823  0.000722
144  -0.030226  -0.013123  0.001086
145  -0.028402  -0.001121  0.000808
146  -0.008866  -0.001984  0.000083
147  -0.019134  -0.001990  0.000370
148  -0.008971  -0.000528  0.000081
149  0.011071  0.000794  0.000123
150  -0.014045  -0.037671  0.001616
151  -0.006057  -0.010727  0.000152
152  -0.008007  -0.013873  0.000257
153  -0.013042  -0.031823  0.001183
154  0.009760  -0.037143  0.001475
155  -0.008222  -0.009673  0.000161
156  -0.002495  0.013991  0.000202
157  -0.026161  -0.037548  0.002094
158  0.007657  -0.015873  0.000311
159  -0.012812  -0.014046  0.000361
160  0.002731  0.020170  0.000414
161  0.000588  -0.005964  0.000036
162  -0.006681  0.015808  0.000295
163  -0.009594  -0.003903  0.000107
164  -0.024670  0.002586  0.000615
165  -0.013623  -0.001283  0.000187
166  0.002569  -0.004543  0.000027
167  -0.012612  -0.011403  0.000289
168  0.005095  -0.014199  0.000228
169  -0.031180  -0.006100  0.001009
170  0.009754  -0.004581  0.000116
171  -0.021379  -0.026036  0.001135
172  -0.019093  0.004209  0.000382
173  0.029189  0.012512  0.001009
174  0.008673  -0.020545  0.000497
175  0.029465  0.012074  0.001014
176  -0.024257  -0.002231  0.000593
177  -0.018890  -0.023058  0.000889
178  0.009854  -0.000251  0.000097
179  -0.006065  -0.009750  0.000132
180  0.004674  -0.013862  0.000214
181  -0.021408  -0.000833  0.000459
182  -0.032259  -0.014695  0.001257
183  0.017633  -0.016296  0.000577
184  -0.024782  -0.019711  0.001003
185  0.000085  0.003814  0.000015
186  0.007997  -0.008538  0.000137
187  -0.016869  -0.004413  0.000304
188  -0.013490  -0.003103  0.000192
189  -0.017610  -0.004662  0.000332
190  0.002072  -0.027328  0.000751
191  -0.002191  -0.008284  0.000073
192  -0.028519  0.000909  0.000814
193  -0.004876  0.035132  0.001258
194  0.002594  0.023572  0.000562
195  0.018744  -0.011609  0.000486
196  0.008811  0.002313  0.000083
197  -0.003952  -0.011873  0.000157
198  -0.008871  0.007153  0.000130
199  -0.008589  0.008846  0.000152
200  -0.004183  -0.025087  0.000647
201  -0.011633  0.010234  0.000240
202  -0.041067  -0.004922  0.001711
203  -0.023292  0.001611  0.000545
204  -0.010926  -0.018871  0.000475
205  -0.025886  -0.005374  0.000699
206  -0.006937  0.006074  0.000085
207  -0.028545  0.038436  0.002292
208  -0.001563  -0.001166  0.000004
209  -0.007880  -0.015581  0.000305
210  -0.027609  -0.014921  0.000985
211  -0.026097  -0.038631  0.002173
212  -0.029840  -0.013230  0.001065
213  -0.001040  0.011749  0.000139
214  -0.000039  -0.008629  0.000074
215  0.004523  -0.030350  0.000942
216  -0.012374  0.001301  0.000155
217  -0.001884  -0.003130  0.000013
218  0.000137  0.028041  0.000786
219  -0.007110  -0.031673  0.001054
220  -0.003091  -0.044151  0.001959
221  0.002741  0.008961  0.000088
222  -0.018852  0.002776  0.000363
223  -0.006854  -0.004656  0.000069
224  -0.009894  -0.013685  0.000285
225  -0.023484  0.007400  0.000606
226  -0.027586  0.004119  0.000778
227  0.015543  -0.026808  0.000960
228  -0.003901  -0.003659  0.000029
229  -0.013096  0.019451  0.000550
230  -0.016206  0.001993  0.000267
231  0.004204  -0.017086  0.000310
232  -0.005903  -0.008673  0.000110
233  0.004988  0.010468  0.000134
234  -0.011687  -0.031219  0.001111
235  -0.018668  0.007701  0.000408
236  -0.015033  -0.006815  0.000272
237  -0.007394  0.006376  0.000095
238  -0.013481  0.005075  0.000207
239  -0.011814  0.000960  0.000140
240  -0.029935  -0.003058  0.000905
241  -0.000915  -0.019655  0.000387
242  0.021867  -0.006669  0.000523
243  0.029847  -0.002226  0.000896
244  -0.012547  -0.008344  0.000227
245  -0.023427  -0.001046  0.000550
246  -0.016423  -0.030516  0.001201
247  0.010447  -0.004102  0.000126
248  0.009447  0.008608  0.000163
249  -0.001838  0.002187  0.000008
250  -0.015534  -0.009847  0.000338
251  -0.035561  -0.013578  0.001449
252  -0.000808  0.008076  0.000066
253  0.002756  0.006815  0.000054
254  0.000108  0.016104  0.000259
255  0.007937  0.007394  0.000118
256  -0.002875  -0.001331  0.000010
257  -0.020281  0.015721  0.000658
258  -0.028056  -0.010968  0.000907
259  -0.007447  0.001532  0.000058
260  0.006680  -0.017046  0.000335
261  -0.015995  0.006726  0.000301
262  -0.029126  0.003636  0.000862
263  -0.006444  -0.014632  0.000256
264  -0.007121  0.018089  0.000378
265  -0.009944  -0.009426  0.000188
266  -0.004997  -0.017958  0.000347
267  -0.018767  0.000419  0.000352
268  -0.021925  0.004453  0.000501
269  -0.011054  0.000754  0.000123
270  -0.009585  0.002381  0.000098
271  -0.005980  0.001117  0.000037
272  0.002672  -0.024622  0.000613
273  -0.017959  -0.023428  0.000871
274  -0.004637  0.008882  0.000100
275  -0.003776  -0.012120  0.000161
276  0.011644  -0.008244  0.000204
277  -0.025759  -0.031333  0.001645
278  -0.012156  -0.020035  0.000549
279  0.022292  -0.022139  0.000987
280  -0.016957  0.005192  0.000314
281  -0.012864  0.005362  0.000194
282  0.002360  -0.002804  0.000013
283  0.009313  -0.012154  0.000234
284  0.002368  -0.001276  0.000007
285  0.005111  0.006728  0.000071
286  0.002745  -0.012958  0.000175
287  -0.041083  0.015616  0.001932
288  0.000966  -0.013357  0.000179
289  -0.002107  -0.009079  0.000087
290  0.001975  0.020354  0.000418
291  0.026297  0.008955  0.000772
292  0.008003  -0.010507  0.000174
293  0.005314  0.012650  0.000188
294  -0.007037  -0.000765  0.000050
295  0.025217  0.011238  0.000762
296  0.006203  -0.021726  0.000511
297  0.020865  -0.019391  0.000811
298  -0.006357  0.030139  0.000949
299  -0.013624  0.011964  0.000329
300  -0.001676  -0.024013  0.000579
301  -0.017920  -0.012112  0.000468
302  -0.011545  -0.016552  0.000407
303  -0.012539  -0.012304  0.000309
304  0.013576  0.010663  0.000298
305  0.002428  0.002740  0.000013
306  0.003664  -0.021391  0.000471
307  0.010096  -0.030205  0.001014
308  0.009927  -0.025301  0.000739
309  -0.002551  0.009303  0.000093
310  -0.005535  0.003277  0.000041
311  0.002010  -0.003999  0.000020
312  0.004877  0.003764  0.000038
313  -0.021432  0.026737  0.001174
314  -0.004949  -0.008762  0.000101
315  0.012756  -0.008676  0.000238
316  -0.010036  0.008073  0.000166
317  -0.013288  -0.000799  0.000177
318  -0.009950  0.013640  0.000285
319  -0.020996  0.002115  0.000445
320  0.012569  0.017619  0.000468
321  -0.005451  -0.006374  0.000070
322  -0.024341  0.009074  0.000675
323  0.026836  -0.002376  0.000726
324  -0.006212  0.007348  0.000093
325  -0.010883  0.005558  0.000149
326  -0.006098  -0.017647  0.000349
327  -0.006003  0.008006  0.000100
328  -0.021129  -0.004476  0.000466
329  -0.009322  -0.010433  0.000196
330  -0.026132  0.000424  0.000683
331  -0.006313  -0.017102  0.000332
332  -0.006769  0.005896  0.000081
333  0.000370  -0.027480  0.000755
334  -0.009440  -0.010545  0.000200
335  0.002863  0.004362  0.000027
336  -0.016203  0.012547  0.000420
337  -0.030227  0.034423  0.002099
338  -0.014087  0.007208  0.000250
339  -0.018796  0.012568  0.000511
340  -0.001515  -0.002127  0.000007
341  0.015864  0.010481  0.000362
342  -0.017570  0.014510  0.000519
343  -0.013797  0.003169  0.000200
344  0.006420  0.017772  0.000357
345  0.014568  -0.018273  0.000546
346  -0.023475  -0.011257  0.000678
347  -0.024475  0.006051  0.000636
348  0.002621  -0.013968  0.000202
349  -0.025018  0.014786  0.000845
350  0.002786  -0.001803  0.000011
351  -0.005322  0.032820  0.001105
352  0.005906  0.014830  0.000255
353  -0.006637  -0.011739  0.000182
354  -0.004995  -0.009650  0.000118
355  -0.011768  -0.003838  0.000153
356  0.001740  0.002261  0.000008
357  -0.007128  -0.009276  0.000137
358  -0.003095  0.004693  0.000032
359  0.004976  -0.003055  0.000034
360  -0.009157  0.002272  0.000089
361  -0.005420  -0.009717  0.000124
362  -0.030411  0.011299  0.001052
363  -0.005624  0.013587  0.000216
364  0.001239  0.006042  0.000038
365  0.014289  -0.012839  0.000369
366  -0.003726  0.000217  0.000014
367  0.000575  -0.002408  0.000006
368  -0.003487  0.012391  0.000166
369  0.004160  -0.041529  0.001742
370  -0.001605  -0.009260  0.000088
371  0.006413  -0.017297  0.000340
372  -0.030216  0.001585  0.000916
373  -0.005235  -0.002089  0.000032
374  -0.041509  -0.017145  0.002017
375  0.007858  -0.010450  0.000171
376  -0.036072  0.023774  0.001866
377  0.027543  -0.006573  0.000802
378  0.002623  -0.007085  0.000057
379  -0.004675  0.028899  0.000857
380  0.000232  -0.019125  0.000366
381  -0.002358  0.010415  0.000114
382  0.003164  -0.014487  0.000220
383  0.014850  -0.000910  0.000221
384  0.010174  0.001151  0.000105
385  0.003229  -0.000383  0.000011
386  -0.005657  -0.007736  0.000092
387  -0.012610  0.014555  0.000371
388  0.000614  -0.037756  0.001426
389  -0.015463  0.004131  0.000256
390  0.016897  0.013635  0.000471
391  -0.017724  -0.017000  0.000603
392  -0.006145  -0.002805  0.000046
393  -0.001374  0.017232  0.000299
394  -0.009176  -0.022014  0.000569
395  0.020476  0.005723  0.000452
396  -0.015208  -0.000048  0.000231
397  -0.040625  0.001579  0.001653
398  -0.006940  -0.000373  0.000048
399  0.010209  0.024818  0.000720
400  -0.015502  0.012834  0.000405
401  0.000694  -0.011425  0.000131
402  0.023992  -0.020493  0.000996
403  -0.001407  -0.001597  0.000005
404  0.004166  -0.012249  0.000167
405  0.006554  0.001942  0.000047
406  -0.007265  -0.007794  0.000114
407  0.018132  0.004844  0.000352
408  0.012888  0.003429  0.000178
409  -0.007876  -0.011397  0.000192
410  -0.011879  -0.007358  0.000195
411  -0.011177  -0.005180  0.000152
412  -0.000402  -0.013495  0.000182
413  -0.001910  0.019063  0.000367
414  0.004460  0.029531  0.000892
415  -0.003698  0.033387  0.001128
416  -0.013491  -0.005318  0.000210
417  0.000595  0.004920  0.000025
418  -0.000630  0.002426  0.000006
419  -0.006957  -0.000244  0.000048
420  0.017318  -0.008316  0.000369
421  0.026013  -0.019734  0.001066
422  -0.043449  -0.015983  0.002143
423  -0.001795  0.020991  0.000444
424  -0.008205  -0.024176  0.000652
425  -0.004563  -0.020254  0.000431
426  -0.001545  0.015489  0.000242
427  -0.006674  0.006927  0.000093
428  -0.030407  -0.002494  0.000931
429  -0.007317  -0.005031  0.000079
430  -0.000441  -0.014146  0.000200
431  0.006125  0.012044  0.000183
432  -0.021394  -0.024481  0.001057
433  -0.027927  0.006440  0.000821
434  0.000870  0.025190  0.000635
435  0.000144  -0.021608  0.000467
436  -0.001498  0.001041  0.000003
437  -0.015531  -0.014625  0.000455
438  -0.002811  -0.007665  0.000067
439  -0.019498  -0.012662  0.000541
440  -0.001080  0.005304  0.000029
441  -0.022079  0.011214  0.000613
442  -0.001446  -0.005907  0.000037
443  -0.002555  0.011093  0.000130
444  0.012496  0.012912  0.000323
445  0.003006  -0.001330  0.000011
446  0.013080  -0.006372  0.000212
447  -0.014550  -0.010326  0.000318
448  -0.003949  -0.006065  0.000052
449  -0.013720  0.019754  0.000578
450  -0.010592  -0.002489  0.000118
451  -0.025542  -0.014196  0.000854
452  -0.013110  0.017283  0.000471
453  -0.047287  -0.017540  0.002544
454  -0.006272  0.014173  0.000240
455  0.019888  0.003158  0.000405
456  -0.014084  0.011832  0.000338
457  -0.024660  -0.001387  0.000610
458  0.014380  -0.040415  0.001840
459  0.009164  -0.013517  0.000267
460  0.009578  0.021191  0.000541
461  -0.005390  0.009848  0.000126
462  0.023508  0.026166  0.001237
463  0.006684  0.010513  0.000155
464  -0.022656  -0.006847  0.000560
465  0.002578  -0.008495  0.000079
466  -0.002979  0.004865  0.000033
467  -0.023648  0.008221  0.000627
468  0.008820  -0.029132  0.000926
469  0.002128  -0.030955  0.000963
470  -0.007105  0.016795  0.000333
471  0.001064  -0.026729  0.000716
472  -0.026984  -0.012859  0.000893
473  -0.004891  0.007225  0.000076
474  -0.021236  0.005246  0.000478
475  -0.024223  -0.028379  0.001392
476  -0.022215  0.028477  0.001304
477  0.001668  -0.011848  0.000143
478  -0.012124  0.008295  0.000216
479  -0.019702  -0.026658  0.001099
480  -0.008466  -0.016572  0.000346
481  0.000700  -0.014006  0.000197
482  0.003279  -0.014727  0.000228
483  -0.013092  0.010377  0.000279
484  -0.002175  -0.011923  0.000147
485  -0.025493  -0.016545  0.000924
486  -0.017180  -0.016289  0.000560
487  -0.011702  -0.004860  0.000161
488  -0.030596  -0.019484  0.001316
489  0.009819  0.021232  0.000547
490  0.010144  -0.002763  0.000111
491  -0.010991  0.002737  0.000128
492  -0.015203  0.021575  0.000697
493  0.017148  0.005247  0.000322
494  -0.019493  -0.026513  0.001083
495  -0.017414  -0.016909  0.000589
496  -0.008854  -0.004121  0.000095
497  -0.013126  -0.002518  0.000179
498  -0.025415  0.007197  0.000698
499  0.038575  -0.018829  0.001843
500  -0.017019  -0.017668  0.000602
501  0.005841  0.021892  0.000513
502  0.026573  -0.017047  0.000997
503  -0.003048  -0.022759  0.000527
504  -0.011632  0.003938  0.000151
505  -0.014222  -0.016604  0.000478
506  -0.000175  -0.001084  0.000001
507  0.019620  0.001581  0.000387
508  -0.017851  0.023488  0.000870
509  -0.004910  0.020355  0.000438
510  -0.001564  -0.007253  0.000055
511  0.014747  0.026825  0.000937
512  -0.009868  -0.001711  0.000100
513  -0.029602  0.004525  0.000897
514  -0.024805  0.001087  0.000616
515  -0.057693  0.007626  0.003387
516  -0.022944  -0.014701  0.000743
517  -0.023765  0.015460  0.000804
518  0.029193  0.004635  0.000874
519  -0.015600  0.021778  0.000718
520  -0.009836  0.005529  0.000127
521  -0.009768  0.001699  0.000098
522  0.001473  0.013428  0.000182
523  -0.001731  0.019745  0.000393
524  -0.019466  0.033412  0.001495
525  -0.004174  -0.037085  0.001393
526  -0.019663  0.013358  0.000565
527  0.008020  0.021458  0.000525
528  -0.007294  0.008952  0.000133
529  -0.031905  -0.003112  0.001028
530  -0.016602  0.012296  0.000427
531  -0.032141  -0.019052  0.001396
532  -0.006129  0.000499  0.000038
533  0.015253  0.014767  0.000451
534  0.001394  -0.018578  0.000347
535  -0.011848  -0.007243  0.000193
536  -0.009111  0.025108  0.000713
537  0.006584  0.018860  0.000399
538  -0.002948  0.014088  0.000207
539  -0.002828  -0.005675  0.000040
540  0.022900  0.013254  0.000700
541  0.003280  -0.013487  0.000193
542  -0.011709  -0.008563  0.000210
543  -0.002233  0.012760  0.000168
544  -0.017212  -0.012998  0.000465
545  -0.025510  -0.038236  0.002113
546  -0.020114  -0.003563  0.000417
547  -0.002578  -0.005257  0.000034
548  0.027367  0.018960  0.001108
549  0.018905  -0.001426  0.000359
550  -0.004158  -0.022318  0.000515
551  -0.008697  -0.016511  0.000348
552  0.012138  -0.028665  0.000969
553  0.008355  -0.000334  0.000070
554  -0.016626  0.003639  0.000290
555  0.005385  0.032849  0.001108
556  0.008659  -0.008660  0.000150
557  0.014095  -0.013720  0.000387
558  -0.016329  0.021605  0.000733
559  -0.001306  0.002914  0.000010
560  -0.023821  -0.015732  0.000815
561  -0.005864  -0.001930  0.000038
562  -0.012070  -0.020746  0.000576
563  -0.021777  -0.001068  0.000475
564  0.001768  0.007662  0.000062
565  -0.003154  0.015704  0.000257
566  -0.002733  -0.005811  0.000041
567  0.004893  0.018963  0.000384
568  -0.018924  -0.005949  0.000394
569  -0.027008  0.028369  0.001534
570  -0.029865  -0.003949  0.000907
571  -0.025533  0.000161  0.000652
572  0.019921  0.035008  0.001622
573  -0.019922  -0.004190  0.000414
574  -0.017353  -0.031506  0.001294
575  -0.006706  -0.009098  0.000128
576  0.007604  -0.017047  0.000348
577  0.014946  -0.023141  0.000759
578  -0.007369  -0.022861  0.000577
579  0.006255  0.022879  0.000563
580  0.006681  -0.016072  0.000303
581  -0.011225  0.001566  0.000128
582  0.013108  0.009060  0.000254
583  0.007154  -0.017211  0.000347
584  -0.010722  0.006419  0.000156
585  -0.007486  -0.015970  0.000311
586  0.006158  0.020858  0.000473
587  -0.002032  0.008486  0.000076
588  -0.003345  0.015827  0.000262
589  0.015641  -0.004678  0.000267
590  0.015696  -0.000950  0.000247
591  -0.017365  -0.002209  0.000306
592  0.002568  0.006828  0.000053
593  -0.011589  -0.010526  0.000245
594  -0.015858  -0.003842  0.000266
595  0.012511  -0.014826  0.000376
596  0.004627  -0.000540  0.000022
597  -0.019055  -0.027033  0.001094
598  -0.011547  0.030755  0.001079
599  -0.026245  0.001293  0.000690
600  -0.008639  -0.005115  0.000101
601  0.013484  0.015362  0.000418
602  -0.000505  0.003061  0.000010
603  -0.039926  -0.000679  0.001595
604  0.010583  -0.013204  0.000286
605  -0.024243  -0.014692  0.000804
606  -0.013244  0.028459  0.000985
607  -0.014145  0.024192  0.000785
608  0.006728  0.008163  0.000112
609  -0.032246  0.019621  0.001425
610  -0.021500  0.017867  0.000781
611  -0.004211  0.027957  0.000799
612  0.019575  -0.014962  0.000607
613  -0.017048  -0.006821  0.000337
614  0.010833  0.010213  0.000222
615  0.005968  0.005670  0.000068
616  -0.030357  0.003275  0.000932
617  -0.008671  -0.010360  0.000183
618  -0.006755  0.006295  0.000085
619  -0.020493  -0.016522  0.000693
620  -0.016215  0.004799  0.000286
621  -0.014501  -0.015656  0.000455
622  0.001993  -0.006386  0.000045
623  0.009970  -0.019483  0.000479
624  -0.013052  0.027624  0.000933
625  -0.006290  -0.002169  0.000044
626  0.001664  -0.017655  0.000314
627  -0.002116  0.017020  0.000294
628  -0.008187  0.014993  0.000292
629  -0.002533  0.001222  0.000008
630  -0.043975  0.001280  0.001935
631  -0.006902  -0.000356  0.000048
632  -0.017543  -0.009631  0.000401
633  0.009174  0.000619  0.000085
634  -0.012123  -0.008163  0.000214
635  -0.013949  -0.016376  0.000463
636  -0.027836  -0.015877  0.001027
637  -0.038342  -0.007628  0.001528
638  -0.005472  -0.013324  0.000207
639  -0.005352  0.001872  0.000032
640  -0.002639  0.003835  0.000022
641  -0.013344  -0.002754  0.000186
642  0.004639  0.001838  0.000025
643  -0.023832  0.039033  0.002092
644  0.018021  0.020943  0.000763
645  -0.008410  -0.024485  0.000670
646  -0.011132  -0.002259  0.000129
647  -0.038813  0.018257  0.001840
648  -0.004564  0.009960  0.000120
649  -0.007654  -0.003554  0.000071
650  -0.016150  0.001504  0.000263
651  0.022711  0.004213  0.000534
652  -0.007919  -0.003913  0.000078
653  -0.022233  0.010864  0.000612
654  0.011510  0.005354  0.000161
655  -0.019943  0.025017  0.001024
656  -0.006004  -0.007583  0.000094
657  0.021996  -0.009814  0.000580
658  -0.008132  -0.015773  0.000315
659  -0.022808  -0.013082  0.000691
660  -0.004425  -0.007546  0.000077
661  -0.011348  0.000771  0.000129
662  -0.004737  0.000373  0.000023
663  -0.009651  -0.023918  0.000665
664  -0.016857  0.010763  0.000400
665  -0.013534  0.029083  0.001029
666  -0.001526  -0.006362  0.000043
667  -0.030121  -0.005965  0.000943
668  0.002886  0.003417  0.000020
669  0.006333  0.000985  0.000041
670  -0.021709  -0.001758  0.000474
671  -0.004989  -0.004472  0.000045
672  0.008907  0.004055  0.000096
673  -0.003517  -0.006989  0.000061
674  0.005701  0.029157  0.000883
675  0.005907  0.000902  0.000036
676  -0.028343  0.011173  0.000928
677  -0.020729  -0.010640  0.000543
678  -0.000660  -0.011808  0.000140
679  0.002694  -0.015221  0.000239
680  -0.018507  -0.004139  0.000360
681  -0.002925  0.029222  0.000862
682  -0.029708  0.017055  0.001173
683  -0.004994  -0.009334  0.000112
684  -0.032947  -0.028957  0.001924
685  0.012404  -0.016921  0.000440
686  0.006422  -0.001809  0.000045
687  -0.039606  0.019393  0.001945
688  -0.010032  0.009640  0.000194
689  -0.025895  -0.002451  0.000677
690  0.007825  -0.013612  0.000247
691  -0.024078  -0.009236  0.000665
692  -0.035224  -0.002538  0.001247
693  -0.008166  0.003123  0.000076
694  -0.033877  -0.005407  0.001177
695  0.001947  0.014943  0.000227
696  -0.036217  -0.026251  0.002001
697  -0.007418  0.022707  0.000571
698  -0.013144  0.004331  0.000192
699  -0.012144  0.009201  0.000232
700  0.026386  -0.000315  0.000696
701  -0.033757  0.041569  0.002867
702  -0.011568  -0.007512  0.000190
703  -0.009223  -0.016132  0.000345
704  -0.008784  -0.012682  0.000238
705  -0.005546  0.016097  0.000290
706  0.015040  0.008864  0.000305
707  -0.020417  -0.008578  0.000490
708  -0.015006  -0.035559  0.001490
709  -0.002826  -0.011018  0.000129
710  -0.018067  -0.008412  0.000397
711  0.010656  0.002494  0.000120
712  0.014540  -0.005510  0.000242
713  -0.041361  0.041863  0.003463
714  -0.030216  -0.029635  0.001791
715  -0.004345  0.016873  0.000304
716  0.003750  0.016797  0.000296
717  -0.002188  0.013600  0.000190
718  -0.009628  -0.002646  0.000100
719  -0.002821  0.028117  0.000799
720  -0.017688  0.004355  0.000332
721  0.019257  0.013555  0.000555
722  0.013279  0.003219  0.000187
723  0.005437  0.028677  0.000852
724  0.011847  0.029906  0.001035
725  -0.015057  0.004281  0.000245
726  0.020149  -0.029539  0.001279
727  -0.024003  -0.002620  0.000583
728  0.000676  -0.006033  0.000037
729  -0.016802  -0.000881  0.000283
730  0.040054  -0.009467  0.001694
731  -0.029037  0.016242  0.001107
732  0.014403  0.025413  0.000853
733  0.029560  0.018383  0.001212
734  -0.012620  0.009615  0.000252
735  -0.010341  0.030445  0.001034
736  0.007324  -0.017056  0.000345
737  -0.020527  -0.022722  0.000938
738  -0.009565  -0.005087  0.000117
739  -0.003305  0.006437  0.000052
740  -0.041529  0.010202  0.001829
741  0.006446  -0.010051  0.000143
742  -0.013509  -0.034330  0.001361
743  0.015631  -0.004083  0.000261
744  -0.007207  0.009006  0.000133
745  0.008676  -0.008735  0.000152
746  -0.005677  0.013610  0.000217
747  -0.010026  0.013178  0.000274
748  0.010446  -0.007246  0.000162
749  0.021720  0.001826  0.000475
750  -0.026793  0.006159  0.000756
751  -0.006794  -0.001817  0.000049
752  0.024913  0.001824  0.000624
753  -0.017120  -0.002227  0.000298
754  0.005618  0.008330  0.000101
755  0.007692  0.031809  0.001071
756  -0.008472  -0.013429  0.000252
757  -0.020800  0.023432  0.000982
758  -0.021624  -0.009378  0.000556
759  -0.034920  -0.017197  0.001515
760  0.038376  0.058412  0.004885
761  -0.023076  -0.000913  0.000533
762  -0.020701  -0.008353  0.000498
763  -0.026859  0.013968  0.000917
764  -0.006198  0.011243  0.000165
765  0.005201  -0.002897  0.000035
766  -0.004300  0.032767  0.001092
767  -0.012631  0.027781  0.000931
768  0.002833  -0.014895  0.000230
769  0.000940  -0.000151  0.000001
770  -0.027292  0.013118  0.000917
771  -0.009471  0.024282  0.000679
772  -0.000720  0.018675  0.000349
773  -0.016985  0.036873  0.001648
774  -0.056191  0.005269  0.003185
775  -0.012510  0.010327  0.000263
776  0.004643  0.032769  0.001095
777  -0.052582  -0.029376  0.003628
778  0.006323  0.013480  0.000222
779  -0.003876  -0.001886  0.000019
780  -0.014962  0.005619  0.000255
781  -0.001760  -0.019337  0.000377
782  0.009085  0.009356  0.000170
783  0.006273  0.018953  0.000399
784  -0.010122  -0.005848  0.000137
785  0.004340  -0.005130  0.000045
786  -0.007032  0.030237  0.000964
787  -0.022276  -0.052476  0.003250
788  -0.016170  0.039036  0.001785
789  -0.023448  0.003842  0.000565
790  -0.002242  -0.018762  0.000357
791  -0.035118  0.004533  0.001254
792  -0.011931  0.023143  0.000678
793  0.012912  0.010180  0.000270
794  -0.027507  -0.006097  0.000794
795  -0.029399  -0.023035  0.001395
796  -0.031051  0.014553  0.001176
797  -0.006152  -0.008634  0.000112
798  -0.031823  -0.010784  0.001129
799  0.010250  0.030675  0.001046
800  0.006443  0.014446  0.000250
801  -0.025473  0.017749  0.000964
802  -0.012504  -0.006084  0.000193
803  0.002437  0.004582  0.000027
804  -0.014016  -0.000967  0.000197
805  -0.005395  -0.001043  0.000030
806  -0.049670  0.013099  0.002639
807  -0.008820  0.010831  0.000195
808  -0.019447  0.062756  0.004316
809  -0.014473  0.030301  0.001128
810  -0.014110  -0.032250  0.001239
811  -0.007146  0.003450  0.000063
812  -0.010750  0.008422  0.000187
813  0.002739  -0.024174  0.000592
814  0.003427  -0.019688  0.000399
815  0.009065  0.016248  0.000346
816  0.002559  0.001286  0.000008
817  0.012629  0.015722  0.000407
818  0.013162  0.004779  0.000196
819  -0.014584  0.019762  0.000603
820  -0.013272  0.023502  0.000728
821  -0.007375  0.011860  0.000195
822  -0.034960  0.008878  0.001301
823  -0.015616  0.009735  0.000339
824  -0.028941  -0.018690  0.001187
825  0.009799  0.009741  0.000191
826  -0.032743  -0.006206  0.001111
827  -0.042716  0.003686  0.001838
828  0.021162  -0.019304  0.000820
829  0.032769  0.016138  0.001334
830  0.024469  -0.021160  0.001046
831  -0.001728  -0.034770  0.001212
832  0.032144  0.006395  0.001074
833  -0.024089  -0.020412  0.000997
834  -0.018640  -0.025674  0.001007
835  -0.030280  0.030761  0.001863
836  0.027353  0.004248  0.000766
837  -0.044776  0.004295  0.002023
838  0.022656  -0.019448  0.000892
839  0.030434  0.013530  0.001109
840  -0.024133  0.018459  0.000923
841  -0.002341  -0.007836  0.000067
842  -0.008174  0.003385  0.000078
843  0.003034  0.025063  0.000637
844  -0.022389  0.030782  0.001449
845  0.008998  0.037818  0.001511
846  -0.006157  0.006450  0.000080
847  0.022297  -0.013985  0.000693
848  -0.025969  -0.028792  0.001503
849  -0.006332  -0.005616  0.000072
850  0.014947  0.001122  0.000225
851  -0.040651  -0.002954  0.001661
852  0.017766  -0.012182  0.000464
853  0.015527  0.013019  0.000411
854  -0.056803  0.038144  0.004682
855  0.004785  0.018901  0.000380
856  -0.018005  0.020594  0.000748
857  -0.006790  0.036349  0.001367
858  -0.021415  -0.034409  0.001643
859  -0.033079  -0.002517  0.001101
860  0.004484  0.004387  0.000039
861  -0.012065  0.013914  0.000339
862  -0.047166  0.008821  0.002302
863  0.018078  0.016175  0.000588
864  -0.009299  0.004138  0.000104
865  0.035953  0.008624  0.001367
866  -0.022165  0.017768  0.000807
867  -0.022001  0.048854  0.002871
868  -0.001500  -0.014495  0.000212
869  0.005484  -0.002771  0.000038
870  -0.030195  0.008592  0.000986
871  -0.032178  0.049008  0.003437
872  -0.033990  0.046825  0.003348
873  -0.018280  0.007807  0.000395
874  -0.026156  0.027046  0.001416
875  0.023312  0.006016  0.000580
876  -0.006278  0.006906  0.000087
877  0.013759  0.033863  0.001336
878  0.001883  0.014440  0.000212
879  0.012328  0.001755  0.000155
880  -0.014794  -0.008503  0.000291
881  -0.029518  0.015164  0.001101
882  0.012002  -0.000180  0.000144
883  -0.011066  0.040937  0.001798
884  0.017198  -0.035608  0.001564
885  -0.000958  0.000797  0.000002
886  0.015646  0.006951  0.000293
887  -0.018440  0.000627  0.000340
888  -0.010195  0.000581  0.000104
889  -0.015327  0.002727  0.000242
890  -0.028487  0.014329  0.001017
891  -0.021396  0.011190  0.000583
892  -0.040770  0.006551  0.001705
893  -0.012849  0.017592  0.000475
894  -0.035050  -0.021216  0.001679
895  -0.024501  0.003058  0.000610
896  -0.023891  0.050567  0.003128
897  0.016031  0.019809  0.000649
898  -0.009854  -0.027702  0.000865
899  -0.035176  0.018685  0.001586
900  -0.035455  0.028149  0.002049
901  -0.014499  0.006531  0.000253
902  0.025257  0.006142  0.000676
903  -0.042132  0.001697  0.001778
904  -0.020696  -0.001920  0.000432
905  -0.001092  0.026216  0.000688
906  -0.009547  -0.016102  0.000350
907  -0.000399  -0.013825  0.000191
908  -0.036200  0.036216  0.002622
909  -0.008031  0.043733  0.001977
910  0.034161  0.003983  0.001183
911  -0.050492  0.038521  0.004033
912  0.017674  0.000622  0.000313
913  -0.012156  0.012620  0.000307
914  -0.010045  0.007748  0.000161
915  -0.023291  -0.000208  0.000543
916  0.014753  -0.008354  0.000287
917  -0.010248  0.016954  0.000392
918  -0.014710  -0.027399  0.000967
919  0.047728  0.012108  0.002425
920  -0.003409  0.002935  0.000020
921  0.032618  0.015943  0.001318
922  -0.006930  0.009530  0.000139
923  -0.021052  -0.001407  0.000445
924  -0.019864  0.055989  0.003529
925  0.017896  -0.025362  0.000964
926  0.016626  -0.018177  0.000607
927  0.025431  0.007344  0.000701
928  -0.002532  0.002324  0.000012
929  -0.010449  -0.003696  0.000123
930  -0.052268  0.016088  0.002991
931  -0.021141  -0.015480  0.000687
932  0.004903  0.025419  0.000670
933  -0.028236  0.044682  0.002794
934  -0.037581  -0.000302  0.001412
935  0.020573  -0.006708  0.000468
936  0.025683  0.001982  0.000664
937  0.008035  -0.005431  0.000094
938  -0.035058  -0.014341  0.001435
939  -0.015139  -0.010586  0.000341
940  0.034056  0.012154  0.001308
941  -0.018371  -0.010658  0.000451
942  -0.016247  0.030984  0.001224
943  0.011087  0.014014  0.000319
944  0.013963  -0.007489  0.000251
945  -0.003766  -0.059914  0.003604
946  0.018068  0.036797  0.001680
947  -0.027661  0.007646  0.000824
948  0.031135  0.025165  0.001603
949  -0.002131  0.015245  0.000237
950  -0.010450  0.008140  0.000175
951  0.009564  0.018784  0.000444
952  0.002216  -0.015403  0.000242
953  -0.014106  -0.029072  0.001044
954  -0.021347  0.030978  0.001415
955  -0.002633  0.050786  0.002586
956  0.007373  -0.004804  0.000077
957  0.017892  0.019053  0.000683
958  -0.019603  -0.023960  0.000958
959  0.032297  0.011765  0.001181
960  0.025608  0.016015  0.000912
961  -0.012898  -0.004911  0.000190
962  -0.007687  -0.016579  0.000334
963  0.010370  0.035122  0.001341
964  -0.000328  0.015782  0.000249
965  -0.062231  0.011879  0.004014
966  0.054316  0.036380  0.004274
967  0.022302  -0.000777  0.000498
968  -0.009909  0.004568  0.000119
969  0.048899  0.028391  0.003197
970  -0.018850  0.005973  0.000391
971  -0.004498  0.069062  0.004790
972  0.006313  0.034618  0.001238
973  -0.033326  0.034094  0.002273
974  -0.026984  0.031905  0.001746
975  0.000954  0.008829  0.000079
976  0.039297  -0.017636  0.001855
977  0.000275  0.017727  0.000314
978  -0.020645  -0.014519  0.000637
979  0.016576  0.026010  0.000951
980  -0.013828  0.011610  0.000326
981  0.037379  0.003721  0.001411
982  -0.001181  0.030781  0.000949
983  -0.028652  0.009111  0.000904
984  -0.020267  0.044036  0.002350
985  -0.013764  -0.005510  0.000220
986  0.012816  0.001944  0.000168
987  0.025563  0.023512  0.001206
988  -0.049484  0.039641  0.004020
989  0.041528  0.000475  0.001725
990  -0.012605  -0.006514  0.000201
991  0.029461  -0.007964  0.000931
992  0.003257  0.060293  0.003646
993  -0.037839  0.036935  0.002796
994  0.001638  0.043103  0.001861
995  0.014663  0.000841  0.000216
996  -0.016043  0.034866  0.001473
997  0.011718  0.025701  0.000798
998  -0.015186  0.023030  0.000761
999  -0.059359  0.032865  0.004604
1000  0.038419  -0.024161  0.002060
1001  0.024772  -0.026434  0.001312
1002  0.007529  0.029184  0.000908
1003  0.033686  0.048213  0.003459
1004  0.004383  -0.000484  0.000019
1005  -0.018781  0.065266  0.004612
1006  -0.005881  0.019742  0.000424
1007  -0.028568  -0.001624  0.000819
1008  -0.057296  0.069293  0.008084
1009  -0.028472  0.020772  0.001242
1010  -0.013210  0.022481  0.000680
1011  -0.019596  0.004586  0.000405
1012  0.026001  0.048792  0.003057
1013  0.013693  -0.001307  0.000189
1014  -0.040776  0.002179  0.001667
1015  0.042964  0.046068  0.003968
1016  -0.034786  0.062076  0.005064
1017  -0.034374  0.019974  0.001581
1018  0.006949  0.030529  0.000980
1019  -0.029271  -0.015228  0.001089
1020  -0.000586  0.004516  0.000021
1021  0.009748  -0.033482  0.001216
1022  -0.007635  0.004958  0.000083
1023  -0.061980  0.032318  0.004886
1024  0.006758  0.004612  0.000067
1025  0.014110  0.033038  0.001291
1026  -0.060537  0.007029  0.003714
1027  0.019420  -0.027322  0.001124
1028  0.004742  -0.001180  0.000024
1029  0.016837  0.032447  0.001336
1030  0.032643  -0.002439  0.001072
1031  -0.049968  0.004104  0.002514
1032  0.037293  0.004674  0.001413
1033  -0.028757  -0.045323  0.002881
1034  0.055005  -0.003513  0.003038
1035  0.002680  0.067649  0.004584
1036  -0.020625  0.076225  0.006236
1037  -0.055564  -0.008015  0.003152
1038  -0.010037  0.013318  0.000278
1039  -0.019343  0.049448  0.002819
1040  0.027573  -0.016572  0.001035
1041  -0.058082  -0.040114  0.004983
1042  -0.027746  0.022085  0.001258
1043  -0.015830  0.023909  0.000822
1044  -0.061771  0.000397  0.003816
1045  -0.016107  -0.013643  0.000446
1046  0.037149  0.057628  0.004701
1047  0.030888  -0.009499  0.001044
1048  0.063374  0.041707  0.005756
1049  -0.042280  0.014047  0.001985
1050  0.007128  0.022943  0.000577
1051  0.036200  0.037119  0.002688
1052  -0.058279  -0.012909  0.003563
1053  -0.014584  0.012785  0.000376
1054  -0.012489  0.036393  0.001480
1055  0.002585  -0.020551  0.000429
1056  0.021760  -0.028821  0.001304
1057  0.020062  0.050521  0.002955
1058  0.057335  -0.041394  0.005001
1059  -0.019651  0.009338  0.000473
1060  -0.019656  -0.000643  0.000387
1061  -0.103311  0.066987  0.015160
1062  -0.070290  0.031756  0.005949
1063  0.000415  -0.020416  0.000417
1064  -0.032698  -0.007022  0.001118
1065  -0.001153  0.072541  0.005264
1066  -0.034913  -0.052416  0.003966
1067  -0.009970  0.045019  0.002126
1068  0.010212  -0.029819  0.000993
1069  -0.053382  0.028002  0.003634
1070  -0.018490  0.005750  0.000375
1071  0.008111  0.017009  0.000355
1072  -0.043363  -0.037638  0.003297
1073  -0.073652  -0.033702  0.006560
1074  -0.023530  0.025160  0.001187
1075  -0.075332  0.028931  0.006512
1076  -0.060154  0.037871  0.005053
1077  -0.006449  0.013630  0.000227
1078  0.075528  0.044470  0.007682
1079  -0.025865  -0.021985  0.001152
1080  -0.032338  -0.009084  0.001128
1081  0.028213  0.082272  0.007565
1082  0.089437  0.006822  0.008045
1083  0.012876  0.078550  0.006336
1084  -0.015097  0.054251  0.003171
1085  0.040291  0.062610  0.005543
1086  -0.084612  0.063497  0.011191
1087  0.008540  -0.008292  0.000142
1088  -0.071364  0.039604  0.006661
1089  -0.005946  -0.009647  0.000128
1090  -0.075054  -0.001560  0.005636
1091  0.064558  -0.069912  0.009055
1092  0.014077  0.056864  0.003432
1093  -0.023576  -0.012140  0.000703
1094  0.036281  0.021459  0.001777
1095  -0.008632  -0.023220  0.000614
1096  -0.067733  0.006747  0.004633
1097  -0.028866  0.041209  0.002531
1098  0.088503  0.056739  0.011052
1099  0.002519  -0.014703  0.000223
1100  0.094122  -0.026195  0.009545
1101  -0.069233  -0.048157  0.007112
1102  -0.026035  -0.025622  0.001334
1103  0.100905  0.079515  0.016504
1104  0.011749  -0.021337  0.000593
1105  0.064987  0.012922  0.004390
1106  -0.008176  0.073014  0.005398
1107  -0.036983  0.009673  0.001461
1108  0.033325  0.052976  0.003917
1109  -0.048167  0.026926  0.003045
1110  -0.048450  0.063858  0.006425
1111  -0.013858  -0.007718  0.000252
1112  -0.012410  -0.002815  0.000162
1113  -0.077819  0.044519  0.008038
1114  0.016290  0.012601  0.000424
1115  0.013950  -0.003268  0.000205
1116  0.002176  0.099620  0.009929
1117  0.014739  -0.031510  0.001210
1118  -0.002872  -0.014727  0.000225
1119  0.060785  0.078574  0.009869
1120  -0.022049  0.050407  0.003027
1121  -0.112321  -0.023020  0.013146
1122  0.107304  0.013014  0.011683
1123  -0.151179  -0.004855  0.022879
1124  -0.014764  0.072337  0.005451
1125  0.051679  0.095171  0.011728
1126  -0.013359  -0.023396  0.000726
1127  -0.022207  0.130331  0.017479
1128  0.069511  -0.077002  0.010761
1129  -0.005191  -0.004734  0.000049
1130  -0.006685  -0.050990  0.002645
1131  -0.008145  -0.001911  0.000070
1132  0.046238  0.085350  0.009423
1133  -0.001080  0.002763  0.000009
1134  0.147065  0.122732  0.036691
1135  0.024858  0.075573  0.006329
1136  0.069098  0.086663  0.012285
1137  0.004043  -0.009811  0.000113
1138  0.097274  -0.042578  0.011275
1139  0.036810  0.099227  0.011201
1140  -0.028487  0.085216  0.008073
1141  -0.072080  -0.013120  0.005368
1142  -0.125818  -0.006155  0.015868
1143  -0.069005  0.057935  0.008118
1144  -0.056252  -0.036851  0.004522
1145  -0.072638  -0.086348  0.012732
1146  0.070233  -0.023996  0.005509
1147  -0.043095  0.036462  0.003187
1148  0.077601  0.075061  0.011656
1149  0.003306  -0.019736  0.000400
1150  0.104717  -0.060417  0.014616
1151  0.183571  0.051385  0.036339
1152  -0.036829  0.100850  0.011527
1153  -0.045904  0.105357  0.013207
1154  -0.057378  -0.089496  0.011302
1155  0.022698  0.009483  0.000605
1156  -0.003792  -0.020043  0.000416
1157  0.130168  0.140343  0.036640
1158  -0.065265  -0.017128  0.004553
1159  0.035517  0.030578  0.002196
1160  -0.020483  -0.039365  0.001969
1161  0.082139  -0.066443  0.011162
1162  -0.025349  0.201982  0.041439
1163  -0.075428  0.017838  0.006008
1164  0.045210  0.077424  0.008038
1165  0.114807  -0.079727  0.019537
1166  0.005559  0.001792  0.000034
1167  -0.128200  0.036832  0.017792
1168  -0.133676  0.033095  0.018964
1169  -0.290494  0.114540  0.097506
1170  -0.018519  -0.026586  0.001050
1171  -0.118244  0.030839  0.014933
1172  -0.106906  0.016382  0.011697
1173  -0.249256  0.086294  0.069575
1174  -0.002698  -0.215089  0.046271
1175  0.112630  -0.120972  0.027320
1176  0.082309  -0.057733  0.010108
1177  -0.026659  0.028123  0.001502
1178  -0.020462  -0.215069  0.046673
1179  0.231103  -0.077567  0.059425
1180  0.037027  0.137585  0.020301
1181  0.082271  0.026099  0.007450
1182  -0.249545  0.053689  0.065155
1183  -0.024702  -0.031646  0.001612
1184  0.097204  0.193406  0.046855
1185  -0.101923  0.056004  0.013525
1186  -0.046575  0.016537  0.002443
1187  0.100317  0.117831  0.023948
1188  -0.256659  0.090234  0.074016
1189  0.129863  -0.001226  0.016866
1190  -0.070910  0.005494  0.005058
1191  -0.029588  0.267917  0.072655
1192  0.106681  0.119620  0.025690
1193  -0.018554  -0.020834  0.000778
1194  -0.195251  0.105588  0.049272
1195  0.089834  -0.174676  0.038582
1196  0.024341  0.034971  0.001815
1197  0.182168  -0.168272  0.061501
1198  0.237096  0.226155  0.107360
1199  -0.144512  0.057824  0.024227
1200  -0.070055  0.048425  0.007253
1201  -0.129302  -0.120542  0.031249
1202  0.185217  -0.215869  0.080905
1203  -0.029306  0.040694  0.002515
1204  -0.074179  -0.032329  0.006548
1205  0.015355  -0.011584  0.000370
1206  0.477410  0.208344  0.271327
1207  0.111994  0.189515  0.048459
1208  -0.086902  -0.020314  0.007965
1209  0.054440  0.270844  0.076320
1210  -0.210198  -0.151812  0.067230
1211  -0.120094  0.160482  0.040177
1212  0.085905  -0.248291  0.069028
1213  -0.032979  0.024787  0.001702
1214  -0.215270  -0.172649  0.076149
1215  -0.043950  0.052531  0.004691
1216  -0.170715  -0.022902  0.029668
1217  -0.131364  0.046977  0.019463
1218  0.033219  -0.242857  0.060083
1219  0.060437  0.053270  0.006490
1220  -0.093023  0.116890  0.022316
1221  0.299758  0.211438  0.134561
1222  0.119850  0.292225  0.099760
1223  0.163529  0.012695  0.026903
1224  0.357797  0.530562  0.409515
1225  -0.203526  0.001062  0.041424
1226  0.037073  -0.095436  0.010482
1227  -0.022545  -0.132410  0.018041
1228  0.156901  0.036102  0.025921
1229  0.050808  0.085985  0.009975
1230  0.078914  0.317204  0.106846
1231  0.280973  -0.262311  0.147753
1232  -0.073059  -0.226078  0.056449
1233  0.018505  0.068485  0.005033
1234  -0.100168  0.029620  0.010911
1235  -0.335031  -0.020392  0.112662
1236  -0.567224  0.203782  0.363270
1237  -0.541426  -0.476340  0.520042
1238  0.481842  -0.219408  0.280312
1239  -0.154346  -0.259715  0.091275
1240  0.181102  0.164307  0.059795
1241  -0.171660  -0.138227  0.048574
1242  -0.153112  -0.005211  0.023470
1243  0.525537  -0.266347  0.347130
1244  -0.006486  0.360249  0.129822
1245  -0.204405  -0.542196  0.335758
1246  0.119749  0.054584  0.017319
1247  0.294585  0.226274  0.137980
1248  0.072882  -0.069721  0.010173
1249  -0.340185  -0.388552  0.266699
1250  -0.113013  -0.272431  0.086990
1251  0.196748  0.535186  0.325134
1252  0.039100  -0.164690  0.028652
1253  -0.211495  -0.238375  0.101553
1254  0.342709  0.119442  0.131716
1255  -0.089265  -0.240652  0.065881
1256  0.234812  0.128521  0.071654
1257  0.250548  0.319521  0.164868
1258  -0.107299  0.257832  0.077990
1259  -0.051043  0.031722  0.003612
1260  -0.328928  0.402582  0.270265
1261  -0.188563  -0.185244  0.069871
1262  0.512672  0.058559  0.266262
1263  0.241345  -0.107052  0.069707
1264  -0.688094  -0.392497  0.627526
1265  0.152964  -0.018605  0.023744
1266  -0.070729  0.160483  0.030757
1267  -0.038863  0.426037  0.183018
1268  -0.553708  0.273327  0.381300
1269  -0.315970  -0.105481  0.110963
1270  0.174533  0.524911  0.305993
1271  -0.696668  0.419202  0.661077
1272  0.253583  -0.236280  0.120133
1273  0.094499  0.038810  0.010436
1274  0.265304  0.176238  0.101446
1275  -0.620034  0.292372  0.469924
1276  -0.232096  -0.191719  0.090624
1277  -0.208814  0.471051  0.265493
1278  -0.286185  0.648172  0.502029
1279  -0.276627  0.199044  0.116141
1280  -0.231273  -0.363055  0.185296
1281  0.308263  0.421391  0.272597
1282  -0.056131  0.162203  0.029461
1283  0.170964  -0.340720  0.145318
1284  0.604297  -0.304326  0.457789
1285  0.433537  0.131176  0.205161
1286  0.005976  0.031126  0.001005
1287  0.576113  -0.124798  0.347481
1288  0.024930  -0.235657  0.056156
1289  0.352964  0.428732  0.308395
1290  0.204342  0.297220  0.130095
1291  -0.319328  0.677771  0.561343
1292  -0.139160  -0.041975  0.021127
1293  0.116980  0.036919  0.015047
1294  0.152893  0.224158  0.073623
1295  -0.078395  0.147532  0.027912
1296  0.553401  0.294735  0.393122
1297  -1.099864  -0.282972  1.289774
1298  -0.765217  0.157599  0.610395
1299  -0.701582  -0.028065  0.493005
1300  0.423650  0.324577  0.284829
1301  -0.709898  0.479821  0.734184
1302  -0.243430  -0.061959  0.063097
1303  -0.961003  -0.160557  0.949305
1304  -0.360351  -0.479211  0.359496
1305  -0.949300  -0.526219  1.178077
1306  -0.138343  -0.569588  0.343569
1307  0.224646  0.634689  0.453296
1308  -1.022734  -0.098444  1.055676
1309  -0.651149  -0.211194  0.468598
1310  -0.323064  0.218865  0.152272
1311  -0.257855  -0.361221  0.196970
1312  -0.376393  0.255037  0.206715
1313  0.489977  0.375070  0.380755
1314  0.440480  -0.366593  0.328413
1315  -0.107421  -0.183616  0.045254
1316  1.282922  0.171268  1.675221
1317  -0.304587  0.293960  0.179185
1318  -0.339689  0.475023  0.341036
1319  0.434750  0.095390  0.198107
1320  0.018971  0.266614  0.071443
1321  0.468357  -0.278105  0.296701
1322  0.178473  -0.348340  0.153193
1323  -0.030926  -0.880862  0.776875
1324  0.560777  0.356141  0.441307
1325  0.040031  -0.105719  0.012779
1326  -1.030610  0.653735  1.489527
1327  -1.225914  -0.320614  1.605658
1328  -0.480572  0.925292  1.087114
1329  -0.439008  0.010103  0.192830
1330  -0.693192  -0.213297  0.526011
1331  0.644788  0.456446  0.624095
1332  0.100549  -0.864626  0.757688
1333  0.440911  0.589030  0.541359
1334  -0.108009  -0.443924  0.208735
1335  -1.152870  0.118512  1.343155
1336  -1.019560  -0.136567  1.058153
1337  -0.528713  -0.053957  0.282449
1338  0.227367  -0.930228  0.917019
1339  -0.291118  0.348618  0.206284
1340  -0.115061  -0.508221  0.271527
1341  -0.060278  0.858096  0.739963
1342  0.132343  -0.382210  0.163599
1343  -0.582707  0.051862  0.342237
1344  -0.040436  -0.611518  0.375589
1345  0.417288  -0.315013  0.273363
1346  -0.046476  0.000037  0.002160
1347  -0.680879  -0.729042  0.995099
1348  0.161668  -1.157967  1.367025
1349  0.667022  -0.185566  0.479354
1350  0.032859  0.576363  0.333275
1351  0.540522  0.859820  1.031455
1352  0.242760  1.156026  1.395328
1353  0.186322  -0.300992  0.125312
1354  0.804505  0.057988  0.650591
1355  0.087054  -0.634943  0.410732
1356  0.612520  0.487241  0.612585
1357  0.429244  0.400275  0.344470
1358  0.188107  -0.169455  0.064099
1359  0.013317  -0.097309  0.009646
1360  0.475395  -0.029246  0.226856
1361  -0.654452  -0.634476  0.830867
1362  -0.890042  -0.118303  0.806171
1363  0.097839  0.047225  0.011803
1364  0.607517  -0.533822  0.654043
1365  0.701762  0.788106  1.113580
1366  0.448788  0.235507  0.256874
1367  0.315048  -0.609094  0.470251
1368  0.373045  -0.505656  0.394850
1369  0.507803  -0.053569  0.260733
1370  -0.749315  1.183315  1.961708
1371  -0.359045  0.408829  0.296055
1372  -0.617270  0.018067  0.381348
1373  -0.279937  0.408010  0.244837
1374  0.323372  0.547086  0.403872
1375  0.664572  -0.016009  0.441912
1376  -0.408615  0.244046  0.226524
1377  -1.237798  0.600678  1.892958
1378  -0.242291  -0.476490  0.285747
1379  0.127495  -0.409938  0.184304
1380  -0.416816  0.467847  0.392616
1381  0.802784  -0.790590  1.269494
1382  -0.475449  -0.270424  0.299181
1383  -0.433178  0.045604  0.189723
1384  -0.979975  0.501333  1.211685
1385  -0.749363  0.419167  0.737246
1386  -0.188521  0.009051  0.035622
1387  -0.326582  -0.411206  0.275746
1388  -0.118767  -0.003402  0.014117
1389  0.880340  0.496503  1.021514
1390  -0.120728  0.192737  0.051723
1391  0.321653  0.843561  0.815055
1392  -0.348309  0.379113  0.265046
1393  -0.036126  0.312973  0.099257
1394  0.164403  -1.140776  1.328398
1395  -1.447663  -0.527355  2.373831
1396  0.525403  0.127202  0.292229
1397  -0.094321  0.202745  0.050002
1398  -0.440560  -0.150166  0.216643
1399  -0.292472  0.579896  0.421820
1400  1.476890  -0.507300  2.438557
1401  0.711224  0.230921  0.559165
1402  -0.344163  -0.260542  0.186330
1403  -0.547034  0.486653  0.536077
1404  -0.250761  0.111204  0.075247
1405  -0.489851  -0.367383  0.374924
1406  -0.326894  -0.192221  0.143809
1407  -0.241555  0.471793  0.280937
1408  -0.250199  0.915455  0.900658
1409  0.253296  -0.593604  0.416525
1410  -0.009042  -0.260562  0.067974
1411  0.489831  -0.019888  0.240329
1412  0.232047  -0.518812  0.323012
1413  0.153204  -0.232615  0.077581
1414  -0.832004  -0.174111  0.722545
1415  -0.036241  0.672316  0.453322
1416  0.298666  -0.504446  0.343667
1417  0.312561  -0.556953  0.407891
1418  0.141200  0.098086  0.029558
1419  -0.346384  0.442635  0.315908
1420  0.114449  0.738812  0.558942
1421  0.012461  -0.462433  0.213999
1422  -0.494522  0.241530  0.302889
1423  0.278258  0.765850  0.663954
1424  -0.461418  -0.135393  0.231238
1425  0.207338  0.072684  0.048272
1426  -0.383352  -0.232421  0.200978
1427  -0.292288  -0.083460  0.092398
1428  0.161299  0.615098  0.404363
1429  0.171385  0.196977  0.068173
1430  0.321070  0.269471  0.175701
1431  0.702164  -0.833194  1.187248
1432  -0.042888  -0.180684  0.034486
1433  -0.357236  -0.215716  0.174151
1434  0.186033  0.585466  0.377378
1435  0.001578  -0.349913  0.122442
1436  0.207717  0.183301  0.076746
1437  -0.282261  -0.177275  0.111098
1438  -0.305835  0.107864  0.105170
1439  0.147411  0.187940  0.057052
1440  1.043290  0.744362  1.642527
1441  0.114905  0.010472  0.013313
1442  -0.162163  0.219424  0.074444
1443  -0.070026  0.992859  0.990672
1444  0.076924  -0.338180  0.120283
1445  -0.117523  0.232722  0.067971
1446  0.428093  -0.558260  0.494917
1447  -0.372325  -0.097655  0.148162
1448  -0.114140  0.079599  0.019364
1449  0.713619  0.225612  0.560153
1450  -0.115921  -0.072349  0.018672
1451  -0.262452  -0.288095  0.151880
1452  0.047837  -0.216703  0.049249
1453  0.418135  -0.390320  0.327187
1454  -0.312552  -0.599505  0.457096
1455  -0.421756  0.177493  0.209382
1456  0.328914  -0.366605  0.242584
1457  0.189076  -0.710607  0.540711
1458  0.096249  -0.251005  0.072267
1459  0.192276  -0.362906  0.168671
1460  0.308102  0.237658  0.151408
1461  -0.330495  -0.470497  0.330594
1462  -0.586515  -0.179924  0.376372
1463  -0.607069  0.338629  0.483202
1464  0.024063  0.133979  0.018529
1465  -0.066392  -0.127401  0.020639
1466  0.385411  0.030785  0.149489
1467  0.064350  -0.044494  0.006121
1468  -0.106684  0.413479  0.182347
1469  -0.108290  0.114714  0.024886
1470  -0.222826  0.363699  0.181929
1471  -0.147068  0.280964  0.100570
1472  0.133348  -0.345383  0.137071
1473  -0.041954  0.176466  0.032900
1474  0.055845  0.107707  0.014720
1475  -0.053698  0.150361  0.025492
1476  -0.067081  0.067493  0.009055
1477  -0.145667  -0.010058  0.021320
1478  0.089297  0.533690  0.292799
1479  0.173265  0.041444  0.031738
1480  -0.181371  -0.087360  0.040527
1481  -0.071872  -0.077712  0.011205
1482  -0.197095  0.009709  0.038941
1483  0.227439  0.413117  0.222394
1484  0.070802  0.384052  0.152509
1485  0.050121  0.058155  0.005894
1486  -0.288823  -0.264612  0.153438
1487  0.051987  0.338551  0.117319
1488  -0.151103  0.098914  0.032616
1489  -0.374331  -0.003864  0.140139
1490  0.424282  -0.004261  0.180034
1491  0.354165  0.431584  0.311698
1492  0.434911  0.228150  0.241200
1493  0.183285  0.201823  0.074326
1494  0.314766  -0.288000  0.182022
1495  0.111151  0.031861  0.013370
1496  0.085540  0.134711  0.025464
1497  0.247333  0.158840  0.086404
1498  0.099186  0.375417  0.150776
1499  -0.154908  -0.451603  0.227942
1500  0.069636  -0.009987  0.004949
1501  -0.108204  -0.233644  0.066298
1502  0.235454  0.165010  0.082667
1503  -0.034630  0.282381  0.080938
1504  -0.054508  0.046125  0.005099
1505  -0.178979  -0.300657  0.122428
1506  0.026434  0.176845  0.031973
1507  -0.244759  0.095047  0.068941
1508  0.080346  -0.083688  0.013459
1509  0.200010  0.088294  0.047800
1510  0.142192  0.088810  0.028106
1511  0.025456  0.058230  0.004039
1512  0.224300  -0.098776  0.060067
1513  0.151370  -0.216921  0.069968
1514  -0.118729  -0.081462  0.020733
1515  -0.092786  0.091833  0.017043
1516  -0.115655  0.038701  0.014874
1517  0.027474  -0.050471  0.003302
1518  0.299046  0.100282  0.099485
1519  -0.179203  0.010404  0.032222
1520  0.199493  -0.164678  0.066916
1521  0.291620  0.099876  0.095018
1522  -0.007005  -0.039047  0.001574
1523  -0.035711  -0.127635  0.017566
1524  0.020675  -0.009107  0.000510
1525  0.034466  -0.242414  0.059952
1526  -0.179242  0.177245  0.063543
1527  0.259638  -0.321870  0.171013
1528  0.004927  0.104120  0.010865
1529  0.276033  0.019082  0.076558
1530  0.076849  -0.229848  0.058736
1531  0.331562  0.034812  0.111145
1532  0.046429  -0.349864  0.124560
1533  0.067731  -0.001909  0.004591
1534  -0.067918  -0.017992  0.004937
1535  -0.020556  -0.113805  0.013374
1536  -0.155105  -0.219161  0.072089
1537  -0.179703  0.005728  0.032326
1538  0.094225  -0.113465  0.021753
1539  -0.130415  0.052326  0.019746
1540  0.036964  -0.075107  0.007007
1541  0.230748  -0.009610  0.053337
1542  -0.066478  -0.040921  0.006094
1543  0.140550  -0.050320  0.022286
1544  -0.071632  -0.015449  0.005370
1545  0.069416  -0.000114  0.004819
1546  0.117181  -0.138691  0.032967
1547  0.051955  0.031173  0.003671
1548  0.081519  -0.161797  0.032824
1549  -0.108848  -0.198035  0.051066
1550  -0.171083  -0.167601  0.057360
1551  -0.135110  -0.076454  0.024100
1552  -0.093564  0.148826  0.030903
1553  -0.077706  0.136387  0.024640
1554  0.166852  -0.047195  0.030067
1555  -0.192445  -0.025796  0.037701
1556  0.040366  -0.154360  0.025456
1557  -0.091002  0.038042  0.009729
1558  0.169906  -0.023507  0.029421
1559  -0.044811  -0.057139  0.005273
1560  0.130729  -0.085666  0.024429
1561  -0.025657  0.031254  0.001635
1562  0.269636  0.089841  0.080775
1563  0.094178  -0.151924  0.031950
1564  -0.135388  -0.120899  0.032946
1565  0.029189  -0.003967  0.000868
1566  -0.013771  -0.143461  0.020771
1567  0.006545  0.063989  0.004137
1568  0.071300  0.029610  0.005960
1569  0.121586  0.007409  0.014838
1570  0.001137  -0.009357  0.000089
1571  -0.047961  -0.108381  0.014047
1572  0.101521  -0.111001  0.022628
1573  -0.041350  -0.055563  0.004797
1574  -0.004218  -0.023110  0.000552
1575  0.028468  -0.038170  0.002267
1576  0.017995  -0.064715  0.004512
1577  -0.000117  0.115119  0.013252
1578  0.032503  -0.024806  0.001672
1579  -0.055736  0.019628  0.003492
1580  0.033617  -0.112806  0.013855
1581  0.003692  0.061891  0.003844
1582  -0.050936  -0.073131  0.007943
1583  0.008555  0.105554  0.011215
1584  0.108740  0.038340  0.013294
1585  -0.025385  0.015309  0.000879
1586  0.002028  0.030998  0.000965
1587  0.033143  -0.060455  0.004753
1588  0.021180  0.073159  0.005801
1589  0.060926  0.035257  0.004955
1590  0.066644  -0.139957  0.024029
1591  0.066474  -0.044801  0.006426
1592  0.061913  -0.027442  0.004586
1593  -0.075199  0.084215  0.012747
1594  0.014021  0.019464  0.000575
1595  0.123795  -0.062280  0.019204
1596  0.027504  -0.043046  0.002609
1597  0.055021  -0.116511  0.016602
1598  0.025000  0.028631  0.001445
1599  0.145090  -0.021957  0.021533
1600  -0.009704  0.018112  0.000422
1601  0.095387  -0.095057  0.018135
1602  0.023610  -0.067071  0.005056
1603  -0.086569  -0.059576  0.011043
1604  -0.066716  0.007069  0.004501
1605  -0.020337  -0.018437  0.000754
1606  0.000075  -0.041669  0.001736
1607  -0.089322  0.040240  0.009598
1608  0.053934  0.050280  0.005437
1609  0.006031  -0.111480  0.012464
1610  0.060681  -0.042485  0.005487
1611  0.000487  -0.077342  0.005982
1612  -0.014428  -0.084207  0.007299
1613  0.037762  -0.022928  0.001952
1614  -0.015291  0.030714  0.001177
1615  -0.020578  0.028032  0.001209
1616  0.017800  -0.006462  0.000359
1617  0.012511  -0.015513  0.000397
1618  0.048988  -0.119410  0.016659
1619  -0.084605  -0.035261  0.008401
1620  -0.026004  -0.027426  0.001428
1621  0.045676  0.115428  0.015410
1622  -0.008470  -0.013384  0.000251
1623  0.019053  -0.023517  0.000916
1624  0.018795  -0.095534  0.009480
1625  -0.055564  0.055501  0.006168
1626  0.060699  -0.002668  0.003692
1627  -0.053590  -0.016551  0.003146
1628  -0.047980  -0.033655  0.003435
1629  -0.028012  0.025221  0.001421
1630  0.017925  -0.105075  0.011362
1631  0.050740  -0.032298  0.003618
1632  -0.057807  0.019130  0.003708
1633  -0.004848  -0.007173  0.000075
1634  0.049013  -0.007897  0.002465
1635  0.016913  -0.066866  0.004757
1636  0.009669  -0.072255  0.005314
1637  0.034298  -0.078191  0.007290
1638  0.002713  -0.088603  0.007858
1639  -0.026147  -0.053808  0.003579
1640  -0.034351  -0.007810  0.001241
1641  -0.012252  0.023155  0.000686
1642  0.020364  -0.021561  0.000880
1643  -0.060007  0.013812  0.003792
1644  -0.051066  0.013831  0.002799
1645  -0.023781  0.005838  0.000600
1646  -0.032153  -0.042906  0.002875
1647  0.002382  0.023814  0.000573
1648  -0.026891  -0.002899  0.000732
1649  0.050334  -0.085855  0.009905
1650  -0.003401  -0.033746  0.001150
1651  0.032676  -0.035833  0.002352
1652  0.043142  -0.022320  0.002359
1653  -0.044235  0.021613  0.002424
1654  -0.009647  -0.028381  0.000899
1655  0.044580  -0.070179  0.006912
1656  0.002357  -0.057924  0.003361
1657  -0.017351  -0.062058  0.004152
1658  0.003342  -0.018847  0.000366
1659  -0.076555  0.017919  0.006182
1660  -0.006023  -0.055559  0.003123
1661  -0.055765  0.011961  0.003253
1662  -0.026743  -0.036204  0.002026
1663  0.069051  -0.034238  0.005940
1664  -0.087256  -0.016285  0.007879
1665  -0.063990  -0.019781  0.004486
1666  0.046522  0.009717  0.002259
1667  0.050420  0.003904  0.002557
1668  -0.006999  -0.056704  0.003264
1669  0.014803  -0.033450  0.001338
1670  0.007478  -0.000964  0.000057
1671  -0.028000  -0.043702  0.002694
1672  0.008843  -0.005911  0.000113
1673  -0.018304  0.011901  0.000477
1674  0.017934  -0.037035  0.001693
1675  0.001193  -0.059498  0.003541
1676  -0.020279  -0.052345  0.003151
1677  0.052215  -0.044418  0.004699
1678  -0.063654  -0.014988  0.004277
1679  -0.010279  -0.003578  0.000118
1680  -0.074369  -0.030879  0.006484
1681  0.038246  -0.018442  0.001803
1682  0.049743  0.031239  0.003450
1683  -0.007358  -0.047898  0.002348
1684  -0.047091  -0.012337  0.002370
1685  -0.048410  -0.041343  0.004053
1686  -0.011696  -0.016652  0.000414
1687  -0.034417  0.031773  0.002194
1688  0.021291  -0.033680  0.001588
1689  -0.002924  -0.048917  0.002401
1690  -0.030040  -0.019744  0.001292
1691  -0.044948  0.003033  0.002029
1692  0.002552  0.004896  0.000030
1693  -0.022182  -0.021850  0.000969
1694  0.008371  0.015628  0.000314
1695  -0.016329  0.022340  0.000766
1696  0.046107  -0.100701  0.012267
1697  0.027792  -0.017109  0.001065
1698  0.018596  -0.033286  0.001454
1699  -0.024726  -0.004241  0.000629
1700  0.036257  0.019299  0.001687
1701  0.034916  -0.039919  0.002813
1702  -0.055104  -0.039307  0.004582
1703  -0.043659  -0.011779  0.002045
1704  -0.013822  -0.038607  0.001682
1705  -0.000840  -0.002397  0.000006
1706  0.019725  -0.001275  0.000391
1707  -0.062786  -0.043757  0.005857
1708  -0.000869  0.042728  0.001826
1709  0.008575  -0.055622  0.003167
1710  0.015062  -0.013720  0.000415
1711  -0.032482  -0.004945  0.001080
1712  0.006241  0.011619  0.000174
1713  -0.079740  0.028402  0.007165
1714  0.007354  -0.009456  0.000144
1715  -0.029685  -0.033934  0.002033
1716  0.007000  -0.050866  0.002636
1717  0.036607  -0.032169  0.002375
1718  -0.083288  -0.003042  0.006946
1719  -0.041704  -0.064181  0.005858
1720  0.006380  -0.004736  0.000063
1721  -0.019247  0.004826  0.000394
1722  -0.043670  -0.082575  0.008726
1723  -0.011314  0.014607  0.000341
1724  0.023424  -0.029850  0.001440
1725  0.046418  -0.082468  0.008956
1726  0.039995  -0.042276  0.003387
1727  0.031742  -0.013516  0.001190
1728  0.037217  -0.041407  0.003100
1729  -0.017245  -0.027293  0.001042
1730  -0.066073  -0.035154  0.005601
1731  0.029322  -0.024449  0.001458
1732  0.024930  0.001098  0.000623
1733  -0.071516  0.068829  0.009852
1734  0.025338  -0.064162  0.004759
1735  0.017290  0.039553  0.001863
1736  0.001714  -0.018645  0.000351
1737  -0.007326  -0.020336  0.000467
1738  0.001616  -0.019758  0.000393
1739  -0.020539  -0.015165  0.000652
1740  0.038816  -0.014148  0.001707
1741  -0.017209  -0.003699  0.000310
1742  0.037671  0.017437  0.001723
1743  0.028685  -0.000107  0.000823
1744  0.017169  -0.039054  0.001820
1745  -0.016297  -0.024114  0.000847
1746  -0.007296  0.018934  0.000412
1747  -0.000805  -0.023604  0.000558
1748  -0.010835  -0.015547  0.000359
1749  -0.023909  0.005121  0.000598
1750  -0.030919  0.003739  0.000970
1751  -0.043989  -0.008068  0.002000
1752  -0.036682  -0.051975  0.004047
1753  0.014793  0.025981  0.000894
1754  0.014944  -0.020537  0.000645
1755  0.004057  -0.024104  0.000597
1756  -0.002368  0.038484  0.001487
1757  -0.025351  0.012146  0.000790
1758  0.030760  -0.075852  0.006700
1759  -0.013676  0.008894  0.000266
1760  -0.023884  0.036150  0.001877
1761  -0.001891  0.024402  0.000599
1762  0.007665  -0.011279  0.000186
1763  -0.022265  0.005570  0.000527
1764  -0.008078  -0.001522  0.000068
1765  0.009247  -0.027622  0.000849
1766  0.017641  -0.033870  0.001458
1767  -0.045529  -0.018958  0.002432
1768  0.003461  0.020873  0.000448
1769  -0.008879  -0.018236  0.000411
1770  -0.004913  -0.005587  0.000055
1771  -0.013584  0.015104  0.000413
1772  -0.024458  -0.014003  0.000794
1773  0.010447  -0.009041  0.000191
1774  0.056022  -0.038417  0.004614
1775  -0.029164  -0.010190  0.000954
1776  -0.013083  -0.036135  0.001477
1777  -0.034548  0.029335  0.002054
1778  -0.008859  0.001485  0.000081
1779  -0.035079  -0.018994  0.001591
1780  0.017459  0.035398  0.001558
1781  0.028614  0.002463  0.000825
1782  -0.034215  -0.035286  0.002416
1783  -0.023244  -0.027718  0.001309
1784  -0.034788  -0.008255  0.001278
1785  -0.031484  -0.002583  0.000998
1786  0.027988  -0.011469  0.000915
1787  0.033225  0.006485  0.001146
1788  0.004677  0.012521  0.000179
1789  0.046019  0.020892  0.002554
1790  -0.011860  -0.021431  0.000600
1791  0.046064  -0.016420  0.002391
1792  0.000421  -0.010469  0.000110
1793  -0.012407  -0.012145  0.000301
1794  0.016627  -0.014515  0.000487
1795  0.000728  -0.004593  0.000022
1796  -0.008257  -0.040324  0.001694
1797  0.022893  -0.006213  0.000563
1798  -0.000488  -0.000451  0.000000
1799  -0.044816  0.008517  0.002081
1800  -0.019167  -0.005722  0.000400
1801  -0.010499  0.006703  0.000155
1802  0.012490  -0.001615  0.000159
1803  -0.018978  -0.002035  0.000364
1804  -0.001347  -0.069142  0.004782
1805  -0.042476  -0.011678  0.001941
1806  -0.029123  -0.049345  0.003283
1807  0.010901  -0.010421  0.000227
1808  -0.020594  0.010941  0.000544
1809  -0.013758  0.010581  0.000301
1810  -0.019095  -0.006135  0.000402
1811  -0.009986  0.006274  0.000139
1812  -0.005336  -0.009824  0.000125
1813  -0.007679  0.004324  0.000078
1814  -0.020107  0.009026  0.000486
1815  -0.028148  0.040765  0.002454
1816  0.007495  0.023377  0.000603
1817  -0.022767  -0.003391  0.000530
1818  0.014302  -0.048541  0.002561
1819  0.023522  -0.001921  0.000557
1820  -0.013026  -0.020843  0.000604
1821  -0.021123  -0.026332  0.001140
1822  -0.009726  -0.006409  0.000136
1823  -0.002179  0.017243  0.000302
1824  -0.018458  0.026543  0.001045
1825  0.007111  0.024134  0.000633
1826  0.005427  -0.011231  0.000156
1827  0.003351  0.008253  0.000079
1828  0.009064  -0.042895  0.001922
1829  -0.031546  0.004519  0.001016
1830  0.000943  -0.014586  0.000214
1831  0.005704  -0.026903  0.000756
1832  -0.020152  0.003816  0.000421
1833  -0.015962  -0.000631  0.000255
1834  -0.026878  -0.008541  0.000795
1835  -0.012799  0.009216  0.000249
1836  0.006482  -0.023796  0.000608
1837  -0.031395  0.014754  0.001203
1838  -0.035522  0.019703  0.001650
1839  -0.005546  -0.042278  0.001818
1840  -0.002736  0.033773  0.001148
1841  -0.014443  -0.014842  0.000429
1842  0.020953  -0.020491  0.000859
1843  -0.028358  -0.018661  0.001152
1844  0.005322  -0.024120  0.000610
1845  0.024513  0.005394  0.000630
1846  0.023593  0.009596  0.000649
1847  -0.006609  -0.036589  0.001382
1848  -0.015881  0.001327  0.000254
1849  -0.008842  -0.030078  0.000983
1850  -0.000859  -0.021421  0.000460
1851  -0.015455  0.039864  0.001828
1852  -0.027986  0.029145  0.001633
1853  -0.008157  -0.035670  0.001339
1854  -0.027282  -0.035385  0.001996
1855  -0.014618  -0.004734  0.000236
1856  0.002797  -0.030157  0.000917
1857  -0.021846  -0.010514  0.000588
1858  0.017807  -0.000900  0.000318
1859  -0.031929  0.008793  0.001097
1860  -0.030774  -0.028942  0.001785
1861  0.001122  -0.047937  0.002299
1862  -0.011701  -0.012212  0.000286
1863  -0.005438  -0.002478  0.000036
1864  -0.033265  -0.018371  0.001444
1865  0.026754  -0.001153  0.000717
1866  0.005068  -0.002619  0.000033
1867  0.015743  -0.020743  0.000678
1868  -0.010408  0.006456  0.000150
1869  -0.023963  0.013746  0.000763
1870  0.016176  -0.011651  0.000397
1871  -0.068215  -0.033387  0.005768
1872  -0.005647  -0.002691  0.000039
1873  -0.009830  -0.038523  0.001581
1874  -0.035771  -0.024077  0.001859
1875  -0.007215  0.001752  0.000055
1876  -0.023282  0.028022  0.001327
1877  0.004229  -0.019180  0.000386
1878  0.011453  -0.011079  0.000254
1879  0.026779  0.019363  0.001092
1880  -0.020639  -0.009985  0.000526
1881  -0.001226  -0.007845  0.000063
1882  -0.019776  -0.032922  0.001475
1883  0.027815  0.043902  0.002701
1884  0.040148  -0.030443  0.002539
1885  0.015034  0.010922  0.000345
1886  0.001112  -0.008989  0.000082
1887  -0.015382  0.013252  0.000412
1888  0.018302  -0.014986  0.000560
1889  -0.025196  0.010431  0.000744
1890  0.022052  -0.013018  0.000656
1891  0.023750  -0.069188  0.005351
1892  -0.037156  -0.012753  0.001543
1893  -0.006893  0.007745  0.000107
1894  0.024331  -0.007349  0.000646
1895  0.014033  -0.006587  0.000240
1896  -0.007605  0.028890  0.000892
1897  -0.019115  -0.042797  0.002197
1898  -0.002998  -0.008435  0.000080
1899  0.018754  0.004781  0.000375
1900  -0.031783  -0.018611  0.001357
1901  -0.020190  0.044378  0.002377
1902  0.014612  -0.004406  0.000233
1903  -0.007794  -0.006565  0.000104
1904  0.030597  -0.030249  0.001851
1905  0.003932  -0.012908  0.000182
1906  0.001454  0.007248  0.000055
1907  -0.011234  -0.010158  0.000229
1908  0.001089  -0.013789  0.000191
1909  -0.006666  -0.022166  0.000536
1910  -0.012462  0.027366  0.000904
1911  -0.004438  -0.011699  0.000157
1912  -0.002434  0.029592  0.000882
1913  0.000127  0.008777  0.000077
1914  -0.011602  -0.014385  0.000342
1915  -0.011085  -0.026062  0.000802
1916  -0.011136  -0.006172  0.000162
1917  -0.005808  0.016129  0.000294
1918  -0.017555  -0.027689  0.001075
1919  0.000190  0.036714  0.001348
1920  -0.012078  0.017471  0.000451
1921  -0.017651  -0.012684  0.000472
1922  0.004289  -0.001059  0.000020
1923  0.027018  0.005834  0.000764
1924  0.003666  -0.020331  0.000427
1925  -0.000488  -0.010855  0.000118
1926  -0.006892  -0.016706  0.000327
1927  0.007584  0.003659  0.000071
1928  -0.002455  -0.016703  0.000285
1929  -0.019753  -0.014982  0.000615
1930  0.032540  0.013939  0.001253
1931  -0.033434  0.002752  0.001125
1932  0.018426  -0.005779  0.000373
1933  -0.025636  -0.045372  0.002716
1934  0.013740  -0.026109  0.000870
1935  0.017233  -0.013796  0.000487
1936  0.013934  0.000038  0.000194
1937  -0.025639  -0.010204  0.000761
1938  0.015523  -0.031040  0.001204
1939  -0.042422  -0.010476  0.001909
1940  -0.023627  -0.006145  0.000596
1941  0.005132  -0.000462  0.000027
1942  -0.002227  -0.035873  0.001292
1943  -0.021997  -0.026887  0.001207
1944  -0.047283  -0.006655  0.002280
1945  0.028195  -0.004513  0.000815
1946  -0.007197  0.004025  0.000068
1947  0.014322  -0.010196  0.000309
1948  -0.016136  0.003743  0.000274
1949  -0.039261  -0.001583  0.001544
1950  0.003903  -0.031021  0.000978
1951  -0.008243  0.017937  0.000390
1952  -0.000646  -0.006509  0.000043
1953  -0.006250  -0.020887  0.000475
1954  0.021386  -0.023966  0.001032
1955  -0.034689  0.018559  0.001548
1956  -0.018268  -0.004353  0.000353
1957  -0.036692  0.053943  0.004256
1958  -0.012878  0.000913  0.000167
1959  -0.021914  -0.007102  0.000531
1960  -0.001345  0.013339  0.000180
1961  0.005479  0.013903  0.000223
1962  0.009178  -0.028046  0.000871
1963  -0.012855  -0.001077  0.000166
1964  -0.004765  -0.019349  0.000397
1965  -0.026184  0.013969  0.000881
1966  -0.011893  0.024022  0.000718
1967  -0.042879  -0.023254  0.002379
1968  -0.022888  -0.017980  0.000847
1969  -0.019365  0.008516  0.000448
1970  -0.021958  -0.003165  0.000492
1971  -0.030902  0.015530  0.001196
1972  -0.018228  -0.039699  0.001908
1973  -0.000436  -0.011973  0.000144
1974  0.016907  0.022638  0.000798
1975  -0.011583  -0.027914  0.000913
1976  -0.048279  -0.011091  0.002454
1977  -0.001269  -0.021758  0.000475
1978  -0.001663  0.015225  0.000235
1979  0.003004  0.005602  0.000040
1980  0.005012  0.023258  0.000566
1981  0.002727  0.007172  0.000059
1982  0.013726  -0.004339  0.000207
1983  -0.016082  0.005526  0.000289
1984  -0.010513  -0.006051  0.000147
1985  0.002516  0.025438  0.000653
1986  0.003960  -0.029789  0.000903
1987  0.010575  0.001384  0.000114
1988  -0.028288  -0.028042  0.001587
1989  -0.020922  0.006834  0.000484
1990  -0.001055  0.004257  0.000019
1991  -0.004298  -0.005085  0.000044
1992  -0.011261  -0.003152  0.000137
1993  -0.006464  -0.012321  0.000194
1994  -0.022429  0.024214  0.001089
1995  0.018007  -0.018049  0.000650
1996  0.001230  -0.013648  0.000188
1997  0.014568  -0.025643  0.000870
1998  -0.016833  0.004357  0.000302
1999  -0.013759  0.010291  0.000295
2000  -0.040990  0.009388  0.001768
2001  0.023559  -0.024711  0.001166
2002  0.001811  -0.019394  0.000379
2003  -0.020677  0.001775  0.000431
2004  0.001902  0.014464  0.000213
2005  -0.027763  -0.021044  0.001214
2006  -0.022177  -0.029209  0.001345
2007  -0.025658  -0.007186  0.000710
2008  -0.033519  -0.000793  0.001124
2009  -0.022387  -0.008319  0.000570
2010  0.011394  -0.018451  0.000470
2011  -0.055511  -0.015477  0.003321
2012  -0.034416  0.017713  0.001498
2013  -0.021906  0.009985  0.000580
2014  -0.012981  -0.008766  0.000245
2015  0.027713  -0.009276  0.000854
2016  -0.022321  -0.010097  0.000600
2017  -0.024869  -0.013107  0.000790
2018  0.018063  -0.023800  0.000893
2019  0.000917  -0.011150  0.000125
2020  0.016461  0.018720  0.000621
2021  0.009946  -0.013660  0.000286
2022  0.010308  -0.000154  0.000106
2023  -0.005001  -0.026730  0.000739
2024  0.012942  -0.011963  0.000311
2025  -0.034844  0.006103  0.001251
2026  -0.036793  -0.028078  0.002142
2027  0.004212  0.019159  0.000385
2028  -0.031159  -0.003616  0.000984
2029  -0.010859  -0.007364  0.000172
2030  0.007578  -0.026728  0.000772
2031  0.019935  -0.021575  0.000863
2032  -0.007102  -0.005500  0.000081
2033  -0.011379  0.008722  0.000206
2034  0.038286  -0.005073  0.001492
2035  -0.006029  0.001036  0.000037
2036  -0.022601  -0.025590  0.001166
2037  0.011665  -0.006582  0.000179
2038  -0.001412  -0.003012  0.000011
2039  -0.001422  -0.014735  0.000219
2040  -0.028467  -0.019211  0.001179
2041  -0.006208  -0.006023  0.000075
2042  -0.023314  -0.006636  0.000588
2043  -0.008214  -0.019841  0.000461
2044  -0.009861  0.015390  0.000334
2045  -0.029718  -0.014069  0.001081
2046  0.006157  -0.022398  0.000540
2047  0.017846  -0.011521  0.000451
