0  -0.021342  0.056851  0.003687
1  -0.009457  0.003199  0.000100
2  -0.070402  0.033175  0.006057
3  -0.019409  -0.020684  0.000805
4  0.007296  0.001587  0.000056
5  -0.025158  -0.016410  0.000902
6  -0.015074  0.049561  0.002684
7  -0.014264  0.021702  0.000674
8  0.008579  -0.006900  0.000121
9  0.041479  0.008613  0.001795
10  0.028911  -0.010387  0.000944
11  0.032089  -0.075261  0.006694
12  0.021166  -0.043431  0.002334
13  -0.007508  -0.011232  0.000183
14  -0.046379  -0.017370  0.002453
15  -0.021217  -0.034116  0.001614
16  0.070446  -0.032807  0.006039
17  0.039790  -0.021446  0.002043
18  -0.042072  -0.037945  0.003210
19  -0.037976  -0.000283  0.001442
20  0.010439  -0.012011  0.000253
21  -0.068934  0.035837  0.006036
22  -0.039266  -0.004769  0.001565
23  -0.006388  0.046516  0.002205
24  -0.042202  0.028134  0.002573
25  0.049442  -0.011005  0.002566
26  -0.008325  -0.027160  0.000807
27  0.009935  -0.000577  0.000099
28  -0.018280  -0.044756  0.002337
29  -0.005467  0.040156  0.001642
30  0.016130  -0.002111  0.000265
31  0.020635  0.009705  0.000520
32  -0.010337  0.008643  0.000182
33  0.062842  -0.010024  0.004050
34  0.011033  -0.038872  0.001633
35  0.019054  -0.012723  0.000525
36  -0.003038  -0.034748  0.001217
37  -0.034352  -0.025583  0.001835
38  -0.000243  0.063541  0.004037
39  0.024391  -0.002047  0.000599
40  -0.050460  -0.028382  0.003352
41  0.009971  -0.011138  0.000223
42  -0.010148  -0.004925  0.000127
43  0.029203  0.017092  0.001145
44  0.067843  -0.034704  0.005807
45  -0.029323  -0.003474  0.000872
46  -0.008668  -0.015578  0.000318
47  -0.082895  -0.026510  0.007574
48  -0.038634  -0.007258  0.001545
49  -0.048595  0.003523  0.002374
50  -0.000260  0.018641  0.000348
51  0.024643  0.002823  0.000615
52  -0.058449  -0.043978  0.005350
53  0.018686  -0.024965  0.000972
54  0.062499  -0.045422  0.005969
55  0.022253  -0.011189  0.000620
56  0.004132  -0.004319  0.000036
57  -0.033756  0.005564  0.001170
58  -0.016300  0.003354  0.000277
59  -0.066220  0.032693  0.005454
60  0.005155  -0.036645  0.001369
61  0.048786  -0.025196  0.003015
62  0.009218  -0.006891  0.000132
63  0.001695  -0.076591  0.005869
64  -0.001607  -0.003697  0.000016
65  0.020225  0.044154  0.002359
66  -0.053295  0.033733  0.003978
67  -0.022444  0.033886  0.001652
68  -0.035235  -0.037413  0.002641
69  0.018259  0.035857  0.001619
70  -0.027890  0.018007  0.001102
71  0.023497  0.020140  0.000958
72  -0.007324  0.013606  0.000239
73  0.034803  -0.002093  0.001216
74  -0.055198  -0.013929  0.003241
75  0.007045  0.016338  0.000317
76  -0.021269  0.005460  0.000482
77  0.000272  0.061690  0.003806
78  0.003208  -0.046203  0.002145
79  0.030888  -0.019336  0.001328
80  -0.000030  0.000369  0.000000
81  0.013367  0.016608  0.000454
82  -0.042546  0.004215  0.001828
83  0.026634  0.022934  0.001235
84  0.004300  0.039378  0.001569
85  -0.015765  -0.020473  0.000668
86  -0.020839  -0.008394  0.000505
87  -0.024203  0.027518  0.001343
88  -0.009111  0.025469  0.000732
89  -0.004431  -0.056549  0.003217
90  -0.018449  -0.013853  0.000532
91  -0.006461  0.021033  0.000484
92  -0.000572  -0.029462  0.000868
93  0.032490  -0.008902  0.001135
94  0.025278  -0.005743  0.000672
95  0.014192  0.016463  0.000472
96  -0.029520  -0.022718  0.001387
97  0.042188  -0.009162  0.001864
98  -0.016107  -0.038838  0.001768
99  0.000339  0.019758  0.000390
100  -0.008434  0.021724  0.000543
101  -0.014336  -0.007443  0.000261
102  0.027127  0.033312  0.001846
103  -0.025107  -0.002564  0.000637
104  -0.010910  -0.000871  0.000120
105  -0.004205  -0.031539  0.001012
106  -0.018650  -0.006688  0.000393
107  -0.021994  -0.018081  0.000811
108  0.010615  -0.032776  0.001187
109  -0.044552  0.006231  0.002024
110  -0.013574  0.032620  0.001248
111  0.029025  0.001633  0.000845
112  0.052927  0.000373  0.002801
113  0.000203  0.023588  0.000556
114  -0.024757  -0.022405  0.001115
115  -0.065122  0.015306  0.004475
116  -0.019790  0.002889  0.000400
117  0.001561  0.010065  0.000104
118  0.030499  0.021034  0.001373
119  -0.026052  -0.058093  0.004054
120  -0.032376  -0.010628  0.001161
121  -0.033873  0.019178  0.001515
122  -0.011421  -0.082035  0.006860
123  0.002064  -0.037898  0.001441
124  0.015312  0.028271  0.001034
125  -0.036518  0.014167  0.001534
126  0.000228  0.018987  0.000361
127  0.049034  -0.012362  0.002557
128  -0.004027  -0.047874  0.002308
129  -0.020060  0.045774  0.002498
130  -0.013641  0.000414  0.000186
131  -0.068656  0.010542  0.004825
132  0.028980  -0.000635  0.000840
133  -0.000684  0.031285  0.000979
134  0.011737  0.026478  0.000839
135  0.006765  0.036097  0.001349
136  -0.007157  0.027254  0.000794
137  0.004266  0.020560  0.000441
138  -0.042255  -0.009948  0.001884
139  0.053583  0.015771  0.003120
140  -0.041989  0.047976  0.004065
141  0.010959  -0.039587  0.001687
142  -0.040225  0.013210  0.001793
143  -0.049284  -0.010513  0.002539
144  -0.013937  0.005058  0.000220
145  -0.009179  -0.016936  0.000371
146  0.002607  0.049117  0.002419
147  0.011398  0.028274  0.000929
148  -0.003616  -0.006830  0.000060
149  -0.028491  0.010485  0.000922
150  0.000430  0.044394  0.001971
151  0.025602  -0.047122  0.002876
152  -0.013385  0.040275  0.001801
153  -0.012615  -0.007076  0.000209
154  0.014860  0.006172  0.000259
155  0.004901  0.030087  0.000929
156  0.023810  0.002682  0.000574
157  -0.003389  0.012696  0.000173
158  -0.010206  -0.030018  0.001005
159  -0.027458  0.019500  0.001134
160  -0.035459  -0.025449  0.001905
161  0.035388  0.047932  0.003550
162  -0.017212  -0.002790  0.000304
163  0.017764  -0.010801  0.000432
164  -0.015014  0.027335  0.000973
165  0.047795  0.028154  0.003077
166  0.052948  0.021569  0.003269
167  0.024188  0.029758  0.001471
168  -0.016361  0.007497  0.000324
169  0.003289  0.017094  0.000303
170  -0.002791  0.036770  0.001360
171  -0.015490  0.011408  0.000370
172  0.047175  0.008005  0.002290
173  -0.003481  0.011610  0.000147
174  0.026013  0.002887  0.000685
175  -0.016358  -0.015809  0.000518
176  -0.004835  0.003071  0.000033
177  0.018127  0.021612  0.000796
178  -0.017710  0.000233  0.000314
179  0.006736  -0.003214  0.000056
180  0.009016  0.023116  0.000616
181  0.004830  0.029964  0.000921
182  0.027876  -0.010739  0.000892
183  -0.034349  0.020918  0.001617
184  -0.021345  0.018134  0.000784
185  -0.032839  -0.004779  0.001101
186  0.012358  0.004224  0.000171
187  -0.061830  0.010785  0.003939
188  -0.018965  0.006769  0.000405
189  0.006644  -0.007400  0.000099
190  -0.025032  0.020098  0.001031
191  0.003734  -0.011430  0.000145
192  -0.028002  0.021990  0.001268
193  0.019410  -0.028596  0.001194
194  -0.001040  0.039112  0.001531
195  0.004917  -0.019294  0.000396
196  -0.023784  -0.017510  0.000872
197  0.028647  0.016291  0.001086
198  0.019424  0.015084  0.000605
199  0.006091  -0.004161  0.000054
200  -0.020455  0.002737  0.000426
201  0.022310  -0.014359  0.000704
202  -0.005482  0.049420  0.002472
203  0.000753  0.021776  0.000475
204  0.017257  0.031607  0.001297
205  0.018245  -0.013794  0.000523
206  -0.000481  -0.000337  0.000000
207  0.044283  -0.013267  0.002137
208  -0.018805  -0.000691  0.000354
209  -0.012035  -0.014946  0.000368
210  -0.018314  -0.007228  0.000388
211  0.006845  0.037771  0.001473
212  0.012682  0.016561  0.000435
213  -0.004620  -0.010998  0.000142
214  -0.010560  -0.006920  0.000159
215  -0.001037  -0.025290  0.000641
216  -0.039386  0.012114  0.001698
217  -0.046868  0.017728  0.002511
218  -0.059395  -0.020571  0.003951
219  -0.002243  0.027980  0.000788
220  -0.012486  0.032595  0.001218
221  0.001194  0.026874  0.000724
222  0.037650  0.003290  0.001428
223  0.003633  0.000699  0.000014
224  0.067911  0.018521  0.004955
225  0.020434  -0.006914  0.000465
226  -0.011440  -0.014057  0.000328
227  0.006217  0.021056  0.000482
228  0.016379  -0.007247  0.000321
229  0.065270  -0.042109  0.006033
230  -0.018302  -0.017059  0.000626
231  -0.001414  -0.024700  0.000612
232  0.007458  -0.018571  0.000401
233  0.016562  0.023350  0.000820
234  -0.028337  0.003316  0.000814
235  0.022048  0.007559  0.000543
236  -0.017905  0.009082  0.000403
237  -0.023253  0.002991  0.000550
238  -0.040018  0.036547  0.002937
239  -0.001675  -0.023195  0.000541
240  -0.002816  0.017677  0.000320
241  -0.020555  -0.019454  0.000801
242  -0.047481  0.002698  0.002262
243  0.027717  -0.026758  0.001484
244  0.057073  -0.020624  0.003683
245  0.020834  -0.039331  0.001981
246  0.006760  -0.000281  0.000046
247  0.015475  0.011310  0.000367
248  0.013082  0.004514  0.000192
249  0.025481  0.011462  0.000781
250  0.000559  0.042483  0.001805
251  0.012048  0.029688  0.001027
252  -0.012065  -0.019797  0.000537
253  0.007272  -0.014989  0.000278
254  -0.036908  -0.057547  0.004674
255  -0.013878  -0.026965  0.000920
256  0.029591  -0.016562  0.001150
257  0.019069  0.004878  0.000387
258  0.013903  0.074872  0.005799
259  -0.005348  0.024302  0.000619
260  -0.013479  -0.018875  0.000538
261  0.024341  -0.017400  0.000895
262  0.031172  -0.022846  0.001494
263  0.002984  0.030518  0.000940
264  0.021563  0.012760  0.000628
265  0.007338  0.048327  0.002389
266  -0.008773  0.011725  0.000214
267  0.027115  0.008353  0.000805
268  0.057262  -0.013770  0.003469
269  -0.019373  -0.034236  0.001547
270  0.004178  0.017368  0.000319
271  0.005290  -0.009237  0.000113
272  0.027252  -0.010265  0.000848
273  -0.000787  -0.000293  0.000001
274  0.008669  0.005115  0.000101
275  -0.028725  -0.005755  0.000858
276  -0.003848  -0.015701  0.000261
277  0.006951  0.002531  0.000055
278  -0.014780  -0.014166  0.000419
279  -0.005280  -0.060865  0.003732
280  0.002767  0.013308  0.000185
281  0.021774  0.010481  0.000584
282  -0.026579  -0.039577  0.002273
283  0.007737  -0.041806  0.001808
284  -0.040218  0.005208  0.001645
285  0.022233  0.020113  0.000899
286  0.003863  -0.008735  0.000091
287  0.038248  0.004939  0.001487
288  -0.015750  0.001657  0.000251
289  -0.005925  0.002203  0.000040
290  0.007027  -0.010256  0.000155
291  0.000914  -0.018084  0.000328
292  -0.010867  -0.002714  0.000125
293  -0.018818  0.004252  0.000372
294  -0.008187  0.015126  0.000296
295  -0.016807  -0.035656  0.001554
296  -0.032787  0.006101  0.001112
297  -0.006880  -0.019937  0.000445
298  0.039149  0.039770  0.003114
299  0.025717  0.001071  0.000663
300  -0.014191  0.012599  0.000360
301  -0.037806  -0.018135  0.001758
302  -0.034758  0.005833  0.001242
303  -0.013748  0.000997  0.000190
304  -0.019606  0.009194  0.000469
305  0.004253  0.028563  0.000834
306  0.014091  0.002459  0.000205
307  -0.028425  -0.016723  0.001088
308  0.002355  0.005197  0.000033
309  0.012173  0.018108  0.000476
310  0.024747  -0.011785  0.000751
311  -0.027762  -0.005482  0.000801
312  -0.014635  0.012259  0.000364
313  0.047283  0.003532  0.002248
314  -0.003793  0.004402  0.000034
315  0.003067  -0.002293  0.000015
316  0.018317  0.001860  0.000339
317  -0.010405  0.025826  0.000775
318  0.021625  -0.004329  0.000486
319  0.001403  0.002843  0.000010
320  -0.012359  -0.027577  0.000913
321  0.009354  0.043568  0.001986
322  0.003437  -0.009727  0.000106
323  0.009471  -0.051322  0.002724
324  0.010550  -0.037060  0.001485
325  -0.004525  0.000561  0.000021
326  0.012237  -0.011682  0.000286
327  0.009833  -0.006078  0.000134
328  -0.000509  -0.003512  0.000013
329  0.024698  -0.024774  0.001224
330  -0.031626  0.029310  0.001859
331  -0.028001  0.020181  0.001191
332  -0.010225  -0.040115  0.001714
333  -0.013044  -0.003930  0.000186
334  -0.013265  0.017462  0.000481
335  0.006026  -0.003749  0.000050
336  0.028288  -0.005967  0.000836
337  0.051392  -0.009540  0.002732
338  0.031472  -0.003550  0.001003
339  0.049516  0.035892  0.003740
340  -0.005282  0.002315  0.000033
341  0.027094  -0.040509  0.002375
342  0.016271  0.019696  0.000653
343  -0.025075  -0.015222  0.000860
344  0.020052  -0.009113  0.000485
345  -0.017391  0.003585  0.000315
346  0.006324  0.001603  0.000043
347  -0.001666  0.057768  0.003340
348  -0.006457  0.009192  0.000126
349  -0.003544  0.027687  0.000779
350  -0.012771  0.000013  0.000163
351  0.027819  -0.016504  0.001046
352  0.009988  -0.023736  0.000663
353  0.027821  0.013567  0.000958
354  0.000003  0.002515  0.000006
355  -0.023641  0.006642  0.000603
356  -0.004808  0.017699  0.000336
357  -0.007043  -0.017876  0.000369
358  0.016357  0.023917  0.000840
359  0.017094  -0.021541  0.000756
360  -0.016493  0.025412  0.000918
361  0.007256  0.021843  0.000530
362  0.016672  0.034607  0.001476
363  0.011972  0.019208  0.000512
364  -0.000876  -0.027585  0.000762
365  -0.001728  0.003802  0.000017
366  0.013247  0.027095  0.000910
367  0.000582  -0.015962  0.000255
368  -0.014193  0.002697  0.000209
369  0.009595  -0.048770  0.002471
370  -0.019175  0.026437  0.001067
371  0.016888  -0.008213  0.000353
372  0.022328  0.044542  0.002482
373  0.011542  0.035253  0.001376
374  0.003944  -0.003113  0.000025
375  -0.001333  -0.018587  0.000347
376  -0.045785  0.025422  0.002743
377  -0.012882  -0.002993  0.000175
378  0.022919  -0.028116  0.001316
379  0.011556  -0.009262  0.000219
380  -0.029087  -0.002067  0.000850
381  0.004679  -0.009044  0.000104
382  0.008227  -0.003943  0.000083
383  -0.029574  0.024616  0.001481
384  -0.003328  0.016476  0.000283
385  -0.011890  0.001014  0.000142
386  -0.013159  -0.005670  0.000205
387  0.011856  -0.006144  0.000178
388  0.006788  -0.002876  0.000054
389  0.004322  0.019723  0.000408
390  -0.013173  0.007269  0.000226
391  0.015386  0.021633  0.000705
392  0.002220  0.030486  0.000934
393  0.006897  0.004724  0.000070
394  -0.035104  0.022143  0.001723
395  0.010561  -0.045792  0.002208
396  0.037639  0.022869  0.001940
397  0.026984  0.023843  0.001297
398  0.015245  0.025805  0.000898
399  0.032422  -0.031936  0.002071
400  0.012258  -0.013920  0.000344
401  -0.027374  0.008527  0.000822
402  -0.044331  -0.010496  0.002075
403  0.005371  0.003306  0.000040
404  0.002206  -0.024359  0.000598
405  0.006269  0.005121  0.000066
406  0.005366  0.021095  0.000474
407  -0.016988  -0.005762  0.000322
408  0.011831  -0.022190  0.000632
409  0.005852  -0.024296  0.000625
410  0.009612  0.012659  0.000253
411  0.000503  0.029010  0.000842
412  -0.029029  0.014111  0.001042
413  0.019410  -0.035355  0.001627
414  -0.026530  -0.015368  0.000940
415  0.050872  -0.007806  0.002649
416  -0.004871  0.011810  0.000163
417  -0.013636  -0.036165  0.001494
418  0.011828  -0.018729  0.000491
419  0.023103  0.014295  0.000738
420  0.031732  0.003536  0.001019
421  0.005824  0.011473  0.000166
422  -0.029424  -0.003265  0.000876
423  -0.001623  -0.015469  0.000242
424  -0.006328  0.009301  0.000127
425  0.010165  0.008358  0.000173
426  0.008972  0.004224  0.000098
427  0.001334  -0.039443  0.001558
428  -0.010969  0.010629  0.000233
429  -0.009066  -0.014367  0.000289
430  -0.002209  0.040753  0.001666
431  -0.013182  -0.002406  0.000180
432  0.019844  0.004093  0.000411
433  0.008091  0.024227  0.000652
434  0.026339  0.020692  0.001122
435  -0.004435  0.009764  0.000115
436  -0.001457  -0.021240  0.000453
437  0.012124  -0.018554  0.000491
438  0.037886  0.003794  0.001450
439  -0.016651  0.018319  0.000613
440  0.024605  -0.025122  0.001237
441  -0.028301  0.019795  0.001193
442  -0.037837  0.034817  0.002644
443  -0.016285  -0.021714  0.000737
444  0.034443  -0.000967  0.001187
445  0.020979  -0.010072  0.000542
446  -0.000847  -0.011800  0.000140
447  0.028306  0.009356  0.000889
448  -0.005119  0.019238  0.000396
449  0.017914  -0.010079  0.000423
450  -0.000528  -0.016118  0.000260
451  -0.021597  0.005079  0.000492
452  -0.009862  -0.028098  0.000887
453  0.022663  0.072116  0.005714
454  0.006241  -0.013128  0.000211
455  0.000656  -0.003511  0.000013
456  0.014223  0.008095  0.000268
457  -0.039531  -0.007219  0.001615
458  -0.019630  0.039790  0.001969
459  0.000125  -0.004402  0.000019
460  -0.030094  -0.010501  0.001016
461  -0.038660  -0.007242  0.001547
462  0.029581  -0.042843  0.002711
463  -0.003037  0.012427  0.000164
464  -0.005338  0.023204  0.000567
465  -0.014391  0.022913  0.000732
466  -0.001355  0.035580  0.001268
467  0.025328  0.017350  0.000943
468  -0.019462  -0.003054  0.000388
469  -0.044634  -0.036335  0.003312
470  -0.003405  0.009124  0.000095
471  -0.022205  -0.035046  0.001721
472  -0.003685  0.012630  0.000173
473  -0.004623  0.010914  0.000140
474  -0.002208  -0.032404  0.001055
475  0.011723  -0.005003  0.000162
476  0.023350  0.000304  0.000545
477  0.029584  0.033220  0.001979
478  0.008201  0.017558  0.000376
479  -0.010336  0.006970  0.000155
480  -0.012431  0.026123  0.000837
481  -0.018340  -0.005045  0.000362
482  -0.023212  -0.001012  0.000540
483  0.021956  0.014131  0.000682
484  -0.017544  0.005993  0.000344
485  -0.002851  -0.022537  0.000516
486  -0.019910  0.007613  0.000454
487  0.045021  -0.003157  0.002037
488  0.007001  0.025940  0.000722
489  0.012925  -0.029246  0.001022
490  0.012310  -0.004762  0.000174
491  0.000101  0.000619  0.000000
492  0.033819  -0.008072  0.001209
493  -0.009821  -0.005782  0.000130
494  -0.042218  0.010281  0.001888
495  0.005314  -0.018405  0.000367
496  0.024279  0.020801  0.001022
497  -0.015966  0.008624  0.000329
498  0.023802  0.011915  0.000709
499  -0.012265  -0.004066  0.000167
500  -0.001774  0.001076  0.000004
501  0.022237  0.017759  0.000810
502  0.012545  0.005399  0.000187
503  0.014291  -0.003458  0.000216
504  -0.018883  -0.005173  0.000383
505  0.000879  0.028419  0.000808
506  0.060295  -0.023160  0.004172
507  -0.007711  -0.003939  0.000075
508  0.011096  -0.001908  0.000127
509  0.002372  -0.008148  0.000072
510  -0.028756  0.050621  0.003389
511  -0.002188  -0.021968  0.000487
512  0.019492  -0.007790  0.000441
513  0.007793  -0.006571  0.000104
514  -0.012523  0.027889  0.000935
515  0.024375  -0.000716  0.000595
516  0.011548  -0.008582  0.000207
517  0.023202  0.000924  0.000539
518  0.000304  -0.016056  0.000258
519  -0.012553  -0.008524  0.000230
520  0.002159  0.006330  0.000045
521  0.045898  -0.003489  0.002119
522  -0.005194  0.010505  0.000137
523  0.024792  -0.015557  0.000857
524  0.018895  -0.019362  0.000732
525  -0.009766  0.010588  0.000207
526  -0.005052  -0.023758  0.000590
527  0.021048  0.014335  0.000648
528  -0.000736  0.016736  0.000281
529  0.001431  0.035395  0.001255
530  -0.007360  0.010340  0.000161
531  0.021824  0.001814  0.000480
532  0.035324  0.021471  0.001709
533  0.009350  0.005680  0.000120
534  0.033518  0.006653  0.001168
535  -0.019455  -0.004645  0.000400
536  0.000699  -0.016335  0.000267
537  0.033392  -0.011659  0.001251
538  0.007935  -0.020783  0.000495
539  0.012319  -0.001088  0.000153
540  -0.024601  -0.008026  0.000670
541  -0.024247  0.017041  0.000878
542  0.020674  -0.009656  0.000521
543  0.017824  -0.024129  0.000900
544  0.015885  -0.000436  0.000253
545  -0.024016  0.007228  0.000629
546  0.010162  0.003017  0.000112
547  0.009710  0.022053  0.000581
548  0.012430  -0.006045  0.000191
549  -0.009554  0.010260  0.000197
550  -0.002795  0.020687  0.000436
551  -0.017107  0.023585  0.000849
552  -0.032128  0.002203  0.001037
553  0.018446  -0.001974  0.000344
554  -0.025788  0.020604  0.001090
555  0.013215  -0.026301  0.000866
556  0.028376  0.030054  0.001708
557  -0.005578  0.024951  0.000654
558  0.021540  -0.026553  0.001169
559  -0.000357  -0.017548  0.000308
560  0.015486  0.004883  0.000264
561  0.044177  0.005428  0.001981
562  -0.007567  -0.020061  0.000460
563  -0.016776  0.019747  0.000671
564  -0.021492  -0.014221  0.000664
565  -0.015061  -0.015916  0.000480
566  -0.009824  -0.005825  0.000130
567  0.020875  0.000979  0.000437
568  0.001159  -0.000724  0.000002
569  0.034519  -0.016590  0.001467
570  0.022411  0.024794  0.001117
571  -0.006081  0.001355  0.000039
572  -0.029448  0.017822  0.001185
573  0.034409  0.003728  0.001198
574  -0.001853  -0.000076  0.000003
575  0.007179  -0.020111  0.000456
576  -0.004022  -0.021001  0.000457
577  -0.054444  0.014395  0.003171
578  0.023784  -0.020609  0.000990
579  0.032542  -0.014023  0.001256
580  0.025170  -0.001259  0.000635
581  0.038801  0.034889  0.002723
582  -0.010945  -0.016320  0.000386
583  -0.035401  0.012763  0.001416
584  -0.020510  0.047159  0.002645
585  0.004833  0.017397  0.000326
586  -0.016284  -0.000880  0.000266
587  0.025050  0.026191  0.001314
588  -0.002506  0.011460  0.000138
589  0.002730  -0.027751  0.000778
590  -0.009958  -0.011608  0.000234
591  0.002682  -0.051674  0.002677
592  -0.000344  -0.011085  0.000123
593  0.003291  0.014495  0.000221
594  -0.018227  0.014372  0.000539
595  0.002926  0.005028  0.000034
596  -0.036520  -0.000700  0.001334
597  -0.022202  0.003069  0.000502
598  -0.017213  0.013195  0.000470
599  -0.008918  0.002293  0.000085
600  0.001594  -0.014882  0.000224
601  -0.004461  -0.019371  0.000395
602  0.007009  0.009259  0.000135
603  -0.005483  0.008824  0.000108
604  0.005123  -0.029382  0.000890
605  -0.010510  0.009627  0.000203
606  -0.004643  -0.013623  0.000207
607  0.021398  0.007186  0.000510
608  -0.025293  -0.009283  0.000726
609  0.001986  -0.001386  0.000006
610  0.014963  0.004079  0.000241
611  -0.009425  0.029699  0.000971
612  -0.037253  -0.004932  0.001412
613  -0.014666  -0.017279  0.000514
614  0.019146  0.001215  0.000368
615  -0.035057  -0.019956  0.001627
616  -0.022046  0.002405  0.000492
617  -0.011140  -0.005594  0.000155
618  -0.006826  0.036002  0.001343
619  -0.001547  -0.041612  0.001734
620  -0.005162  -0.004944  0.000051
621  -0.010295  -0.003436  0.000118
622  0.009899  -0.016678  0.000376
623  -0.032300  0.013786  0.001233
624  0.007754  -0.008641  0.000135
625  -0.024727  0.007056  0.000661
626  0.020698  -0.006506  0.000471
627  0.018441  0.011246  0.000467
628  -0.031870  -0.000795  0.001016
629  -0.014542  -0.012710  0.000373
630  -0.007343  0.018928  0.000412
631  -0.005068  -0.002391  0.000031
632  -0.023797  0.007763  0.000627
633  -0.026086  -0.019425  0.001058
634  0.015340  -0.006455  0.000277
635  -0.028238  -0.000543  0.000798
636  -0.014008  0.024435  0.000793
637  0.015422  -0.023168  0.000775
638  0.013693  0.001771  0.000191
639  -0.018578  -0.024336  0.000937
640  -0.012872  -0.008059  0.000231
641  0.007896  0.001893  0.000066
642  0.000847  -0.006344  0.000041
643  -0.013768  0.005728  0.000222
644  0.010696  -0.015364  0.000350
645  0.001570  0.006362  0.000043
646  -0.000449  -0.000360  0.000000
647  -0.010451  0.027528  0.000867
648  0.021284  0.019985  0.000852
649  0.034672  -0.010296  0.001308
650  -0.015278  -0.001163  0.000235
651  -0.005281  0.006465  0.000070
652  0.005913  -0.015805  0.000285
653  0.022068  0.000295  0.000487
654  0.007625  0.019802  0.000450
655  0.014494  0.010719  0.000325
656  -0.006314  -0.023059  0.000572
657  -0.031556  0.001712  0.000999
658  0.027718  0.008158  0.000835
659  -0.029509  -0.004803  0.000894
660  0.006203  0.014974  0.000263
661  -0.006920  -0.031577  0.001045
662  0.033029  -0.014096  0.001290
663  -0.044785  0.000063  0.002006
664  -0.013446  -0.019616  0.000566
665  -0.004585  -0.023628  0.000579
666  0.005880  -0.000377  0.000035
667  0.001054  -0.006514  0.000044
668  -0.001414  -0.002103  0.000006
669  0.013012  -0.009941  0.000268
670  -0.002913  0.001434  0.000011
671  -0.036172  0.016750  0.001589
672  0.018973  -0.034414  0.001544
673  -0.008207  -0.015160  0.000297
674  -0.046996  0.002757  0.002216
675  -0.009390  -0.018681  0.000437
676  -0.000238  -0.026969  0.000727
677  0.002189  -0.000787  0.000005
678  0.000184  -0.022368  0.000500
679  -0.014349  -0.016638  0.000483
680  0.034129  -0.017773  0.001481
681  -0.001101  -0.007746  0.000061
682  0.036565  -0.025045  0.001964
683  0.003612  -0.004840  0.000036
684  -0.003430  0.009954  0.000111
685  -0.007622  -0.025186  0.000692
686  0.026192  -0.003423  0.000698
687  0.003134  -0.007673  0.000069
688  0.027120  0.004383  0.000755
689  0.008521  0.004406  0.000092
690  0.011887  0.004833  0.000165
691  0.011042  0.001238  0.000123
692  -0.010591  -0.003311  0.000123
693  0.031293  0.026159  0.001664
694  -0.002722  0.011581  0.000142
695  -0.015299  -0.017850  0.000553
696  0.016989  0.012128  0.000436
697  0.027921  -0.006629  0.000823
698  0.021983  -0.008594  0.000557
699  0.007186  -0.013571  0.000236
700  0.009901  -0.002637  0.000105
701  -0.013959  -0.032475  0.001249
702  0.015703  0.013433  0.000427
703  0.009432  -0.007824  0.000150
704  0.013667  -0.025317  0.000828
705  -0.007938  0.006832  0.000110
706  0.002468  -0.009725  0.000101
707  0.026110  -0.009316  0.000769
708  0.024402  0.001797  0.000599
709  -0.005012  -0.017946  0.000347
710  -0.018263  -0.002634  0.000340
711  0.005542  -0.023046  0.000562
712  -0.000623  -0.008845  0.000079
713  0.014811  0.036118  0.001524
714  0.023286  -0.020532  0.000964
715  0.005448  -0.003154  0.000040
716  0.019391  0.017065  0.000667
717  0.024372  -0.006531  0.000637
718  -0.010555  -0.008418  0.000182
719  0.012532  0.002465  0.000163
720  0.002600  0.002293  0.000012
721  -0.043772  0.003841  0.001931
722  0.006336  -0.002842  0.000048
723  0.009576  0.007264  0.000144
724  0.003815  -0.004777  0.000037
725  0.017428  -0.012412  0.000458
726  0.016137  0.037465  0.001664
727  -0.005845  -0.026042  0.000712
728  -0.003126  0.005823  0.000044
729  -0.009573  -0.007512  0.000148
730  0.005861  -0.012103  0.000181
731  0.001726  -0.011559  0.000137
732  0.021358  -0.015452  0.000695
733  -0.013194  0.020985  0.000614
734  -0.028030  -0.015355  0.001021
735  -0.035003  -0.020792  0.001657
736  0.022652  -0.025924  0.001185
737  0.004709  0.023639  0.000581
738  -0.008407  0.004005  0.000087
739  -0.012818  -0.027255  0.000907
740  0.000325  0.000838  0.000001
741  -0.046234  0.009154  0.002221
742  0.003910  -0.021086  0.000460
743  -0.004382  -0.038884  0.001531
744  0.000661  0.008478  0.000072
745  0.006561  -0.023231  0.000583
746  0.004150  -0.009887  0.000115
747  -0.007715  0.003345  0.000071
748  -0.000902  -0.007786  0.000061
749  -0.035795  0.006228  0.001320
750  -0.028097  -0.010860  0.000907
751  -0.000707  -0.026837  0.000721
752  0.008008  -0.024551  0.000667
753  0.003671  -0.001655  0.000016
754  -0.016382  0.001548  0.000271
755  -0.018579  -0.041352  0.002055
756  -0.005579  -0.002098  0.000036
757  0.028736  0.001335  0.000828
758  -0.013475  -0.006409  0.000223
759  0.005633  0.005344  0.000060
760  0.033552  -0.014404  0.001333
761  0.037221  0.007011  0.001435
762  0.006174  0.033911  0.001188
763  -0.004877  -0.034539  0.001217
764  0.010664  -0.006331  0.000154
765  -0.010442  0.023211  0.000648
766  0.017314  0.018608  0.000646
767  -0.001060  -0.005715  0.000034
768  0.005692  0.010081  0.000134
769  -0.001053  -0.003036  0.000010
770  0.015974  0.022667  0.000769
771  -0.020526  -0.002127  0.000426
772  -0.013009  0.022513  0.000676
773  -0.019505  -0.029802  0.001269
774  0.019873  0.045411  0.002457
775  0.017923  -0.015847  0.000572
776  0.009399  0.011538  0.000221
777  0.009929  -0.023336  0.000643
778  0.012486  -0.000241  0.000156
779  0.032932  0.006634  0.001129
780  0.011830  -0.002707  0.000147
781  0.024124  -0.004479  0.000602
782  -0.009408  -0.008012  0.000153
783  -0.001259  -0.028224  0.000798
784  0.028996  0.023593  0.001397
785  0.010250  -0.021082  0.000550
786  -0.018810  -0.018029  0.000679
787  -0.004639  0.013598  0.000206
788  0.005392  0.000194  0.000029
789  -0.015862  0.019130  0.000618
790  -0.018016  -0.005224  0.000352
791  -0.027924  0.004897  0.000804
792  0.020129  0.025052  0.001033
793  -0.007509  -0.006021  0.000093
794  0.014468  0.003437  0.000221
795  -0.013574  -0.012109  0.000331
796  0.021950  0.017106  0.000774
797  -0.015839  -0.003174  0.000261
798  -0.042614  0.021913  0.002296
799  -0.009530  -0.017606  0.000401
800  0.030590  -0.006519  0.000978
801  0.013189  0.003655  0.000187
802  -0.029542  0.012736  0.001035
803  0.016778  0.001992  0.000285
804  -0.001974  -0.018637  0.000351
805  0.010071  -0.010458  0.000211
806  0.010092  0.031271  0.001080
807  -0.020292  0.009523  0.000502
808  0.038162  -0.012557  0.001614
809  0.012205  0.011454  0.000280
810  -0.001301  0.037929  0.001440
811  -0.020640  0.008506  0.000498
812  -0.017658  -0.004132  0.000329
813  -0.013224  -0.005000  0.000200
814  -0.027133  -0.016565  0.001011
815  -0.015356  0.023367  0.000782
816  -0.001426  -0.040544  0.001646
817  0.024578  0.002112  0.000609
818  0.001235  0.018249  0.000335
819  0.044586  0.035157  0.003224
820  0.028975  0.024512  0.001440
821  -0.000438  -0.019672  0.000387
822  0.024594  -0.038047  0.002052
823  0.003035  0.007941  0.000072
824  0.003779  -0.045052  0.002044
825  0.002334  -0.003496  0.000018
826  -0.004243  -0.021214  0.000468
827  0.007951  0.035554  0.001327
828  -0.008226  -0.020829  0.000502
829  -0.022628  -0.028415  0.001319
830  -0.003430  -0.043827  0.001933
831  -0.012085  -0.015034  0.000372
832  -0.040434  -0.003277  0.001646
833  0.020717  -0.018561  0.000774
834  -0.001882  -0.007204  0.000055
835  0.036582  0.003008  0.001347
836  0.011894  -0.004478  0.000162
837  0.026532  0.057675  0.004030
838  -0.022843  0.011045  0.000644
839  -0.014056  -0.015376  0.000434
840  0.002077  0.043836  0.001926
841  -0.050665  0.004624  0.002588
842  -0.013849  -0.028019  0.000977
843  0.023666  -0.001597  0.000563
844  -0.018930  -0.031745  0.001366
845  0.029707  -0.034498  0.002073
846  0.008841  0.023986  0.000653
847  -0.022556  -0.008830  0.000587
848  0.015605  0.006556  0.000286
849  -0.013862  -0.004941  0.000217
850  -0.006808  -0.014612  0.000260
851  0.040057  0.018604  0.001951
852  -0.017420  -0.041436  0.002020
853  -0.012687  -0.028934  0.000998
854  0.018532  0.010152  0.000447
855  0.003070  -0.000535  0.000010
856  -0.006665  0.005275  0.000072
857  0.037096  0.014346  0.001582
858  0.004402  -0.020619  0.000445
859  0.010881  0.007221  0.000171
860  -0.005382  -0.017619  0.000339
861  -0.004587  -0.013171  0.000195
862  -0.028151  0.003691  0.000806
863  -0.010857  0.025348  0.000760
864  0.006786  -0.013415  0.000226
865  -0.004714  -0.022747  0.000540
866  -0.029100  -0.028560  0.001662
867  0.003497  -0.017055  0.000303
868  -0.010270  0.014169  0.000306
869  -0.025374  -0.049046  0.003049
870  0.013040  0.002713  0.000177
871  0.011854  0.000394  0.000141
872  0.019779  -0.012414  0.000545
873  -0.006174  -0.035921  0.001328
874  -0.019549  -0.031263  0.001360
875  -0.024224  -0.008712  0.000663
876  0.008105  -0.034583  0.001262
877  0.035769  -0.002314  0.001285
878  -0.007619  0.017882  0.000378
879  0.005994  -0.001572  0.000038
880  -0.011623  0.015084  0.000363
881  0.017925  0.023150  0.000857
882  0.040990  0.006256  0.001719
883  0.012467  -0.015304  0.000390
884  -0.027399  -0.004844  0.000774
885  -0.027615  0.006526  0.000805
886  -0.011256  0.010859  0.000245
887  0.009489  -0.029969  0.000988
888  -0.031598  0.002998  0.001007
889  -0.003837  0.011559  0.000148
890  0.002687  0.009432  0.000096
891  -0.026858  -0.010474  0.000831
892  0.055768  0.023232  0.003650
893  -0.010211  -0.001655  0.000107
894  0.002937  -0.001892  0.000012
895  -0.013713  -0.034294  0.001364
896  0.004911  -0.006957  0.000073
897  -0.016721  -0.029173  0.001131
898  0.018491  -0.019159  0.000709
899  -0.022376  0.010101  0.000603
900  0.015164  -0.005029  0.000255
901  -0.020898  0.064157  0.004553
902  -0.024707  -0.026517  0.001314
903  0.036386  -0.025175  0.001958
904  0.017127  -0.040650  0.001946
905  0.016562  -0.031353  0.001257
906  -0.010160  -0.001367  0.000105
907  -0.012669  -0.036784  0.001514
908  0.017217  -0.020051  0.000698
909  -0.001658  -0.014807  0.000222
910  0.004524  0.020052  0.000423
911  0.028319  0.001771  0.000805
912  0.024903  0.002658  0.000627
913  -0.028625  0.015725  0.001067
914  -0.006527  0.029929  0.000938
915  -0.023941  0.004462  0.000593
916  0.024980  -0.029321  0.001484
917  -0.003011  0.036978  0.001376
918  0.012578  -0.001663  0.000161
919  0.012792  0.008961  0.000244
920  -0.020334  0.000438  0.000414
921  0.003233  0.002915  0.000019
922  -0.006527  -0.002676  0.000050
923  -0.021004  0.015400  0.000678
924  0.005689  -0.022494  0.000538
925  -0.000799  0.005161  0.000027
926  -0.022806  -0.009164  0.000604
927  0.044317  0.021616  0.002431
928  -0.001988  -0.009410  0.000093
929  0.015946  -0.017409  0.000557
930  -0.001854  -0.012970  0.000172
931  0.026459  0.016123  0.000960
932  0.012924  -0.012406  0.000321
933  -0.008657  0.003050  0.000084
934  0.015774  -0.028596  0.001067
935  0.039974  0.042789  0.003429
936  -0.015965  -0.043425  0.002141
937  -0.002079  -0.001153  0.000006
938  -0.019916  -0.014577  0.000609
939  0.015844  -0.003757  0.000265
940  0.013743  0.006503  0.000231
941  -0.033909  -0.003141  0.001160
942  0.005744  -0.018377  0.000371
943  0.014167  -0.014331  0.000406
944  -0.004377  0.005435  0.000049
945  -0.042908  -0.017417  0.002144
946  0.013908  -0.010465  0.000303
947  -0.002891  0.005019  0.000034
948  -0.015622  -0.023043  0.000775
949  -0.016405  0.019180  0.000637
950  0.023302  -0.013605  0.000728
951  0.000723  0.002351  0.000006
952  0.011270  0.001819  0.000130
953  0.009499  0.019801  0.000482
954  0.023789  -0.037124  0.001944
955  0.003417  0.025486  0.000661
956  -0.005042  -0.026463  0.000726
957  0.013670  -0.031787  0.001197
958  0.012870  -0.016464  0.000437
959  -0.006059  -0.035955  0.001329
960  0.012405  0.028680  0.000976
961  -0.018870  0.017274  0.000654
962  -0.037648  -0.015717  0.001664
963  -0.019644  0.010370  0.000493
964  -0.006780  0.009201  0.000131
965  0.005403  0.028777  0.000857
966  -0.002326  -0.017291  0.000304
967  0.000364  0.029131  0.000849
968  0.002782  0.019178  0.000376
969  -0.046103  -0.000770  0.002126
970  0.002456  0.010745  0.000121
971  0.000119  0.000135  0.000000
972  0.003290  0.001181  0.000012
973  -0.024510  -0.031911  0.001619
974  -0.018154  -0.011586  0.000464
975  -0.008784  -0.028903  0.000913
976  -0.000140  -0.006091  0.000037
977  -0.004201  0.010101  0.000120
978  -0.018052  -0.000818  0.000327
979  -0.035685  -0.002835  0.001281
980  0.012310  -0.051526  0.002806
981  -0.009394  0.003001  0.000097
982  0.016565  -0.000507  0.000275
983  0.010370  0.039305  0.001652
984  0.006633  0.035368  0.001295
985  -0.007627  -0.002658  0.000065
986  0.016722  -0.019117  0.000645
987  0.012260  0.001017  0.000151
988  0.008323  -0.053688  0.002952
989  -0.001606  -0.001533  0.000005
990  -0.030154  0.003681  0.000923
991  -0.004145  0.008664  0.000092
992  0.005694  0.013382  0.000211
993  0.029273  -0.005869  0.000891
994  0.008847  0.006238  0.000117
995  -0.002488  -0.006252  0.000045
996  -0.002084  0.024328  0.000596
997  -0.011668  0.006074  0.000173
998  -0.005324  -0.004469  0.000048
999  0.043236  0.025958  0.002543
1000  -0.004910  0.033071  0.001118
1001  -0.023918  -0.011192  0.000697
1002  -0.012944  0.014648  0.000382
1003  0.001229  -0.010052  0.000103
1004  0.000317  -0.015989  0.000256
1005  -0.002121  0.003546  0.000017
1006  -0.009498  0.009037  0.000172
1007  -0.003126  -0.021598  0.000476
1008  0.021301  0.025512  0.001105
1009  0.008836  0.001890  0.000082
1010  -0.007876  0.000303  0.000062
1011  0.001366  0.020923  0.000440
1012  -0.010098  0.023384  0.000649
1013  -0.025661  -0.000595  0.000659
1014  0.001295  0.026543  0.000706
1015  0.008668  0.004758  0.000098
1016  0.042964  -0.008105  0.001912
1017  0.051748  0.035455  0.003935
1018  0.019982  0.039169  0.001933
1019  -0.015367  0.041308  0.001943
1020  -0.007891  0.009744  0.000157
1021  -0.014195  0.002055  0.000206
1022  0.050434  0.028022  0.003329
1023  0.001637  -0.013212  0.000177
1024  0.008456  -0.005820  0.000105
1025  0.004371  -0.003983  0.000035
1026  0.003590  0.028502  0.000825
1027  0.004890  -0.006076  0.000061
1028  0.036894  -0.034000  0.002517
1029  0.025865  0.007304  0.000722
1030  -0.014021  -0.013417  0.000377
1031  0.022979  -0.014077  0.000726
1032  -0.030870  -0.004631  0.000974
1033  -0.001576  -0.035883  0.001290
1034  0.000596  -0.006907  0.000048
1035  -0.015815  -0.036779  0.001603
1036  0.034819  0.025243  0.001850
1037  -0.006444  0.032861  0.001121
1038  0.019930  -0.002436  0.000403
1039  0.012861  -0.016714  0.000445
1040  0.038652  -0.018763  0.001846
1041  0.003682  0.005686  0.000046
1042  0.008934  -0.009712  0.000174
1043  0.004711  0.008408  0.000093
1044  -0.007274  -0.010524  0.000164
1045  0.012725  0.007040  0.000211
1046  -0.025174  -0.000857  0.000634
1047  -0.000984  -0.003509  0.000013
1048  -0.022395  -0.023902  0.001073
1049  0.000852  0.003573  0.000013
1050  -0.002718  -0.015980  0.000263
1051  0.007587  -0.065132  0.004300
1052  0.005678  0.023436  0.000581
1053  -0.036578  0.020538  0.001760
1054  -0.027839  0.001540  0.000777
1055  -0.055942  0.020370  0.003544
1056  -0.011462  -0.016306  0.000397
1057  -0.018715  -0.034559  0.001545
1058  0.001964  0.005153  0.000030
1059  0.006978  -0.010165  0.000152
1060  0.002963  -0.036774  0.001361
1061  0.052769  0.026285  0.003476
1062  0.037858  -0.024647  0.002041
1063  -0.000803  0.019796  0.000393
1064  -0.017028  0.015456  0.000529
1065  -0.019142  -0.019210  0.000735
1066  -0.002060  0.021163  0.000452
1067  0.037681  0.012704  0.001581
1068  -0.039963  -0.003452  0.001609
1069  0.033252  -0.033531  0.002230
1070  -0.016146  0.057956  0.003620
1071  -0.010611  0.029895  0.001006
1072  -0.014252  0.006939  0.000251
1073  -0.009631  0.030071  0.000997
1074  -0.005406  -0.016942  0.000316
1075  0.004846  -0.039865  0.001613
1076  0.014292  0.008971  0.000285
1077  0.020831  -0.028493  0.001246
1078  -0.003566  -0.028406  0.000820
1079  -0.012929  0.016661  0.000445
1080  0.024507  0.029224  0.001455
1081  -0.010206  -0.024434  0.000701
1082  0.045811  0.011879  0.002240
1083  -0.007712  0.016426  0.000329
1084  -0.016480  -0.024241  0.000859
1085  -0.007023  -0.025194  0.000684
1086  -0.005339  -0.033790  0.001170
1087  0.017470  0.010578  0.000417
1088  -0.048834  0.001473  0.002387
1089  -0.028390  0.002304  0.000811
1090  0.028974  0.001354  0.000841
1091  -0.048220  -0.015876  0.002577
1092  0.076278  0.023075  0.006351
1093  -0.009345  0.021013  0.000529
1094  0.014081  -0.011583  0.000332
1095  -0.012162  -0.001839  0.000151
1096  0.037700  0.003344  0.001432
1097  -0.002989  -0.007363  0.000063
1098  0.013205  -0.008064  0.000239
1099  0.033393  -0.031284  0.002094
1100  -0.033689  -0.057737  0.004469
1101  -0.018164  -0.008013  0.000394
1102  0.015965  0.022810  0.000775
1103  -0.011426  -0.037330  0.001524
1104  0.026231  -0.016064  0.000946
1105  -0.026922  0.000569  0.000725
1106  -0.015142  -0.012054  0.000375
1107  0.005733  0.013517  0.000216
1108  0.016681  0.018779  0.000631
1109  -0.041149  -0.001565  0.001696
1110  -0.030467  -0.030743  0.001873
1111  -0.006989  -0.027471  0.000804
1112  -0.001492  0.009500  0.000092
1113  -0.011676  -0.006553  0.000179
1114  0.007939  0.019812  0.000456
1115  -0.024143  -0.001065  0.000584
1116  0.004604  0.028037  0.000807
1117  0.024694  -0.003252  0.000620
1118  0.024111  0.005185  0.000608
1119  0.003230  -0.045087  0.002043
1120  0.022208  0.016829  0.000776
1121  0.029745  0.036313  0.002203
1122  -0.007599  -0.047663  0.002330
1123  -0.029390  0.058540  0.004291
1124  -0.006443  0.018504  0.000384
1125  0.043487  0.006321  0.001931
1126  -0.014757  -0.014309  0.000423
1127  -0.001943  -0.037511  0.001411
1128  -0.011130  0.007750  0.000184
1129  -0.001111  -0.043483  0.001892
1130  -0.004533  -0.028396  0.000827
1131  0.009817  -0.011514  0.000229
1132  0.023903  0.000593  0.000572
1133  0.007728  -0.034153  0.001226
1134  0.027223  -0.005180  0.000768
1135  -0.003622  -0.006589  0.000057
1136  0.004574  -0.006144  0.000059
1137  -0.025019  0.023456  0.001176
1138  -0.033041  -0.003496  0.001104
1139  -0.040458  0.036708  0.002984
1140  0.013359  -0.024856  0.000796
1141  -0.014742  -0.020282  0.000629
1142  0.031695  -0.007671  0.001063
1143  0.006985  0.017771  0.000365
1144  -0.020540  0.029985  0.001321
1145  0.028845  0.021754  0.001305
1146  0.020818  0.037462  0.001837
1147  -0.016318  -0.003791  0.000281
1148  -0.012072  -0.026223  0.000833
1149  -0.000509  0.002187  0.000005
1150  0.009717  -0.001747  0.000097
1151  0.005212  -0.032404  0.001077
1152  -0.013817  0.002547  0.000197
1153  0.042881  0.048549  0.004196
1154  -0.020396  0.004204  0.000434
1155  -0.027947  -0.003302  0.000792
1156  -0.011874  -0.043475  0.002031
1157  0.020417  0.002504  0.000423
1158  0.004304  0.014621  0.000232
1159  -0.030793  0.069843  0.005826
1160  -0.018366  0.017259  0.000635
1161  -0.000696  0.046168  0.002132
1162  0.030003  -0.012834  0.001065
1163  -0.002151  -0.002485  0.000011
1164  0.010374  0.006853  0.000155
1165  -0.014621  -0.034785  0.001424
1166  0.005630  -0.006390  0.000073
1167  -0.003449  0.018305  0.000347
1168  -0.023851  -0.000306  0.000569
1169  -0.025062  0.004231  0.000646
1170  0.000435  0.040542  0.001644
1171  -0.012685  0.001379  0.000163
1172  0.051783  -0.007382  0.002736
1173  0.001358  0.032202  0.001039
1174  -0.005542  0.018156  0.000360
1175  -0.073762  0.038052  0.006889
1176  0.018360  0.050634  0.002901
1177  0.022468  0.073746  0.005943
1178  -0.062058  -0.020332  0.004265
1179  -0.068834  0.005394  0.004767
1180  0.010714  -0.007810  0.000176
1181  -0.021204  -0.017207  0.000746
1182  0.039929  -0.009181  0.001679
1183  0.002566  -0.059892  0.003594
1184  0.007674  -0.012192  0.000208
1185  -0.013343  -0.011289  0.000305
1186  0.027793  0.004670  0.000794
1187  -0.021995  -0.005874  0.000518
1188  0.000775  0.002648  0.000008
1189  0.018885  -0.001490  0.000359
1190  0.046424  0.002968  0.002164
1191  -0.000206  -0.000231  0.000000
1192  -0.023129  -0.015665  0.000780
1193  0.024565  -0.000843  0.000604
1194  -0.022419  0.004397  0.000522
1195  0.005940  -0.021566  0.000500
1196  0.025638  -0.002168  0.000662
1197  -0.035814  0.002929  0.001291
1198  -0.062330  -0.018402  0.004224
1199  -0.021650  0.019339  0.000843
1200  0.060722  -0.010468  0.003797
1201  -0.020119  0.011129  0.000529
1202  0.015637  -0.005489  0.000275
1203  0.041581  -0.037127  0.003107
1204  0.012065  0.033790  0.001287
1205  -0.023041  0.003564  0.000544
1206  0.025101  -0.020640  0.001056
1207  0.033309  -0.037185  0.002492
1208  0.072596  -0.001094  0.005271
1209  -0.026274  -0.011230  0.000816
1210  -0.014475  0.012476  0.000365
1211  -0.014240  -0.003044  0.000212
1212  -0.046156  0.020118  0.002535
1213  -0.000987  0.022193  0.000493
1214  -0.017685  0.022407  0.000815
1215  -0.028544  0.022271  0.001311
1216  0.040034  -0.044849  0.003614
1217  0.045351  -0.013395  0.002236
1218  -0.012747  0.048233  0.002489
1219  0.001269  -0.012915  0.000168
1220  0.034100  -0.045944  0.003274
1221  0.018477  -0.045510  0.002413
1222  -0.022784  -0.021124  0.000965
1223  -0.010918  -0.000839  0.000120
1224  0.011914  -0.040196  0.001758
1225  -0.006285  -0.019839  0.000433
1226  -0.031404  0.015821  0.001237
1227  0.025503  -0.021225  0.001101
1228  -0.015635  -0.040594  0.001892
1229  0.026583  -0.016028  0.000964
1230  -0.018515  -0.040931  0.002018
1231  -0.050815  -0.024868  0.003201
1232  -0.010737  0.047660  0.002387
1233  -0.089822  0.000492  0.008068
1234  -0.020165  -0.015385  0.000643
1235  -0.024508  0.008913  0.000680
1236  -0.023086  0.021896  0.001012
1237  -0.037599  0.061629  0.005212
1238  0.047970  0.002258  0.002306
1239  -0.024404  -0.020518  0.001017
1240  -0.024917  -0.068394  0.005299
1241  0.011153  -0.018054  0.000450
1242  -0.005068  0.002012  0.000030
1243  -0.047546  0.017316  0.002560
1244  -0.040716  -0.025218  0.002294
1245  -0.025160  -0.016668  0.000911
1246  0.026313  -0.021849  0.001170
1247  -0.050830  -0.024959  0.003207
1248  -0.015072  0.000149  0.000227
1249  0.030169  -0.031157  0.001881
1250  0.000498  -0.008516  0.000073
1251  -0.011497  -0.011255  0.000259
1252  0.016223  0.015690  0.000509
1253  0.014751  0.043653  0.002123
1254  -0.063214  -0.022935  0.004522
1255  -0.015379  0.013592  0.000421
1256  0.024842  -0.004816  0.000640
1257  -0.003843  0.021551  0.000479
1258  0.002317  -0.041566  0.001733
1259  -0.013084  0.001383  0.000173
1260  -0.016942  -0.000549  0.000287
1261  0.007434  -0.058374  0.003463
1262  -0.035138  -0.007819  0.001296
1263  0.005835  -0.015938  0.000288
1264  0.019142  0.067791  0.004962
1265  0.010926  -0.015698  0.000366
1266  -0.023822  -0.032065  0.001596
1267  0.025144  -0.025911  0.001304
1268  -0.003506  0.021094  0.000457
1269  -0.011460  0.029546  0.001004
1270  0.005168  -0.035259  0.001270
1271  0.072916  -0.012279  0.005467
1272  -0.026816  -0.037090  0.002095
1273  -0.004494  -0.028936  0.000858
1274  -0.059857  0.063357  0.007597
1275  0.008539  -0.024148  0.000656
1276  -0.036966  0.000690  0.001367
1277  0.052668  -0.025715  0.003435
1278  -0.021901  -0.000679  0.000480
1279  0.025475  0.032748  0.001721
1280  -0.016757  0.021838  0.000758
1281  -0.023021  -0.020475  0.000949
1282  0.012232  -0.036553  0.001486
1283  -0.019867  0.057864  0.003743
1284  -0.014751  -0.018541  0.000561
1285  0.037847  0.075017  0.007060
1286  -0.030163  -0.000755  0.000910
1287  0.075385  0.031227  0.006658
1288  -0.026124  0.035648  0.001953
1289  0.009459  -0.002490  0.000096
1290  0.024313  -0.021393  0.001049
1291  -0.020376  0.007675  0.000474
1292  -0.018723  -0.050146  0.002865
1293  0.010288  -0.017363  0.000407
1294  0.040987  -0.014309  0.001885
1295  0.022745  0.047733  0.002796
1296  -0.056024  0.019286  0.003511
1297  0.010830  -0.055933  0.003246
1298  0.060475  0.038604  0.005148
1299  -0.034328  0.025567  0.001832
1300  -0.001192  0.034772  0.001211
1301  0.029059  -0.009809  0.000941
1302  0.009004  0.026811  0.000800
1303  -0.040407  -0.037642  0.003050
1304  -0.005488  0.069094  0.004804
1305  0.013416  0.027139  0.000917
1306  -0.005597  -0.026500  0.000734
1307  0.009760  -0.042249  0.001880
1308  -0.008413  0.057279  0.003352
1309  0.078228  -0.001425  0.006122
1310  0.015594  0.019729  0.000632
1311  0.012751  0.033168  0.001263
1312  -0.002915  -0.006160  0.000046
1313  -0.004384  -0.000437  0.000019
1314  0.040642  -0.042338  0.003444
1315  0.023586  -0.076356  0.006387
1316  -0.029965  -0.011680  0.001034
1317  0.020291  0.029309  0.001271
1318  -0.070261  0.035592  0.006203
1319  -0.031564  0.010877  0.001115
1320  -0.019242  0.038980  0.001890
1321  -0.036461  0.031626  0.002330
1322  -0.132467  -0.061732  0.021358
1323  -0.005481  0.051443  0.002676
1324  0.011139  -0.005547  0.000155
1325  -0.029423  -0.008176  0.000933
1326  0.009177  -0.030155  0.000994
1327  -0.022226  0.037263  0.001883
1328  -0.076759  -0.061300  0.009650
1329  0.004807  0.005009  0.000048
1330  -0.068048  0.006008  0.004667
1331  0.010442  -0.005962  0.000145
1332  -0.041337  -0.024250  0.002297
1333  0.072271  0.005922  0.005258
1334  0.011812  -0.009445  0.000229
1335  -0.025179  -0.012950  0.000802
1336  -0.060223  0.079240  0.009906
1337  -0.078252  -0.060898  0.009832
1338  -0.083016  0.039933  0.008486
1339  0.026364  -0.017607  0.001005
1340  -0.031882  -0.001499  0.001019
1341  0.020488  -0.043734  0.002332
1342  -0.012163  0.030064  0.001052
1343  0.140403  -0.021265  0.020165
1344  0.056564  -0.017985  0.003523
1345  0.013227  -0.042376  0.001971
1346  -0.002758  -0.041720  0.001748
1347  -0.041240  0.009092  0.001783
1348  0.006101  0.007207  0.000089
1349  0.024230  0.005393  0.000616
1350  -0.002721  -0.070150  0.004928
1351  0.022623  0.018482  0.000853
1352  0.003799  -0.039604  0.001583
1353  -0.034636  0.099555  0.011111
1354  0.027698  0.017130  0.001061
1355  0.017928  -0.041576  0.002050
1356  -0.052190  0.060617  0.006398
1357  0.036575  0.077576  0.007356
1358  -0.007877  0.040097  0.001670
1359  0.021053  0.069204  0.005232
1360  0.036218  -0.035790  0.002593
1361  -0.034068  -0.021675  0.001630
1362  0.062208  0.030028  0.004772
1363  0.030265  -0.013968  0.001111
1364  -0.042584  0.165685  0.029265
1365  -0.083459  -0.059620  0.010520
1366  0.065992  0.049715  0.006827
1367  -0.033578  -0.022058  0.001614
1368  0.014672  0.064824  0.004417
1369  -0.025563  0.035217  0.001894
1370  -0.039239  -0.022595  0.002050
1371  0.061034  -0.016444  0.003996
1372  0.038335  -0.011893  0.001611
1373  -0.101678  -0.104082  0.021171
1374  -0.038827  -0.056083  0.004653
1375  0.038592  0.035686  0.002763
1376  0.044769  0.023350  0.002549
1377  0.001387  -0.009601  0.000094
1378  -0.055119  -0.003325  0.003049
1379  0.011814  -0.024381  0.000734
1380  0.081314  -0.016831  0.006895
1381  -0.038753  -0.044356  0.003469
1382  -0.034814  0.031303  0.002192
1383  0.090961  -0.010522  0.008385
1384  -0.029703  0.054318  0.003833
1385  0.049259  -0.106966  0.013868
1386  0.000806  -0.025846  0.000669
1387  0.006738  0.022300  0.000543
1388  -0.050594  0.053206  0.005391
1389  0.020901  0.007672  0.000496
1390  -0.039062  0.058523  0.004951
1391  0.120162  0.056481  0.017629
1392  0.067686  -0.131334  0.021830
1393  0.014092  0.045535  0.002272
1394  0.033876  -0.020485  0.001567
1395  0.114385  -0.034325  0.014262
1396  0.110693  -0.002087  0.012257
1397  0.063519  0.018757  0.004387
1398  -0.146336  0.037504  0.022821
1399  0.013492  0.008267  0.000250
1400  0.103241  -0.026832  0.011379
1401  -0.014393  0.011828  0.000347
1402  0.089935  -0.003593  0.008101
1403  0.154939  -0.098154  0.033640
1404  0.144682  -0.059864  0.024517
1405  -0.063973  0.069856  0.008972
1406  0.032015  0.086407  0.008491
1407  0.067406  0.003728  0.004557
1408  0.063362  0.154747  0.027961
1409  -0.047904  0.094493  0.011224
1410  -0.037012  0.047298  0.003607
1411  0.038817  0.090985  0.009785
1412  -0.042616  0.060161  0.005435
1413  0.070570  -0.105946  0.016205
1414  0.059212  -0.073838  0.008958
1415  0.051671  0.054576  0.005648
1416  -0.068385  0.168693  0.033134
1417  -0.027936  0.143154  0.021274
1418  -0.136690  0.154068  0.042421
1419  0.033354  0.010281  0.001218
1420  -0.079084  0.080253  0.012695
1421  -0.015999  -0.179363  0.032427
1422  0.041404  0.000899  0.001715
1423  -0.023421  0.043142  0.002410
1424  -0.039501  -0.017574  0.001869
1425  -0.059040  0.087535  0.011148
1426  -0.014697  -0.129725  0.017045
1427  0.103286  -0.126234  0.026603
1428  0.000630  0.011301  0.000128
1429  0.186912  -0.017772  0.035252
1430  0.003765  0.056202  0.003173
1431  -0.078101  0.067043  0.010595
1432  -0.125659  0.043901  0.017717
1433  0.034636  0.107547  0.012766
1434  -0.188984  0.026091  0.036396
1435  -0.014338  -0.062850  0.004156
1436  0.000950  -0.055734  0.003107
1437  -0.068730  -0.048811  0.007106
1438  0.041029  -0.019539  0.002065
1439  0.082599  -0.121421  0.021566
1440  0.032156  0.012404  0.001188
1441  0.191703  0.083671  0.043751
1442  -0.072618  0.019064  0.005637
1443  0.252807  -0.107161  0.075395
1444  0.068607  0.133580  0.022550
1445  -0.000213  -0.064852  0.004206
1446  -0.250660  0.063480  0.066860
1447  0.034137  0.009055  0.001247
1448  -0.082164  0.118420  0.020774
1449  -0.076630  0.135063  0.024114
1450  0.128364  -0.134065  0.034451
1451  -0.011069  -0.044247  0.002080
1452  0.032519  -0.026905  0.001781
1453  0.065862  0.166525  0.032068
1454  -0.159939  -0.085244  0.032847
1455  -0.037481  0.160571  0.027188
1456  0.039804  -0.023245  0.002125
1457  0.121064  0.110310  0.026825
1458  -0.074734  -0.127928  0.021951
1459  0.094581  -0.079052  0.015195
1460  -0.044028  -0.072456  0.007188
1461  0.063302  0.088579  0.011853
1462  -0.122261  0.101419  0.025234
1463  -0.029294  -0.187143  0.035881
1464  0.104556  -0.187218  0.045983
1465  0.246288  -0.080145  0.067081
1466  -0.056707  -0.044469  0.005193
1467  0.064252  -0.157266  0.028861
1468  0.281296  0.031299  0.080107
1469  0.018467  0.008004  0.000405
1470  -0.254051  0.298714  0.153772
1471  -0.143645  -0.050597  0.023194
1472  -0.129136  -0.083097  0.023581
1473  0.053001  0.069648  0.007660
1474  -0.182356  0.011240  0.033380
1475  0.132126  -0.101843  0.027829
1476  -0.044600  0.235788  0.057585
1477  0.177597  -0.035549  0.032805
1478  -0.028610  -0.013917  0.001012
1479  -0.130556  0.001681  0.017048
1480  -0.210758  0.066261  0.048809
1481  -0.053435  -0.239464  0.060198
1482  -0.003055  -0.124770  0.015577
1483  0.058648  0.012022  0.003584
1484  -0.196006  -0.020831  0.038852
1485  0.191582  0.103305  0.047376
1486  0.291280  -0.273867  0.159847
1487  0.094845  0.036892  0.010357
1488  -0.100619  0.027679  0.010890
1489  0.066641  0.031851  0.005455
1490  0.101554  -0.047757  0.012594
1491  0.231297  0.000144  0.053498
1492  -0.061721  0.257746  0.070243
1493  0.197289  -0.100268  0.048977
1494  -0.040756  0.269380  0.074226
1495  -0.190483  0.271807  0.110163
1496  -0.039116  -0.246487  0.062286
1497  -0.186058  0.027253  0.035360
1498  0.238312  -0.166186  0.084410
1499  -0.304768  -0.088741  0.100758
1500  0.154820  -0.066919  0.028448
1501  0.233342  0.100226  0.064494
1502  -0.179118  0.220256  0.080596
1503  0.175611  0.150291  0.053427
1504  -0.340776  0.197259  0.155039
1505  -0.395176  -0.315659  0.255804
1506  0.042589  -0.230436  0.054915
1507  -0.033082  -0.132258  0.018587
1508  -0.165976  0.307193  0.121915
1509  0.093538  0.074521  0.014303
1510  -0.392436  0.135585  0.172389
1511  -0.073451  0.033421  0.006512
1512  -0.131685  -0.348815  0.139013
1513  -0.121810  -0.098331  0.024507
1514  -0.267658  -0.347024  0.192066
1515  0.127900  0.008779  0.016436
1516  -0.135148  -0.129431  0.035017
1517  -0.042052  0.110803  0.014046
1518  -0.176158  -0.068543  0.035730
1519  0.196430  -0.158627  0.063747
1520  -0.203457  0.059783  0.044969
1521  -0.149765  0.180969  0.055179
1522  0.016410  -0.165943  0.027806
1523  -0.167687  0.150148  0.050663
1524  0.033670  0.135210  0.019415
1525  -0.125642  -0.088411  0.023602
1526  -0.061183  0.721683  0.524569
1527  0.024134  0.228206  0.052660
1528  -0.079954  0.048003  0.008697
1529  -0.375145  0.029832  0.141623
1530  -0.169418  -0.184151  0.062614
1531  0.313925  0.260349  0.166330
1532  -0.829365  -0.040874  0.689517
1533  -0.503838  -0.342518  0.371172
1534  -0.343038  -0.377117  0.259892
1535  0.172396  -0.027146  0.030457
1536  0.133987  -0.378650  0.161328
1537  -0.212178  -0.224080  0.095231
1538  -0.513887  0.239535  0.321457
1539  0.221849  -0.287019  0.131597
1540  -0.324716  0.176303  0.136523
1541  0.140844  -0.075665  0.025562
1542  0.065992  -0.237180  0.060609
1543  0.086142  -0.306403  0.101303
1544  -0.510886  0.201009  0.301409
1545  -0.316187  0.304549  0.192724
1546  -0.009567  -0.317118  0.100655
1547  -0.184944  -0.000986  0.034205
1548  0.194484  0.307643  0.132468
1549  -0.150327  0.291369  0.107494
1550  0.576645  0.214518  0.378537
1551  0.093159  0.110356  0.020857
1552  -0.516266  -0.215970  0.313173
1553  0.205614  -0.291072  0.127000
1554  -0.297777  -0.418067  0.263451
1555  0.126783  0.426909  0.198325
1556  0.069959  -0.244919  0.064880
1557  0.234028  0.543507  0.350169
1558  0.016743  0.130739  0.017373
1559  -0.377824  -0.012456  0.142906
1560  -0.024115  -0.516705  0.267565
1561  -0.015755  0.024320  0.000840
1562  0.486372  -0.542843  0.531236
1563  0.281080  0.033301  0.080115
1564  -0.139761  -0.409566  0.187278
1565  0.515153  -0.127475  0.281632
1566  0.792739  0.105522  0.639571
1567  0.176453  -0.326555  0.137774
1568  0.194225  -0.185696  0.072206
1569  0.162821  0.212562  0.071693
1570  0.365696  0.122162  0.148657
1571  -0.041051  0.781597  0.612580
1572  0.614240  -0.221419  0.426317
1573  0.370359  0.268570  0.209296
1574  -0.156050  -0.193132  0.061652
1575  -0.014042  0.454871  0.207105
1576  -0.181262  -0.177195  0.064254
1577  -0.198761  -0.242821  0.098468
1578  0.384966  0.353363  0.273064
1579  0.444972  -0.241970  0.256550
1580  -0.598416  0.667548  0.803723
1581  -0.361231  -0.339223  0.245560
1582  0.518729  -0.592949  0.620668
1583  -0.418622  0.186687  0.210096
1584  -0.090871  0.364414  0.141055
1585  -0.252508  -0.269914  0.136614
1586  0.072378  -0.008768  0.005315
1587  -0.468048  -0.185677  0.253545
1588  -0.135924  -0.105908  0.029692
1589  -0.234141  0.097324  0.064294
1590  0.117865  -0.419191  0.189614
1591  0.347318  -0.040493  0.122270
1592  0.194421  -0.519771  0.307962
1593  -0.414482  0.437069  0.362825
1594  -0.402980  -0.322604  0.266467
1595  -1.003648  0.285633  1.088895
1596  -0.047765  -0.594361  0.355547
1597  0.170748  -0.533593  0.313877
1598  0.862355  -0.246481  0.804409
1599  0.458702  -0.149779  0.232841
1600  -0.224831  -0.254118  0.115125
1601  -0.295703  0.652167  0.512762
1602  0.499917  0.374837  0.390420
1603  0.103136  0.369764  0.147363
1604  0.247443  -0.370249  0.198312
1605  -0.776744  -0.262397  0.672183
1606  0.081108  0.320001  0.108979
1607  0.538091  -0.455419  0.496948
1608  -0.013180  -0.675239  0.456122
1609  0.258145  0.360757  0.196784
1610  0.179843  0.009934  0.032442
1611  0.185775  -0.141206  0.054452
1612  -0.016309  0.181515  0.033213
1613  0.472996  -0.030064  0.224629
1614  -0.349492  0.276579  0.198641
1615  -0.012025  0.927030  0.859529
1616  -0.065591  -0.375683  0.145440
1617  -0.324670  0.069021  0.110175
1618  0.193859  -0.695002  0.520609
1619  0.156840  0.243798  0.084036
1620  0.571158  0.164448  0.353265
1621  0.663400  -0.057872  0.443449
1622  -0.333839  -0.003007  0.111458
1623  0.070206  -0.322570  0.108980
1624  -0.276353  0.356383  0.203380
1625  -0.426343  0.110710  0.194026
1626  0.354515  -0.391749  0.279148
1627  0.759060  -0.934195  1.448894
1628  0.051264  -0.890551  0.795709
1629  0.184977  0.013702  0.034404
1630  -0.290813  0.406562  0.249864
1631  0.412782  -0.308396  0.265497
1632  -0.223467  0.286847  0.132219
1633  0.510787  0.083748  0.267917
1634  -0.177386  0.222006  0.080753
1635  0.381580  0.372677  0.284491
1636  0.189493  0.062276  0.039786
1637  -0.414719  -0.543836  0.467749
1638  0.410424  -0.351047  0.291682
1639  -0.123829  -0.480652  0.246360
1640  -0.565758  -0.466092  0.537324
1641  -0.279607  -0.234675  0.133253
1642  -0.103864  -0.387894  0.161249
1643  0.375783  0.824919  0.821705
1644  -0.544896  0.544466  0.593355
1645  -1.208091  -0.523541  1.733578
1646  -0.167344  0.510489  0.288603
1647  -0.288922  -0.580057  0.419942
1648  -0.516216  0.540134  0.558224
1649  0.434005  0.430314  0.373530
1650  0.261162  0.524278  0.343073
1651  0.782999  -0.809758  1.268795
1652  -0.332702  -0.011755  0.110829
1653  0.041499  -0.566553  0.322705
1654  0.352456  -0.219802  0.172538
1655  -0.334397  -0.351368  0.235281
1656  0.700763  -0.240624  0.548968
1657  0.500219  0.552648  0.555639
1658  0.271773  0.094260  0.082746
1659  0.221072  -0.945001  0.941900
1660  -0.732397  0.131847  0.553789
1661  0.206153  0.598004  0.400108
1662  0.415963  0.626196  0.565147
1663  0.551388  -0.303335  0.396041
1664  -0.262979  0.680048  0.531623
1665  0.073397  -0.403073  0.167855
1666  -0.459193  0.273827  0.285839
1667  0.099098  -0.112513  0.022480
1668  0.435714  0.172039  0.219444
1669  -0.440775  0.261041  0.262425
1670  0.003006  0.163908  0.026875
1671  -0.252099  -0.952260  0.970353
1672  -0.579265  0.164919  0.362746
1673  0.242642  -1.065689  1.194569
1674  -0.304745  0.765276  0.678517
1675  0.066931  0.549952  0.306927
1676  -0.455904  -0.065106  0.212087
1677  -0.219774  0.511564  0.309998
1678  -0.894956  -0.713876  1.310566
1679  -0.328774  -0.202622  0.149148
1680  0.271083  0.683492  0.540647
1681  1.177301  0.431882  1.572560
1682  -0.056798  -0.160499  0.028986
1683  -0.012493  -0.745680  0.556195
1684  -0.218790  0.065192  0.052119
1685  0.394809  0.320976  0.258900
1686  -0.192611  -0.280873  0.115988
1687  -0.071661  0.127951  0.021507
1688  -0.173566  -0.855020  0.761185
1689  0.166138  -0.362058  0.158688
1690  -0.181731  0.438376  0.225200
1691  -0.362083  0.350241  0.253773
1692  -0.469212  -0.454088  0.426356
1693  0.450674  -0.102946  0.213705
1694  -0.313328  -0.364124  0.230761
1695  0.435068  -0.158004  0.214249
1696  -0.636364  0.059735  0.408528
1697  0.224114  0.272038  0.124232
1698  -0.253431  0.235271  0.119580
1699  -0.805550  -0.675395  1.105069
1700  -1.075505  0.347219  1.277272
1701  -0.495440  0.023234  0.246001
1702  -0.644797  0.082679  0.422599
1703  -0.692529  -0.109929  0.491680
1704  0.631323  0.298668  0.487771
1705  -0.321524  0.095578  0.112513
1706  -0.151272  -0.035461  0.024141
1707  0.064582  0.526068  0.280918
1708  -0.211028  0.188408  0.080031
1709  -0.053825  0.058077  0.006270
1710  -0.025370  -0.212515  0.045806
1711  -0.770181  -0.075939  0.598946
1712  -0.025442  -0.159930  0.026225
1713  -0.251141  0.486355  0.299613
1714  0.561409  0.791149  0.941096
1715  0.108855  -0.155893  0.036152
1716  0.594718  0.198396  0.393050
1717  0.371962  0.637180  0.544354
1718  -0.431847  -0.101644  0.196824
1719  -0.359170  0.235606  0.184514
1720  0.125060  0.658222  0.448896
1721  0.261360  -0.649720  0.490444
1722  0.615686  0.532652  0.662788
1723  -0.580985  -0.187972  0.372877
1724  -0.970825  -0.370201  1.079549
1725  0.281631  -0.328339  0.187122
1726  0.787085  0.028251  0.620301
1727  -0.094169  -0.285829  0.090566
1728  -0.248701  0.501422  0.313276
1729  -0.036401  -0.295282  0.088517
1730  0.090391  0.737904  0.552672
1731  0.233132  0.781368  0.664886
1732  -0.424831  1.008912  1.198384
1733  -0.105104  0.281236  0.090141
1734  -0.101514  0.509965  0.270369
1735  0.503453  -0.166779  0.281280
1736  0.633145  -0.116928  0.414545
1737  0.579812  -0.122898  0.351286
1738  0.261513  0.288348  0.151534
1739  0.177130  0.103226  0.042031
1740  0.761247  0.055844  0.582616
1741  0.746033  0.235176  0.611873
1742  0.309036  0.194798  0.133450
1743  0.567544  -0.524480  0.597185
1744  1.031905  0.307571  1.159427
1745  -0.278165  0.468602  0.296964
1746  -0.540957  0.388534  0.443593
1747  -0.272108  -0.448695  0.275370
1748  -0.150044  0.094528  0.031449
1749  0.546752  0.640872  0.709655
1750  0.441884  0.085257  0.202530
1751  0.274047  -0.572501  0.402859
1752  0.721559  -0.472262  0.743679
1753  0.746000  -0.663636  0.996929
1754  -0.143008  -0.688281  0.494183
1755  -0.158583  -0.371664  0.163283
1756  -0.267972  0.217425  0.119083
1757  -0.476458  -0.880634  1.002529
1758  -0.162663  -0.069709  0.031319
1759  -0.555521  0.670909  0.758723
1760  -0.442983  0.141832  0.216350
1761  0.071713  0.008561  0.005216
1762  0.734810  -0.190001  0.576047
1763  -0.190133  -0.054893  0.039164
1764  -0.132952  0.068397  0.022355
1765  0.422636  0.106322  0.189926
1766  0.031595  0.291312  0.085861
1767  -0.477380  0.351687  0.351575
1768  0.045714  0.177350  0.033543
1769  0.815347  0.408431  0.831607
1770  0.111626  -0.102420  0.022950
1771  0.019308  0.425486  0.181411
1772  0.935963  0.311831  0.973265
1773  0.352255  -0.420565  0.300959
1774  -0.230163  -0.258455  0.119774
1775  0.282885  -0.634207  0.482242
1776  0.192140  0.221936  0.086173
1777  -0.020018  -0.036185  0.001710
1778  0.073374  0.133740  0.023270
1779  -0.427297  0.139524  0.202050
1780  0.438504  0.291492  0.277253
1781  0.209110  0.645120  0.459907
1782  0.080250  -0.530741  0.288126
1783  0.316752  -0.359112  0.229294
1784  0.198476  -0.213645  0.085037
1785  0.478200  -0.156206  0.253076
1786  0.029035  0.162134  0.027130
1787  -0.038750  -0.121044  0.016153
1788  0.074266  -0.081761  0.012200
1789  0.008336  -0.174192  0.030412
1790  -0.013834  0.063672  0.004246
1791  0.018306  0.347888  0.121361
1792  0.263062  -0.078788  0.075409
1793  0.036246  -0.077538  0.007326
1794  0.094446  0.009234  0.009005
1795  0.464530  0.045766  0.217883
1796  0.464439  -0.213497  0.261285
1797  -0.252504  0.037666  0.065177
1798  -0.273084  -0.155744  0.098831
1799  0.363028  -0.085812  0.139153
1800  0.221351  -0.323910  0.153914
1801  0.129068  0.107702  0.028258
1802  -0.105967  -0.229793  0.064034
1803  -0.109288  -0.146447  0.033391
1804  0.122900  0.056082  0.018250
1805  0.039330  0.466280  0.218964
1806  0.235268  0.014030  0.055548
1807  -0.177623  0.533812  0.316505
1808  0.020342  0.290550  0.084833
1809  -0.330243  -0.158334  0.134130
1810  0.218550  -0.492182  0.290007
1811  0.277826  0.400254  0.237391
1812  -0.380459  0.724560  0.669737
1813  0.249267  0.042770  0.063963
1814  0.020123  -0.399999  0.160404
1815  -0.078665  0.041831  0.007938
1816  -0.042839  -0.423030  0.180789
1817  -0.222037  -0.057453  0.052601
1818  -0.048164  -0.218038  0.049861
1819  0.083314  -0.160318  0.032643
1820  -0.052061  -0.050456  0.005256
1821  -0.034204  -0.078106  0.007270
1822  -0.069157  0.046128  0.006911
1823  -0.252723  0.312854  0.161747
1824  -0.527117  -0.123638  0.293138
1825  -0.350983  0.055396  0.126258
1826  0.106304  -0.101245  0.021551
1827  -0.436126  0.207129  0.233108
1828  0.093907  -0.035114  0.010052
1829  -0.032788  -0.221582  0.050174
1830  -0.238946  -0.159653  0.082585
1831  0.188345  0.116557  0.049059
1832  0.229031  -0.301336  0.143259
1833  0.049839  -0.367246  0.137354
1834  -0.142057  -0.084883  0.027385
1835  -0.043682  -0.143183  0.022409
1836  0.072009  0.164699  0.032311
1837  -0.186817  -0.005645  0.034932
1838  -0.051473  0.264346  0.072528
1839  -0.010075  -0.005135  0.000128
1840  0.139577  -0.308465  0.114632
1841  0.043808  -0.019960  0.002318
1842  0.200215  0.016118  0.040346
1843  -0.125697  -0.053864  0.018701
1844  0.473036  -0.090420  0.231939
1845  0.135768  0.079751  0.024793
1846  0.147501  -0.058233  0.025148
1847  0.440044  -0.126634  0.209675
1848  0.037311  -0.063654  0.005444
1849  0.095387  -0.203294  0.050427
1850  -0.101692  -0.303445  0.102420
1851  -0.112255  0.067110  0.017105
1852  0.154768  -0.100456  0.034045
1853  -0.201066  0.043170  0.042291
1854  0.124226  -0.614097  0.392547
1855  -0.194139  -0.022921  0.038215
1856  -0.283472  0.054278  0.083303
1857  -0.223355  0.160974  0.075800
1858  -0.057566  0.316951  0.103772
1859  -0.087232  0.205596  0.049879
1860  0.241562  0.053281  0.061191
1861  0.153384  -0.088103  0.031289
1862  -0.152486  -0.062634  0.027175
1863  0.081590  0.140237  0.026323
1864  -0.218998  0.206573  0.090632
1865  -0.063102  -0.058280  0.007378
1866  -0.024879  0.086744  0.008144
1867  -0.055409  0.051373  0.005709
1868  0.076586  0.122165  0.020790
1869  0.168570  -0.060369  0.032060
1870  -0.221874  0.133915  0.067161
1871  -0.037914  0.174803  0.031993
1872  0.075687  -0.165324  0.033060
1873  -0.263712  -0.168521  0.097943
1874  0.116186  0.055462  0.016575
1875  0.027180  0.048114  0.003054
1876  0.164388  0.075473  0.032720
1877  0.042112  -0.077726  0.007815
1878  -0.022619  -0.037418  0.001912
1879  -0.027265  0.078709  0.006938
1880  0.060854  -0.140239  0.023370
1881  0.057868  -0.010267  0.003454
1882  0.142250  -0.149697  0.042644
1883  -0.027493  0.016288  0.001021
1884  0.077745  -0.074523  0.011598
1885  0.164729  -0.175194  0.057828
1886  -0.118768  0.099589  0.024024
1887  -0.017817  0.261708  0.068808
1888  -0.052862  -0.092176  0.011291
1889  0.263018  -0.008050  0.069243
1890  0.088377  -0.340232  0.123568
1891  -0.287140  -0.038273  0.083914
1892  0.119857  0.050658  0.016932
1893  0.002628  -0.081060  0.006578
1894  -0.078490  -0.181089  0.038954
1895  -0.258076  -0.013994  0.066799
1896  0.089764  0.069288  0.012858
1897  -0.122261  -0.075231  0.020607
1898  -0.086620  -0.092464  0.016053
1899  -0.062855  -0.098599  0.013673
1900  0.030650  0.000686  0.000940
1901  -0.024962  0.010170  0.000727
1902  -0.027379  0.055166  0.003793
1903  -0.032812  0.145927  0.022371
1904  0.025952  0.002801  0.000681
1905  -0.017449  0.122980  0.015429
1906  0.128873  -0.066662  0.021052
1907  0.057816  -0.156871  0.027951
1908  0.061142  0.009368  0.003826
1909  -0.129065  -0.027945  0.017439
1910  0.039463  0.062934  0.005518
1911  0.132605  -0.061150  0.021324
1912  0.199321  0.027328  0.040476
1913  0.102794  -0.082573  0.017385
1914  -0.066428  0.057626  0.007733
1915  -0.025457  -0.040504  0.002289
1916  0.068146  -0.121464  0.019397
1917  0.051404  -0.054983  0.005666
1918  0.205368  0.019024  0.042538
1919  0.100294  -0.026932  0.010784
1920  0.036824  0.040343  0.002984
1921  -0.004379  -0.004586  0.000040
1922  -0.065262  -0.076657  0.010135
1923  -0.094369  -0.065678  0.013219
1924  0.011120  0.020205  0.000532
1925  0.093860  -0.019716  0.009199
1926  -0.035591  0.093015  0.009919
1927  -0.098327  0.161232  0.035664
1928  -0.019911  -0.013118  0.000569
1929  -0.052203  0.018728  0.003076
1930  0.034713  -0.080315  0.007656
1931  0.051384  0.095682  0.011795
1932  0.003603  -0.030312  0.000932
1933  -0.095630  -0.069826  0.014021
1934  -0.112411  0.041806  0.014384
1935  -0.053860  -0.072327  0.008132
1936  0.084821  -0.101217  0.017439
1937  -0.017253  -0.045526  0.002370
1938  -0.034781  -0.012904  0.001376
1939  -0.021792  0.002443  0.000481
1940  -0.025997  0.069164  0.005459
1941  0.054241  -0.051656  0.005610
1942  -0.110458  0.072523  0.017460
1943  0.072053  0.017334  0.005492
1944  0.064589  -0.066747  0.008627
1945  -0.033814  0.016223  0.001407
1946  -0.009617  -0.006892  0.000140
1947  -0.065428  -0.012252  0.004431
1948  0.053015  -0.019046  0.003173
1949  -0.163578  0.090832  0.035008
1950  0.027597  0.065243  0.005018
1951  -0.083631  0.132680  0.024598
1952  0.067898  0.103528  0.015328
1953  0.018456  0.034392  0.001523
1954  -0.000039  0.009614  0.000092
1955  0.024200  0.047502  0.002842
1956  -0.085592  0.061781  0.011143
1957  0.147564  -0.054487  0.024744
1958  0.076107  -0.036904  0.007154
1959  0.134031  0.125540  0.033724
1960  -0.079672  -0.061443  0.010123
1961  -0.020017  -0.026341  0.001095
1962  -0.068066  0.057924  0.007988
1963  -0.017016  0.030051  0.001193
1964  -0.027325  -0.010576  0.000859
1965  0.073252  0.122919  0.020475
1966  -0.003156  -0.064616  0.004185
1967  0.106677  0.009788  0.011476
1968  -0.073162  0.098969  0.015148
1969  0.084613  -0.005614  0.007191
1970  -0.033194  0.096547  0.010423
1971  0.018196  0.093770  0.009124
1972  -0.027140  0.031370  0.001721
1973  -0.057751  0.016222  0.003598
1974  -0.092541  -0.098578  0.018281
1975  0.081099  0.128531  0.023097
1976  0.115168  0.044991  0.015288
1977  -0.028968  -0.044259  0.002798
1978  0.045516  0.033740  0.003210
1979  0.062902  0.049131  0.006370
1980  -0.052205  0.008974  0.002806
1981  0.073575  -0.010456  0.005523
1982  -0.052583  -0.010754  0.002881
1983  -0.040483  -0.008461  0.001710
1984  -0.003788  -0.036659  0.001358
1985  0.048232  -0.109892  0.014403
1986  -0.044558  -0.030621  0.002923
1987  -0.080465  -0.001667  0.006477
1988  -0.073291  -0.000916  0.005372
1989  0.084722  0.067920  0.011791
1990  -0.045308  -0.004749  0.002075
1991  -0.019363  -0.008021  0.000439
1992  0.027504  0.032031  0.001782
1993  0.066297  -0.007680  0.004454
1994  0.059573  0.000783  0.003550
1995  -0.037341  0.004772  0.001417
1996  -0.010607  0.035301  0.001359
1997  -0.005263  0.009489  0.000118
1998  0.035556  -0.112570  0.013936
1999  -0.049879  0.068382  0.007164
2000  0.139154  0.055639  0.022460
2001  -0.062117  0.048370  0.006198
2002  0.042237  0.046116  0.003911
2003  0.003072  -0.048763  0.002387
2004  -0.013005  -0.001156  0.000170
2005  0.060862  0.040672  0.005358
2006  0.060824  -0.011511  0.003832
2007  -0.004639  -0.057883  0.003372
2008  0.081096  0.038915  0.008091
2009  -0.032434  -0.053735  0.003939
2010  -0.011700  0.006692  0.000182
2011  0.013863  0.054188  0.003128
2012  -0.018500  -0.101847  0.010715
2013  -0.003379  -0.022203  0.000504
2014  0.094618  0.014105  0.009151
2015  -0.001428  -0.022344  0.000501
2016  0.041982  -0.006365  0.001803
2017  -0.010845  -0.001266  0.000119
2018  -0.017089  -0.015996  0.000548
2019  0.007794  -0.010175  0.000164
2020  -0.016255  -0.021765  0.000738
2021  0.048370  0.051301  0.004971
2022  0.004575  -0.001792  0.000024
2023  -0.042855  -0.064497  0.005996
2024  -0.021706  -0.051553  0.003129
2025  0.065638  0.036540  0.005644
2026  0.086619  0.019980  0.007902
2027  -0.059234  0.011539  0.003642
2028  -0.024839  0.020271  0.001028
2029  0.025461  0.003123  0.000658
2030  0.000700  -0.034258  0.001174
2031  -0.064288  -0.003972  0.004149
2032  0.001355  -0.024098  0.000583
2033  0.012113  0.002997  0.000156
2034  0.055709  -0.062683  0.007033
2035  -0.034157  0.001887  0.001170
2036  -0.031201  0.020199  0.001381
2037  -0.037295  -0.008595  0.001465
2038  0.033951  -0.012848  0.001318
2039  -0.031335  0.023260  0.001523
2040  -0.020129  0.023682  0.000966
2041  0.016376  0.040966  0.001946
2042  -0.023644  0.015960  0.000814
2043  -0.026967  0.017227  0.001024
2044  0.008099  -0.026016  0.000742
2045  0.009583  0.040637  0.001743
2046  -0.030219  0.037386  0.002311
2047  0.001335  -0.011174  0.000127
