0  0.076355  0.167263  0.033807
1  0.335781  0.028290  0.113549
2  0.197846  0.065877  0.043483
3  0.182771  -0.270664  0.106664
4  0.119103  0.100247  0.024235
5  0.550959  0.006612  0.303599
6  -0.230957  -0.628699  0.448603
7  0.196690  0.378292  0.181792
8  -0.015156  -0.041152  0.001923
9  -0.339035  -0.337815  0.229064
10  0.013487  0.726018  0.527285
11  0.539142  -0.145433  0.311825
12  -0.136173  -0.279610  0.096725
13  -0.132004  0.111784  0.029921
14  -0.153772  0.469697  0.244261
15  0.357714  -0.146417  0.149397
16  -0.025086  -0.008574  0.000703
17  0.374056  -0.164345  0.166927
18  -0.369452  0.341962  0.253433
19  0.283164  -0.042784  0.082013
20  0.113983  -0.574408  0.342937
21  -0.286885  0.722886  0.604868
22  -0.392921  0.209053  0.198090
23  -0.787817  -1.012605  1.646025
24  0.015770  -0.307371  0.094726
25  -0.059108  0.012935  0.003661
26  -0.015727  0.327296  0.107370
27  -0.444701  -0.273807  0.272729
28  0.057514  0.130444  0.020324
29  -0.014716  -0.220902  0.049014
30  -0.677569  0.341825  0.575944
31  -0.120071  -0.000145  0.014417
32  -0.115887  -0.203956  0.055028
33  0.279614  0.026898  0.078908
34  -0.298216  -0.431032  0.274721
35  0.347525  0.238292  0.177556
36  0.315437  0.396474  0.256692
37  -0.147992  0.380046  0.166337
38  0.370038  0.323390  0.241509
39  0.299192  0.067141  0.094024
40  0.226186  0.116067  0.064632
41  -0.518248  -0.134398  0.286643
42  -0.245574  0.366952  0.194960
43  0.051034  -0.114513  0.015718
44  0.059710  0.161088  0.029515
45  -0.428968  -0.133161  0.201745
46  0.698414  -0.200319  0.527910
47  0.027117  0.078985  0.006974
48  0.244090  0.005282  0.059608
49  -0.280798  -0.613637  0.455398
50  0.271891  -0.256615  0.139776
51  -0.330605  0.372757  0.248247
52  0.121452  -0.161677  0.040890
53  -0.368214  -0.041737  0.137324
54  -0.000044  -0.252791  0.063903
55  -0.213977  -0.123315  0.060993
56  0.211664  -0.035924  0.046092
57  0.120869  0.654746  0.443301
58  0.137228  0.364272  0.151526
59  0.055462  -0.178411  0.034906
60  0.112877  0.128443  0.029239
61  -0.066798  -0.394814  0.160340
62  0.109835  0.080490  0.018542
63  0.128149  -0.072089  0.021619
64  -0.293409  0.157767  0.110979
65  0.306062  -0.049755  0.096150
66  -0.243909  0.163917  0.086360
67  -0.109443  -0.250927  0.074942
68  0.443935  0.235536  0.252555
69  0.124573  -0.169024  0.044088
70  -0.323158  0.102306  0.114898
71  0.227152  -0.104312  0.062479
72  -0.121540  -0.037356  0.016167
73  0.344950  0.089991  0.127089
74  0.530763  -0.146780  0.303253
75  0.011931  -0.116733  0.013769
76  -0.403734  -0.183269  0.196588
77  -0.204159  -0.309737  0.137618
78  -0.354649  -0.035607  0.127044
79  0.086276  0.329454  0.115983
80  -0.290266  0.071850  0.089416
81  0.251358  0.196697  0.101871
82  0.073175  0.274322  0.080607
83  0.258423  0.018772  0.067135
84  0.337606  -0.114088  0.126994
85  -0.372496  -0.034716  0.139958
86  0.041219  0.069269  0.006497
87  0.004611  -0.493948  0.244006
88  -0.090416  0.283684  0.088652
89  0.152497  -0.211437  0.067961
90  -0.011801  -0.155325  0.024265
91  -0.076366  -0.110333  0.018005
92  -0.006602  0.148454  0.022082
93  0.218220  0.093279  0.056321
94  -0.142453  -0.201861  0.061041
95  -0.129129  0.078767  0.022878
96  -0.224934  0.177951  0.082262
97  -0.335538  -0.278000  0.189870
98  0.121618  -0.012483  0.014947
99  -0.110046  -0.122207  0.027045
100  -0.069645  0.104853  0.015845
101  -0.036513  0.279833  0.079640
102  0.377107  -0.161841  0.168402
103  -0.472735  -0.053837  0.226377
104  0.189278  -0.163139  0.062441
105  -0.039517  -0.031383  0.002547
106  -0.227682  0.112817  0.064567
107  -0.047372  0.384953  0.150433
108  0.055624  0.225366  0.053884
109  -0.128125  0.238767  0.073425
110  -0.084776  -0.005594  0.007218
111  0.412610  0.009338  0.170334
112  0.448344  0.283719  0.281509
113  -0.033486  -0.006591  0.001165
114  -0.281317  0.152171  0.102295
115  0.123959  0.380446  0.160105
116  -0.174390  0.150470  0.053053
117  -0.121252  0.182377  0.047964
118  -0.008763  -0.296993  0.088281
119  -0.038577  0.154360  0.025315
120  0.162598  0.055864  0.029559
121  0.000455  0.001872  0.000004
122  0.123678  0.014336  0.015502
123  0.266063  -0.032753  0.071862
124  -0.132825  -0.009156  0.017726
125  0.104927  -0.210908  0.055492
126  -0.071985  -0.057345  0.008470
127  0.165231  0.297833  0.116006
128  -0.229765  -0.018046  0.053118
129  -0.071919  -0.214800  0.051311
130  -0.004531  0.272444  0.074246
131  0.025176  0.040375  0.002264
132  0.045383  0.204438  0.043854
133  0.087607  0.005604  0.007706
134  0.147011  -0.221699  0.070763
135  0.178244  0.031626  0.032771
136  -0.103215  -0.090740  0.018887
137  0.048758  -0.007665  0.002436
138  -0.146039  0.059811  0.024905
139  -0.160994  0.106600  0.037283
140  0.038970  0.036156  0.002826
141  -0.026322  0.006884  0.000740
142  0.129632  0.045553  0.018880
143  0.068083  -0.122780  0.019710
144  0.051410  0.028306  0.003444
145  0.041947  -0.023928  0.002332
146  0.094602  -0.079360  0.015247
147  0.262427  0.108178  0.080570
148  -0.145102  0.116916  0.034724
149  -0.141133  0.097018  0.029331
150  0.072687  0.075627  0.011003
151  0.049770  -0.044190  0.004430
152  0.018169  0.155328  0.024457
153  -0.161554  -0.045129  0.028136
154  -0.142235  -0.040513  0.021872
155  0.183754  -0.092915  0.042399
156  0.082903  -0.090258  0.015019
157  0.249585  -0.281685  0.141639
158  -0.137042  -0.135510  0.037143
159  0.110767  0.120259  0.026732
160  0.013825  -0.101883  0.010571
161  -0.179286  0.117225  0.045885
162  0.052157  -0.066197  0.007102
163  -0.043112  -0.082619  0.008685
164  0.141537  -0.215987  0.066683
165  -0.032358  -0.034752  0.002255
166  -0.023440  -0.193296  0.037913
167  -0.062098  0.075295  0.009526
168  -0.047382  0.050148  0.004760
169  -0.063803  0.288203  0.087132
170  0.096639  0.051260  0.011967
171  0.013081  0.084639  0.007335
172  0.295987  0.001706  0.087611
173  0.045666  -0.131284  0.019321
174  -0.133209  0.022573  0.018254
175  0.216942  0.013767  0.047253
176  0.040241  -0.044958  0.003641
177  -0.087876  0.048234  0.010049
178  -0.066958  -0.003727  0.004497
179  0.128970  0.118671  0.030716
180  0.074509  0.013919  0.005745
181  0.047089  -0.058157  0.005600
182  0.119433  0.059566  0.017812
183  -0.031632  -0.016046  0.001258
184  0.082410  -0.011578  0.006925
185  -0.000916  -0.003355  0.000012
186  0.046182  0.014872  0.002354
187  -0.053755  0.054145  0.005821
188  0.025724  0.102474  0.011163
189  -0.012722  -0.126145  0.016074
190  0.048462  0.027738  0.003118
191  -0.019470  -0.076801  0.006277
192  0.074689  -0.007271  0.005631
193  -0.107808  -0.018543  0.011966
194  0.077533  0.037254  0.007399
195  0.204330  -0.015683  0.041997
196  -0.050460  0.006450  0.002588
197  -0.123341  0.038682  0.016709
198  -0.108049  0.021092  0.012119
199  -0.031490  -0.007356  0.001046
200  0.032683  0.042933  0.002911
201  -0.032793  -0.042257  0.002861
202  0.020268  -0.126444  0.016399
203  -0.180644  -0.033424  0.033749
204  0.020717  0.100389  0.010507
205  -0.116998  0.049399  0.016129
206  -0.011881  0.001877  0.000145
207  -0.125669  0.027495  0.016549
208  0.032528  -0.111037  0.013387
209  0.098838  0.032373  0.010817
210  -0.100460  -0.060524  0.013755
211  -0.005745  0.012580  0.000191
212  -0.141119  -0.016451  0.020185
213  -0.021957  -0.090340  0.008644
214  -0.008435  -0.067460  0.004622
215  -0.039160  -0.013612  0.001719
216  -0.089307  0.096859  0.017357
217  -0.025884  0.076419  0.006510
218  0.075790  0.143134  0.026231
219  -0.026860  0.033373  0.001835
220  0.011757  0.021888  0.000617
221  0.055135  0.094907  0.012047
222  -0.025089  0.002305  0.000635
223  0.073722  0.047681  0.007708
224  0.116748  0.078143  0.019737
225  0.056118  -0.012126  0.003296
226  0.114337  0.043364  0.014953
227  0.063427  0.023459  0.004573
228  0.000220  -0.073932  0.005466
229  0.046782  -0.072999  0.007517
230  -0.049009  0.131335  0.019651
231  -0.101887  -0.004700  0.010403
232  -0.038575  0.087015  0.009060
233  0.026209  -0.090364  0.008853
234  -0.080593  -0.036539  0.007830
235  0.016666  -0.047557  0.002539
236  0.040018  -0.043365  0.003482
237  0.024739  -0.040155  0.002224
238  0.102767  -0.051293  0.013192
239  -0.021452  0.044011  0.002397
240  -0.003602  -0.014268  0.000217
241  -0.044585  0.036232  0.003301
242  -0.004820  -0.097697  0.009568
243  0.053610  0.024620  0.003480
244  0.014803  -0.096404  0.009513
245  -0.049107  0.040876  0.004082
246  -0.003949  -0.066355  0.004419
247  -0.107663  -0.025081  0.012220
248  -0.066611  0.023580  0.004993
249  0.027952  0.091312  0.009119
250  0.062692  0.012089  0.004076
251  -0.035775  -0.030277  0.002197
252  -0.008207  0.009026  0.000149
253  -0.052256  0.058475  0.006150
254  0.010556  -0.086238  0.007548
255  -0.143924  -0.012190  0.020863
256  0.005333  -0.098884  0.009807
257  -0.027343  0.042942  0.002592
258  -0.060367  0.104555  0.014576
259  0.044908  0.075454  0.007710
260  0.084816  -0.012605  0.007353
261  0.005415  -0.036449  0.001358
262  0.018453  0.005683  0.000373
263  0.062159  -0.001560  0.003866
264  -0.020388  -0.000845  0.000416
265  -0.050093  -0.076825  0.008411
266  0.030814  0.024623  0.001556
267  -0.052322  -0.066688  0.007185
268  -0.050763  -0.076627  0.008449
269  0.080795  -0.120475  0.021042
270  -0.014321  0.030269  0.001121
271  0.033846  0.009922  0.001244
272  -0.081907  0.011915  0.006851
273  0.044369  0.007472  0.002024
274  -0.000328  0.002044  0.000004
275  -0.043216  0.102379  0.012349
276  0.031382  -0.009488  0.001075
277  -0.023740  -0.004427  0.000583
278  -0.051490  0.046357  0.004800
279  -0.019286  0.024529  0.000974
280  0.018821  0.098698  0.010096
281  0.032482  0.019018  0.001417
282  0.014863  -0.008854  0.000299
283  -0.018032  0.007956  0.000388
284  0.001623  -0.043426  0.001888
285  0.026495  0.013368  0.000881
286  -0.063316  -0.022415  0.004511
287  0.066967  -0.010826  0.004602
288  0.023825  0.074092  0.006057
289  -0.005799  -0.004310  0.000052
290  0.049195  0.008739  0.002497
291  -0.056963  0.014525  0.003456
292  0.049617  -0.025538  0.003114
293  0.022634  -0.015018  0.000738
294  -0.013844  -0.094740  0.009167
295  -0.076237  -0.041080  0.007500
296  -0.010256  0.071315  0.005191
297  -0.055217  0.026784  0.003766
298  0.116304  -0.001375  0.013529
299  -0.010716  -0.061257  0.003867
300  0.035584  0.019660  0.001653
301  -0.039011  0.008284  0.001590
302  -0.092492  -0.008839  0.008633
303  -0.048641  0.036755  0.003717
304  0.012683  -0.005812  0.000195
305  0.011562  0.041961  0.001894
306  0.052511  0.054431  0.005720
307  0.026419  0.008027  0.000762
308  0.038256  -0.034363  0.002644
309  0.032970  0.006029  0.001123
310  0.019929  -0.030219  0.001310
311  0.038386  -0.016719  0.001753
312  -0.032756  -0.047244  0.003305
313  0.003205  0.010160  0.000114
314  0.018574  0.005851  0.000379
315  0.016649  -0.035219  0.001518
316  -0.026171  -0.016655  0.000962
317  0.026226  0.045125  0.002724
318  0.010367  0.054610  0.003090
319  0.054124  0.027760  0.003700
320  0.023055  -0.040666  0.002185
321  -0.027591  0.056652  0.003971
322  0.059589  0.020284  0.003962
323  -0.023083  0.004432  0.000552
324  0.072592  -0.007687  0.005329
325  -0.006967  -0.000542  0.000049
326  0.004134  0.050124  0.002529
327  -0.036423  -0.057940  0.004684
328  -0.003957  -0.007659  0.000074
329  0.022219  -0.012938  0.000661
330  -0.020089  0.009466  0.000493
331  0.018649  -0.001198  0.000349
332  -0.031853  0.038266  0.002479
333  -0.048402  0.015702  0.002589
334  0.029861  0.008764  0.000968
335  0.107156  -0.039292  0.013026
336  -0.002613  -0.007028  0.000056
337  -0.000239  0.005085  0.000026
338  0.029556  0.004925  0.000898
339  0.056340  -0.039522  0.004736
340  -0.026001  -0.001384  0.000678
341  -0.005509  0.012419  0.000185
342  -0.013146  0.015061  0.000400
343  -0.008697  0.034168  0.001243
344  -0.005910  0.083594  0.007023
345  0.046802  0.015176  0.002421
346  0.032898  0.079139  0.007345
347  0.069231  0.028883  0.005627
348  0.029563  -0.002081  0.000878
349  -0.046925  -0.008023  0.002266
350  0.001089  -0.052425  0.002750
351  -0.046988  -0.033047  0.003300
352  0.028110  0.031430  0.001778
353  0.012631  0.054310  0.003109
354  -0.000362  0.013970  0.000195
355  0.029017  0.024484  0.001441
356  0.042910  0.008652  0.001916
357  0.000900  -0.005577  0.000032
358  -0.002306  0.047458  0.002258
359  0.054577  0.004810  0.003002
360  0.020681  0.007605  0.000486
361  -0.011683  0.004075  0.000153
362  -0.018135  -0.009374  0.000417
363  0.004407  0.023228  0.000559
364  -0.012185  -0.057033  0.003401
365  0.097458  -0.025265  0.010136
366  0.026829  -0.003586  0.000733
367  0.027014  -0.015262  0.000963
368  0.010645  -0.036295  0.001431
369  -0.050646  0.003830  0.002580
370  0.038458  0.011954  0.001622
371  -0.041932  -0.016507  0.002031
372  0.017753  0.021920  0.000796
373  -0.017990  -0.025443  0.000971
374  0.027472  -0.017845  0.001073
375  0.034896  0.062381  0.005109
376  0.014591  0.001298  0.000215
377  -0.017459  -0.050821  0.002888
378  0.022721  -0.038472  0.001996
379  0.045282  -0.018500  0.002393
380  -0.026755  -0.004137  0.000733
381  0.064858  0.034453  0.005394
382  0.034620  -0.012471  0.001354
383  -0.043955  0.010935  0.002052
384  0.004673  0.015983  0.000277
385  -0.005244  -0.040662  0.001681
386  -0.002355  0.017539  0.000313
387  -0.018805  0.080449  0.006826
388  -0.021700  0.011840  0.000611
389  -0.005271  0.023453  0.000578
390  -0.002782  0.037686  0.001428
391  0.023465  -0.004153  0.000568
392  -0.004894  0.027271  0.000768
393  0.028465  -0.010717  0.000925
394  0.037709  0.011779  0.001561
395  -0.013337  -0.048134  0.002495
396  0.016065  0.023324  0.000802
397  -0.014828  0.000701  0.000220
398  0.032882  -0.007003  0.001130
399  -0.033215  0.022594  0.001614
400  -0.017212  0.000972  0.000297
401  -0.020165  -0.001705  0.000410
402  0.019228  0.012989  0.000538
403  0.029181  -0.028456  0.001661
404  -0.026933  -0.026020  0.001402
405  0.049636  -0.001887  0.002467
406  0.007866  -0.023543  0.000616
407  0.008177  0.027550  0.000826
408  0.002072  -0.001046  0.000005
409  0.004215  -0.063709  0.004077
410  0.018840  -0.003786  0.000369
411  -0.010437  -0.017504  0.000415
412  -0.036897  0.056856  0.004594
413  0.010887  -0.031810  0.001130
414  0.020088  -0.002518  0.000410
415  -0.019978  -0.008169  0.000466
416  -0.013540  -0.015068  0.000410
417  -0.012427  -0.011333  0.000283
418  0.026531  0.009073  0.000786
419  -0.024605  -0.008820  0.000683
420  -0.036415  -0.016915  0.001612
421  -0.003862  -0.026521  0.000718
422  -0.023083  0.003602  0.000546
423  -0.008652  0.022935  0.000601
424  0.005410  -0.029631  0.000907
425  -0.036099  -0.029971  0.002201
426  -0.024644  0.023327  0.001151
427  -0.038893  0.031831  0.002526
428  0.014330  0.010003  0.000305
429  0.019633  -0.041669  0.002122
430  0.002288  0.006540  0.000048
431  -0.008417  0.019128  0.000437
432  -0.029813  0.044993  0.002913
433  0.014967  0.066495  0.004646
434  0.017732  0.008427  0.000385
435  0.037122  -0.043421  0.003263
436  -0.003658  -0.006232  0.000052
437  -0.000662  -0.022284  0.000497
438  -0.020588  -0.009013  0.000505
439  -0.066014  -0.021697  0.004829
440  -0.017495  -0.029401  0.001170
441  -0.019633  -0.010537  0.000496
442  0.000377  -0.001962  0.000004
443  -0.029580  0.012605  0.001034
444  0.009303  0.006385  0.000127
445  -0.007523  -0.007803  0.000117
446  -0.041249  -0.021842  0.002179
447  0.028923  -0.001781  0.000840
448  -0.005101  -0.006421  0.000067
449  -0.037918  0.021952  0.001920
450  0.034681  -0.013050  0.001373
451  0.013340  0.001211  0.000179
452  -0.017203  0.031338  0.001278
453  -0.011570  0.015946  0.000388
454  -0.010575  -0.021003  0.000553
455  0.061433  0.043363  0.005654
456  0.002372  0.016536  0.000279
457  0.010121  0.006484  0.000144
458  -0.017993  -0.045790  0.002420
459  0.009027  0.012381  0.000235
460  0.003647  0.058444  0.003429
461  -0.041069  -0.027567  0.002447
462  0.014696  0.004818  0.000239
463  0.018970  -0.004721  0.000382
464  0.004178  -0.029309  0.000876
465  0.047360  -0.010022  0.002343
466  -0.011773  0.001119  0.000140
467  0.004840  0.007664  0.000082
468  0.039230  -0.065604  0.005843
469  0.005031  0.012390  0.000179
470  0.016635  0.021586  0.000743
471  0.011537  0.030290  0.001051
472  -0.002461  0.039614  0.001575
473  -0.028468  0.027323  0.001557
474  -0.021508  -0.041886  0.002217
475  0.005467  0.082350  0.006811
476  0.016568  0.011921  0.000417
477  0.025647  -0.009957  0.000757
478  0.026347  -0.003565  0.000707
479  0.019662  -0.000667  0.000387
480  0.006749  -0.000473  0.000046
481  0.005249  0.032571  0.001088
482  0.005544  0.011134  0.000155
483  0.076416  0.012672  0.006000
484  -0.008378  0.039016  0.001592
485  -0.029057  0.014229  0.001047
486  0.013529  0.036076  0.001485
487  0.058216  -0.040303  0.005014
488  0.019634  0.022643  0.000898
489  -0.010325  -0.021315  0.000561
490  0.022594  -0.050734  0.003084
491  0.024546  0.036133  0.001908
492  0.029741  -0.017953  0.001207
493  0.056170  -0.042871  0.004993
494  -0.003281  0.065352  0.004282
495  0.017648  -0.007058  0.000361
496  0.035043  -0.022419  0.001731
497  -0.001829  0.062363  0.003892
498  0.011943  0.022268  0.000638
499  -0.020013  -0.094690  0.009367
500  -0.004689  0.018029  0.000347
501  0.000491  -0.014533  0.000211
502  0.009327  -0.035218  0.001327
503  -0.008946  0.036064  0.001381
504  0.052244  0.051426  0.005374
505  -0.025676  0.049674  0.003127
506  0.005319  0.012318  0.000180
507  -0.008965  -0.038309  0.001548
508  -0.016948  -0.027707  0.001055
509  0.034081  0.008096  0.001227
510  0.023660  -0.008089  0.000625
511  0.003218  -0.032448  0.001063
512  0.023547  -0.023643  0.001113
513  0.024912  0.028024  0.001406
514  0.059630  -0.020641  0.003982
515  -0.004135  0.012107  0.000164
516  0.046553  -0.024461  0.002765
517  0.031992  -0.008832  0.001101
518  -0.001185  -0.043995  0.001937
519  -0.000154  0.050985  0.002600
520  -0.016735  0.014893  0.000502
521  -0.021107  0.033750  0.001585
522  0.023339  0.014548  0.000756
523  -0.019914  -0.006710  0.000442
524  0.006363  -0.023412  0.000589
525  0.036137  0.039008  0.002828
526  0.006351  0.044015  0.001978
527  -0.000561  0.008319  0.000070
528  -0.025606  -0.046358  0.002805
529  0.050088  0.043251  0.004379
530  0.048286  -0.008494  0.002404
531  0.029085  0.007124  0.000897
532  0.000596  -0.047636  0.002270
533  0.009485  -0.003155  0.000100
534  -0.025357  0.046073  0.002766
535  -0.013782  0.006831  0.000237
536  -0.006620  0.004714  0.000066
537  -0.006883  -0.039243  0.001587
538  -0.004222  -0.012523  0.000175
539  0.001196  0.038216  0.001462
540  0.012963  -0.027193  0.000907
541  0.003361  0.053427  0.002866
542  -0.025251  0.029247  0.001493
543  0.022960  -0.061098  0.004260
544  -0.004071  -0.012490  0.000173
545  -0.017053  -0.006279  0.000330
546  0.035488  0.027181  0.001998
547  0.026688  -0.009683  0.000806
548  0.006148  0.042542  0.001848
549  0.014994  0.002388  0.000231
550  -0.011446  0.007762  0.000191
551  0.000935  0.022663  0.000514
552  -0.022277  -0.044907  0.002513
553  -0.050503  -0.022446  0.003054
554  0.023159  -0.012096  0.000683
555  0.031594  -0.012566  0.001156
556  0.017287  -0.026000  0.000975
557  -0.056401  0.030858  0.004133
558  0.005428  -0.010581  0.000141
559  -0.036988  0.005931  0.001403
560  0.040435  -0.009513  0.001726
561  -0.011780  0.014776  0.000357
562  -0.046360  -0.018806  0.002503
563  0.008046  0.021051  0.000508
564  -0.031447  -0.000948  0.000990
565  0.032754  -0.023182  0.001610
566  -0.015760  -0.040167  0.001862
567  -0.057222  -0.014099  0.003473
568  -0.021211  -0.008743  0.000526
569  0.018893  0.024484  0.000956
570  -0.012527  0.013665  0.000344
571  0.000303  -0.008169  0.000067
572  0.024534  0.029525  0.001474
573  -0.034156  -0.005657  0.001199
574  -0.041406  -0.010883  0.001833
575  -0.019995  -0.017178  0.000695
576  -0.006818  -0.014416  0.000254
577  -0.025025  -0.019294  0.000999
578  -0.017824  -0.005272  0.000345
579  0.011870  -0.002821  0.000149
580  -0.022555  0.002075  0.000513
581  0.018034  -0.019221  0.000695
582  0.036500  -0.049951  0.003827
583  0.002538  0.010314  0.000113
584  0.010128  -0.017191  0.000398
585  -0.002426  0.060389  0.003653
586  0.018174  0.015152  0.000560
587  0.021089  -0.017693  0.000758
588  0.000957  -0.015877  0.000253
589  -0.020611  -0.015776  0.000674
590  0.000098  0.012187  0.000149
591  0.008985  -0.000099  0.000081
592  -0.003554  -0.023317  0.000556
593  0.014213  0.007291  0.000255
594  0.023792  -0.007658  0.000625
595  -0.011403  -0.065252  0.004388
596  0.010480  0.036386  0.001434
597  -0.022377  0.012099  0.000647
598  -0.001109  -0.022038  0.000487
599  0.036509  -0.009734  0.001428
600  -0.003321  0.006561  0.000054
601  -0.008105  -0.039867  0.001655
602  -0.012942  -0.030001  0.001068
603  0.000515  -0.001853  0.000004
604  -0.005187  -0.014155  0.000227
605  0.021031  0.004055  0.000459
606  0.001800  0.052449  0.002754
607  0.012301  -0.051707  0.002825
608  0.004457  0.040747  0.001680
609  0.019378  -0.023989  0.000951
610  -0.022267  -0.001564  0.000498
611  -0.022215  0.031625  0.001494
612  0.022757  -0.010624  0.000631
613  0.030578  -0.002024  0.000939
614  0.020294  0.031377  0.001396
615  0.010627  -0.000822  0.000114
616  -0.020616  0.015170  0.000655
617  0.033566  -0.002158  0.001131
618  0.047947  -0.003262  0.002310
619  -0.031872  0.033107  0.002112
620  0.000378  -0.017225  0.000297
621  -0.030497  0.019482  0.001310
622  0.014287  -0.028184  0.000998
623  -0.019970  0.004339  0.000418
624  0.037785  0.010948  0.001548
625  -0.033709  -0.019408  0.001513
626  -0.041717  -0.014464  0.001949
627  -0.008622  -0.023555  0.000629
628  0.013142  0.012766  0.000336
629  0.005347  -0.008224  0.000096
630  0.023935  0.070016  0.005475
631  0.046184  -0.017430  0.002437
632  -0.045905  -0.028889  0.002942
633  0.038235  0.011651  0.001598
634  -0.016408  0.039564  0.001835
635  -0.017555  0.010619  0.000421
636  0.024836  0.035672  0.001889
637  0.013228  0.058048  0.003545
638  -0.014801  0.026819  0.000938
639  -0.013887  -0.009592  0.000285
640  0.030145  -0.004908  0.000933
641  0.026498  0.038012  0.002147
642  -0.022369  0.022794  0.001020
643  0.003339  0.001082  0.000012
644  0.025015  -0.023843  0.001194
645  0.005735  0.014610  0.000246
646  0.021790  -0.005559  0.000506
647  -0.015733  -0.010776  0.000364
648  0.004715  0.030586  0.000958
649  -0.011882  0.001475  0.000143
650  0.014321  -0.006020  0.000241
651  -0.024578  -0.009704  0.000698
652  -0.007359  0.012041  0.000199
653  0.022135  0.030694  0.001432
654  0.004045  0.026479  0.000717
655  -0.001760  0.004807  0.000026
656  0.005951  0.024085  0.000616
657  -0.017351  -0.007011  0.000350
658  -0.011532  -0.008761  0.000210
659  0.040596  0.001890  0.001652
660  0.041478  0.015636  0.001965
661  -0.011807  0.002130  0.000144
662  -0.009459  -0.005259  0.000117
663  0.017597  -0.001397  0.000312
664  -0.052194  -0.019992  0.003124
665  0.023353  -0.000369  0.000545
666  -0.010302  -0.030879  0.001060
667  0.009674  0.010810  0.000210
668  0.054863  -0.001892  0.003014
669  -0.006227  -0.007376  0.000093
670  0.021847  -0.016225  0.000741
671  -0.028295  0.006946  0.000849
672  0.030245  0.006215  0.000953
673  0.000013  -0.004575  0.000021
674  0.021773  -0.014792  0.000693
675  0.003906  -0.016997  0.000304
676  -0.006212  -0.015084  0.000266
677  0.010527  0.006775  0.000157
678  0.006401  0.003666  0.000054
679  -0.020540  0.003705  0.000436
680  -0.005705  0.028715  0.000857
681  -0.004204  -0.021499  0.000480
682  -0.016588  -0.007149  0.000326
683  0.016092  -0.049605  0.002720
684  -0.006127  0.012031  0.000182
685  -0.047764  -0.047746  0.004561
686  -0.007754  0.011404  0.000190
687  0.002473  -0.022227  0.000500
688  -0.001921  0.032808  0.001080
689  0.003650  0.010980  0.000134
690  -0.015646  0.026661  0.000956
691  0.025055  -0.009707  0.000722
692  0.006935  0.018625  0.000395
693  -0.003664  0.015434  0.000252
694  0.039268  -0.022563  0.002051
695  -0.013196  -0.011172  0.000299
696  0.023705  0.007959  0.000625
697  -0.016130  -0.000409  0.000260
698  -0.004529  -0.010955  0.000141
699  0.021250  -0.013360  0.000630
700  -0.017155  0.021939  0.000776
701  0.024993  0.029357  0.001487
702  -0.005867  0.013709  0.000222
703  -0.039432  -0.008756  0.001632
704  -0.000218  -0.007332  0.000054
705  0.005323  -0.005047  0.000054
706  0.020199  0.045190  0.002450
707  -0.016274  -0.037528  0.001673
708  -0.024621  0.014523  0.000817
709  -0.018616  0.027766  0.001118
710  -0.017764  0.033358  0.001428
711  0.024317  0.007498  0.000648
712  -0.013225  0.029998  0.001075
713  0.029972  0.009987  0.000998
714  -0.051152  0.027412  0.003368
715  -0.025376  0.004768  0.000667
716  0.008634  -0.005100  0.000101
717  0.028970  -0.014056  0.001037
718  0.020540  0.018307  0.000757
719  0.011315  0.044199  0.002082
720  -0.025447  0.001522  0.000650
721  0.005189  -0.019983  0.000426
722  0.014431  -0.007020  0.000258
723  -0.024960  0.021460  0.001084
724  -0.008271  -0.000818  0.000069
725  -0.034615  -0.027878  0.001975
726  -0.004062  -0.006407  0.000058
727  0.021609  0.020750  0.000897
728  0.007141  -0.000184  0.000051
729  0.016395  0.029073  0.001114
730  -0.014691  -0.016640  0.000493
731  0.045817  0.026209  0.002786
732  -0.013235  -0.002440  0.000181
733  -0.010998  -0.026165  0.000806
734  0.001017  -0.010077  0.000103
735  0.013867  0.023852  0.000761
736  0.025305  -0.005775  0.000674
737  0.001755  -0.015187  0.000234
738  0.016971  -0.002145  0.000293
739  -0.022302  -0.003776  0.000512
740  -0.046123  0.020823  0.002561
741  0.004917  0.011148  0.000148
742  0.011468  0.055361  0.003196
743  -0.018241  -0.012572  0.000491
744  0.006019  -0.005160  0.000063
745  0.012041  -0.009052  0.000227
746  -0.002810  -0.001231  0.000009
747  0.028550  0.017011  0.001105
748  -0.030588  0.026127  0.001618
749  -0.002414  0.017347  0.000307
750  -0.013619  0.020835  0.000620
751  -0.044089  -0.006445  0.001985
752  0.000647  0.025444  0.000648
753  0.013551  -0.005059  0.000209
754  -0.019566  0.003671  0.000396
755  0.018867  -0.013173  0.000529
756  0.001191  0.034697  0.001205
757  0.016868  -0.061984  0.004127
758  0.009872  0.026586  0.000804
759  -0.008856  -0.010633  0.000191
760  0.005871  0.015375  0.000271
761  0.020528  0.046858  0.002617
762  -0.016904  -0.002567  0.000292
763  0.035643  -0.009718  0.001365
764  0.000034  -0.008126  0.000066
765  -0.005233  0.030370  0.000950
766  0.018401  -0.004518  0.000359
767  -0.008862  -0.020448  0.000497
768  -0.002699  0.019394  0.000383
769  -0.007080  -0.013232  0.000225
770  -0.028022  -0.034527  0.001977
771  0.019847  -0.014207  0.000596
772  0.009077  0.001998  0.000086
773  0.019789  -0.014161  0.000592
774  -0.013752  0.027214  0.000930
775  -0.002314  0.037290  0.001396
776  0.017307  0.009653  0.000393
777  0.017914  0.016133  0.000581
778  0.010506  -0.046084  0.002234
779  -0.017255  -0.012595  0.000456
780  0.002508  -0.024538  0.000608
781  0.051252  0.038190  0.004085
782  0.014928  0.017092  0.000515
783  0.014668  -0.031575  0.001212
784  -0.012929  -0.004960  0.000192
785  -0.033526  -0.039624  0.002694
786  -0.009511  -0.009018  0.000172
787  -0.020967  0.020030  0.000841
788  -0.014015  -0.014109  0.000395
789  0.026052  -0.005643  0.000711
790  -0.033436  -0.009689  0.001212
791  -0.031240  0.016279  0.001241
792  0.026270  0.033598  0.001819
793  0.003788  -0.017973  0.000337
794  0.001093  -0.026903  0.000725
795  -0.020459  0.051715  0.003093
796  -0.007256  -0.002284  0.000058
797  -0.008337  -0.021147  0.000517
798  -0.021839  0.009831  0.000574
799  0.010115  0.044033  0.002041
800  0.006141  0.005294  0.000066
801  0.043438  -0.009179  0.001971
802  0.004903  -0.008155  0.000091
803  -0.021015  -0.028762  0.001269
804  -0.013682  0.014032  0.000384
805  0.023392  0.022816  0.001068
806  0.032509  0.012263  0.001207
807  -0.031123  0.013580  0.001153
808  -0.011298  -0.002497  0.000134
809  0.034452  -0.001181  0.001188
810  0.000629  0.012359  0.000153
811  0.005244  0.002407  0.000033
812  0.010207  -0.011145  0.000228
813  -0.023020  -0.001121  0.000531
814  0.016325  -0.003984  0.000282
815  -0.012937  0.001968  0.000171
816  0.007473  -0.011395  0.000186
817  -0.000634  0.014598  0.000214
818  -0.007537  -0.020623  0.000482
819  -0.002552  0.016145  0.000267
820  -0.017211  -0.009041  0.000378
821  -0.001974  0.031358  0.000987
822  -0.019373  0.021758  0.000849
823  -0.015997  0.008377  0.000326
824  -0.005631  0.001867  0.000035
825  -0.015420  0.032269  0.001279
826  -0.008262  0.029781  0.000955
827  0.009415  -0.001537  0.000091
828  0.025483  0.032893  0.001731
829  0.033825  0.003317  0.001155
830  -0.036028  -0.025110  0.001929
831  -0.018175  -0.011838  0.000470
832  -0.000996  -0.020937  0.000439
833  -0.000115  0.011316  0.000128
834  0.020315  0.008398  0.000483
835  0.027909  -0.019008  0.001140
836  0.027421  0.023285  0.001294
837  0.021687  0.015884  0.000723
838  -0.006553  -0.051702  0.002716
839  0.038384  -0.007558  0.001530
840  0.060274  0.017119  0.003926
841  0.000069  0.003833  0.000015
842  -0.008783  0.007194  0.000129
843  -0.003011  -0.007018  0.000058
844  -0.012394  0.011989  0.000297
845  -0.019184  0.031883  0.001385
846  0.024475  0.039349  0.002147
847  -0.008142  -0.024221  0.000653
848  -0.010257  0.003658  0.000119
849  -0.038199  0.006247  0.001498
850  -0.002354  0.019688  0.000393
851  0.010716  0.024526  0.000716
852  -0.008413  0.023641  0.000630
853  0.002130  0.004632  0.000026
854  0.012877  0.007042  0.000215
855  -0.008221  0.001517  0.000070
856  0.007924  0.028532  0.000877
857  0.037096  -0.005711  0.001409
858  -0.010687  -0.011065  0.000237
859  -0.013796  -0.024449  0.000788
860  0.028772  -0.008154  0.000894
861  0.010521  0.012204  0.000260
862  0.021644  0.006879  0.000516
863  -0.008440  -0.022560  0.000580
864  -0.012423  0.011826  0.000294
865  -0.052988  -0.000086  0.002808
866  0.011901  0.015210  0.000373
867  -0.001300  0.027773  0.000773
868  -0.010685  0.035655  0.001385
869  0.009530  0.025194  0.000726
870  0.023972  0.026226  0.001262
871  0.017129  0.013013  0.000463
872  -0.007275  0.006630  0.000097
873  0.016922  0.023740  0.000850
874  0.022420  0.005612  0.000534
875  -0.006834  -0.051522  0.002701
876  -0.026768  0.026989  0.001445
877  0.010088  -0.073880  0.005560
878  0.006659  -0.022728  0.000561
879  -0.008421  -0.023094  0.000604
880  0.054166  0.026459  0.003634
881  0.017915  -0.016454  0.000592
882  0.005135  -0.016218  0.000289
883  -0.017481  -0.016948  0.000593
884  -0.006697  0.035046  0.001273
885  0.013043  0.013387  0.000349
886  0.000294  -0.024544  0.000603
887  -0.009539  0.006090  0.000128
888  0.047690  -0.021529  0.002738
889  -0.012868  0.004204  0.000183
890  0.047464  -0.011964  0.002396
891  0.007179  0.019447  0.000430
892  0.025189  -0.022818  0.001155
893  0.029910  -0.039463  0.002452
894  0.020001  -0.028289  0.001200
895  -0.023714  0.014803  0.000781
896  0.020077  0.034450  0.001590
897  0.034181  -0.047786  0.003452
898  -0.061123  -0.002135  0.003741
899  0.017097  0.035636  0.001562
900  0.027580  0.005997  0.000797
901  -0.012915  0.011471  0.000298
902  -0.018994  -0.004809  0.000384
903  0.015568  0.033930  0.001394
904  0.026340  -0.014114  0.000893
905  0.017272  -0.012820  0.000463
906  0.019398  0.034228  0.001548
907  -0.033012  -0.005527  0.001120
908  -0.018101  0.037948  0.001768
909  0.006896  0.015690  0.000294
910  -0.006005  0.009250  0.000122
911  0.011799  0.017248  0.000437
912  0.017615  -0.008065  0.000375
913  -0.009703  -0.033542  0.001219
914  -0.001435  -0.007671  0.000061
915  0.004933  0.003310  0.000035
916  0.005212  0.061600  0.003822
917  0.008514  -0.035093  0.001304
918  -0.018931  0.014464  0.000568
919  0.005595  -0.042201  0.001812
920  -0.038284  -0.012881  0.001632
921  0.018077  -0.050992  0.002927
922  -0.008567  -0.008936  0.000153
923  0.000061  -0.007208  0.000052
924  0.006654  -0.003617  0.000057
925  -0.001881  0.015403  0.000241
926  -0.038647  -0.044372  0.003462
927  -0.021895  -0.033007  0.001569
928  0.014291  0.007111  0.000255
929  -0.021556  0.013550  0.000648
930  0.006037  0.024069  0.000616
931  0.016954  -0.023273  0.000829
932  -0.003771  -0.006561  0.000057
933  0.032008  0.036528  0.002359
934  -0.047786  0.046158  0.004414
935  0.001249  0.006385  0.000042
936  0.006997  -0.033733  0.001187
937  -0.021744  -0.026198  0.001159
938  0.002761  0.011405  0.000138
939  0.000104  0.025278  0.000639
940  0.009160  -0.016111  0.000343
941  -0.032552  -0.001390  0.001062
942  0.007101  0.010397  0.000159
943  0.011227  -0.010060  0.000227
944  -0.004397  0.020001  0.000419
945  -0.000478  -0.003605  0.000013
946  0.021754  0.016633  0.000750
947  0.006578  0.034608  0.001241
948  -0.008136  -0.001599  0.000069
949  0.018713  0.009001  0.000431
950  0.014697  0.014059  0.000414
951  -0.013524  0.009226  0.000268
952  0.004446  0.007174  0.000071
953  0.022738  0.001257  0.000519
954  -0.022322  -0.029511  0.001369
955  0.015528  -0.000310  0.000241
956  0.007270  0.004597  0.000074
957  -0.019483  0.005068  0.000405
958  -0.026027  0.038081  0.002128
959  -0.001160  0.011453  0.000133
960  0.034080  0.028064  0.001949
961  0.027111  0.017327  0.001035
962  0.014937  0.012691  0.000384
963  0.042018  0.020791  0.002198
964  0.015632  0.037908  0.001681
965  -0.020666  -0.024317  0.001018
966  0.011175  0.000937  0.000126
967  -0.021393  -0.017304  0.000757
968  -0.004449  -0.008433  0.000091
969  0.021789  -0.008242  0.000543
970  0.003983  -0.010475  0.000126
971  0.014546  -0.078866  0.006431
972  -0.007837  -0.012704  0.000223
973  0.026912  -0.035411  0.001978
974  0.047547  0.018580  0.002606
975  0.006904  -0.000193  0.000048
976  -0.011307  0.009523  0.000219
977  -0.012148  -0.001545  0.000150
978  0.016278  -0.004259  0.000283
979  0.032498  -0.005855  0.001090
980  -0.013695  -0.028430  0.000996
981  -0.022678  -0.024448  0.001112
982  0.030543  -0.036459  0.002262
983  0.021584  0.015124  0.000695
984  0.017259  -0.000722  0.000298
985  -0.000720  -0.009863  0.000098
986  -0.028106  0.006781  0.000836
987  0.033051  -0.012470  0.001248
988  -0.005201  -0.001440  0.000029
989  0.023406  -0.003240  0.000558
990  0.019747  -0.014319  0.000595
991  0.043087  -0.033907  0.003006
992  0.003052  -0.023761  0.000574
993  -0.007406  0.006519  0.000097
994  0.020911  -0.025284  0.001077
995  -0.023279  -0.041159  0.002236
996  0.004603  -0.007691  0.000080
997  -0.004538  0.028920  0.000857
998  0.008881  0.012364  0.000232
999  -0.003115  0.019783  0.000401
1000  0.003775  -0.013174  0.000188
1001  -0.007492  0.013193  0.000230
1002  -0.012880  -0.008172  0.000233
1003  -0.036739  -0.016172  0.001611
1004  0.015564  0.041573  0.001971
1005  -0.014920  -0.000423  0.000223
1006  -0.027991  -0.014051  0.000981
1007  0.011995  -0.005875  0.000178
1008  -0.007306  -0.005572  0.000084
1009  -0.003112  0.009925  0.000108
1010  0.042142  -0.028967  0.002615
1011  0.027322  0.002254  0.000752
1012  0.002970  0.015878  0.000261
1013  0.002607  -0.019918  0.000404
1014  0.027293  0.012141  0.000892
1015  -0.008843  -0.030384  0.001001
1016  0.004461  0.014444  0.000229
1017  0.003817  -0.016809  0.000297
1018  0.005839  -0.021362  0.000490
1019  -0.010765  -0.007819  0.000177
1020  0.009902  0.000553  0.000098
1021  0.000426  0.000088  0.000000
1022  -0.050397  -0.019832  0.002933
1023  -0.003885  0.030170  0.000925
1024  -0.025869  -0.005328  0.000698
1025  0.006081  -0.026370  0.000732
1026  0.009310  -0.002436  0.000093
1027  -0.006794  -0.007395  0.000101
1028  0.010870  0.009612  0.000211
1029  -0.017942  -0.005141  0.000348
1030  -0.021719  0.021382  0.000929
1031  -0.017827  0.011456  0.000449
1032  -0.018193  -0.017971  0.000654
1033  0.023503  0.030031  0.001454
1034  -0.016771  -0.012171  0.000429
1035  0.026285  0.022696  0.001206
1036  -0.030265  -0.030739  0.001861
1037  0.006874  -0.016676  0.000325
1038  0.002305  0.007661  0.000064
1039  -0.023417  -0.014161  0.000749
1040  -0.001124  0.002654  0.000008
1041  0.015111  -0.029915  0.001123
1042  0.018676  0.022503  0.000855
1043  -0.016060  -0.052115  0.002974
1044  0.014901  0.035635  0.001492
1045  0.003738  0.016573  0.000289
1046  0.022816  -0.049520  0.002973
1047  -0.042728  -0.033029  0.002917
1048  0.048195  -0.027837  0.003098
1049  -0.020341  -0.005075  0.000440
1050  0.024732  -0.007737  0.000672
1051  0.015469  0.039188  0.001775
1052  0.011249  0.004098  0.000143
1053  0.001207  -0.010436  0.000110
1054  -0.025634  0.012024  0.000802
1055  0.009554  0.006295  0.000131
1056  -0.047850  -0.022238  0.002784
1057  0.035531  0.000358  0.001263
1058  -0.006603  -0.017789  0.000360
1059  -0.001274  0.029873  0.000894
1060  -0.013285  0.025547  0.000829
1061  0.006228  -0.007985  0.000103
1062  -0.016436  0.043845  0.002193
1063  0.002101  0.028190  0.000799
1064  0.011002  0.013772  0.000311
1065  0.007618  0.005077  0.000084
1066  -0.030188  0.022854  0.001434
1067  -0.008493  0.008094  0.000138
1068  -0.002808  0.032535  0.001066
1069  -0.013397  0.019308  0.000552
1070  0.008180  -0.022869  0.000590
1071  -0.054027  -0.047866  0.005210
1072  0.022060  0.045543  0.002561
1073  0.016114  -0.007922  0.000322
1074  -0.002455  -0.034728  0.001212
1075  -0.002752  0.017352  0.000309
1076  0.038129  -0.021391  0.001911
1077  -0.016936  -0.009052  0.000369
1078  -0.000560  -0.047804  0.002286
1079  -0.012582  0.001024  0.000159
1080  -0.009049  0.009009  0.000163
1081  -0.006912  0.007012  0.000097
1082  -0.027467  -0.013356  0.000933
1083  0.023468  -0.003098  0.000560
1084  -0.009857  0.002186  0.000102
1085  -0.045930  -0.014397  0.002317
1086  -0.017366  -0.008200  0.000369
1087  -0.038198  -0.010177  0.001563
1088  0.024762  -0.003918  0.000629
1089  -0.002746  0.024056  0.000586
1090  0.025493  -0.018321  0.000986
1091  0.002098  0.041669  0.001741
1092  -0.069634  -0.010753  0.004965
1093  -0.027378  0.001984  0.000754
1094  0.027986  -0.003777  0.000797
1095  0.027459  0.019005  0.001115
1096  0.030602  -0.031891  0.001953
1097  -0.021143  0.006559  0.000490
1098  -0.023235  -0.032657  0.001606
1099  -0.011819  -0.016036  0.000397
1100  0.025794  -0.008533  0.000738
1101  0.000048  -0.003783  0.000014
1102  0.016207  0.015651  0.000508
1103  0.015316  0.010193  0.000338
1104  -0.016090  -0.002559  0.000265
1105  -0.001225  0.040862  0.001671
1106  0.021099  -0.005181  0.000472
1107  -0.006813  0.010948  0.000166
1108  -0.016069  -0.011289  0.000386
1109  0.030086  -0.012057  0.001051
1110  0.013039  -0.032899  0.001252
1111  0.012109  0.014522  0.000358
1112  0.012063  0.002392  0.000151
1113  0.009988  -0.003007  0.000109
1114  0.020359  0.006087  0.000452
1115  0.003600  -0.011309  0.000141
1116  0.018557  -0.030627  0.001282
1117  0.040685  0.011589  0.001790
1118  0.011865  0.005965  0.000176
1119  -0.025931  0.002298  0.000678
1120  0.005004  0.000977  0.000026
1121  0.015200  -0.006875  0.000278
1122  -0.007564  0.063147  0.004045
1123  -0.002774  -0.009348  0.000095
1124  0.014275  0.020881  0.000640
1125  0.007969  -0.066848  0.004532
1126  -0.001236  0.021052  0.000445
1127  0.019650  -0.021030  0.000828
1128  0.035110  -0.004740  0.001255
1129  -0.022749  0.006414  0.000559
1130  -0.032173  0.036619  0.002376
1131  -0.015504  0.021730  0.000713
1132  0.004506  -0.010775  0.000136
1133  -0.051347  0.003459  0.002648
1134  -0.018444  -0.019672  0.000727
1135  0.031331  0.008852  0.001060
1136  0.005926  -0.032272  0.001077
1137  -0.005582  -0.023052  0.000563
1138  -0.024670  0.000306  0.000609
1139  -0.007000  0.007543  0.000106
1140  0.005576  0.018867  0.000387
1141  0.013979  0.026848  0.000916
1142  0.016519  -0.026700  0.000986
1143  0.006376  0.017441  0.000345
1144  0.015659  -0.037182  0.001628
1145  -0.032014  0.004209  0.001043
1146  -0.002713  -0.045379  0.002067
1147  -0.006326  -0.018575  0.000385
1148  -0.006303  -0.015005  0.000265
1149  -0.020009  -0.024192  0.000986
1150  -0.001723  0.035395  0.001256
1151  0.014989  -0.003678  0.000238
1152  -0.004341  -0.025878  0.000688
1153  -0.023300  -0.020239  0.000953
1154  0.016122  0.008905  0.000339
1155  -0.003074  -0.003760  0.000024
1156  -0.013771  -0.013277  0.000366
1157  -0.012678  -0.011058  0.000283
1158  0.028536  -0.002671  0.000821
1159  -0.021591  -0.026854  0.001187
1160  -0.007574  0.010945  0.000177
1161  -0.037675  -0.002662  0.001426
1162  -0.024907  -0.069294  0.005422
1163  -0.029073  -0.036210  0.002156
1164  0.031750  -0.012800  0.001172
1165  -0.021739  0.005748  0.000506
1166  -0.009039  -0.020984  0.000522
1167  0.014632  -0.012801  0.000378
1168  -0.019805  -0.006265  0.000431
1169  0.028970  -0.019578  0.001223
1170  -0.028515  -0.001104  0.000814
1171  -0.018450  0.020693  0.000769
1172  -0.004622  -0.015598  0.000265
1173  0.022310  -0.048813  0.002881
1174  0.017592  -0.003684  0.000323
1175  0.014912  0.028308  0.001024
1176  0.025132  -0.033418  0.001748
1177  0.009050  -0.020284  0.000493
1178  0.022228  0.003214  0.000504
1179  -0.013715  0.039012  0.001710
1180  -0.006275  -0.022989  0.000568
1181  0.031216  -0.004210  0.000992
1182  -0.024489  0.003558  0.000612
1183  -0.011437  -0.011117  0.000254
1184  0.028877  -0.011222  0.000960
1185  -0.009196  0.024174  0.000669
1186  -0.031986  0.002959  0.001032
1187  0.014908  -0.022310  0.000720
1188  -0.008975  -0.000914  0.000081
1189  -0.006162  0.003812  0.000053
1190  0.010442  0.010225  0.000214
1191  0.008792  -0.029855  0.000969
1192  0.013264  -0.008814  0.000254
1193  -0.026815  -0.038639  0.002212
1194  0.024895  -0.011055  0.000742
1195  -0.009226  -0.025502  0.000735
1196  0.004869  -0.043467  0.001913
1197  0.012099  0.017080  0.000438
1198  0.013253  -0.012868  0.000341
1199  0.025763  0.029645  0.001543
1200  0.018677  0.022568  0.000858
1201  -0.001616  -0.005385  0.000032
1202  -0.024388  0.010662  0.000708
1203  -0.004232  -0.023951  0.000592
1204  -0.015967  -0.009390  0.000343
1205  0.030085  -0.057260  0.004184
1206  -0.015085  -0.031219  0.001202
1207  0.005650  -0.011267  0.000159
1208  -0.013831  0.004993  0.000216
1209  -0.034700  -0.013268  0.001380
1210  0.039584  0.016529  0.001840
1211  0.048520  -0.010950  0.002474
1212  -0.022865  0.025621  0.001179
1213  -0.034665  0.024634  0.001809
1214  -0.008613  -0.021461  0.000535
1215  0.006942  -0.001394  0.000050
1216  -0.039034  0.020346  0.001938
1217  0.065926  0.003333  0.004357
1218  0.028708  0.014267  0.001028
1219  0.008135  -0.044836  0.002076
1220  0.019164  0.023166  0.000904
1221  0.008255  -0.018416  0.000407
1222  -0.001431  0.019990  0.000402
1223  -0.007025  -0.020604  0.000474
1224  -0.017497  -0.006614  0.000350
1225  0.000462  0.001261  0.000002
1226  0.009213  -0.018011  0.000409
1227  -0.001839  -0.008931  0.000083
1228  0.003286  -0.001796  0.000014
1229  0.002680  -0.001377  0.000009
1230  -0.019621  -0.026971  0.001112
1231  -0.005279  0.000489  0.000028
1232  0.017734  0.018167  0.000645
1233  -0.010305  -0.018198  0.000437
1234  0.004767  -0.033299  0.001132
1235  -0.016190  0.036459  0.001591
1236  0.031222  -0.007957  0.001038
1237  0.013976  -0.032558  0.001255
1238  -0.058167  0.017211  0.003680
1239  0.003604  0.005589  0.000044
1240  0.033569  0.045349  0.003183
1241  -0.021982  0.006206  0.000522
1242  -0.000049  0.057239  0.003276
1243  -0.001839  -0.031069  0.000969
1244  0.015444  0.029367  0.001101
1245  0.008875  0.013949  0.000273
1246  -0.013487  -0.038117  0.001635
1247  -0.002265  0.025529  0.000657
1248  -0.020843  -0.052335  0.003173
1249  0.031597  0.017440  0.001303
1250  0.007282  0.001443  0.000055
1251  -0.041104  0.008371  0.001760
1252  -0.018463  -0.006610  0.000385
1253  0.010383  -0.051283  0.002738
1254  -0.021959  0.009406  0.000571
1255  -0.001115  0.025465  0.000650
1256  0.022184  0.006642  0.000536
1257  0.009695  -0.029655  0.000973
1258  0.021232  0.037037  0.001823
1259  0.006259  0.009085  0.000122
1260  0.017468  -0.017160  0.000600
1261  0.015178  -0.023789  0.000796
1262  0.006424  0.007137  0.000092
1263  -0.008245  -0.021848  0.000545
1264  0.065172  0.020676  0.004675
1265  0.027183  0.029415  0.001604
1266  0.012484  -0.026734  0.000871
1267  -0.017043  0.031772  0.001300
1268  0.018260  0.006895  0.000381
1269  -0.005205  -0.011098  0.000150
1270  -0.036505  -0.028747  0.002159
1271  -0.001314  -0.036463  0.001331
1272  -0.026100  -0.011989  0.000825
1273  0.010873  0.021646  0.000587
1274  -0.013292  0.012920  0.000344
1275  0.020266  0.003017  0.000420
1276  0.022168  -0.007994  0.000555
1277  0.002545  -0.046729  0.002190
1278  0.024586  0.008639  0.000679
1279  0.011262  -0.049472  0.002574
1280  0.025672  -0.020215  0.001068
1281  0.025025  -0.034163  0.001793
1282  0.039085  0.024741  0.002140
1283  0.010840  0.032570  0.001178
1284  -0.052175  -0.004726  0.002745
1285  0.002264  -0.000339  0.000005
1286  -0.013825  -0.019401  0.000568
1287  0.008535  0.039763  0.001654
1288  0.016827  -0.028274  0.001083
1289  0.035660  -0.029765  0.002158
1290  0.018014  0.021352  0.000780
1291  0.002598  0.007178  0.000058
1292  0.013812  -0.013191  0.000365
1293  -0.013829  -0.010618  0.000304
1294  -0.051434  0.019283  0.003017
1295  -0.009472  0.001570  0.000092
1296  -0.002327  -0.001744  0.000008
1297  0.016605  0.006991  0.000325
1298  -0.037212  -0.051312  0.004018
1299  -0.006709  0.004412  0.000064
1300  0.014798  0.020655  0.000646
1301  0.037944  -0.024850  0.002057
1302  -0.014510  0.004274  0.000229
1303  0.004661  0.008939  0.000102
1304  -0.008585  -0.009778  0.000169
1305  0.031355  0.034241  0.002156
1306  -0.043693  0.004496  0.001929
1307  -0.031118  0.012397  0.001122
1308  0.001483  -0.002545  0.000009
1309  -0.026564  0.016904  0.000991
1310  0.032710  0.014180  0.001271
1311  0.017293  0.000844  0.000300
1312  0.030542  -0.044703  0.002931
1313  0.019682  -0.024796  0.001002
1314  -0.005070  -0.020307  0.000438
1315  -0.058946  -0.003179  0.003485
1316  -0.057610  -0.000158  0.003319
1317  -0.020214  -0.020286  0.000820
1318  0.081507  -0.002941  0.006652
1319  -0.001544  0.026833  0.000722
1320  0.004665  0.003368  0.000033
1321  -0.040633  -0.018087  0.001978
1322  -0.030067  0.014352  0.001110
1323  0.045614  0.015807  0.002330
1324  -0.003723  -0.018260  0.000347
1325  0.028076  -0.022263  0.001284
1326  0.016556  0.016083  0.000533
1327  0.044040  0.018093  0.002267
1328  -0.001600  -0.030213  0.000915
1329  -0.006023  0.001635  0.000039
1330  0.000416  0.006696  0.000045
1331  -0.032682  -0.025559  0.001721
1332  -0.001547  0.017937  0.000324
1333  0.007164  -0.019756  0.000442
1334  0.035498  0.013895  0.001453
1335  0.010779  -0.039153  0.001649
1336  0.007192  0.025378  0.000696
1337  -0.026182  0.010081  0.000787
1338  -0.017984  -0.026695  0.001036
1339  -0.008045  0.009418  0.000153
1340  0.004016  -0.002984  0.000025
1341  0.026796  0.020625  0.001143
1342  0.048710  -0.027767  0.003144
1343  0.029488  0.034460  0.002057
1344  0.040063  0.002361  0.001611
1345  -0.038918  0.021414  0.001973
1346  -0.027173  -0.000441  0.000739
1347  0.026084  -0.017345  0.000981
1348  -0.038838  -0.032653  0.002575
1349  -0.014302  0.006931  0.000253
1350  0.029667  -0.027224  0.001621
1351  0.025575  0.018942  0.001013
1352  -0.038683  -0.033272  0.002603
1353  -0.045045  0.006988  0.002078
1354  -0.027374  0.014277  0.000953
1355  -0.007433  0.011302  0.000183
1356  -0.001347  0.032651  0.001068
1357  -0.023548  0.017239  0.000852
1358  0.010204  0.032057  0.001132
1359  -0.001261  -0.055990  0.003136
1360  0.000599  0.014990  0.000225
1361  0.012325  -0.005001  0.000177
1362  -0.016911  -0.033367  0.001399
1363  -0.019495  -0.009962  0.000479
1364  -0.027931  0.001144  0.000781
1365  0.010228  -0.039126  0.001635
1366  -0.001938  -0.004778  0.000027
1367  -0.029787  -0.009947  0.000986
1368  0.013013  -0.007502  0.000226
1369  -0.027467  -0.000734  0.000755
1370  0.034091  -0.009899  0.001260
1371  0.003459  0.043118  0.001871
1372  0.003269  -0.005118  0.000037
1373  0.031803  0.051668  0.003681
1374  0.004032  -0.035181  0.001254
1375  0.019102  0.011314  0.000493
1376  0.017127  -0.040452  0.001930
1377  -0.002656  -0.005474  0.000037
1378  0.011925  -0.025488  0.000792
1379  -0.008288  0.019589  0.000452
1380  0.001406  -0.009657  0.000095
1381  -0.051112  -0.015707  0.002859
1382  0.060993  0.015362  0.003956
1383  -0.017631  0.082785  0.007164
1384  0.007877  0.007218  0.000114
1385  0.032010  0.025286  0.001664
1386  0.027771  0.010620  0.000884
1387  0.020280  0.065370  0.004685
1388  0.037929  0.018295  0.001773
1389  -0.006207  0.012004  0.000183
1390  0.002845  0.007165  0.000059
1391  0.021534  0.002115  0.000468
1392  -0.020252  -0.027508  0.001167
1393  0.003605  0.045595  0.002092
1394  -0.009950  -0.014592  0.000312
1395  0.021021  0.034330  0.001620
1396  -0.006466  0.017177  0.000337
1397  0.007090  -0.005015  0.000075
1398  0.020883  -0.005508  0.000466
1399  0.015094  0.027316  0.000974
1400  -0.040779  -0.030169  0.002573
1401  -0.019441  -0.000407  0.000378
1402  0.025171  -0.003358  0.000645
1403  -0.015192  -0.004313  0.000249
1404  -0.005164  -0.029566  0.000901
1405  0.015622  0.040812  0.001910
1406  0.003206  -0.005072  0.000036
1407  -0.002494  0.045466  0.002073
1408  0.017464  -0.025007  0.000930
1409  -0.005409  0.012402  0.000183
1410  0.014087  0.005087  0.000224
1411  0.012665  0.031267  0.001138
1412  0.066028  -0.016483  0.004631
1413  -0.092611  -0.033903  0.009726
1414  -0.053142  -0.027165  0.003562
1415  -0.034751  0.016338  0.001475
1416  0.011451  0.054750  0.003129
1417  -0.015785  -0.001059  0.000250
1418  0.037604  -0.027945  0.002195
1419  0.030680  -0.012742  0.001104
1420  0.009229  -0.029760  0.000971
1421  -0.049177  -0.040969  0.004097
1422  -0.027853  0.029358  0.001638
1423  0.012902  -0.006732  0.000212
1424  0.005786  0.009522  0.000124
1425  0.005925  0.012792  0.000199
1426  -0.012782  -0.057851  0.003510
1427  0.007045  0.015965  0.000305
1428  -0.018420  -0.033346  0.001451
1429  -0.008977  0.002553  0.000087
1430  0.057113  -0.015492  0.003502
1431  -0.037593  0.007739  0.001473
1432  0.028812  -0.033999  0.001986
1433  0.001121  0.008894  0.000080
1434  0.005072  0.017986  0.000349
1435  -0.012480  0.019356  0.000530
1436  -0.027754  -0.010413  0.000879
1437  0.029096  -0.035690  0.002120
1438  0.018402  -0.009611  0.000431
1439  0.018034  -0.000439  0.000325
1440  -0.001169  -0.035449  0.001258
1441  -0.021766  0.011084  0.000597
1442  -0.006742  0.009534  0.000136
1443  0.044385  -0.026700  0.002683
1444  0.018239  -0.034879  0.001549
1445  0.004956  0.003659  0.000038
1446  0.009695  0.045916  0.002202
1447  0.022698  0.023590  0.001072
1448  -0.010603  -0.023784  0.000678
1449  0.035076  -0.053137  0.004054
1450  -0.020408  -0.009488  0.000507
1451  -0.007720  -0.038443  0.001537
1452  0.018611  -0.014466  0.000556
1453  -0.012509  0.028160  0.000949
1454  -0.043770  0.042972  0.003762
1455  0.024057  0.006453  0.000620
1456  -0.058769  0.021064  0.003897
1457  0.041494  0.057980  0.005083
1458  -0.055596  0.021419  0.003550
1459  0.012509  -0.018053  0.000482
1460  0.002381  0.047474  0.002259
1461  -0.024214  0.013747  0.000775
1462  -0.001273  0.000937  0.000002
1463  -0.007002  0.005010  0.000074
1464  0.034573  0.053842  0.004094
1465  -0.044543  0.018445  0.002324
1466  -0.033940  -0.018329  0.001488
1467  -0.007930  -0.022411  0.000565
1468  -0.008223  -0.037033  0.001439
1469  0.004379  -0.007095  0.000070
1470  0.002855  0.003089  0.000018
1471  0.031888  -0.011814  0.001156
1472  0.014221  0.059424  0.003733
1473  -0.013533  -0.060642  0.003861
1474  -0.019455  -0.017275  0.000677
1475  0.002829  0.033646  0.001140
1476  0.046310  0.015661  0.002390
1477  -0.020936  -0.067465  0.004990
1478  0.002540  -0.042321  0.001798
1479  -0.012328  -0.006456  0.000194
1480  0.056016  -0.006438  0.003179
1481  0.050831  -0.046438  0.004740
1482  0.010807  -0.023142  0.000652
1483  -0.026331  -0.015814  0.000943
1484  -0.010124  -0.003027  0.000112
1485  -0.021010  -0.034916  0.001661
1486  0.011670  0.009847  0.000233
1487  -0.021500  -0.066941  0.004943
1488  0.028377  -0.008878  0.000884
1489  0.016102  0.004202  0.000277
1490  -0.018836  -0.007110  0.000405
1491  -0.041802  -0.010254  0.001853
1492  -0.022543  -0.009378  0.000596
1493  0.013521  -0.024605  0.000788
1494  0.006860  0.048613  0.002410
1495  -0.009151  -0.025565  0.000737
1496  -0.068161  -0.006148  0.004684
1497  -0.025603  0.012684  0.000816
1498  -0.026992  0.030128  0.001636
1499  -0.038333  0.013880  0.001662
1500  0.042172  -0.010531  0.001889
1501  -0.010524  -0.010056  0.000212
1502  0.023215  -0.023016  0.001069
1503  0.057296  0.035278  0.004527
1504  -0.093024  0.022952  0.009180
1505  -0.016989  -0.027160  0.001026
1506  -0.026809  -0.014547  0.000930
1507  0.017363  -0.001570  0.000304
1508  0.045237  -0.007984  0.002110
1509  -0.012010  0.012980  0.000313
1510  -0.009924  0.054935  0.003116
1511  -0.034547  0.015130  0.001422
1512  0.004823  -0.002541  0.000030
1513  0.004297  0.058845  0.003481
1514  0.006482  -0.020470  0.000461
1515  0.005422  -0.011123  0.000153
1516  0.016115  0.027098  0.000994
1517  0.040419  -0.006909  0.001681
1518  -0.045928  0.042549  0.003920
1519  0.031686  -0.050587  0.003563
1520  0.039531  0.037755  0.002988
1521  0.010641  -0.046706  0.002295
1522  0.084475  -0.048161  0.009456
1523  0.063062  0.050364  0.006513
1524  -0.005499  -0.007307  0.000084
1525  -0.032038  0.001020  0.001027
1526  0.063216  0.047539  0.006256
1527  -0.037737  0.026285  0.002115
1528  0.002094  -0.046793  0.002194
1529  -0.034197  -0.019089  0.001534
1530  0.047609  -0.012734  0.002429
1531  0.007858  -0.016126  0.000322
1532  0.022575  0.032715  0.001580
1533  0.055695  0.002523  0.003108
1534  -0.019736  -0.034155  0.001556
1535  -0.032079  -0.004101  0.001046
1536  0.005594  0.006299  0.000071
1537  -0.035803  0.003282  0.001293
1538  0.043796  0.056066  0.005061
1539  -0.065262  -0.053446  0.007116
1540  0.019820  0.033000  0.001482
1541  0.006219  0.027327  0.000785
1542  -0.086439  -0.033650  0.008604
1543  0.003497  0.055657  0.003110
1544  -0.010946  0.012664  0.000280
1545  0.036140  0.015541  0.001548
1546  -0.071372  -0.047481  0.007348
1547  -0.029240  -0.000747  0.000856
1548  0.044420  0.023896  0.002544
1549  0.043188  0.000193  0.001865
1550  0.015249  0.005393  0.000262
1551  -0.035082  -0.007708  0.001290
1552  -0.010955  0.077450  0.006119
1553  -0.054393  0.020809  0.003392
1554  -0.031054  -0.033686  0.002099
1555  -0.005142  -0.006387  0.000067
1556  -0.039757  0.013041  0.001751
1557  0.018561  -0.012135  0.000492
1558  -0.018280  -0.020621  0.000759
1559  -0.017852  -0.032637  0.001384
1560  -0.039462  0.008751  0.001634
1561  -0.060725  0.028979  0.004527
1562  -0.038012  0.009696  0.001539
1563  -0.058677  -0.029106  0.004290
1564  -0.028449  -0.103301  0.011481
1565  -0.023812  -0.041206  0.002265
1566  0.018569  -0.034919  0.001564
1567  0.000912  0.046878  0.002198
1568  -0.046192  -0.043065  0.003988
1569  0.020423  -0.065614  0.004722
1570  -0.009741  -0.007592  0.000153
1571  0.083586  -0.004026  0.007003
1572  0.042213  0.027235  0.002524
1573  0.035806  0.015684  0.001528
1574  -0.033544  -0.021066  0.001569
1575  0.044712  0.020340  0.002413
1576  -0.012607  0.042387  0.001956
1577  -0.064983  -0.005241  0.004250
1578  0.092682  -0.109903  0.020669
1579  -0.053244  0.036993  0.004203
1580  0.036627  0.079538  0.007668
1581  0.003959  0.021729  0.000488
1582  -0.000733  -0.004106  0.000017
1583  -0.001207  0.003322  0.000012
1584  0.073171  0.054477  0.008322
1585  0.025464  -0.054357  0.003603
1586  0.032069  -0.033775  0.002169
1587  0.016143  0.013419  0.000441
1588  -0.012463  -0.007971  0.000219
1589  0.051376  -0.007450  0.002695
1590  0.065005  -0.025695  0.004886
1591  0.011508  -0.016109  0.000392
1592  0.062412  -0.046974  0.006102
1593  -0.004378  0.005317  0.000047
1594  -0.030710  0.033302  0.002052
1595  -0.050827  0.076568  0.008446
1596  0.098493  -0.028724  0.010526
1597  0.007075  0.076002  0.005826
1598  -0.012765  -0.010774  0.000279
1599  0.071012  -0.010316  0.005149
1600  -0.014718  0.001902  0.000220
1601  -0.029583  0.008838  0.000953
1602  -0.055595  0.011675  0.003227
1603  0.002985  -0.040097  0.001617
1604  0.053592  -0.121209  0.017564
1605  0.021278  0.044843  0.002464
1606  -0.074367  0.085030  0.012761
1607  -0.042111  -0.088959  0.009687
1608  0.028213  -0.006992  0.000845
1609  -0.019545  -0.004306  0.000401
1610  -0.035788  0.007054  0.001331
1611  0.032748  -0.010352  0.001180
1612  0.023262  0.132180  0.018013
1613  -0.088438  -0.068843  0.012561
1614  0.065410  0.071950  0.009455
1615  -0.059353  -0.029089  0.004369
1616  0.016740  -0.035350  0.001530
1617  -0.122007  0.033090  0.015981
1618  0.008971  -0.057648  0.003404
1619  -0.006130  0.005932  0.000073
1620  -0.113035  0.051374  0.015416
1621  -0.110752  -0.016030  0.012523
1622  -0.048080  -0.073272  0.007680
1623  0.109034  -0.043595  0.013789
1624  -0.022612  0.018756  0.000863
1625  0.057558  -0.073379  0.008697
1626  -0.004693  -0.094531  0.008958
1627  -0.025847  -0.109016  0.012553
1628  -0.056359  -0.007765  0.003237
1629  -0.005315  -0.098674  0.009765
1630  0.068522  0.107728  0.016301
1631  0.012307  0.133492  0.017972
1632  0.040849  0.030259  0.002584
1633  -0.036650  -0.007563  0.001400
1634  0.021595  0.036678  0.001812
1635  0.117234  -0.056614  0.016949
1636  0.003953  0.086644  0.007523
1637  0.016322  0.001440  0.000268
1638  0.016930  -0.096597  0.009618
1639  0.036026  -0.013578  0.001482
1640  -0.047377  -0.072451  0.007494
1641  0.008999  0.047558  0.002343
1642  0.118347  -0.080375  0.020466
1643  0.008084  -0.031680  0.001069
1644  -0.005380  0.071661  0.005164
1645  0.041607  -0.022656  0.002244
1646  -0.093010  0.087288  0.016270
1647  -0.019821  -0.044485  0.002372
1648  -0.042955  -0.035757  0.003124
1649  0.007100  0.051804  0.002734
1650  -0.000946  -0.181230  0.032845
1651  0.078485  -0.058817  0.009619
1652  -0.014345  -0.021526  0.000669
1653  0.084715  0.004387  0.007196
1654  -0.208406  0.006162  0.043471
1655  0.032958  0.001914  0.001090
1656  0.031683  -0.116640  0.014609
1657  0.134660  0.017168  0.018428
1658  -0.056613  -0.031626  0.004205
1659  -0.093939  0.099327  0.018690
1660  0.143290  0.001690  0.020535
1661  -0.092690  0.085924  0.015974
1662  -0.135292  0.018765  0.018656
1663  0.136182  -0.158482  0.043662
1664  -0.045498  0.001905  0.002074
1665  -0.064258  -0.041384  0.005842
1666  -0.134442  0.082706  0.024915
1667  0.008957  -0.059046  0.003567
1668  -0.026992  -0.062820  0.004675
1669  0.093689  0.040806  0.010443
1670  0.010328  0.029184  0.000958
1671  0.038760  -0.024101  0.002083
1672  -0.043407  0.090726  0.010115
1673  -0.162294  -0.049702  0.028810
1674  -0.037417  0.120293  0.015870
1675  0.062457  0.141831  0.024017
1676  -0.101269  -0.089811  0.018321
1677  -0.012169  0.032220  0.001186
1678  -0.045899  -0.085321  0.009386
1679  0.139812  -0.016629  0.019824
1680  -0.023229  -0.096495  0.009851
1681  -0.027291  -0.010663  0.000859
1682  -0.111370  -0.021455  0.012864
1683  -0.094551  0.039203  0.010477
1684  0.161211  0.003893  0.026004
1685  -0.023485  -0.139823  0.020102
1686  0.031588  -0.075785  0.006741
1687  0.066665  -0.199169  0.044112
1688  -0.046183  0.003943  0.002148
1689  0.033302  -0.127719  0.017421
1690  -0.060692  -0.090576  0.011887
1691  0.073428  -0.123413  0.020622
1692  0.212571  -0.101569  0.055503
1693  0.142008  0.022873  0.020689
1694  0.025970  0.033329  0.001785
1695  -0.111402  0.121994  0.027293
1696  -0.092997  -0.046229  0.010786
1697  -0.018628  -0.133955  0.018291
1698  0.035616  0.060551  0.004935
1699  0.068065  0.101277  0.014890
1700  -0.074608  -0.099660  0.015499
1701  0.112385  -0.108795  0.024467
1702  -0.152990  0.059437  0.026939
1703  0.002882  0.075179  0.005660
1704  -0.060919  0.409262  0.171206
1705  0.056226  0.085501  0.010472
1706  -0.063330  0.061431  0.007784
1707  0.134161  -0.118050  0.031935
1708  0.144458  0.041212  0.022567
1709  0.069523  -0.058495  0.008255
1710  0.111090  -0.080148  0.018765
1711  -0.103477  -0.124338  0.026167
1712  -0.055907  -0.007389  0.003180
1713  -0.122646  0.120222  0.029495
1714  0.076855  0.041523  0.007631
1715  0.093733  -0.138188  0.027882
1716  0.093782  -0.022983  0.009323
1717  0.253396  0.067970  0.068829
1718  -0.045116  -0.015543  0.002277
1719  0.032423  -0.083681  0.008054
1720  0.215859  -0.252921  0.110564
1721  0.022320  0.069988  0.005396
1722  0.087909  0.209092  0.051447
1723  0.207984  0.186720  0.078122
1724  -0.024606  0.088674  0.008468
1725  -0.005945  -0.079880  0.006416
1726  0.069579  0.002815  0.004849
1727  -0.009991  0.079806  0.006469
1728  -0.007917  0.101121  0.010288
1729  -0.059287  0.190863  0.039944
1730  -0.177651  -0.379757  0.175776
1731  -0.229667  -0.070504  0.057718
1732  -0.158828  -0.066826  0.029692
1733  0.007492  0.166475  0.027770
1734  0.032149  -0.165661  0.028477
1735  -0.131950  -0.239773  0.074902
1736  0.157463  0.059002  0.028276
1737  -0.095812  -0.232523  0.063247
1738  0.165203  -0.050582  0.029851
1739  -0.176945  0.054381  0.034267
1740  0.164046  -0.106033  0.038154
1741  0.022536  0.107370  0.012036
1742  0.185702  -0.050937  0.037080
1743  -0.022142  -0.220047  0.048911
1744  0.073594  0.193291  0.042777
1745  0.132878  0.051362  0.020295
1746  0.151881  -0.033838  0.024213
1747  -0.115833  0.504437  0.267874
1748  -0.100723  0.022133  0.010635
1749  -0.233433  -0.017600  0.054801
1750  -0.055202  -0.092892  0.011676
1751  0.042606  0.214046  0.047631
1752  -0.178138  -0.042804  0.033565
1753  0.214855  -0.387490  0.196311
1754  -0.316679  0.189683  0.136265
1755  -0.297835  0.244875  0.148669
1756  -0.173258  0.050406  0.032559
1757  -0.221809  0.148191  0.071160
1758  0.121542  -0.257050  0.080847
1759  0.253023  0.003800  0.064035
1760  -0.219868  0.041061  0.050028
1761  -0.235139  0.236156  0.111060
1762  0.220035  -0.066574  0.052847
1763  -0.203071  0.128619  0.057781
1764  -0.153673  0.165709  0.051075
1765  -0.045518  -0.272466  0.076310
1766  -0.104504  -0.152583  0.034203
1767  0.035378  0.076820  0.007153
1768  -0.367135  0.079710  0.141142
1769  0.068569  0.250369  0.067386
1770  0.141480  0.336190  0.133040
1771  -0.408742  -0.119507  0.181352
1772  0.227965  -0.010173  0.052071
1773  -0.019074  -0.047336  0.002605
1774  -0.104640  -0.221110  0.059839
1775  -0.075842  -0.125047  0.021389
1776  -0.314835  -0.150967  0.121912
1777  -0.163505  -0.302140  0.118023
1778  0.306673  0.269491  0.166673
1779  0.058574  -0.156728  0.027995
1780  0.196740  -0.171473  0.068110
1781  0.009142  -0.181874  0.033162
1782  0.360735  -0.499106  0.379236
1783  0.084806  -0.026533  0.007896
1784  0.117412  -0.088588  0.021634
1785  -0.069783  0.020664  0.005297
1786  0.349753  -0.094238  0.131208
1787  -0.337038  0.181173  0.146418
1788  -0.211885  -0.234843  0.100047
1789  -0.323591  0.308680  0.199994
1790  -0.153381  -0.605705  0.390404
1791  0.246350  0.081098  0.067265
1792  0.055158  -0.068171  0.007690
1793  0.257942  0.182745  0.099930
1794  -0.000092  -0.073818  0.005449
1795  0.054658  0.079282  0.009273
1796  -0.316506  -0.093459  0.108911
1797  0.221889  0.278549  0.126824
1798  0.293920  0.235630  0.141911
1799  0.069799  0.017464  0.005177
1800  -0.255009  0.253207  0.129144
1801  -0.168559  0.009193  0.028497
1802  0.258433  0.044715  0.068787
1803  0.059250  0.265664  0.074088
1804  0.298286  0.178635  0.120885
1805  -0.181349  -0.160839  0.058757
1806  0.416154  0.056782  0.176408
1807  -0.357962  -0.288681  0.211473
1808  0.172738  0.109922  0.041921
1809  -0.227727  -0.158160  0.076874
1810  0.026510  -0.282866  0.080716
1811  0.293865  0.029119  0.087205
1812  0.173453  -0.102303  0.040552
1813  0.132991  0.196887  0.056451
1814  -0.248055  0.235971  0.117214
1815  -0.245698  -0.471081  0.282285
1816  -0.130569  0.243842  0.076507
1817  0.134147  0.154261  0.041792
1818  0.133268  -0.256039  0.083316
1819  -0.218203  -0.144919  0.068614
1820  -0.308758  0.214155  0.141194
1821  0.109757  -0.151894  0.035118
1822  0.041557  -0.266166  0.072571
1823  -0.079555  0.181390  0.039231
1824  0.201909  0.357190  0.168352
1825  0.076417  -0.087523  0.013500
1826  -0.067677  0.296503  0.092494
1827  -0.062510  0.553303  0.310052
1828  0.044229  -0.214340  0.047898
1829  -0.002269  -0.310494  0.096412
1830  0.543232  -0.431259  0.481086
1831  -0.065615  0.033264  0.005412
1832  -0.043478  -0.032887  0.002972
1833  0.365440  -0.003307  0.133557
1834  -0.726566  0.047535  0.530158
1835  -0.380207  -0.420067  0.321014
1836  -0.283295  0.163221  0.106897
1837  0.102784  0.212648  0.055784
1838  -0.290012  0.195501  0.122328
1839  0.160622  -0.394115  0.181126
1840  -0.228940  0.263197  0.121686
1841  -0.311640  -0.231573  0.150745
1842  0.198669  -0.389570  0.191234
1843  -0.176544  -0.000451  0.031168
1844  -0.099527  -0.288075  0.092893
1845  -0.092552  0.465929  0.225656
1846  -0.156993  -0.133850  0.042562
1847  0.225542  0.145764  0.072116
1848  -0.157814  0.072656  0.030184
1849  0.689932  0.587654  0.821343
1850  0.320264  0.526137  0.379389
1851  -0.112703  -0.750488  0.575935
1852  0.541504  -0.560843  0.607772
1853  0.470885  0.469090  0.441778
1854  0.236887  -0.117072  0.069821
1855  -0.208344  -0.099727  0.053353
1856  -0.131191  -0.340554  0.133188
1857  -0.159736  -0.131715  0.042864
1858  0.413167  0.229954  0.223585
1859  0.091528  0.068461  0.013064
1860  0.005157  -0.274769  0.075524
1861  0.418550  0.138505  0.194368
1862  0.081855  0.094023  0.015541
1863  0.106768  -0.399149  0.170720
1864  0.067759  -0.057923  0.007946
1865  -0.520836  -0.537834  0.560536
1866  -0.384690  0.092917  0.156620
1867  0.198343  0.180263  0.071834
1868  -0.043262  0.091897  0.010317
1869  0.317550  -0.184711  0.134956
1870  -0.216854  0.390086  0.199193
1871  0.076801  -0.610878  0.379070
1872  0.464240  0.405213  0.379716
1873  0.041346  0.189330  0.037555
1874  -0.472278  0.124650  0.238584
1875  -0.073409  -0.182643  0.038747
1876  0.023716  -0.405101  0.164669
1877  -0.203445  0.271324  0.115007
1878  0.595829  -0.312201  0.452481
1879  0.164488  -0.561812  0.342689
1880  0.232824  -0.022878  0.054730
1881  0.074645  -0.085734  0.012922
1882  -0.074798  -0.488048  0.243786
1883  0.269516  0.243771  0.132063
1884  -0.324359  0.300238  0.195352
1885  0.680726  -0.309570  0.559222
1886  -0.184626  0.156156  0.058472
1887  0.040356  -0.306191  0.095381
1888  0.264419  0.329568  0.178533
1889  -0.023502  -0.532585  0.284199
1890  -0.116077  -0.219570  0.061685
1891  -0.650269  0.336463  0.536057
1892  -0.129184  0.860869  0.757785
1893  0.129652  -0.456487  0.225190
1894  0.257877  -0.454940  0.273471
1895  -0.083424  -0.704364  0.503087
1896  0.668066  0.211101  0.490876
1897  -0.868404  -0.181022  0.786894
1898  -0.417381  0.195137  0.212285
1899  -0.077339  0.289628  0.089866
1900  -0.489624  0.629473  0.635968
1901  -0.524914  0.211363  0.320209
1902  0.268173  0.912335  0.904272
1903  -0.024296  -0.300466  0.090870
1904  0.089182  0.442071  0.203380
1905  0.266645  0.402225  0.232885
1906  -0.494789  -1.023786  1.292954
1907  0.156363  -0.342037  0.141439
1908  -0.176475  -0.179594  0.063397
1909  -0.307667  -0.465673  0.311510
1910  0.041523  0.034059  0.002884
1911  -0.324333  -0.783026  0.718321
1912  -0.309678  0.141144  0.115822
1913  -0.378135  -0.740037  0.690641
1914  -0.379758  -0.357431  0.271973
1915  0.326232  -0.588203  0.452410
1916  0.467296  -0.291063  0.303083
1917  -0.217418  0.182747  0.080667
1918  -0.325853  0.323502  0.210834
1919  0.021185  0.545354  0.297859
1920  0.780737  -0.468087  0.828657
1921  0.591035  -0.434302  0.537940
1922  -0.254400  0.637857  0.471581
1923  0.141963  -0.069000  0.024915
1924  -0.120310  -0.258581  0.081338
1925  0.251949  -0.209792  0.107491
1926  -0.100849  -0.211221  0.054785
1927  0.205940  0.024083  0.042991
1928  0.156242  0.192717  0.061551
1929  -0.570756  -0.005400  0.325792
1930  0.457866  0.848648  0.929844
1931  -0.289987  -0.457202  0.293127
1932  -0.221041  -0.512475  0.311490
1933  -0.226268  0.815528  0.716284
1934  -0.108927  -0.740345  0.559975
1935  -0.138349  -0.156644  0.043678
1936  0.519321  0.103493  0.280405
1937  -0.268794  -0.394367  0.227775
1938  -0.277176  0.228507  0.129042
1939  0.696875  -0.223733  0.535691
1940  0.519951  0.172914  0.300248
1941  0.069355  -0.794333  0.635775
1942  -0.338294  0.348356  0.235794
1943  0.028543  0.350467  0.123642
1944  -0.345995  -0.055945  0.122843
1945  -0.595990  0.965873  1.288115
1946  0.494119  -0.244299  0.303836
1947  0.302255  -0.046816  0.093550
1948  0.140118  1.086168  1.199394
1949  -0.171712  0.108384  0.041232
1950  -0.143154  -0.222965  0.070206
1951  -0.428532  0.479575  0.413632
1952  -0.063817  -0.464303  0.219650
1953  0.324038  0.141871  0.125128
1954  0.327207  -0.163031  0.133644
1955  -0.423810  -0.164971  0.206830
1956  -0.173101  0.029066  0.030809
1957  0.012587  0.035813  0.001441
1958  0.214037  0.005687  0.045844
1959  -1.034900  -0.427587  1.253849
1960  0.405118  -0.003835  0.164135
1961  -0.202081  -0.011471  0.040968
1962  0.241728  -0.068596  0.063138
1963  -0.268905  0.048287  0.074641
1964  -0.139460  0.369120  0.155699
1965  0.122900  0.689498  0.490512
1966  -0.016768  0.356799  0.127587
1967  -0.552108  0.313743  0.403258
1968  0.421985  -1.023982  1.226611
1969  -0.310031  -0.016868  0.096404
1970  0.121151  -0.360013  0.144287
1971  -0.470240  -0.235097  0.276396
1972  0.098815  -0.326642  0.116460
1973  0.688118  -1.189470  1.888345
1974  -0.579501  -0.335275  0.448231
1975  1.019246  -0.392326  1.192781
1976  0.355155  0.112238  0.138732
1977  -0.454411  0.212396  0.251601
1978  0.010799  -0.844258  0.712888
1979  0.210408  -0.235085  0.099536
1980  0.957509  0.116637  0.930428
1981  -0.356400  0.786111  0.744990
1982  -0.366500  0.541813  0.427884
1983  0.047696  0.098007  0.011880
1984  -0.351204  0.101727  0.133693
1985  0.234755  0.192393  0.092125
1986  -0.358196  -0.357555  0.256150
1987  -0.419197  -0.475260  0.401598
1988  0.089984  -0.068590  0.012802
1989  -0.608465  0.812164  1.029841
1990  0.236528  0.475663  0.282201
1991  -0.555425  -0.215192  0.354805
1992  -0.387145  0.049646  0.152346
1993  0.454641  -0.212036  0.251658
1994  0.213609  0.142263  0.065868
1995  0.342492  0.355630  0.243773
1996  -0.368264  0.370053  0.272558
1997  -0.365081  -0.862479  0.877154
1998  -0.069877  -0.225028  0.055520
1999  0.220463  -0.215767  0.095159
2000  0.031721  0.108019  0.012674
2001  -0.165776  -0.731177  0.562102
2002  0.845716  0.194850  0.753202
2003  1.073255  0.376648  1.293741
2004  0.463368  -0.251381  0.277903
2005  0.307301  -0.246056  0.154977
2006  -0.125789  1.103292  1.233077
2007  1.251167  -0.235540  1.620898
2008  0.828489  -0.768476  1.276950
2009  -1.023858  0.188649  1.083873
2010  0.134529  0.458928  0.228713
2011  -0.322740  -0.266733  0.175307
2012  0.030820  0.605685  0.367804
2013  0.259121  -0.004313  0.067162
2014  -0.483150  0.477530  0.461469
2015  0.716337  -0.253741  0.577523
2016  -0.533736  0.466274  0.502286
2017  -0.395849  0.232333  0.210675
2018  -0.320246  0.093378  0.111277
2019  0.165953  0.934471  0.900777
2020  0.302454  0.065932  0.095826
2021  0.307772  -0.183693  0.128467
2022  0.322161  0.015331  0.104022
2023  -0.299914  0.189754  0.125955
2024  -0.796425  0.459924  0.845822
2025  0.405749  0.358937  0.293468
2026  -0.169647  0.526083  0.305544
2027  -0.664645  0.552555  0.747070
2028  -0.529739  -0.228312  0.332750
2029  0.184380  -0.107921  0.045643
2030  0.443405  0.012519  0.196765
2031  0.010107  0.017725  0.000416
2032  0.673706  -0.188330  0.489348
2033  -0.605872  0.084786  0.374269
2034  0.051261  0.182268  0.035849
2035  -0.405276  -0.151891  0.187319
2036  0.063985  -0.253691  0.068453
2037  -0.390394  -0.536334  0.440062
2038  -0.658082  0.416975  0.606941
2039  0.091319  0.352126  0.132332
2040  0.666756  -0.208637  0.488092
2041  0.231154  -0.073954  0.058901
2042  -0.277587  -0.147797  0.098898
2043  -0.391673  -0.026724  0.154122
2044  -0.400647  -0.357857  0.288580
2045  0.383658  -0.220618  0.195866
2046  -0.003104  0.385662  0.148745
2047  -0.432018  -0.329842  0.295436
