0  -0.054528  -0.240403  0.060767
1  -0.401986  -0.644821  0.577387
2  1.054579  -0.207429  1.155163
3  -0.838757  -0.298280  0.792485
4  -0.124242  0.003948  0.015452
5  0.269280  0.055297  0.075569
6  -0.003825  -0.142523  0.020327
7  -0.067605  0.260084  0.072214
8  0.097136  0.192264  0.046401
9  0.130016  0.080016  0.023307
10  0.627743  -0.240559  0.451930
11  0.407256  -0.403275  0.328488
12  0.023266  -0.068800  0.005275
13  -0.029607  0.263425  0.070269
14  -0.526802  0.678867  0.738381
15  -0.437029  -0.144645  0.211917
16  -0.554571  -0.436431  0.498021
17  -0.282008  -0.213997  0.125324
18  1.014866  -0.069780  1.034823
19  -0.174433  0.075651  0.036150
20  -0.150133  0.522517  0.295564
21  -0.576487  0.157982  0.357296
22  0.202408  0.073292  0.046341
23  -0.432318  -0.189905  0.222963
24  0.368491  0.050294  0.138315
25  0.191594  0.498459  0.285170
26  0.224949  0.485411  0.286225
27  0.386898  0.261808  0.218234
28  0.531940  0.527975  0.561718
29  -0.258403  0.145243  0.087868
30  0.062697  0.242496  0.062735
31  -0.253828  -0.245051  0.124479
32  0.761054  0.690701  1.056271
33  -0.201017  0.022591  0.040918
34  -0.233031  0.184185  0.088228
35  0.609834  0.248304  0.433552
36  -1.207585  0.024383  1.458855
37  -0.604929  -0.024311  0.366530
38  0.031731  -0.070450  0.005970
39  0.172776  -0.561583  0.345227
40  0.288428  -0.183135  0.116729
41  -0.676689  -0.098132  0.467538
42  0.229327  -0.269549  0.125248
43  -0.379718  -0.248847  0.206110
44  -0.122310  0.314428  0.113825
45  0.057915  -0.130461  0.020374
46  0.091766  -0.021628  0.008889
47  -0.447589  0.411344  0.369539
48  0.051148  0.401749  0.164018
49  -0.074976  -0.421259  0.183080
50  0.214237  0.177058  0.077247
51  0.586057  0.529050  0.623356
52  0.471361  0.311214  0.319036
53  -0.099024  -0.075920  0.015570
54  0.130359  -0.028994  0.017834
55  -0.041752  0.103770  0.012511
56  0.238804  -0.729110  0.588630
57  -0.507184  -0.165503  0.284626
58  0.123959  -0.178577  0.047255
59  0.652359  -0.794393  1.056633
60  0.219669  -0.138893  0.067546
61  0.679015  0.316563  0.561274
62  -0.052869  -0.750113  0.565464
63  -0.654386  -0.063456  0.432248
64  0.300801  -0.337309  0.204259
65  0.307705  -0.528211  0.373689
66  -0.146780  -0.422327  0.199904
67  0.446197  -0.242096  0.257702
68  -0.188583  0.140994  0.055443
69  -0.579539  0.396109  0.492768
70  -0.066242  -0.199251  0.044089
71  0.373733  0.443871  0.336698
72  -0.225480  0.007429  0.050896
73  0.600949  0.193160  0.398451
74  0.516942  -0.388923  0.418490
75  0.599569  0.305972  0.453102
76  -0.015410  -0.268454  0.072305
77  0.361727  -0.435998  0.320941
78  -0.757010  -0.691633  1.051421
79  0.043064  0.179255  0.033987
80  0.633427  0.823121  1.078758
81  -0.289998  -0.686438  0.555296
82  0.304695  0.027192  0.093579
83  0.484151  -0.229846  0.287232
84  -0.101255  0.209912  0.054315
85  -0.439822  -0.558252  0.505089
86  0.297958  -0.030148  0.089688
87  -0.151290  0.259772  0.090370
88  0.709240  0.170374  0.532049
89  -0.136774  -0.113018  0.031480
90  -0.756490  0.298453  0.661351
91  0.191892  -0.743873  0.590170
92  0.219196  0.775513  0.649467
93  0.100805  0.515846  0.276259
94  -0.577274  0.808469  0.986868
95  -1.117850  0.571820  1.576568
96  -0.345047  -0.070002  0.123957
97  0.460016  -0.091389  0.219967
98  0.031728  -0.212741  0.046266
99  -0.637379  0.143608  0.426875
100  0.411512  0.446531  0.368732
101  -0.004916  -0.785895  0.617655
102  -0.805486  -0.772701  1.245873
103  -0.238968  0.324529  0.162425
104  -0.816989  -0.093017  0.676123
105  -0.282524  0.309843  0.175823
106  -0.409520  -0.069284  0.172507
107  -0.190094  0.359198  0.165159
108  0.126522  1.007936  1.031944
109  -0.211944  0.327880  0.152426
110  0.532874  0.013400  0.284134
111  0.431264  -0.658621  0.619770
112  0.262417  -0.302227  0.160204
113  0.255845  -0.122453  0.080451
114  -0.460010  -0.729988  0.744491
115  -0.031909  0.230253  0.054035
116  -0.405086  0.121187  0.178781
117  0.824268  -0.434230  0.867973
118  0.529178  -0.072902  0.285344
119  -0.134278  0.304000  0.110447
120  0.811091  0.440811  0.852183
121  0.671327  -0.795345  1.083253
122  -0.355358  0.318596  0.227783
123  -0.697964  -0.041505  0.488877
124  0.625818  -0.496969  0.638626
125  0.346489  -0.324415  0.225300
126  0.782571  0.474053  0.837144
127  0.425683  0.363165  0.313094
128  0.096351  -0.094109  0.018140
129  0.066467  0.099525  0.014323
130  -0.067346  -0.477032  0.232095
131  -0.250356  -0.757655  0.636720
132  0.696987  -0.049192  0.488210
133  0.390609  -0.164995  0.179799
134  -0.333290  -0.461068  0.323666
135  -0.340384  0.602290  0.478614
136  0.023946  -0.450129  0.203189
137  -0.294163  0.221664  0.135666
138  -1.278191  -0.354809  1.759662
139  -0.691833  -0.265992  0.549384
140  0.837318  -0.101703  0.711444
141  -0.340143  -0.489148  0.354963
142  0.529067  -0.241164  0.338072
143  -0.254667  0.442980  0.261086
144  -0.114333  -0.566705  0.334227
145  -0.558762  0.078949  0.318448
146  -0.459494  0.340246  0.326902
147  0.943348  0.463576  1.104808
148  0.155762  0.221945  0.073521
149  -0.026751  0.583894  0.341648
150  -0.480676  0.314885  0.330203
151  -0.109322  -0.359695  0.141332
152  -0.283798  0.188502  0.116074
153  -0.034308  0.605903  0.368295
154  0.775321  -0.010524  0.601233
155  0.712084  0.709197  1.010025
156  -0.257137  -0.233037  0.120425
157  -0.453610  0.246511  0.266530
158  -0.111725  -0.482334  0.245129
159  0.343374  0.640554  0.528215
160  0.227314  0.738697  0.597344
161  -0.466697  -0.039216  0.219344
162  0.326758  0.097965  0.116368
163  -0.078110  -0.411480  0.175417
164  -0.681068  -0.241843  0.522341
165  0.258365  0.465577  0.283514
166  -0.145809  0.054225  0.024201
167  0.337441  0.290457  0.198232
168  0.157071  0.387120  0.174533
169  -0.265702  0.321424  0.173911
170  0.030378  -0.045849  0.003025
171  0.020745  0.519522  0.270333
172  0.340983  0.341560  0.232933
173  0.214412  0.335313  0.158408
174  -0.590515  0.042034  0.350475
175  0.503301  0.126022  0.269194
176  -0.245867  0.257014  0.126507
177  -0.325699  0.013935  0.106274
178  -0.282684  -0.061492  0.083691
179  0.603184  0.597623  0.720983
180  0.278936  0.409042  0.245121
181  -0.372949  0.167959  0.167301
182  0.088864  0.203814  0.049437
183  -0.254472  -0.174505  0.095208
184  -0.131568  0.092882  0.025937
185  -0.574398  -0.304146  0.422437
186  0.072071  -0.416509  0.178674
187  -0.212354  -0.215016  0.091326
188  0.000029  0.275401  0.075846
189  0.130561  -0.024189  0.017631
190  0.572555  0.603105  0.691554
191  0.009103  -0.119357  0.014329
192  0.429881  0.215876  0.231400
193  0.556050  -0.063838  0.313267
194  -0.349774  -0.084070  0.129410
195  -0.331315  -0.075998  0.115545
196  -0.072783  0.168277  0.033614
197  0.299579  0.400758  0.250354
198  -0.307207  -0.726887  0.622742
199  -0.268660  -0.007277  0.072231
200  -0.427979  -0.055460  0.186242
201  0.203956  0.347926  0.162650
202  0.314219  0.414922  0.270893
203  -0.098812  -0.678041  0.469503
204  0.271817  0.190832  0.110301
205  -0.160791  0.020403  0.026270
206  -0.211604  -0.110266  0.056935
207  -0.014332  0.047567  0.002468
208  -0.344844  0.438258  0.310988
209  0.024762  -0.278055  0.077928
210  -0.176825  -0.195060  0.069315
211  -0.593673  0.099552  0.362359
212  -0.360598  0.294613  0.216828
213  -0.180360  -0.540762  0.324954
214  -0.177013  -0.133489  0.049153
215  0.135842  0.192964  0.055688
216  -0.371712  -0.258220  0.204847
217  -0.034295  0.278335  0.078647
218  -0.100483  0.271833  0.083990
219  -0.094857  0.468204  0.228213
220  0.047986  -0.833756  0.697452
221  -0.153209  0.276257  0.099791
222  0.278930  -0.005464  0.077832
223  0.071733  -0.364341  0.137890
224  0.293072  -0.352794  0.210354
225  -0.163653  0.628613  0.421937
226  -0.074425  -0.068260  0.010198
227  0.192978  0.126822  0.053324
228  -0.202054  -0.170150  0.069777
229  -0.576230  0.325289  0.437854
230  0.148737  0.369251  0.158469
231  0.158798  0.075056  0.030850
232  -0.035377  -0.157011  0.025904
233  -0.578208  -0.194861  0.372295
234  -0.171675  0.089132  0.037417
235  -0.371807  0.444489  0.335811
236  0.173856  -0.276568  0.106716
237  -0.101534  0.270515  0.083487
238  0.300847  0.395663  0.247059
239  -0.016140  0.192100  0.037163
240  0.452302  -0.206857  0.247367
241  -0.319321  -0.106166  0.113237
242  -0.171823  -0.283638  0.109974
243  -0.105646  -0.022641  0.011674
244  -0.278542  0.118868  0.091715
245  -0.471549  0.498711  0.471071
246  0.054869  0.411282  0.172163
247  0.083229  0.233383  0.061395
248  0.308534  0.056578  0.098395
249  -0.048722  -0.469432  0.222741
250  0.162707  -0.113396  0.039332
251  0.053804  0.075026  0.008524
252  0.278347  0.364179  0.210103
253  0.239386  0.212428  0.102431
254  -0.171386  0.255036  0.094416
255  0.098811  0.129322  0.026488
256  0.311162  0.182992  0.130308
257  0.442931  0.153102  0.219628
258  -0.172476  0.070960  0.034783
259  -0.228259  0.084368  0.059220
260  0.289133  -0.032054  0.084625
261  0.210407  0.019106  0.044636
262  -0.491990  -0.264703  0.312122
263  -0.161365  0.360015  0.155649
264  -0.402251  -0.094498  0.170736
265  -0.221384  0.041241  0.050712
266  0.114717  0.093367  0.021878
267  0.096986  0.325703  0.115488
268  0.523196  0.082932  0.280612
269  0.517970  -0.285746  0.349944
270  0.039715  0.040720  0.003235
271  0.287680  -0.319667  0.184947
272  -0.017464  0.326598  0.106971
273  0.301522  -0.163912  0.117783
274  -0.152408  0.282762  0.103183
275  0.079188  -0.024878  0.006890
276  -0.273641  0.036008  0.076176
277  0.200114  -0.293080  0.125941
278  0.204083  0.185933  0.076221
279  -0.015122  -0.357207  0.127825
280  0.263182  -0.178205  0.101022
281  -0.103063  0.108082  0.022304
282  0.076335  -0.005776  0.005860
283  -0.467737  -0.090959  0.227052
284  -0.142954  0.063454  0.024462
285  -0.254542  -0.192717  0.101931
286  0.162949  0.164134  0.053493
287  0.368963  0.111931  0.148662
288  0.001973  0.509338  0.259429
289  0.351770  -0.160122  0.149381
290  -0.145483  0.017011  0.021455
291  -0.073373  0.076008  0.011161
292  -0.020925  -0.136235  0.018998
293  0.250456  0.173564  0.092853
294  -0.131883  -0.116313  0.030922
295  -0.096978  0.118752  0.023507
296  0.341331  0.126811  0.132588
297  -0.103788  -0.319828  0.113062
298  -0.112061  -0.068432  0.017241
299  0.284379  -0.165935  0.108406
300  0.243075  -0.356704  0.186323
301  -0.171408  0.071762  0.034531
302  -0.225969  -0.047332  0.053302
303  -0.094984  -0.142736  0.029396
304  0.062598  -0.038708  0.005417
305  0.112994  -0.112109  0.025336
306  -0.212412  0.092014  0.053585
307  0.044999  0.126498  0.018027
308  -0.090058  -0.144463  0.028980
309  0.265479  -0.044833  0.072489
310  -0.016140  -0.105185  0.011324
311  0.029564  -0.008782  0.000951
312  -0.007596  0.184148  0.033968
313  -0.074660  0.058780  0.009029
314  -0.120858  -0.041119  0.016297
315  -0.051992  0.040915  0.004377
316  -0.149154  0.444878  0.220164
317  -0.113057  -0.261448  0.081137
318  0.174413  0.284513  0.111368
319  -0.013285  0.118028  0.014107
320  -0.105757  -0.111841  0.023693
321  -0.121015  0.142437  0.034933
322  0.135308  0.014336  0.018514
323  0.114173  -0.141152  0.032959
324  -0.009064  -0.224138  0.050320
325  0.286332  -0.068294  0.086650
326  0.048072  -0.134823  0.020488
327  0.027580  -0.023162  0.001297
328  0.013416  0.044745  0.002182
329  -0.137985  0.055024  0.022068
330  0.163266  0.278484  0.104209
331  -0.075374  -0.058381  0.009090
332  -0.034382  -0.073949  0.006651
333  -0.004253  -0.132828  0.017661
334  0.182930  -0.088224  0.041247
335  -0.083005  0.133957  0.024834
336  -0.100769  -0.001580  0.010157
337  -0.104853  -0.106840  0.022409
338  0.019379  0.046279  0.002517
339  -0.304118  -0.083078  0.099390
340  -0.018644  -0.052643  0.003119
341  -0.006570  0.160447  0.025786
342  0.086131  0.000593  0.007419
343  0.071263  0.029316  0.005938
344  0.152383  -0.034364  0.024401
345  0.302382  0.051246  0.094061
346  -0.173826  0.124077  0.045610
347  -0.061691  -0.154308  0.027617
348  -0.202883  -0.039238  0.042701
349  -0.007988  0.076041  0.005846
350  -0.089959  -0.064875  0.012301
351  0.086738  -0.104562  0.018457
352  -0.085360  -0.086713  0.014806
353  -0.113076  -0.196717  0.051484
354  -0.085097  -0.103976  0.018053
355  -0.027680  -0.064757  0.004960
356  -0.148829  0.023671  0.022710
357  -0.061703  -0.008584  0.003881
358  -0.103198  0.077628  0.016676
359  0.170524  0.030155  0.029988
360  -0.186228  0.133345  0.052462
361  -0.036194  0.119741  0.015648
362  0.256041  0.326954  0.172456
363  0.040548  -0.045877  0.003749
364  -0.043654  0.016662  0.002183
365  -0.018035  0.052459  0.003077
366  -0.117199  0.117777  0.027607
367  -0.045623  0.087496  0.009737
368  0.077575  -0.194871  0.043992
369  -0.192054  -0.003415  0.036896
370  -0.161860  -0.071302  0.031283
371  -0.050838  0.069504  0.007415
372  -0.054263  0.256829  0.068906
373  0.047477  -0.018753  0.002606
374  -0.011546  -0.006926  0.000181
375  -0.065671  0.046524  0.006477
376  0.072458  -0.011388  0.005380
377  -0.010241  -0.242969  0.059139
378  -0.095187  0.052982  0.011868
379  -0.033967  0.069699  0.006012
380  -0.010727  -0.063847  0.004191
381  0.116450  -0.071358  0.018653
382  0.156809  -0.066609  0.029026
383  -0.059316  0.082149  0.010267
384  0.099946  -0.010102  0.010091
385  0.107396  -0.113513  0.024419
386  0.019679  -0.099885  0.010364
387  0.027025  0.046430  0.002886
388  0.092970  0.007554  0.008700
389  -0.144620  -0.024413  0.021511
390  -0.001603  -0.054216  0.002942
391  0.095598  -0.034714  0.010344
392  -0.011759  0.136294  0.018714
393  0.053750  -0.010614  0.003002
394  0.055257  0.046615  0.005226
395  0.121897  -0.000846  0.014860
396  0.017058  -0.066658  0.004734
397  0.026920  -0.175518  0.031531
398  -0.033293  0.025482  0.001758
399  0.068019  0.026922  0.005351
400  0.028925  0.024277  0.001426
401  -0.069271  0.052394  0.007544
402  0.089475  -0.118067  0.021946
403  0.075919  -0.163621  0.032535
404  -0.000783  0.079937  0.006391
405  -0.069210  0.041124  0.006481
406  -0.014291  0.050138  0.002718
407  0.005865  0.080467  0.006509
408  -0.014627  0.109879  0.012287
409  0.102895  -0.045849  0.012690
410  -0.088936  -0.071675  0.013047
411  0.030693  -0.038846  0.002451
412  -0.060258  0.007178  0.003683
413  -0.041040  -0.049415  0.004126
414  0.018400  0.050242  0.002863
415  0.115165  0.038266  0.014727
416  0.081726  0.127599  0.022961
417  -0.028801  -0.036928  0.002193
418  0.063988  -0.012658  0.004255
419  0.014943  0.017787  0.000540
420  -0.005770  0.058385  0.003442
421  0.066136  -0.074389  0.009908
422  0.072510  -0.185050  0.039501
423  -0.001503  0.003988  0.000018
424  0.021897  -0.033424  0.001597
425  -0.081708  0.024251  0.007264
426  -0.038961  0.104982  0.012539
427  -0.002681  -0.021137  0.000454
428  0.091035  0.058668  0.011729
429  0.037184  0.070272  0.006321
430  0.021357  0.068546  0.005155
431  0.079297  -0.090667  0.014509
432  0.086854  -0.026167  0.008228
433  -0.067045  -0.016490  0.004767
434  0.005197  -0.018801  0.000380
435  -0.035227  -0.010952  0.001361
436  -0.023876  -0.041865  0.002323
437  -0.013800  -0.063993  0.004286
438  0.048334  -0.010661  0.002450
439  0.025937  0.012834  0.000837
440  0.033109  -0.016045  0.001354
441  -0.054770  -0.106647  0.014373
442  -0.011034  0.047386  0.002367
443  0.069591  -0.017460  0.005148
444  0.031550  0.083337  0.007940
445  0.017446  -0.016297  0.000570
446  0.025158  -0.046954  0.002838
447  -0.018518  0.061742  0.004155
448  -0.061448  0.086289  0.011222
449  0.003335  -0.103992  0.010825
450  0.153614  0.074852  0.029200
451  0.084187  0.020268  0.007498
452  -0.084844  0.035816  0.008481
453  -0.018210  -0.017647  0.000643
454  0.072252  0.033197  0.006322
455  -0.037191  0.064647  0.005562
456  0.028182  -0.036341  0.002115
457  0.095158  -0.090378  0.017223
458  -0.024132  -0.026181  0.001268
459  -0.036150  0.052912  0.004107
460  -0.026662  -0.004005  0.000727
461  -0.048260  0.015674  0.002575
462  0.065410  0.038455  0.005757
463  -0.040526  -0.087610  0.009318
464  0.033061  -0.035046  0.002321
465  -0.030627  -0.106464  0.012273
466  -0.033983  -0.061978  0.004996
467  -0.014624  0.015387  0.000451
468  -0.079100  -0.041345  0.007966
469  0.013801  -0.002151  0.000195
470  -0.016145  -0.006406  0.000302
471  0.013567  -0.012351  0.000337
472  0.019569  0.022852  0.000905
473  -0.095489  0.006139  0.009156
474  0.024400  0.062113  0.004453
475  0.055741  -0.071184  0.008174
476  -0.071856  -0.012464  0.005319
477  0.012842  0.003607  0.000178
478  0.039811  -0.064007  0.005682
479  0.009094  0.011213  0.000208
480  0.012731  0.023552  0.000717
481  -0.037770  -0.134176  0.019430
482  0.023495  0.012975  0.000720
483  -0.030246  0.008524  0.000987
484  -0.030265  -0.007827  0.000977
485  -0.024375  -0.038998  0.002115
486  -0.035172  -0.056770  0.004460
487  0.051980  -0.033833  0.003847
488  -0.084524  0.040283  0.008767
489  0.002441  0.005952  0.000041
490  0.084009  0.012606  0.007216
491  -0.016178  -0.056383  0.003441
492  -0.028669  -0.033668  0.001955
493  0.028724  0.009928  0.000924
494  -0.062136  0.023521  0.004414
495  0.001745  0.006769  0.000049
496  -0.066018  0.039372  0.005909
497  -0.058542  -0.062255  0.007303
498  -0.025708  0.008503  0.000733
499  0.034252  -0.012731  0.001335
500  0.058474  0.018434  0.003759
501  -0.000060  -0.004425  0.000020
502  -0.019821  -0.008583  0.000467
503  0.022388  -0.067928  0.005115
504  -0.036823  -0.042953  0.003201
505  0.020155  -0.031963  0.001428
506  -0.002493  -0.057056  0.003262
507  -0.000866  0.091610  0.008393
508  0.012347  0.050886  0.002742
509  -0.062269  0.010132  0.003980
510  0.098960  0.020488  0.010213
511  0.067135  -0.036608  0.005847
512  -0.011131  0.024169  0.000708
513  0.001675  0.036812  0.001358
514  0.055873  0.032527  0.004180
515  -0.035109  0.032084  0.002262
516  -0.038930  0.004073  0.001532
517  -0.025872  -0.000445  0.000670
518  -0.010155  -0.031307  0.001083
519  -0.003303  0.028431  0.000819
520  -0.002486  0.043197  0.001872
521  -0.023819  -0.075254  0.006230
522  -0.037756  -0.041059  0.003111
523  0.016916  -0.024003  0.000862
524  0.005338  -0.044030  0.001967
525  -0.027411  0.032066  0.001780
526  0.019325  -0.059494  0.003913
527  -0.008315  -0.015258  0.000302
528  -0.000293  0.040397  0.001632
529  0.005539  0.057665  0.003356
530  0.026909  0.031216  0.001699
531  -0.047235  -0.016101  0.002490
532  -0.019793  0.031268  0.001369
533  0.041402  -0.001843  0.001718
534  -0.043673  -0.031344  0.002890
535  0.021829  -0.001040  0.000478
536  0.082199  -0.020187  0.007164
537  0.075600  0.059573  0.009264
538  0.034325  0.023457  0.001728
539  0.054150  -0.003333  0.002943
540  0.005194  -0.055741  0.003134
541  0.032501  -0.035331  0.002305
542  0.031651  -0.002381  0.001007
543  0.074558  0.019472  0.005938
544  -0.059006  -0.017310  0.003781
545  -0.009208  -0.034026  0.001243
546  -0.025871  0.029069  0.001514
547  0.006508  0.003586  0.000055
548  0.049109  0.011990  0.002556
549  -0.030958  0.045045  0.002987
550  0.006324  -0.050924  0.002633
551  -0.001020  0.051614  0.002665
552  -0.037602  -0.037086  0.002789
553  -0.012249  0.014152  0.000350
554  0.049656  -0.041440  0.004183
555  0.034860  -0.046180  0.003348
556  0.061871  0.003021  0.003837
557  -0.005607  -0.009317  0.000118
558  -0.004362  -0.007462  0.000075
559  0.061335  0.021160  0.004210
560  -0.053037  0.008026  0.002877
561  0.059597  -0.030713  0.004495
562  -0.083462  -0.056315  0.010137
563  -0.026566  0.070145  0.005626
564  0.026890  0.032821  0.001800
565  0.032907  -0.022388  0.001584
566  -0.003189  -0.028481  0.000821
567  -0.003823  0.007167  0.000066
568  -0.042338  0.003907  0.001808
569  0.026574  0.004689  0.000728
570  -0.034181  -0.055587  0.004258
571  0.004996  -0.035196  0.001264
572  0.053908  0.037675  0.004326
573  0.052935  -0.006953  0.002850
574  -0.025606  -0.035203  0.001895
575  -0.043433  0.041822  0.003635
576  0.028618  -0.010121  0.000921
577  0.000761  0.000618  0.000001
578  0.050739  -0.022684  0.003089
579  0.053312  -0.021258  0.003294
580  0.003363  0.007645  0.000070
581  0.021841  -0.019083  0.000841
582  0.001448  -0.014767  0.000220
583  0.022633  -0.030103  0.001418
584  -0.013006  -0.026232  0.000857
585  0.038197  -0.004923  0.001483
586  -0.034240  -0.058697  0.004618
587  -0.020535  -0.003058  0.000431
588  0.008329  0.012938  0.000237
589  0.007036  -0.000357  0.000050
590  -0.030237  0.023074  0.001447
591  0.051547  -0.010337  0.002764
592  0.022347  -0.034457  0.001687
593  -0.067704  -0.014083  0.004782
594  -0.002481  -0.039412  0.001559
595  -0.020784  0.027425  0.001184
596  0.020555  0.035324  0.001670
597  0.016046  -0.017162  0.000552
598  0.018051  0.012878  0.000492
599  -0.029241  0.011667  0.000991
600  -0.055741  -0.009997  0.003207
601  0.024607  -0.028447  0.001415
602  0.069654  0.054040  0.007772
603  0.002851  0.009831  0.000105
604  0.006820  -0.028169  0.000840
605  0.007503  0.007275  0.000109
606  0.033102  0.028856  0.001928
607  0.014701  0.007485  0.000272
608  0.002066  -0.045030  0.002032
609  -0.014875  0.010631  0.000334
610  0.040238  -0.058830  0.005080
611  -0.048758  0.022445  0.002881
612  0.004241  -0.008012  0.000082
613  -0.010701  -0.016928  0.000401
614  -0.055226  -0.044283  0.005011
615  -0.037180  0.031554  0.002378
616  0.004186  0.026882  0.000740
617  0.028847  -0.085364  0.008119
618  -0.021813  -0.043590  0.002376
619  -0.000453  -0.001656  0.000003
620  0.038284  -0.015967  0.001721
621  0.018360  0.006168  0.000375
622  0.017383  -0.029655  0.001182
623  0.008046  -0.032742  0.001137
624  0.004564  -0.023410  0.000569
625  -0.026522  -0.037637  0.002120
626  0.012378  0.015823  0.000404
627  0.029962  0.017147  0.001192
628  0.002356  0.004068  0.000022
629  0.060805  -0.025968  0.004372
630  0.017448  0.047757  0.002585
631  0.038794  0.049451  0.003950
632  -0.053837  -0.019725  0.003287
633  -0.041140  -0.024581  0.002297
634  -0.016551  -0.000527  0.000274
635  0.032649  -0.033956  0.002219
636  0.052733  -0.005035  0.002806
637  0.007289  0.044630  0.002045
638  0.023623  -0.004909  0.000582
639  -0.038594  -0.022819  0.002010
640  -0.019148  -0.039952  0.001963
641  0.009720  0.007564  0.000152
642  -0.047325  0.065436  0.006521
643  -0.008356  -0.053438  0.002925
644  0.001575  0.015506  0.000243
645  -0.014259  0.029594  0.001079
646  -0.014669  -0.030255  0.001131
647  -0.047702  0.019244  0.002646
648  -0.007368  -0.031041  0.001018
649  -0.033688  0.023987  0.001710
650  0.034281  -0.023754  0.001739
651  0.012544  -0.078044  0.006248
652  0.035995  -0.011713  0.001433
653  0.008378  0.010100  0.000172
654  0.026226  0.004545  0.000708
655  -0.015908  0.105516  0.011387
656  -0.049268  -0.048725  0.004801
657  0.028663  -0.045446  0.002887
658  -0.044627  0.002981  0.002000
659  0.002708  0.000471  0.000008
660  0.015849  -0.003829  0.000266
661  -0.025361  -0.052570  0.003407
662  0.065248  -0.011951  0.004400
663  -0.028925  -0.020845  0.001271
664  -0.041237  -0.051631  0.004366
665  -0.016693  0.056066  0.003422
666  -0.023033  0.004932  0.000555
667  -0.007534  -0.035211  0.001297
668  0.001198  -0.026384  0.000698
669  0.007513  0.012258  0.000207
670  -0.001668  0.070787  0.005014
671  -0.048905  -0.010506  0.002502
672  0.012404  0.010976  0.000274
673  -0.008765  -0.006627  0.000121
674  -0.002996  -0.004501  0.000029
675  -0.018868  -0.043326  0.002233
676  0.012716  -0.017691  0.000475
677  0.001010  -0.029894  0.000895
678  -0.028313  -0.018175  0.001132
679  0.024066  -0.051846  0.003267
680  -0.021672  -0.057086  0.003728
681  0.028941  0.018579  0.001183
682  -0.049289  0.055944  0.005559
683  -0.049987  -0.013621  0.002684
684  -0.024089  0.022839  0.001102
685  0.033123  -0.029318  0.001957
686  0.012006  -0.018799  0.000498
687  -0.027570  0.030349  0.001681
688  0.010072  -0.054432  0.003064
689  0.019842  -0.051784  0.003075
690  0.012179  -0.014769  0.000366
691  -0.027454  0.029058  0.001598
692  0.017330  -0.000921  0.000301
693  0.008013  0.000604  0.000065
694  -0.011256  0.007511  0.000183
695  -0.014108  0.015663  0.000444
696  -0.031503  0.020767  0.001424
697  0.019137  -0.036973  0.001733
698  0.003248  -0.016028  0.000267
699  -0.005595  -0.007854  0.000093
700  0.013910  -0.027462  0.000948
701  0.022221  -0.020502  0.000914
702  0.003159  0.032130  0.001042
703  -0.020657  0.012804  0.000591
704  -0.001135  0.017418  0.000305
705  -0.063800  0.063176  0.008062
706  0.018774  0.013026  0.000522
707  -0.001086  0.010152  0.000104
708  -0.010089  0.010314  0.000208
709  0.030099  -0.014718  0.001123
710  0.029442  -0.000581  0.000867
711  0.023254  -0.009010  0.000622
712  -0.031351  -0.009854  0.001080
713  0.018593  0.032125  0.001378
714  -0.015282  0.005392  0.000263
715  -0.001965  0.001269  0.000005
716  0.016183  0.012367  0.000415
717  0.011450  -0.044485  0.002110
718  -0.006864  0.028573  0.000864
719  0.037424  0.012952  0.001568
720  0.026825  -0.020362  0.001134
721  -0.003011  0.017656  0.000321
722  -0.023474  -0.048360  0.002890
723  -0.023258  -0.010966  0.000661
724  -0.010509  0.035152  0.001346
725  0.035347  0.014671  0.001465
726  0.030115  -0.010672  0.001021
727  -0.006503  0.037162  0.001423
728  -0.004821  -0.026311  0.000716
729  -0.018549  0.001860  0.000348
730  0.015594  -0.018230  0.000576
731  0.016098  0.007765  0.000319
732  0.006607  0.025444  0.000691
733  0.015030  0.008291  0.000295
734  -0.021288  -0.003058  0.000463
735  0.029629  -0.030661  0.001818
736  -0.020337  -0.005106  0.000440
737  -0.003551  0.009224  0.000098
738  0.022814  -0.014019  0.000717
739  -0.011307  0.018863  0.000484
740  0.024576  -0.012470  0.000759
741  0.002965  0.065069  0.004243
742  -0.022597  0.002993  0.000520
743  -0.014736  -0.030955  0.001175
744  0.053246  -0.026379  0.003531
745  -0.030731  -0.003645  0.000958
746  -0.026008  -0.024211  0.001263
747  0.065691  0.001878  0.004319
748  -0.019516  0.026689  0.001093
749  -0.006324  0.062822  0.003987
750  0.035064  0.009398  0.001318
751  -0.023985  -0.010450  0.000684
752  0.004476  0.033475  0.001141
753  -0.046670  -0.022387  0.002679
754  -0.015894  0.037846  0.001685
755  0.001571  0.043663  0.001909
756  -0.034663  -0.021972  0.001684
757  0.004306  -0.065541  0.004314
758  0.006685  0.047460  0.002297
759  -0.024746  -0.001662  0.000615
760  0.034910  -0.033286  0.002327
761  0.018809  -0.006740  0.000399
762  0.009446  -0.054851  0.003098
763  -0.006509  -0.026731  0.000757
764  -0.013674  -0.028297  0.000988
765  -0.004701  0.003909  0.000037
766  0.016266  -0.022175  0.000756
767  0.050829  0.013774  0.002773
768  0.002932  0.003964  0.000024
769  0.027013  0.037836  0.002161
770  0.001100  -0.011604  0.000136
771  0.014196  -0.003300  0.000212
772  -0.000540  0.015167  0.000230
773  -0.005728  -0.009645  0.000126
774  0.014905  -0.013840  0.000414
775  -0.036428  -0.024147  0.001910
776  0.000894  0.004361  0.000020
777  0.014158  -0.010370  0.000308
778  0.005477  -0.008632  0.000105
779  0.030396  -0.017252  0.001222
780  0.015961  -0.013487  0.000437
781  -0.020863  -0.026530  0.001139
782  0.002875  -0.007289  0.000061
783  0.025337  -0.032232  0.001681
784  -0.048767  0.005144  0.002405
785  0.029393  -0.019831  0.001257
786  -0.047015  0.020046  0.002612
787  -0.034617  0.043573  0.003097
788  0.005013  -0.002202  0.000030
789  -0.042790  0.025188  0.002465
790  0.032796  0.001908  0.001079
791  0.048769  -0.004892  0.002402
792  0.004219  0.017807  0.000335
793  0.027367  0.031286  0.001728
794  0.028446  -0.014360  0.001015
795  -0.004423  0.032180  0.001055
796  0.041198  0.001093  0.001698
797  -0.010798  -0.035585  0.001383
798  0.004374  0.007504  0.000075
799  -0.027266  -0.012975  0.000912
800  0.027387  0.010081  0.000852
801  0.040584  0.010570  0.001759
802  -0.019504  -0.004120  0.000397
803  -0.017781  -0.019022  0.000678
804  0.019789  -0.028328  0.001194
805  0.024038  -0.012466  0.000733
806  0.005958  -0.020917  0.000473
807  -0.037568  0.023987  0.001987
808  -0.021016  0.032107  0.001473
809  -0.001333  -0.018149  0.000331
810  -0.039571  -0.009332  0.001653
811  -0.034056  0.025685  0.001820
812  0.010976  0.041629  0.001853
813  -0.005592  -0.018717  0.000382
814  -0.002783  -0.007473  0.000064
815  0.005173  0.011818  0.000166
816  -0.026890  -0.029590  0.001599
817  -0.003439  -0.003614  0.000025
818  0.004849  0.004470  0.000043
819  0.051094  0.009049  0.002692
820  -0.028331  -0.036882  0.002163
821  -0.031758  0.011418  0.001139
822  0.022822  0.028283  0.001321
823  0.035970  0.023491  0.001846
824  -0.012898  -0.011691  0.000303
825  -0.010871  0.045056  0.002148
826  -0.011859  0.005269  0.000168
827  0.045147  0.017349  0.002339
828  0.018804  -0.003251  0.000364
829  0.005995  -0.013867  0.000228
830  -0.023376  0.016961  0.000834
831  0.013165  0.009728  0.000268
832  0.028009  0.025947  0.001458
833  -0.061247  0.005318  0.003780
834  0.008782  0.006283  0.000117
835  -0.005592  -0.006486  0.000073
836  -0.000219  -0.017934  0.000322
837  0.021911  0.006704  0.000525
838  0.040004  -0.027313  0.002346
839  -0.048076  0.018801  0.002665
840  0.016234  0.002570  0.000270
841  -0.002555  0.014631  0.000221
842  -0.003915  -0.033687  0.001150
843  0.045905  0.019370  0.002482
844  -0.009666  0.016439  0.000364
845  0.030903  0.023435  0.001504
846  -0.008056  0.005365  0.000094
847  -0.004137  -0.017822  0.000335
848  -0.012639  -0.001105  0.000161
849  0.022439  -0.008081  0.000569
850  0.001052  -0.019456  0.000380
851  0.018420  0.002096  0.000344
852  -0.003797  -0.007758  0.000075
853  0.009797  -0.010753  0.000212
854  -0.018549  -0.016047  0.000602
855  0.018808  0.021461  0.000814
856  0.023320  -0.042503  0.002350
857  -0.018873  0.052392  0.003101
858  0.037122  -0.036423  0.002705
859  0.004218  -0.006018  0.000054
860  -0.041132  0.025945  0.002365
861  -0.000367  0.038039  0.001447
862  -0.037011  -0.018694  0.001719
863  -0.045293  0.017870  0.002371
864  -0.001873  0.023053  0.000535
865  -0.004730  0.018310  0.000358
866  -0.042381  -0.000704  0.001797
867  0.010960  0.037250  0.001508
868  -0.017194  0.034673  0.001498
869  -0.040477  -0.016687  0.001917
870  -0.010828  -0.014815  0.000337
871  -0.006177  0.007341  0.000092
872  0.028213  0.028027  0.001581
873  -0.014780  -0.002661  0.000226
874  -0.019707  -0.025702  0.001049
875  -0.024813  0.026218  0.001303
876  0.045781  0.006442  0.002137
877  0.024965  -0.012535  0.000780
878  0.033160  -0.041142  0.002792
879  0.015144  -0.020774  0.000661
880  -0.016183  0.033108  0.001358
881  0.000493  0.017829  0.000318
882  -0.000716  -0.000315  0.000001
883  0.008544  -0.017956  0.000395
884  0.000193  0.053680  0.002882
885  0.005532  0.004472  0.000051
886  0.054357  0.007245  0.003007
887  0.005198  -0.008311  0.000096
888  0.028775  0.006495  0.000870
889  0.015669  -0.012015  0.000390
890  -0.008748  0.017265  0.000375
891  0.003341  0.077128  0.005960
892  0.034754  -0.050173  0.003725
893  0.020297  0.009673  0.000506
894  0.029247  0.016019  0.001112
895  0.007285  -0.005926  0.000088
896  0.024162  -0.023537  0.001138
897  0.057108  -0.006720  0.003307
898  0.006519  -0.051447  0.002689
899  0.011769  0.029296  0.000997
900  0.035968  0.007226  0.001346
901  -0.023009  0.008479  0.000601
902  -0.011452  0.015132  0.000360
903  0.022932  -0.024459  0.001124
904  0.057519  0.013565  0.003492
905  0.033116  -0.005977  0.001132
906  0.001671  -0.013481  0.000185
907  -0.015172  -0.013216  0.000405
908  -0.014321  0.016864  0.000489
909  0.006339  0.013170  0.000214
910  0.038978  0.018589  0.001865
911  0.001266  0.005627  0.000033
912  0.022813  -0.025119  0.001151
913  0.029424  -0.046882  0.003064
914  0.009531  -0.032232  0.001130
915  0.017427  -0.025670  0.000963
916  -0.014134  -0.014473  0.000409
917  0.049278  -0.031898  0.003446
918  -0.006364  -0.008577  0.000114
919  -0.009504  0.020472  0.000509
920  -0.030567  0.033134  0.002032
921  -0.012744  -0.017777  0.000478
922  -0.015143  -0.031932  0.001249
923  -0.022714  0.024289  0.001106
924  -0.014679  -0.019685  0.000603
925  -0.016706  -0.001093  0.000280
926  -0.025884  -0.015083  0.000897
927  0.027768  0.023151  0.001307
928  -0.001061  -0.008805  0.000079
929  -0.020897  -0.006814  0.000483
930  -0.038336  -0.022358  0.001970
931  0.007899  0.031639  0.001063
932  0.009877  0.058866  0.003563
933  -0.011301  0.012005  0.000272
934  0.027067  -0.003942  0.000748
935  0.004822  0.001166  0.000025
936  0.010064  0.015345  0.000337
937  0.051341  -0.008837  0.002714
938  -0.009867  -0.005729  0.000130
939  -0.004227  -0.003716  0.000032
940  0.033074  0.015762  0.001342
941  0.007363  -0.002316  0.000060
942  0.025509  -0.008084  0.000716
943  0.009562  -0.026099  0.000773
944  -0.017009  -0.022033  0.000775
945  -0.019357  0.000207  0.000375
946  0.008160  -0.019982  0.000466
947  0.013874  0.010363  0.000300
948  -0.013475  -0.026196  0.000868
949  0.000225  -0.021641  0.000468
950  0.005558  -0.017623  0.000341
951  -0.025464  0.026182  0.001334
952  0.015723  -0.019014  0.000609
953  0.013832  0.001579  0.000194
954  0.043194  -0.004355  0.001885
955  -0.027578  0.015607  0.001004
956  -0.020126  -0.000813  0.000406
957  -0.007367  0.004453  0.000074
958  -0.018488  -0.022519  0.000849
959  0.007424  0.018702  0.000405
960  0.002998  0.026758  0.000725
961  -0.011918  0.033393  0.001257
962  -0.051210  0.012155  0.002770
963  0.017120  -0.001528  0.000295
964  -0.014777  0.000727  0.000219
965  -0.016112  -0.023528  0.000813
966  -0.003192  0.009144  0.000094
967  -0.007328  -0.014265  0.000257
968  0.000404  -0.014410  0.000208
969  -0.002889  -0.026244  0.000697
970  0.009605  -0.013436  0.000273
971  0.012377  0.003222  0.000164
972  0.010373  -0.003724  0.000121
973  0.010081  0.017808  0.000419
974  0.027695  0.009173  0.000851
975  0.005651  -0.004856  0.000056
976  0.015052  0.021480  0.000688
977  -0.020498  0.041904  0.002176
978  0.020355  0.012252  0.000564
979  0.004048  0.028253  0.000815
980  -0.016099  0.005262  0.000287
981  -0.012481  0.041218  0.001855
982  0.012369  0.008140  0.000219
983  0.032858  0.035642  0.002350
984  0.021715  0.027845  0.001247
985  0.011926  -0.013047  0.000312
986  0.023405  0.018106  0.000876
987  -0.001646  -0.019837  0.000396
988  -0.040581  0.013063  0.001818
989  0.008615  -0.025136  0.000706
990  0.014349  -0.020609  0.000631
991  0.036816  -0.030123  0.002263
992  0.050389  -0.008105  0.002605
993  -0.001796  0.031024  0.000966
994  0.010256  0.018887  0.000462
995  -0.007067  -0.004494  0.000070
996  0.023427  0.005423  0.000578
997  0.003758  -0.017127  0.000307
998  0.004858  0.032600  0.001086
999  0.001009  -0.024004  0.000577
1000  0.039746  0.015124  0.001808
1001  -0.013767  0.008739  0.000266
1002  0.030559  0.056395  0.004114
1003  0.003666  -0.005032  0.000039
1004  0.008964  0.009277  0.000166
1005  0.021870  0.018395  0.000817
1006  -0.000117  -0.002599  0.000007
1007  0.006229  0.006141  0.000077
1008  -0.005918  0.028682  0.000858
1009  0.021308  0.022349  0.000954
1010  0.033966  -0.020909  0.001591
1011  0.021279  -0.031449  0.001442
1012  -0.038005  0.006340  0.001485
1013  0.006516  0.046838  0.002236
1014  0.032058  0.008773  0.001105
1015  -0.009320  -0.026327  0.000780
1016  0.016811  0.008220  0.000350
1017  -0.006450  -0.020419  0.000459
1018  -0.020100  0.008145  0.000470
1019  -0.006049  0.008661  0.000112
1020  0.032074  -0.015330  0.001264
1021  -0.021638  -0.005569  0.000499
1022  0.016031  0.008891  0.000336
1023  -0.012041  -0.025346  0.000787
1024  -0.041507  0.001419  0.001725
1025  -0.023118  0.015322  0.000769
1026  0.065755  0.009293  0.004410
1027  -0.004266  -0.036497  0.001350
1028  -0.008213  0.017840  0.000386
1029  0.009193  0.023973  0.000659
1030  0.000465  -0.006623  0.000044
1031  -0.002185  -0.004737  0.000027
1032  -0.013682  0.008218  0.000255
1033  -0.032327  0.001243  0.001047
1034  0.002156  0.017843  0.000323
1035  0.002541  0.017990  0.000330
1036  0.016219  0.004799  0.000286
1037  0.005864  0.026227  0.000722
1038  0.018785  0.033562  0.001479
1039  -0.026312  -0.042990  0.002541
1040  0.020590  -0.003046  0.000433
1041  -0.031326  0.018771  0.001334
1042  -0.029491  -0.038612  0.002361
1043  0.000905  -0.036433  0.001328
1044  -0.017600  -0.002331  0.000315
1045  -0.018646  0.008107  0.000413
1046  0.002962  0.066758  0.004465
1047  -0.010920  0.000915  0.000120
1048  0.019525  -0.010299  0.000487
1049  -0.047352  0.009718  0.002337
1050  0.004438  0.012614  0.000179
1051  -0.013069  0.028036  0.000957
1052  0.014582  0.043742  0.002126
1053  -0.027359  0.030077  0.001653
1054  -0.032707  0.018227  0.001402
1055  -0.006503  0.010083  0.000144
1056  0.025435  0.002970  0.000656
1057  -0.000929  0.003433  0.000013
1058  -0.009825  -0.033557  0.001223
1059  -0.014607  -0.005322  0.000242
1060  0.002227  -0.016652  0.000282
1061  0.007550  0.006109  0.000094
1062  0.011447  -0.025396  0.000776
1063  -0.009051  -0.035822  0.001365
1064  0.017734  -0.029047  0.001158
1065  0.025483  0.056208  0.003809
1066  0.000654  -0.034463  0.001188
1067  0.016428  0.015167  0.000500
1068  0.003283  0.001720  0.000014
1069  -0.028437  -0.023850  0.001377
1070  -0.010833  0.010411  0.000226
1071  0.014160  0.006446  0.000242
1072  -0.011604  -0.012595  0.000293
1073  -0.002868  0.025845  0.000676
1074  0.006068  0.007770  0.000097
1075  -0.035542  0.036582  0.002601
1076  -0.009807  0.062201  0.003965
1077  0.041952  -0.043398  0.003643
1078  -0.002471  0.003029  0.000015
1079  -0.022411  0.030795  0.001451
1080  0.003172  0.015578  0.000253
1081  0.030928  0.030236  0.001871
1082  -0.003598  -0.030826  0.000963
1083  -0.024484  0.003366  0.000611
1084  0.025236  0.015084  0.000864
1085  0.019043  -0.011766  0.000501
1086  -0.061590  0.030323  0.004713
1087  0.025460  0.006672  0.000693
1088  0.008908  0.036365  0.001402
1089  0.037074  0.028596  0.002192
1090  -0.025150  -0.015225  0.000864
1091  -0.015057  0.017520  0.000534
1092  0.029171  0.008437  0.000922
1093  0.005177  -0.003927  0.000042
1094  0.018262  0.039950  0.001929
1095  0.037846  -0.013140  0.001605
1096  0.004679  0.023924  0.000594
1097  0.003269  0.003583  0.000024
1098  -0.006507  0.044487  0.002021
1099  -0.012868  0.002405  0.000171
1100  0.003765  0.002498  0.000020
1101  0.008105  -0.025476  0.000715
1102  -0.009660  0.011529  0.000226
1103  0.004584  0.012650  0.000181
1104  0.026694  0.007582  0.000770
1105  0.007833  0.002659  0.000068
1106  -0.002348  0.011680  0.000142
1107  0.007746  0.000173  0.000060
1108  -0.001315  0.023153  0.000538
1109  0.003795  0.002039  0.000019
1110  -0.032410  0.000995  0.001051
1111  -0.027195  -0.011296  0.000867
1112  0.033564  -0.005606  0.001158
1113  0.005242  0.050525  0.002580
1114  -0.018166  0.010790  0.000446
1115  0.001893  0.010434  0.000112
1116  0.012753  0.039167  0.001697
1117  0.018210  -0.030013  0.001232
1118  0.016799  -0.003126  0.000292
1119  0.014172  -0.011531  0.000334
1120  -0.012406  0.003324  0.000165
1121  0.019666  -0.024949  0.001009
1122  -0.025874  -0.010063  0.000771
1123  -0.002881  -0.010458  0.000118
1124  -0.044634  -0.010219  0.002097
1125  0.000691  0.010514  0.000111
1126  0.016852  -0.004490  0.000304
1127  -0.002915  0.012652  0.000169
1128  -0.016862  -0.023549  0.000839
1129  -0.017803  -0.009279  0.000403
1130  -0.010307  -0.041020  0.001789
1131  0.007062  0.000490  0.000050
1132  0.001466  0.035696  0.001276
1133  -0.013080  -0.016364  0.000439
1134  0.000571  -0.031715  0.001006
1135  0.020994  0.007384  0.000495
1136  0.030495  0.043412  0.002815
1137  -0.007619  -0.016423  0.000328
1138  0.048563  -0.025199  0.002993
1139  0.044586  0.014299  0.002192
1140  -0.015911  0.027305  0.000999
1141  0.005641  0.011016  0.000153
1142  -0.006942  -0.004087  0.000065
1143  -0.037799  -0.015196  0.001660
1144  -0.020365  -0.016379  0.000683
1145  0.006785  0.008176  0.000113
1146  -0.011352  0.016250  0.000393
1147  0.003867  0.004594  0.000036
1148  0.007553  0.000928  0.000058
1149  0.006234  -0.046498  0.002201
1150  0.015700  0.017849  0.000565
1151  0.010488  -0.014933  0.000333
1152  0.003633  0.021094  0.000458
1153  -0.028925  -0.025658  0.001495
1154  -0.031883  0.007675  0.001075
1155  0.006303  -0.009325  0.000127
1156  0.017928  0.005834  0.000355
1157  0.001714  0.001885  0.000006
1158  -0.011188  0.034546  0.001319
1159  -0.007036  -0.026821  0.000769
1160  -0.001629  0.035551  0.001267
1161  -0.016358  0.017973  0.000591
1162  -0.063535  -0.000813  0.004037
1163  -0.004442  0.013112  0.000192
1164  -0.018219  0.034168  0.001499
1165  0.027118  -0.023459  0.001286
1166  -0.042431  -0.044729  0.003801
1167  -0.015939  0.019373  0.000629
1168  -0.025979  -0.005865  0.000709
1169  0.011459  -0.004542  0.000152
1170  0.002776  0.006333  0.000048
1171  0.013098  0.022881  0.000695
1172  0.000451  0.003128  0.000010
1173  -0.015726  -0.010376  0.000355
1174  -0.018051  0.046236  0.002464
1175  0.019148  0.009230  0.000452
1176  0.026575  0.001970  0.000710
1177  0.000524  0.029436  0.000867
1178  0.030869  -0.015772  0.001202
1179  0.029052  -0.002989  0.000853
1180  0.012981  -0.009330  0.000256
1181  0.010924  0.017373  0.000421
1182  -0.024500  -0.023632  0.001159
1183  0.020194  0.029759  0.001293
1184  0.029812  -0.021894  0.001368
1185  0.019752  0.014034  0.000587
1186  -0.016179  -0.000367  0.000262
1187  -0.005582  -0.023508  0.000584
1188  -0.023330  0.013030  0.000714
1189  -0.012908  -0.030777  0.001114
1190  0.003834  0.037472  0.001419
1191  0.012476  0.015184  0.000386
1192  -0.051787  0.006982  0.002731
1193  0.004667  -0.001609  0.000024
1194  0.023025  0.024107  0.001111
1195  -0.036056  -0.026454  0.002000
1196  0.011291  -0.014510  0.000338
1197  0.020152  0.022954  0.000933
1198  0.009032  -0.019531  0.000463
1199  -0.020867  -0.026290  0.001127
1200  0.026254  0.007406  0.000744
1201  0.039437  -0.032448  0.002608
1202  -0.016901  0.017594  0.000595
1203  -0.013160  0.022188  0.000666
1204  -0.022927  0.001821  0.000529
1205  0.061641  0.023366  0.004346
1206  -0.001566  -0.008913  0.000082
1207  0.021018  0.005469  0.000472
1208  -0.010622  -0.009171  0.000197
1209  0.008766  -0.004477  0.000097
1210  -0.021692  -0.041859  0.002223
1211  -0.004146  0.042479  0.001822
1212  0.034416  0.008954  0.001265
1213  -0.003169  0.017291  0.000309
1214  -0.008123  0.010960  0.000186
1215  -0.000366  0.021832  0.000477
1216  0.006709  0.000943  0.000046
1217  0.016257  -0.019471  0.000643
1218  -0.004766  0.023351  0.000568
1219  -0.007779  -0.022637  0.000573
1220  -0.025307  0.000431  0.000641
1221  0.028664  -0.026419  0.001520
1222  0.025827  -0.012313  0.000819
1223  0.014295  -0.006877  0.000252
1224  -0.008360  -0.034739  0.001277
1225  0.047391  0.012527  0.002403
1226  0.003385  -0.012224  0.000161
1227  0.028023  -0.006430  0.000827
1228  -0.020962  -0.002967  0.000448
1229  -0.002516  -0.002329  0.000012
1230  0.019904  0.016654  0.000674
1231  -0.006817  0.020102  0.000451
1232  -0.027889  -0.003791  0.000792
1233  -0.028582  0.041913  0.002574
1234  -0.021300  -0.054365  0.003409
1235  -0.002548  -0.003334  0.000018
1236  0.011730  0.002100  0.000142
1237  0.025489  0.046544  0.002816
1238  -0.003540  -0.000299  0.000013
1239  0.008779  0.008087  0.000142
1240  -0.002728  0.030830  0.000958
1241  -0.017076  -0.028375  0.001097
1242  -0.031872  0.001318  0.001018
1243  -0.009050  0.012286  0.000233
1244  -0.046046  0.001881  0.002124
1245  -0.051897  0.016938  0.002980
1246  0.009975  -0.032243  0.001139
1247  0.014179  0.018808  0.000555
1248  0.005022  0.013925  0.000219
1249  0.031579  -0.040563  0.002643
1250  -0.010994  0.035799  0.001402
1251  0.008568  -0.034596  0.001270
1252  -0.025074  -0.018772  0.000981
1253  0.035116  0.017346  0.001534
1254  0.005167  0.000097  0.000027
1255  -0.014588  -0.029024  0.001055
1256  -0.010670  0.058814  0.003573
1257  -0.025732  -0.047242  0.002894
1258  0.001223  -0.006951  0.000050
1259  0.032945  -0.006343  0.001126
1260  0.007847  -0.013445  0.000242
1261  0.011563  -0.019000  0.000495
1262  -0.026565  0.017045  0.000996
1263  0.016831  0.014248  0.000486
1264  -0.004987  0.017869  0.000344
1265  0.014079  0.001748  0.000201
1266  0.024707  0.008023  0.000675
1267  -0.018676  -0.007655  0.000407
1268  0.002289  -0.006210  0.000044
1269  0.010455  -0.006574  0.000153
1270  -0.003629  0.006135  0.000051
1271  -0.018277  -0.015884  0.000586
1272  -0.017858  -0.032496  0.001375
1273  -0.006028  0.031454  0.001026
1274  0.021101  0.026020  0.001122
1275  0.011271  -0.023901  0.000698
1276  0.004555  -0.028721  0.000846
1277  0.034434  0.019604  0.001570
1278  0.000701  -0.013238  0.000176
1279  0.025859  0.023299  0.001212
1280  0.028153  0.021867  0.001271
1281  -0.001885  -0.017192  0.000299
1282  -0.004774  -0.007014  0.000072
1283  0.014083  0.012771  0.000361
1284  0.013924  0.013922  0.000388
1285  0.007834  -0.014070  0.000259
1286  -0.054905  0.045261  0.005063
1287  -0.003026  -0.023467  0.000560
1288  0.002888  -0.053654  0.002887
1289  0.029756  -0.051234  0.003510
1290  -0.011398  -0.006476  0.000172
1291  0.001981  -0.033785  0.001145
1292  0.021206  0.002876  0.000458
1293  0.022700  -0.011455  0.000646
1294  -0.052012  0.019390  0.003081
1295  -0.013346  0.015503  0.000418
1296  0.007954  0.012494  0.000219
1297  0.024372  -0.028417  0.001401
1298  -0.002729  0.004246  0.000025
1299  0.011670  -0.002430  0.000142
1300  0.008269  0.000482  0.000069
1301  0.029919  -0.014395  0.001102
1302  0.025604  -0.007231  0.000708
1303  -0.020438  -0.023972  0.000992
1304  0.033922  -0.022737  0.001668
1305  0.016800  -0.000279  0.000282
1306  0.008507  -0.031512  0.001065
1307  0.023326  -0.020367  0.000959
1308  0.015176  0.012786  0.000394
1309  -0.003270  0.047464  0.002264
1310  -0.012339  -0.031355  0.001135
1311  0.009509  -0.036205  0.001401
1312  0.016485  -0.034726  0.001478
1313  -0.043745  -0.049792  0.004393
1314  0.028439  0.046305  0.002953
1315  0.018818  0.002885  0.000362
1316  -0.022540  0.016361  0.000776
1317  -0.013696  0.000969  0.000189
1318  0.007170  0.025879  0.000721
1319  0.009550  0.032426  0.001143
1320  0.022164  -0.014373  0.000698
1321  -0.006643  -0.017876  0.000364
1322  0.008625  -0.002578  0.000081
1323  -0.033329  0.005892  0.001146
1324  -0.013693  0.021560  0.000652
1325  0.014293  0.036192  0.001514
1326  -0.056078  0.012089  0.003291
1327  -0.005500  -0.014310  0.000235
1328  -0.018699  0.027732  0.001119
1329  0.026799  -0.029184  0.001570
1330  0.036572  -0.037358  0.002733
1331  0.018287  -0.017757  0.000650
1332  -0.057002  0.022906  0.003774
1333  -0.008807  -0.012784  0.000241
1334  -0.031856  -0.010718  0.001130
1335  0.008142  -0.009584  0.000158
1336  -0.000483  0.039790  0.001583
1337  -0.005767  0.034097  0.001196
1338  -0.000987  0.008330  0.000070
1339  0.023849  -0.066746  0.005024
1340  -0.005507  0.015440  0.000269
1341  0.046619  0.003797  0.002188
1342  0.026359  0.013998  0.000891
1343  0.009851  -0.003206  0.000107
1344  0.031525  0.025721  0.001655
1345  -0.006390  -0.044667  0.002036
1346  -0.023510  0.010685  0.000667
1347  0.027794  -0.022257  0.001268
1348  -0.011217  -0.009965  0.000225
1349  0.002248  -0.048133  0.002322
1350  -0.002202  -0.032170  0.001040
1351  0.006977  0.011172  0.000173
1352  -0.011024  -0.036411  0.001447
1353  -0.003539  0.017656  0.000324
1354  0.005742  0.000162  0.000033
1355  -0.010108  -0.052494  0.002858
1356  -0.000284  -0.006504  0.000042
1357  0.025559  0.040612  0.002303
1358  0.001170  0.016197  0.000264
1359  0.043635  -0.013394  0.002083
1360  0.003365  0.001004  0.000012
1361  0.031899  -0.034706  0.002222
1362  0.000916  -0.001227  0.000002
1363  0.006044  0.013782  0.000226
1364  -0.011629  0.002337  0.000141
1365  -0.043987  -0.016137  0.002195
1366  -0.007019  0.019762  0.000440
1367  0.004772  -0.018273  0.000357
1368  -0.004483  0.029944  0.000917
1369  0.005536  0.037564  0.001442
1370  0.019383  0.033793  0.001518
1371  0.027187  -0.011786  0.000878
1372  -0.008260  0.022904  0.000593
1373  -0.033741  -0.001919  0.001142
1374  -0.005205  0.034447  0.001214
1375  0.030865  0.010659  0.001066
1376  0.028952  0.016830  0.001121
1377  0.015551  -0.047228  0.002472
1378  -0.030421  -0.037373  0.002322
1379  -0.002020  -0.010970  0.000124
1380  0.004378  -0.009758  0.000114
1381  -0.000709  0.039102  0.001529
1382  0.015661  -0.016659  0.000523
1383  0.042841  -0.021859  0.002313
1384  -0.003758  0.013900  0.000207
1385  -0.034363  0.045875  0.003285
1386  0.013479  -0.006576  0.000225
1387  0.022447  0.018920  0.000862
1388  -0.021827  0.037832  0.001908
1389  0.000605  -0.018203  0.000332
1390  -0.009982  0.011261  0.000226
1391  -0.000618  -0.026830  0.000720
1392  -0.035516  -0.029394  0.002125
1393  0.013059  0.046130  0.002298
1394  -0.001506  0.001100  0.000003
1395  0.022307  -0.007781  0.000558
1396  -0.017035  -0.013677  0.000477
1397  0.023946  0.023829  0.001141
1398  -0.020453  0.008389  0.000489
1399  -0.017611  0.037033  0.001682
1400  -0.016072  -0.000108  0.000258
1401  -0.015130  -0.000171  0.000229
1402  -0.024952  0.044166  0.002573
1403  0.011240  0.016596  0.000402
1404  -0.019875  0.009039  0.000477
1405  -0.026536  -0.006284  0.000744
1406  0.012573  -0.024269  0.000747
1407  0.031886  0.028294  0.001817
1408  0.042105  -0.014515  0.001984
1409  -0.000399  -0.037082  0.001375
1410  -0.029249  -0.005824  0.000889
1411  0.014195  -0.001169  0.000203
1412  0.052223  -0.002379  0.002733
1413  -0.003676  -0.001690  0.000016
1414  0.018126  -0.009230  0.000414
1415  -0.020711  0.012487  0.000585
1416  0.003840  0.024313  0.000606
1417  0.001379  -0.046530  0.002167
1418  0.002215  -0.020175  0.000412
1419  0.009805  0.000359  0.000096
1420  -0.014513  -0.007953  0.000274
1421  0.004756  0.050080  0.002531
1422  -0.040727  -0.002567  0.001665
1423  -0.001617  0.005814  0.000036
1424  -0.007803  -0.006638  0.000105
1425  0.046183  0.009873  0.002230
1426  -0.049858  0.007268  0.002539
1427  0.005068  -0.006182  0.000064
1428  0.004393  -0.029792  0.000907
1429  0.034792  -0.029006  0.002052
1430  0.038720  0.024679  0.002108
1431  0.003726  0.007557  0.000071
1432  -0.030111  0.059882  0.004493
1433  0.019280  -0.007390  0.000426
1434  0.016324  -0.011619  0.000401
1435  0.003794  0.005184  0.000041
1436  -0.032322  0.007611  0.001103
1437  -0.031669  -0.044338  0.002969
1438  0.020117  0.037651  0.001822
1439  0.034310  0.011933  0.001320
1440  0.002204  -0.020355  0.000419
1441  -0.012606  0.047641  0.002429
1442  0.059961  0.008725  0.003671
1443  -0.002921  0.000760  0.000009
1444  0.046907  -0.033504  0.003323
1445  -0.002325  0.024568  0.000609
1446  0.027535  0.033419  0.001875
1447  -0.019978  0.022780  0.000918
1448  0.050059  0.043151  0.004368
1449  0.004683  -0.010621  0.000135
1450  -0.019465  -0.009758  0.000474
1451  -0.033101  0.009972  0.001195
1452  0.027760  0.001877  0.000774
1453  -0.007114  0.030800  0.000999
1454  -0.003906  -0.006746  0.000061
1455  0.006749  0.025208  0.000681
1456  -0.001057  0.014993  0.000226
1457  -0.018233  -0.028351  0.001136
1458  0.009885  -0.006365  0.000138
1459  0.011376  0.002418  0.000135
1460  -0.024492  -0.007148  0.000651
1461  0.011864  -0.029854  0.001032
1462  -0.019756  0.016631  0.000667
1463  -0.012522  -0.000711  0.000157
1464  -0.003030  0.062478  0.003913
1465  0.015861  -0.015422  0.000489
1466  -0.006945  -0.063040  0.004022
1467  0.006980  -0.008414  0.000120
1468  0.021991  0.014907  0.000706
1469  -0.025430  -0.021708  0.001118
1470  -0.005844  -0.048353  0.002372
1471  0.016162  -0.018223  0.000593
1472  -0.006349  -0.002417  0.000046
1473  0.001668  0.024560  0.000606
1474  -0.003819  0.045188  0.002056
1475  0.021336  -0.038815  0.001962
1476  0.051794  0.023288  0.003225
1477  -0.018599  0.007087  0.000396
1478  0.064805  -0.048076  0.006511
1479  0.000463  -0.016807  0.000283
1480  0.011401  0.016820  0.000413
1481  0.046048  -0.020136  0.002526
1482  0.006317  -0.029662  0.000920
1483  -0.031479  -0.000735  0.000991
1484  -0.032806  0.026582  0.001783
1485  0.022901  -0.014415  0.000732
1486  -0.027200  0.003384  0.000751
1487  -0.008964  0.032780  0.001155
1488  -0.073165  -0.023723  0.005916
1489  0.016044  0.017121  0.000551
1490  0.010585  -0.055841  0.003230
1491  0.004626  -0.003521  0.000034
1492  0.008371  -0.008346  0.000140
1493  0.030656  0.025193  0.001575
1494  -0.027392  -0.021849  0.001228
1495  -0.003289  -0.032564  0.001071
1496  -0.009080  -0.002900  0.000091
1497  0.004186  -0.020633  0.000443
1498  -0.027902  0.002697  0.000786
1499  0.011979  -0.063416  0.004165
1500  -0.002739  0.021187  0.000456
1501  0.014481  -0.009499  0.000300
1502  -0.000995  0.007726  0.000061
1503  -0.033419  0.020609  0.001542
1504  0.035107  -0.026569  0.001938
1505  0.022166  0.031239  0.001467
1506  0.022431  -0.024666  0.001112
1507  -0.033287  0.027411  0.001859
1508  -0.069194  0.036155  0.006095
1509  -0.007147  -0.046822  0.002243
1510  -0.000254  -0.037041  0.001372
1511  -0.049864  -0.001394  0.002488
1512  0.007515  -0.014125  0.000256
1513  -0.037554  -0.015989  0.001666
1514  -0.019250  0.020771  0.000802
1515  -0.030652  0.016873  0.001224
1516  0.004977  -0.010760  0.000141
1517  0.007752  0.035432  0.001316
1518  -0.032514  0.011203  0.001183
1519  0.020102  0.009458  0.000494
1520  -0.015885  -0.010934  0.000372
1521  -0.022611  -0.024460  0.001110
1522  -0.016086  0.024877  0.000878
1523  -0.005927  0.039018  0.001558
1524  0.005984  0.007642  0.000094
1525  0.017080  -0.019009  0.000653
1526  0.010032  0.002612  0.000107
1527  -0.018947  -0.030060  0.001263
1528  -0.041213  0.067971  0.006319
1529  -0.009184  0.027303  0.000830
1530  0.016374  -0.008404  0.000339
1531  -0.022800  0.027280  0.001264
1532  0.029095  -0.005734  0.000879
1533  -0.006913  0.025665  0.000706
1534  -0.000128  0.001419  0.000002
1535  0.011333  0.014297  0.000333
1536  -0.055029  0.017353  0.003329
1537  0.010103  -0.012056  0.000247
1538  -0.008345  -0.006243  0.000109
1539  -0.025478  -0.037994  0.002093
1540  -0.068066  0.012689  0.004794
1541  0.003380  -0.034445  0.001198
1542  0.018839  -0.005247  0.000382
1543  -0.022942  -0.008554  0.000599
1544  0.031993  -0.013225  0.001198
1545  -0.005042  -0.039717  0.001603
1546  0.022243  0.010455  0.000604
1547  0.003180  0.005220  0.000037
1548  0.014879  0.000885  0.000222
1549  -0.059581  -0.014987  0.003775
1550  0.036059  0.005795  0.001334
1551  -0.008194  -0.028663  0.000889
1552  0.015033  0.034568  0.001421
1553  0.007576  -0.026003  0.000734
1554  -0.028786  0.020353  0.001243
1555  -0.005670  0.003651  0.000045
1556  0.014391  0.007528  0.000264
1557  0.021948  -0.040915  0.002156
1558  0.001808  0.020620  0.000428
1559  0.044089  -0.033182  0.003045
1560  -0.006940  0.015434  0.000286
1561  -0.021904  0.021748  0.000953
1562  -0.030302  0.037785  0.002346
1563  -0.001400  -0.023563  0.000557
1564  -0.024299  0.009980  0.000690
1565  -0.009072  0.006377  0.000123
1566  0.020034  -0.027071  0.001134
1567  0.000540  -0.024942  0.000622
1568  -0.006741  -0.005743  0.000078
1569  0.035932  0.015347  0.001527
1570  0.041162  -0.022462  0.002199
1571  -0.030119  -0.003964  0.000923
1572  0.003988  -0.006468  0.000058
1573  -0.046812  -0.023635  0.002750
1574  -0.014085  0.024130  0.000781
1575  0.000239  -0.054719  0.002994
1576  -0.041277  -0.081874  0.008407
1577  -0.010337  0.019143  0.000473
1578  -0.039609  0.016417  0.001838
1579  0.008574  0.022343  0.000573
1580  0.034308  -0.014953  0.001401
1581  0.033893  0.010287  0.001255
1582  -0.043155  0.005531  0.001893
1583  -0.008192  -0.008776  0.000144
1584  0.008229  -0.004877  0.000092
1585  0.027099  0.016819  0.001017
1586  0.003393  0.022492  0.000517
1587  0.024048  0.009517  0.000669
1588  -0.055472  0.006319  0.003117
1589  -0.018596  0.017581  0.000655
1590  -0.019417  0.016536  0.000650
1591  -0.013831  0.005642  0.000223
1592  -0.017050  -0.035278  0.001535
1593  0.022353  0.000710  0.000500
1594  -0.001246  -0.036912  0.001364
1595  0.023079  -0.004782  0.000556
1596  0.005400  -0.014683  0.000245
1597  0.016857  0.015668  0.000530
1598  -0.015413  0.013299  0.000414
1599  -0.005314  -0.001368  0.000030
1600  0.046616  0.024085  0.002753
1601  0.060400  -0.030891  0.004602
1602  0.034023  -0.016106  0.001417
1603  -0.032603  0.017752  0.001378
1604  0.009193  -0.028738  0.000910
1605  0.001985  0.000695  0.000004
1606  0.027578  0.015710  0.001007
1607  0.016210  -0.018313  0.000598
1608  -0.010165  0.013012  0.000273
1609  -0.022573  -0.034650  0.001710
1610  0.047629  0.070836  0.007286
1611  -0.016526  -0.021845  0.000750
1612  -0.074991  0.030849  0.006575
1613  -0.001557  0.012171  0.000151
1614  -0.012308  0.012368  0.000304
1615  -0.034781  -0.042708  0.003034
1616  0.045740  -0.023970  0.002667
1617  -0.034783  -0.013280  0.001386
1618  -0.009317  0.006123  0.000124
1619  0.036442  0.020811  0.001761
1620  -0.005443  0.043767  0.001945
1621  -0.055051  -0.035898  0.004319
1622  -0.018754  0.014732  0.000569
1623  0.061004  0.061740  0.007533
1624  -0.065103  -0.012670  0.004399
1625  -0.009852  0.002771  0.000105
1626  0.009659  0.016168  0.000355
1627  -0.016134  0.005327  0.000289
1628  0.050357  0.005367  0.002565
1629  -0.043300  -0.053059  0.004690
1630  -0.011878  0.025535  0.000793
1631  0.019292  0.085189  0.007629
1632  0.046265  -0.023597  0.002697
1633  0.025528  0.014392  0.000859
1634  -0.044921  0.028835  0.002849
1635  0.046849  0.034791  0.003405
1636  -0.047203  -0.063961  0.006319
1637  0.025435  0.034679  0.001850
1638  0.015151  -0.014594  0.000443
1639  0.027852  0.010740  0.000891
1640  0.027271  0.042003  0.002508
1641  -0.011492  -0.039699  0.001708
1642  0.079984  -0.033286  0.007505
1643  -0.007917  0.016624  0.000339
1644  0.016057  0.032624  0.001322
1645  0.013261  -0.020756  0.000607
1646  -0.051275  0.013809  0.002820
1647  0.010157  0.018683  0.000452
1648  0.026880  -0.028777  0.001551
1649  0.030632  -0.013739  0.001127
1650  0.041877  0.006794  0.001800
1651  -0.005059  -0.025460  0.000674
1652  -0.017261  0.007593  0.000356
1653  -0.000201  -0.002731  0.000007
1654  -0.018887  -0.040214  0.001974
1655  -0.000212  -0.043708  0.001910
1656  0.022506  0.030289  0.001424
1657  0.006004  -0.008191  0.000103
1658  0.031112  -0.027636  0.001732
1659  -0.039066  -0.009232  0.001611
1660  0.003451  0.018810  0.000366
1661  0.008557  -0.009595  0.000165
1662  0.011067  0.024265  0.000711
1663  -0.022265  -0.034818  0.001708
1664  -0.025603  0.031580  0.001653
1665  -0.026027  -0.070451  0.005641
1666  -0.001791  0.013903  0.000197
1667  -0.035184  -0.073995  0.006713
1668  0.064737  0.011520  0.004324
1669  -0.004500  -0.023156  0.000556
1670  0.005838  0.029612  0.000911
1671  0.059090  -0.000417  0.003492
1672  -0.002192  0.020675  0.000432
1673  -0.031162  -0.036906  0.002333
1674  0.011935  -0.008484  0.000214
1675  -0.028338  -0.002486  0.000809
1676  -0.016466  -0.023327  0.000815
1677  0.027311  0.014856  0.000967
1678  -0.037942  0.010962  0.001560
1679  0.001722  0.045066  0.002034
1680  -0.001006  -0.079640  0.006344
1681  -0.029262  0.010891  0.000975
1682  -0.020425  0.001064  0.000418
1683  -0.045638  0.080428  0.008552
1684  0.060326  -0.031176  0.004611
1685  0.000419  -0.086102  0.007414
1686  -0.080131  -0.006111  0.006458
1687  0.046866  -0.005717  0.002229
1688  0.022287  0.011926  0.000639
1689  0.014750  0.028296  0.001018
1690  0.014902  -0.021874  0.000701
1691  -0.024833  0.062789  0.004559
1692  0.042595  0.005194  0.001841
1693  0.070406  -0.012217  0.005106
1694  0.009847  -0.019595  0.000481
1695  0.023033  -0.026921  0.001255
1696  0.057428  -0.016082  0.003557
1697  0.072355  -0.038378  0.006708
1698  -0.033011  0.059587  0.004640
1699  0.059690  0.014266  0.003766
1700  0.027134  -0.047888  0.003030
1701  0.015628  -0.021150  0.000692
1702  0.010846  -0.062958  0.004081
1703  -0.028290  0.030824  0.001750
1704  0.004339  -0.016755  0.000300
1705  -0.010576  -0.030614  0.001049
1706  -0.050523  0.036977  0.003920
1707  0.047422  -0.031226  0.003224
1708  0.020484  -0.007997  0.000484
1709  0.067107  -0.083555  0.011485
1710  0.010886  0.047710  0.002395
1711  0.021899  -0.103427  0.011177
1712  0.012489  -0.011286  0.000283
1713  -0.037263  -0.006928  0.001437
1714  0.017220  0.004097  0.000313
1715  -0.023712  -0.013582  0.000747
1716  -0.014356  0.013009  0.000375
1717  0.044649  -0.031403  0.002980
1718  -0.021540  -0.078315  0.006597
1719  0.015887  -0.028455  0.001062
1720  -0.032000  -0.026672  0.001735
1721  -0.001565  0.008703  0.000078
1722  -0.061550  -0.007997  0.003852
1723  0.058896  0.032966  0.004556
1724  0.056453  0.028823  0.004018
1725  0.066218  0.075578  0.010097
1726  0.032197  -0.009359  0.001124
1727  -0.000458  0.013845  0.000192
1728  0.058659  -0.026748  0.004156
1729  -0.034460  0.006076  0.001224
1730  0.059719  -0.014712  0.003783
1731  -0.001601  -0.030049  0.000906
1732  0.012838  -0.017906  0.000485
1733  0.018185  0.024642  0.000938
1734  -0.006581  -0.008328  0.000113
1735  -0.039957  -0.040024  0.003198
1736  -0.024700  -0.050668  0.003177
1737  0.071880  -0.006896  0.005214
1738  0.074328  0.014666  0.005740
1739  -0.007811  -0.090905  0.008325
1740  -0.030231  -0.022977  0.001442
1741  -0.043622  -0.008353  0.001973
1742  0.039849  0.033122  0.002685
1743  0.009276  -0.000105  0.000086
1744  0.061735  0.042511  0.005618
1745  0.006224  -0.036776  0.001391
1746  -0.012416  -0.118578  0.014215
1747  -0.032259  0.023233  0.001580
1748  -0.025850  -0.044930  0.002687
1749  -0.032370  0.014933  0.001271
1750  -0.078700  -0.000311  0.006194
1751  -0.024436  -0.024995  0.001222
1752  -0.028221  0.003198  0.000807
1753  0.054616  0.018013  0.003307
1754  -0.010298  0.096989  0.009513
1755  -0.049071  0.010691  0.002522
1756  0.019341  -0.051508  0.003027
1757  -0.018771  0.116571  0.013941
1758  -0.012511  0.051374  0.002796
1759  0.020366  0.000876  0.000416
1760  -0.050501  0.003830  0.002565
1761  0.016164  -0.072366  0.005498
1762  0.172063  0.071283  0.034687
1763  0.031891  -0.051775  0.003698
1764  0.031133  0.070142  0.005889
1765  -0.053283  0.035450  0.004096
1766  -0.039918  -0.026682  0.002305
1767  -0.038928  -0.031480  0.002506
1768  -0.025410  -0.092405  0.009184
1769  0.110053  0.003526  0.012124
1770  -0.038713  0.034857  0.002714
1771  -0.054432  0.037976  0.004405
1772  0.004102  0.023778  0.000582
1773  0.001275  -0.039740  0.001581
1774  0.056034  0.018564  0.003484
1775  0.062953  -0.047616  0.006230
1776  0.054804  -0.109125  0.014912
1777  0.028654  -0.081931  0.007534
1778  0.058088  0.021539  0.003838
1779  0.114665  0.066107  0.017518
1780  -0.064772  0.033234  0.005300
1781  -0.067551  -0.079342  0.010858
1782  0.189891  0.020480  0.036478
1783  -0.024523  0.057642  0.003924
1784  -0.008205  -0.028632  0.000887
1785  -0.080763  -0.018610  0.006869
1786  0.032850  0.029041  0.001923
1787  0.046156  -0.002247  0.002135
1788  -0.009338  0.005333  0.000116
1789  -0.049066  0.113300  0.015244
1790  0.076840  -0.099161  0.015737
1791  0.031508  -0.035095  0.002224
1792  -0.058452  0.041510  0.005140
1793  -0.011794  0.010323  0.000246
1794  -0.037605  -0.001158  0.001416
1795  -0.055307  -0.057156  0.006326
1796  -0.046932  -0.027346  0.002950
1797  -0.045658  -0.078916  0.008312
1798  0.093804  -0.053958  0.011711
1799  0.053369  -0.002442  0.002854
1800  0.072649  -0.011078  0.005401
1801  0.114692  0.042716  0.014979
1802  0.013170  -0.011804  0.000313
1803  0.044799  -0.005575  0.002038
1804  0.008992  0.009230  0.000166
1805  0.021857  -0.142536  0.020794
1806  -0.003456  0.185731  0.034508
1807  0.066723  0.003493  0.004464
1808  -0.117518  0.018764  0.014163
1809  -0.034511  0.048584  0.003551
1810  -0.027081  -0.105422  0.011847
1811  0.003991  0.085653  0.007352
1812  0.024925  -0.014397  0.000829
1813  0.059245  -0.010508  0.003620
1814  -0.058554  0.075287  0.009097
1815  0.067870  0.006538  0.004649
1816  -0.032138  0.047048  0.003246
1817  -0.125066  0.080385  0.022103
1818  -0.046643  -0.043086  0.004032
1819  0.011483  0.079460  0.006446
1820  -0.175989  0.043388  0.032855
1821  -0.005297  -0.134224  0.018044
1822  0.159819  0.005760  0.025575
1823  -0.049400  0.020977  0.002880
1824  -0.032520  0.061956  0.004896
1825  0.037276  0.122009  0.016276
1826  -0.041392  -0.063567  0.005754
1827  0.124204  0.041257  0.017129
1828  -0.077548  -0.021283  0.006467
1829  0.047232  -0.079491  0.008550
1830  0.116074  0.089716  0.021522
1831  -0.061702  0.033645  0.004939
1832  -0.018244  0.056444  0.003519
1833  -0.180918  0.088097  0.040492
1834  -0.146693  -0.086529  0.029006
1835  -0.034948  0.019923  0.001618
1836  0.052639  0.008629  0.002845
1837  -0.019919  -0.023145  0.000932
1838  0.033443  0.005780  0.001152
1839  0.017239  0.014493  0.000507
1840  0.050412  0.003958  0.002557
1841  0.050510  0.009651  0.002644
1842  0.024372  0.018755  0.000946
1843  0.066443  0.102119  0.014843
1844  0.193586  0.050286  0.040004
1845  0.018105  -0.005305  0.000356
1846  0.037327  0.074736  0.006979
1847  0.062590  0.037111  0.005295
1848  0.082547  -0.096155  0.016060
1849  0.143508  -0.094674  0.029558
1850  -0.065051  0.055189  0.007277
1851  -0.125463  -0.087093  0.023326
1852  0.042141  0.002193  0.001781
1853  -0.023388  -0.028761  0.001374
1854  0.046658  -0.054299  0.005125
1855  0.157621  -0.087827  0.032558
1856  0.036564  -0.220576  0.049990
1857  0.179227  0.040087  0.033729
1858  0.030064  0.183410  0.034543
1859  -0.004219  -0.114882  0.013216
1860  -0.116965  -0.033228  0.014785
1861  -0.042251  0.113512  0.014670
1862  0.022041  0.032012  0.001511
1863  -0.009459  0.156571  0.024604
1864  0.145450  -0.070290  0.026096
1865  -0.036594  -0.129736  0.018170
1866  0.054884  -0.045275  0.005062
1867  0.084339  0.012741  0.007275
1868  -0.072717  -0.112457  0.017934
1869  -0.036971  -0.121696  0.016177
1870  0.011267  -0.027773  0.000898
1871  0.052633  -0.042844  0.004606
1872  0.083588  -0.041090  0.008675
1873  0.044834  -0.107221  0.013506
1874  -0.103237  0.005846  0.010692
1875  0.318238  0.143975  0.122004
1876  -0.054358  0.019896  0.003351
1877  0.116160  0.039753  0.015074
1878  0.217433  0.099680  0.057213
1879  0.123876  -0.043770  0.017261
1880  -0.059675  -0.051072  0.006169
1881  0.520932  -0.101550  0.281682
1882  0.188452  0.001532  0.035517
1883  0.071326  0.198784  0.044602
1884  0.188281  -0.020811  0.035883
1885  -0.143977  -0.014771  0.020948
1886  0.089255  -0.006361  0.008007
1887  -0.061442  0.054168  0.006709
1888  0.022320  -0.179546  0.032735
1889  -0.078747  -0.021906  0.006681
1890  0.088183  0.125943  0.023638
1891  0.188233  0.187755  0.070684
1892  -0.146813  0.254157  0.086150
1893  0.058002  -0.127547  0.019632
1894  -0.239635  0.018527  0.057768
1895  0.029845  -0.019509  0.001271
1896  -0.038743  0.155568  0.025702
1897  -0.166884  0.064409  0.031999
1898  0.036912  -0.070027  0.006266
1899  -0.034833  0.175699  0.032083
1900  -0.254887  0.079886  0.071349
1901  -0.084431  -0.162137  0.033417
1902  0.119429  0.033428  0.015381
1903  -0.036386  -0.150183  0.023879
1904  -0.089413  -0.038456  0.009474
1905  -0.062023  0.140743  0.023655
1906  -0.019143  -0.100733  0.010514
1907  0.106674  -0.309431  0.107127
1908  -0.104946  -0.017418  0.011317
1909  0.031103  -0.136829  0.019690
1910  -0.041924  -0.056872  0.004992
1911  -0.231339  -0.324277  0.158674
1912  0.188657  -0.046325  0.037737
1913  -0.012418  -0.004196  0.000172
1914  -0.239952  -0.232786  0.111766
1915  0.221033  0.085975  0.056247
1916  0.181079  0.161538  0.058884
1917  -0.124972  0.518464  0.284423
1918  0.069187  -0.183905  0.038608
1919  -0.116100  0.029827  0.014369
1920  -0.074479  -0.083699  0.012553
1921  0.193271  -0.147531  0.059119
1922  0.059352  -0.191757  0.040293
1923  -0.121324  0.074617  0.020287
1924  -0.272860  0.157629  0.099299
1925  -0.100097  -0.104385  0.020916
1926  -0.181620  -0.055593  0.036076
1927  -0.044169  -0.226341  0.053181
1928  0.169828  -0.019343  0.029216
1929  0.172717  -0.372979  0.168945
1930  0.422946  -0.199039  0.218500
1931  0.277619  0.049616  0.079534
1932  0.130338  0.119256  0.031210
1933  0.061196  -0.438758  0.196254
1934  0.189468  0.131311  0.053141
1935  -0.058176  0.157120  0.028071
1936  -0.181368  -0.093926  0.041716
1937  0.026806  0.144700  0.021657
1938  0.189412  -0.087840  0.043593
1939  -0.028482  0.322262  0.104664
1940  -0.200737  0.133584  0.058140
1941  0.274828  -0.252766  0.139421
1942  -0.246807  0.191597  0.097623
1943  -0.027258  0.070887  0.005768
1944  -0.052698  -0.062711  0.006710
1945  -0.316757  0.286695  0.182529
1946  -0.078393  -0.034840  0.007359
1947  -0.079235  -0.241131  0.064423
1948  -0.043330  0.085345  0.009161
1949  0.114936  -0.124196  0.028635
1950  0.116574  0.173280  0.043615
1951  0.287520  -0.336278  0.195751
1952  0.047308  0.034588  0.003434
1953  0.085982  -0.262524  0.076312
1954  0.419931  -0.039369  0.177892
1955  -0.114849  0.140795  0.033014
1956  0.188327  -0.255120  0.100553
1957  0.099348  -0.374010  0.149754
1958  0.194913  -0.091520  0.046367
1959  -0.223993  -0.022237  0.050667
1960  0.011361  0.207716  0.043275
1961  0.139359  -0.132775  0.037050
1962  -0.116303  0.139689  0.033040
1963  0.027681  -0.153736  0.024401
1964  0.053833  -0.195110  0.040966
1965  -0.122775  -0.114844  0.028263
1966  -0.143150  -0.124310  0.035945
1967  0.193697  0.141126  0.057435
1968  0.131443  0.023944  0.017851
1969  -0.306399  -0.442038  0.289278
1970  0.311606  0.196560  0.135734
1971  -0.019259  -0.199850  0.040311
1972  0.050612  0.205895  0.044954
1973  -0.060221  -0.064844  0.007831
1974  -0.194039  0.125035  0.053285
1975  -0.095615  0.092649  0.017726
1976  0.325759  0.197688  0.145199
1977  0.183326  -0.191692  0.070354
1978  0.151355  -0.314134  0.121589
1979  0.178699  -0.021730  0.032406
1980  0.216338  0.414473  0.218590
1981  -0.029234  0.336720  0.114235
1982  -0.059622  0.154032  0.027281
1983  0.194699  -0.040597  0.039556
1984  0.124370  -0.083736  0.022480
1985  -0.351435  0.500787  0.374295
1986  0.080749  0.089926  0.014607
1987  -0.212887  -0.174242  0.075681
1988  -0.247591  0.292592  0.146911
1989  0.002973  0.210695  0.044401
1990  0.185391  -0.077187  0.040328
1991  -0.252367  0.026784  0.064407
1992  -0.408776  -0.083895  0.174136
1993  -0.047124  0.104307  0.013101
1994  -0.243422  -0.050916  0.061847
1995  -0.269879  0.058578  0.076266
1996  -0.154768  0.099784  0.033910
1997  -0.286165  0.174805  0.112447
1998  0.083611  0.018703  0.007341
1999  0.272292  -0.592646  0.425372
2000  -0.166698  0.173831  0.058006
2001  0.256839  0.617626  0.447428
2002  0.031631  0.375539  0.142030
2003  -0.026492  -0.218279  0.048347
2004  -0.020729  0.192649  0.037543
2005  -0.017216  0.023691  0.000858
2006  0.070870  0.072720  0.010311
2007  0.226912  0.218280  0.099135
2008  -0.061659  -0.081930  0.010514
2009  0.144525  0.259721  0.088343
2010  -0.191939  -0.360874  0.167070
2011  -0.025590  0.039890  0.002246
2012  0.097812  -0.173961  0.039830
2013  0.085909  0.811923  0.666600
2014  -0.519014  -0.606835  0.637624
2015  0.025840  -0.474358  0.225684
2016  -0.421989  -0.015048  0.178301
2017  -0.051307  -0.259988  0.070226
2018  -0.096059  -0.225612  0.060128
2019  0.047741  -0.096887  0.011666
2020  0.285901  -0.201443  0.122318
2021  -0.013272  0.264308  0.070035
2022  -0.423629  0.117257  0.193210
2023  -0.143540  -0.040964  0.022282
2024  -0.191336  0.040899  0.038282
2025  0.252835  0.177682  0.095497
2026  -0.373957  0.290709  0.224355
2027  -0.321491  -0.400837  0.264027
2028  -0.152264  0.320676  0.126017
2029  -0.313977  0.091797  0.107008
2030  -0.194662  0.003826  0.037908
2031  0.651354  -0.260961  0.492363
2032  -0.025058  0.559027  0.313139
2033  0.236862  -0.161385  0.082149
2034  0.493474  0.049474  0.245964
2035  -0.000685  -0.529571  0.280446
2036  -0.168128  -0.045392  0.030328
2037  0.026613  -0.166663  0.028485
2038  -0.175532  0.012325  0.030963
2039  -0.326687  0.022334  0.107223
2040  -0.292083  -0.081511  0.091957
2041  0.019577  -0.213862  0.046120
2042  0.298164  0.088518  0.096737
2043  -0.007106  -0.435337  0.189569
2044  -0.224172  -0.142902  0.070674
2045  -0.087729  -0.325865  0.113884
2046  0.355812  -0.203329  0.167945
2047  0.107479  0.134244  0.029573
