0  0.014769  -0.017037  0.000508
1  0.044463  -0.024153  0.002560
2  -0.042485  0.021950  0.002287
3  -0.003049  0.001701  0.000012
4  0.007731  0.053304  0.002901
5  0.033616  -0.021302  0.001584
6  0.009025  0.044903  0.002098
7  -0.014775  0.045172  0.002259
8  -0.004292  -0.014219  0.000221
9  0.021251  0.018262  0.000785
10  -0.010568  0.026088  0.000792
11  0.058107  -0.050385  0.005915
12  0.003515  0.000093  0.000012
13  -0.037943  -0.020284  0.001851
14  -0.013211  -0.019513  0.000555
15  0.028364  0.001584  0.000807
16  -0.056681  -0.023844  0.003781
17  -0.024338  0.005025  0.000618
18  -0.037448  0.025887  0.002072
19  0.044131  -0.003594  0.001960
20  0.014144  -0.016370  0.000468
21  -0.014538  0.003768  0.000226
22  -0.051503  -0.045728  0.004744
23  0.044343  -0.023336  0.002511
24  -0.013531  -0.046929  0.002385
25  0.033350  0.015129  0.001341
26  0.019292  -0.035216  0.001612
27  -0.007723  -0.072099  0.005258
28  0.009566  0.050058  0.002597
29  -0.006273  0.041666  0.001775
30  0.052414  0.003996  0.002763
31  -0.038503  -0.012291  0.001634
32  -0.005574  -0.022974  0.000559
33  -0.003926  -0.001662  0.000018
34  0.006947  -0.011648  0.000184
35  -0.025278  -0.058921  0.004111
36  -0.038332  0.018764  0.001821
37  -0.045845  0.021697  0.002573
38  -0.021905  0.006573  0.000523
39  -0.007074  0.038860  0.001560
40  -0.014180  -0.017959  0.000524
41  0.042481  -0.017287  0.002104
42  -0.030851  0.033539  0.002077
43  0.029649  0.033667  0.002013
44  -0.010254  0.027112  0.000840
45  0.002741  -0.008189  0.000075
46  -0.026469  0.046694  0.002881
47  -0.027180  0.090748  0.008974
48  -0.017683  -0.023223  0.000852
49  0.023801  -0.120608  0.015113
50  0.001426  0.027954  0.000783
51  -0.075143  0.059575  0.009196
52  -0.001211  -0.047764  0.002283
53  -0.022883  0.034229  0.001695
54  0.012535  -0.012037  0.000302
55  0.012597  0.041505  0.001881
56  0.006985  -0.033408  0.001165
57  -0.026640  0.018145  0.001039
58  -0.021440  -0.018418  0.000799
59  0.004881  -0.019252  0.000394
60  0.051073  -0.025737  0.003271
61  -0.072564  -0.023397  0.005813
62  0.031329  0.002045  0.000986
63  0.014735  -0.028008  0.001002
64  -0.037155  -0.044594  0.003369
65  0.018486  -0.008295  0.000411
66  0.015458  0.038664  0.001734
67  -0.016609  0.030036  0.001178
68  0.040647  0.024462  0.002251
69  0.002669  -0.029987  0.000906
70  0.000515  -0.007633  0.000059
71  -0.003950  0.041767  0.001760
72  -0.025349  -0.033113  0.001739
73  -0.004864  -0.047422  0.002273
74  0.003210  0.072333  0.005242
75  0.003631  0.017755  0.000328
76  -0.029689  0.015371  0.001118
77  0.017293  0.028357  0.001103
78  0.030325  -0.029989  0.001819
79  0.041953  0.048318  0.004095
80  0.003319  -0.031918  0.001030
81  -0.076470  0.038030  0.007294
82  -0.022596  -0.015046  0.000737
83  0.011048  0.032934  0.001207
84  -0.001568  -0.009930  0.000101
85  -0.061037  0.013398  0.003905
86  -0.043657  -0.027170  0.002644
87  0.053428  0.053788  0.005748
88  0.049728  -0.019062  0.002836
89  0.035199  0.042144  0.003015
90  0.011123  0.003995  0.000140
91  0.014180  0.017583  0.000510
92  -0.028876  0.018504  0.001176
93  0.001597  -0.011520  0.000135
94  0.013257  -0.049226  0.002599
95  0.022065  0.027297  0.001232
96  0.009110  0.046880  0.002281
97  0.007780  0.011251  0.000187
98  0.003154  -0.021829  0.000486
99  0.042290  -0.004745  0.001811
100  -0.033960  0.059615  0.004707
101  0.006343  0.014889  0.000262
102  0.025683  0.008709  0.000735
103  -0.081227  0.003080  0.006607
104  0.002495  -0.001552  0.000009
105  0.007018  0.013504  0.000232
106  -0.074136  -0.010686  0.005610
107  -0.013453  -0.006623  0.000225
108  0.025059  0.048336  0.002964
109  -0.028131  -0.002272  0.000797
110  0.009516  -0.024572  0.000694
111  0.047502  0.012233  0.002406
112  -0.010684  -0.018703  0.000464
113  -0.019889  0.002633  0.000403
114  -0.034321  0.016354  0.001445
115  -0.029919  0.034836  0.002109
116  -0.052959  0.011551  0.002938
117  -0.027061  -0.010134  0.000835
118  -0.010017  0.008312  0.000169
119  0.024101  0.035835  0.001865
120  -0.015615  0.025350  0.000886
121  0.019853  -0.052380  0.003138
122  -0.049471  0.012138  0.002595
123  0.029340  -0.004803  0.000884
124  0.005695  0.029674  0.000913
125  0.029711  0.050265  0.003409
126  0.010813  -0.018158  0.000447
127  0.023878  -0.027407  0.001321
128  -0.044363  -0.009926  0.002067
129  0.015004  -0.012008  0.000369
130  0.009563  -0.048118  0.002407
131  0.017633  0.047338  0.002552
132  -0.029670  0.022305  0.001378
133  0.001540  -0.014045  0.000200
134  0.038921  -0.042090  0.003286
135  0.009553  -0.029517  0.000963
136  -0.015171  -0.026102  0.000911
137  0.026045  0.003884  0.000693
138  -0.033884  -0.024843  0.001765
139  0.028198  -0.009402  0.000884
140  -0.002968  0.013891  0.000202
141  -0.015874  0.015963  0.000507
142  0.006262  0.023479  0.000590
143  -0.028948  0.000702  0.000838
144  0.026464  0.025728  0.001362
145  0.050078  -0.029894  0.003401
146  -0.041180  0.022420  0.002198
147  0.071772  0.005454  0.005181
148  0.021161  -0.065802  0.004778
149  -0.021806  0.005556  0.000506
150  0.003288  -0.015059  0.000238
151  -0.007562  0.062955  0.004020
152  -0.035450  0.006193  0.001295
153  0.023050  -0.003127  0.000541
154  -0.038771  0.013049  0.001673
155  0.012235  0.005037  0.000175
156  0.026198  -0.024572  0.001290
157  0.045967  0.073175  0.007468
158  0.002492  0.025261  0.000644
159  -0.052578  0.012334  0.002917
160  -0.055268  -0.065468  0.007341
161  0.084819  -0.005617  0.007226
162  0.010951  0.011792  0.000259
163  -0.022986  0.013483  0.000710
164  -0.019184  -0.019848  0.000762
165  -0.013730  0.007421  0.000244
166  -0.016457  0.030755  0.001217
167  -0.064440  0.011266  0.004279
168  0.005341  -0.001535  0.000031
169  0.010029  0.043027  0.001952
170  -0.088122  0.028747  0.008592
171  0.029059  -0.010162  0.000948
172  -0.015572  0.014614  0.000456
173  0.043862  0.011492  0.002056
174  -0.015283  -0.007923  0.000296
175  -0.022395  0.029598  0.001378
176  0.011485  -0.063062  0.004109
177  -0.012145  0.014766  0.000366
178  0.046297  -0.005411  0.002173
179  -0.008884  -0.004587  0.000100
180  0.021965  -0.032836  0.001561
181  -0.001799  -0.001997  0.000007
182  0.012087  -0.023328  0.000690
183  -0.008533  -0.011025  0.000194
184  0.034939  0.024886  0.001840
185  -0.042293  -0.031146  0.002759
186  -0.014264  0.047010  0.002413
187  -0.011463  -0.024236  0.000719
188  -0.022896  -0.047629  0.002793
189  -0.002363  0.047196  0.002233
190  -0.016013  0.004671  0.000278
191  0.026427  -0.000626  0.000699
192  -0.018341  0.029999  0.001236
193  -0.029946  0.038445  0.002375
194  0.023931  0.018121  0.000901
195  -0.012754  0.001592  0.000165
196  0.044282  -0.012203  0.002110
197  0.016659  0.001460  0.000280
198  -0.030116  -0.049948  0.003402
199  0.044389  0.005566  0.002001
200  -0.063410  0.026329  0.004714
201  -0.034090  0.024803  0.001777
202  0.039453  0.049441  0.004001
203  -0.026217  0.023630  0.001246
204  -0.010536  0.005706  0.000144
205  -0.026584  -0.071935  0.005881
206  0.017792  0.019065  0.000680
207  -0.009603  -0.046632  0.002267
208  -0.005780  0.010587  0.000145
209  0.045221  0.027609  0.002807
210  -0.050913  -0.018511  0.002935
211  -0.031205  -0.013322  0.001151
212  -0.019328  -0.003274  0.000384
213  0.003618  0.000235  0.000013
214  -0.026662  0.016298  0.000977
215  -0.012741  0.004284  0.000181
216  -0.011859  0.062932  0.004101
217  -0.012693  -0.012555  0.000319
218  -0.010218  0.041131  0.001796
219  -0.001755  -0.059821  0.003582
220  0.019220  -0.024840  0.000986
221  -0.022551  0.005549  0.000539
222  0.007823  0.002324  0.000067
223  -0.042003  -0.023333  0.002309
224  0.045127  0.000947  0.002037
225  0.034218  -0.030994  0.002131
226  -0.024935  -0.014209  0.000824
227  -0.001885  -0.016835  0.000287
228  0.012624  0.019387  0.000535
229  -0.008066  -0.019174  0.000433
230  0.011047  -0.001337  0.000124
231  0.014296  -0.050215  0.002726
232  -0.011728  -0.021657  0.000607
233  -0.015946  -0.009985  0.000354
234  -0.016413  -0.007394  0.000324
235  -0.013983  0.019673  0.000583
236  -0.008434  0.002639  0.000078
237  -0.040455  0.005182  0.001663
238  -0.017296  0.037782  0.001727
239  -0.026545  -0.001127  0.000706
240  -0.016091  0.021090  0.000704
241  -0.032816  -0.001666  0.001080
242  -0.016507  0.048574  0.002632
243  -0.085353  -0.040037  0.008888
244  0.023746  -0.047879  0.002856
245  -0.005886  0.015591  0.000278
246  -0.003258  -0.019764  0.000401
247  -0.018574  -0.026646  0.001055
248  0.047455  -0.001551  0.002254
249  0.034672  0.025031  0.001829
250  0.017133  0.013877  0.000486
251  0.003784  0.015595  0.000258
252  0.012039  -0.007286  0.000198
253  0.034287  0.087755  0.008876
254  -0.048712  0.013825  0.002564
255  -0.069034  0.018940  0.005124
256  -0.031241  0.014152  0.001176
257  -0.009687  0.017827  0.000412
258  -0.014655  -0.004244  0.000233
259  -0.004014  -0.012092  0.000162
260  0.005930  0.018144  0.000364
261  0.044269  -0.022825  0.002481
262  0.007133  -0.048948  0.002447
263  -0.046576  -0.002203  0.002174
264  -0.027746  0.012233  0.000920
265  -0.002442  0.019994  0.000406
266  -0.054230  0.050095  0.005450
267  -0.016679  -0.005955  0.000314
268  -0.012939  -0.022595  0.000678
269  -0.012418  0.059369  0.003679
270  -0.021686  -0.029427  0.001336
271  0.027899  0.048314  0.003113
272  0.028308  0.008316  0.000871
273  0.020480  0.019565  0.000802
274  0.011517  -0.000912  0.000133
275  0.060231  -0.003217  0.003638
276  0.004583  0.054950  0.003040
277  0.030186  -0.020172  0.001318
278  -0.069868  -0.036281  0.006198
279  -0.054960  0.000285  0.003021
280  0.031816  0.018230  0.001345
281  0.008505  -0.001426  0.000074
282  -0.059062  0.019658  0.003875
283  -0.017460  0.001586  0.000307
284  -0.020938  0.065141  0.004682
285  -0.060784  0.035049  0.004923
286  0.023988  -0.044129  0.002523
287  0.034615  0.053823  0.004095
288  -0.035141  -0.045932  0.003345
289  -0.010763  -0.030093  0.001021
290  0.021293  0.073811  0.005902
291  -0.024549  0.014075  0.000801
292  0.026892  0.034667  0.001925
293  -0.034012  0.045001  0.003182
294  0.008188  -0.003976  0.000083
295  0.012787  0.066914  0.004641
296  0.011370  0.046851  0.002324
297  -0.051022  0.033284  0.003711
298  0.010501  0.080440  0.006581
299  -0.032049  -0.016606  0.001303
300  -0.040349  0.083148  0.008542
301  -0.056821  -0.010733  0.003344
302  -0.041359  -0.023225  0.002250
303  0.020719  -0.006401  0.000470
304  -0.006984  -0.024095  0.000629
305  0.000732  -0.028452  0.000810
306  -0.007923  0.010799  0.000179
307  0.003774  -0.045037  0.002043
308  -0.021505  0.009449  0.000552
309  -0.012463  -0.017658  0.000467
310  0.028904  0.004175  0.000853
311  -0.018019  0.029458  0.001192
312  -0.012776  -0.001981  0.000167
313  0.033943  0.030467  0.002080
314  -0.000627  0.014317  0.000205
315  0.034167  -0.010771  0.001283
316  -0.020370  -0.048279  0.002746
317  0.000681  -0.040544  0.001644
318  -0.058418  -0.021762  0.003886
319  -0.017194  0.040374  0.001926
320  -0.004007  0.013069  0.000187
321  0.033425  0.029841  0.002008
322  0.023887  0.024946  0.001193
323  0.018822  0.047271  0.002589
324  0.005474  -0.013703  0.000218
325  0.005734  -0.033880  0.001181
326  -0.025220  0.013428  0.000816
327  -0.011924  -0.003409  0.000154
328  -0.028747  -0.017482  0.001132
329  0.041174  0.068802  0.006429
330  0.017516  -0.058642  0.003746
331  -0.018310  -0.017865  0.000654
332  -0.047363  0.009867  0.002341
333  -0.037971  -0.022561  0.001951
334  0.001961  0.015413  0.000241
335  -0.002686  0.040099  0.001615
336  -0.042675  -0.012537  0.001978
337  -0.013365  -0.007757  0.000239
338  0.045851  0.013348  0.002281
339  -0.030071  -0.028033  0.001690
340  -0.003092  0.013258  0.000185
341  0.010798  -0.020437  0.000534
342  0.009460  0.044520  0.002072
343  0.012861  0.018381  0.000503
344  0.054041  -0.030966  0.003879
345  -0.048458  -0.054057  0.005270
346  0.030006  0.015665  0.001146
347  0.002455  -0.030667  0.000947
348  -0.031705  0.050024  0.003508
349  0.004979  0.039192  0.001561
350  0.035417  0.055959  0.004386
351  0.034175  0.045646  0.003251
352  0.008716  -0.025726  0.000738
353  0.046179  0.017634  0.002443
354  -0.023093  0.028938  0.001371
355  0.037950  0.011600  0.001575
356  0.006322  0.026628  0.000749
357  0.004027  -0.024522  0.000618
358  -0.039970  -0.050336  0.004131
359  0.012028  0.012884  0.000311
360  -0.018561  0.044275  0.002305
361  0.007439  0.006876  0.000103
362  -0.019747  0.026544  0.001095
363  0.011673  -0.029663  0.001016
364  0.016366  0.001684  0.000271
365  0.001671  0.011073  0.000125
366  -0.004799  0.027546  0.000782
367  -0.028801  -0.015475  0.001069
368  -0.002539  0.017064  0.000298
369  -0.057458  0.021989  0.003785
370  -0.066528  -0.007617  0.004484
371  0.099346  0.004879  0.009893
372  0.015931  -0.012030  0.000399
373  0.049652  0.023446  0.003015
374  0.024365  0.049657  0.003059
375  -0.037979  -0.026670  0.002154
376  -0.012827  -0.031688  0.001169
377  -0.045010  -0.032845  0.003105
378  0.037012  -0.029363  0.002232
379  -0.004231  -0.012050  0.000163
380  0.037187  0.042107  0.003156
381  -0.020021  0.085611  0.007730
382  -0.068084  -0.021682  0.005106
383  -0.012649  0.011805  0.000299
384  -0.036516  -0.014001  0.001529
385  0.020759  -0.030176  0.001342
386  -0.001500  0.008377  0.000072
387  -0.029868  0.013444  0.001073
388  0.000995  0.010764  0.000117
389  -0.047366  -0.027488  0.002999
390  -0.001525  -0.002783  0.000010
391  -0.033104  -0.008886  0.001175
392  -0.018269  -0.013224  0.000509
393  0.025400  0.046101  0.002770
394  0.009292  0.048926  0.002480
395  -0.025259  -0.049061  0.003045
396  -0.001763  -0.031663  0.001006
397  -0.011818  -0.031282  0.001118
398  -0.066887  -0.030919  0.005430
399  -0.020746  0.029144  0.001280
400  0.049819  0.069899  0.007368
401  -0.048032  -0.037288  0.003697
402  -0.029770  -0.002494  0.000892
403  0.001349  -0.029722  0.000885
404  -0.027127  -0.045015  0.002762
405  -0.031203  0.060937  0.004687
406  -0.028675  0.039778  0.002405
407  0.008756  0.000485  0.000077
408  -0.000755  0.033092  0.001096
409  -0.010795  0.020699  0.000545
410  -0.009801  0.007266  0.000149
411  -0.023326  -0.005946  0.000579
412  -0.065562  -0.038830  0.005806
413  -0.003027  0.017773  0.000325
414  -0.032527  0.003668  0.001071
415  -0.010871  0.001569  0.000121
416  0.021453  -0.010661  0.000574
417  -0.032542  -0.010766  0.001175
418  0.010559  0.008821  0.000189
419  0.052340  -0.021382  0.003197
420  -0.059679  -0.014418  0.003769
421  0.045129  0.003908  0.002052
422  -0.013327  0.093883  0.008992
423  -0.053940  -0.017164  0.003204
424  -0.022284  0.027306  0.001242
425  0.028720  -0.008334  0.000894
426  -0.026465  -0.078244  0.006823
427  0.018263  -0.038171  0.001791
428  0.045226  -0.001290  0.002047
429  0.041683  -0.036644  0.003080
430  0.043107  -0.046052  0.003979
431  -0.031529  0.044753  0.002997
432  -0.012984  0.037395  0.001567
433  -0.024118  0.007484  0.000638
434  -0.009361  0.049120  0.002500
435  -0.029953  0.002962  0.000906
436  0.034528  -0.076888  0.007104
437  -0.043945  0.042065  0.003701
438  -0.004214  -0.043303  0.001893
439  0.044512  0.011398  0.002111
440  0.060906  -0.010919  0.003829
441  0.015853  -0.043095  0.002108
442  -0.025557  0.034265  0.001827
443  -0.016542  -0.017595  0.000583
444  -0.025835  -0.003290  0.000678
445  0.027518  0.007021  0.000807
446  -0.004449  0.004393  0.000039
447  0.020774  0.042986  0.002279
448  0.039177  0.058988  0.005014
449  -0.003398  -0.043688  0.001920
450  -0.009061  -0.039744  0.001662
451  0.034925  0.030380  0.002143
452  0.003560  0.006833  0.000059
453  0.004185  0.094363  0.008922
454  -0.022801  -0.001311  0.000522
455  -0.010627  -0.025097  0.000743
456  0.028252  0.019623  0.001183
457  -0.095327  -0.059584  0.012638
458  0.003556  -0.017276  0.000311
459  0.040652  0.006500  0.001695
460  0.030245  -0.012003  0.001059
461  -0.033845  -0.039966  0.002743
462  -0.056174  -0.030785  0.004103
463  0.022555  0.030291  0.001426
464  0.084772  -0.000929  0.007187
465  -0.005749  -0.034971  0.001256
466  -0.073906  -0.022587  0.005972
467  0.001813  0.001499  0.000006
468  -0.022596  0.006753  0.000556
469  -0.020885  -0.003858  0.000451
470  -0.004867  -0.019225  0.000393
471  -0.004803  0.072595  0.005293
472  -0.013527  0.018612  0.000529
473  -0.025185  0.025955  0.001308
474  0.031580  -0.038005  0.002442
475  0.040156  0.052512  0.004370
476  -0.044262  -0.010957  0.002079
477  -0.080705  -0.061072  0.010243
478  -0.016123  -0.025492  0.000910
479  0.051519  0.077809  0.008708
480  -0.008036  -0.047635  0.002334
481  -0.027170  0.000838  0.000739
482  0.011104  0.030113  0.001030
483  0.026517  0.002996  0.000712
484  -0.008348  0.008361  0.000140
485  0.033808  -0.028853  0.001975
486  0.001976  -0.038008  0.001449
487  -0.019141  0.011183  0.000491
488  -0.010119  -0.046745  0.002287
489  -0.030239  0.021034  0.001357
490  0.010443  0.006067  0.000146
491  -0.084704  0.009179  0.007259
492  0.039526  -0.004719  0.001585
493  -0.006882  0.016095  0.000306
494  -0.004011  0.029682  0.000897
495  -0.003716  0.049354  0.002450
496  0.069454  -0.024915  0.005445
497  0.016392  0.027839  0.001044
498  -0.052520  0.014917  0.002981
499  0.025190  0.009773  0.000730
500  0.005318  -0.020728  0.000458
501  -0.032940  0.000387  0.001085
502  0.003292  0.045996  0.002126
503  -0.026747  0.025788  0.001380
504  0.035910  -0.047071  0.003505
505  0.020645  -0.039452  0.001983
506  -0.042648  -0.043049  0.003672
507  -0.055037  -0.036137  0.004335
508  -0.036366  -0.046762  0.003509
509  0.040023  0.008066  0.001667
510  -0.089401  -0.032220  0.009031
511  0.002684  0.034744  0.001214
512  -0.024164  0.032677  0.001652
513  0.033716  -0.001899  0.001140
514  0.008718  -0.005418  0.000105
515  0.001016  0.064837  0.004205
516  0.065480  0.059342  0.007809
517  -0.085877  0.030951  0.008333
518  0.020177  -0.043691  0.002316
519  -0.015470  -0.047694  0.002514
520  0.024440  -0.011451  0.000728
521  0.016908  -0.066589  0.004720
522  -0.019266  0.057421  0.003668
523  0.052685  -0.024840  0.003393
524  0.049326  0.036409  0.003759
525  -0.019797  0.046192  0.002526
526  0.005549  -0.013441  0.000211
527  0.092713  0.010517  0.008706
528  -0.035751  0.006861  0.001325
529  0.028059  0.019376  0.001163
530  -0.020192  0.032184  0.001444
531  0.000738  0.036632  0.001342
532  -0.021361  -0.038383  0.001930
533  -0.025693  -0.009003  0.000741
534  -0.058399  0.001296  0.003412
535  -0.032771  -0.023774  0.001639
536  -0.055615  -0.047467  0.005346
537  -0.015194  -0.026516  0.000934
538  0.055860  0.042722  0.004945
539  -0.055866  0.003099  0.003131
540  0.014247  -0.017843  0.000521
541  0.033914  0.020412  0.001567
542  -0.057892  0.030107  0.004258
543  -0.003657  -0.029161  0.000864
544  -0.051913  0.038167  0.004152
545  -0.011572  0.005320  0.000162
546  -0.004856  -0.027975  0.000806
547  -0.067066  -0.024680  0.005107
548  -0.010942  0.053338  0.002965
549  -0.034573  0.000982  0.001196
550  -0.015156  -0.004799  0.000253
551  -0.022558  -0.055474  0.003586
552  0.004038  -0.011583  0.000150
553  -0.035729  -0.051045  0.003882
554  -0.023875  -0.033337  0.001681
555  -0.037516  0.056295  0.004577
556  -0.099272  0.007794  0.009916
557  -0.034095  -0.022051  0.001649
558  0.026039  -0.016707  0.000957
559  0.003177  -0.011318  0.000138
560  -0.017533  0.029533  0.001180
561  -0.052319  -0.020761  0.003168
562  -0.007976  -0.026215  0.000751
563  0.049299  -0.018836  0.002785
564  -0.014099  -0.001629  0.000201
565  -0.037073  -0.039255  0.002915
566  -0.016300  -0.025320  0.000907
567  -0.079565  -0.037976  0.007773
568  -0.048074  0.045086  0.004344
569  -0.001018  -0.004326  0.000020
570  -0.099336  -0.048077  0.012179
571  0.034536  -0.021345  0.001648
572  -0.004895  -0.003394  0.000035
573  0.033057  0.037994  0.002536
574  -0.018386  0.008029  0.000403
575  0.056468  0.020656  0.003615
576  -0.007107  -0.053716  0.002936
577  -0.026086  -0.058278  0.004077
578  0.012611  0.000256  0.000159
579  -0.064184  0.032226  0.005158
580  -0.032297  0.070929  0.006074
581  -0.021313  0.007514  0.000511
582  -0.030835  0.035803  0.002233
583  0.024795  -0.010027  0.000715
584  0.085917  0.074541  0.012938
585  -0.064097  0.006775  0.004154
586  0.069920  0.088669  0.012751
587  -0.002861  0.043388  0.001891
588  -0.037869  0.031279  0.002412
589  -0.008870  0.052817  0.002868
590  -0.073842  0.014110  0.005652
591  -0.036263  0.016261  0.001579
592  -0.025935  -0.019012  0.001034
593  0.036031  -0.014837  0.001518
594  -0.008937  -0.035493  0.001340
595  0.011195  -0.039235  0.001665
596  -0.006249  0.009513  0.000130
597  -0.014781  0.070076  0.005129
598  -0.018270  -0.030338  0.001254
599  -0.004424  -0.028521  0.000833
600  0.002717  -0.092695  0.008600
601  -0.045010  -0.007086  0.002076
602  -0.002327  -0.012719  0.000167
603  0.006345  0.012668  0.000201
604  0.003690  -0.040550  0.001658
605  -0.051774  0.095305  0.011764
606  -0.021832  -0.001281  0.000478
607  -0.025508  0.032929  0.001735
608  -0.024229  0.024685  0.001196
609  0.035025  0.048105  0.003541
610  -0.077424  -0.011866  0.006135
611  -0.003182  -0.005599  0.000041
612  0.010246  0.004416  0.000124
613  0.048682  0.023530  0.002924
614  0.032055  -0.029806  0.001916
615  0.016473  0.013178  0.000445
616  0.044917  0.003157  0.002027
617  0.019259  0.028245  0.001169
618  -0.099175  0.050154  0.012351
619  0.052228  -0.031537  0.003722
620  0.104695  0.017871  0.011280
621  -0.058662  -0.024729  0.004053
622  -0.065417  0.007511  0.004336
623  -0.057007  0.010586  0.003362
624  0.065654  0.084714  0.011487
625  0.041549  -0.070292  0.006667
626  0.011755  0.057895  0.003490
627  0.065519  0.057557  0.007605
628  0.044722  -0.023820  0.002567
629  0.012575  -0.092922  0.008793
630  -0.044321  0.010457  0.002074
631  -0.017947  0.082357  0.007105
632  -0.036960  -0.042797  0.003198
633  0.002356  0.071206  0.005076
634  0.037207  0.049087  0.003794
635  -0.035670  0.033136  0.002370
636  -0.027606  0.022289  0.001259
637  -0.028307  -0.028349  0.001605
638  0.057035  0.065138  0.007496
639  0.006128  -0.035253  0.001280
640  0.012326  0.014337  0.000357
641  -0.021501  0.118718  0.014556
642  -0.041706  -0.019977  0.002139
643  0.047751  0.007778  0.002341
644  -0.098248  0.001009  0.009654
645  0.024045  0.045848  0.002680
646  -0.027204  0.045052  0.002770
647  -0.061958  -0.065057  0.008071
648  -0.014282  0.013863  0.000396
649  -0.085115  0.080627  0.013745
650  -0.057346  0.077852  0.009350
651  -0.075067  -0.122141  0.020554
652  -0.023005  -0.001758  0.000532
653  -0.073417  -0.064192  0.009511
654  -0.001861  0.061192  0.003748
655  -0.032242  -0.071062  0.006089
656  0.006490  -0.033147  0.001141
657  0.051105  -0.072920  0.007929
658  -0.048628  -0.103279  0.013031
659  0.025287  0.020474  0.001059
660  0.025961  0.089284  0.008646
661  -0.023688  0.014581  0.000774
662  -0.066237  0.033966  0.005541
663  0.007491  -0.062514  0.003964
664  -0.000091  0.033230  0.001104
665  0.030000  0.050088  0.003409
666  0.066214  0.056910  0.007623
667  0.004667  -0.039160  0.001555
668  0.034350  0.052490  0.003935
669  0.011370  -0.018792  0.000482
670  0.064243  -0.038903  0.005641
671  -0.006134  0.001536  0.000040
672  -0.002646  0.090749  0.008242
673  -0.036400  -0.022739  0.001842
674  0.108787  0.004648  0.011856
675  -0.042452  0.042195  0.003583
676  0.059248  0.034780  0.004720
677  0.078757  0.012520  0.006359
678  -0.011636  0.018690  0.000485
679  -0.029407  -0.051915  0.003560
680  0.030953  -0.039933  0.002553
681  0.021739  0.042073  0.002243
682  0.012033  -0.053737  0.003032
683  0.026774  -0.019945  0.001115
684  0.052182  0.072962  0.008046
685  0.008347  -0.066306  0.004466
686  -0.040168  0.046583  0.003783
687  -0.029517  0.104861  0.011867
688  -0.046956  0.053684  0.005087
689  0.099686  0.046835  0.012131
690  0.006695  0.070887  0.005070
691  -0.044135  0.020769  0.002379
692  -0.016342  0.044621  0.002258
693  -0.000559  0.075611  0.005717
694  0.035771  0.015320  0.001514
695  -0.071914  0.006661  0.005216
696  -0.057787  -0.014723  0.003556
697  -0.029161  0.012867  0.001016
698  -0.006809  0.073185  0.005402
699  0.025836  -0.090988  0.008946
700  -0.035274  0.004577  0.001265
701  -0.023760  -0.024262  0.001153
702  0.021779  -0.114736  0.013639
703  0.039544  -0.026077  0.002244
704  -0.047567  -0.024563  0.002866
705  0.007749  0.054312  0.003010
706  -0.061926  0.054558  0.006811
707  0.110331  0.099731  0.022119
708  -0.061697  0.061497  0.007588
709  -0.024184  0.015497  0.000825
710  0.064811  0.057237  0.007476
711  -0.088635  -0.004163  0.007873
712  -0.058319  0.043783  0.005318
713  0.008749  -0.016767  0.000358
714  -0.058756  -0.023284  0.003994
715  0.039150  0.064715  0.005721
716  0.063346  0.033541  0.005138
717  0.033364  -0.018062  0.001439
718  -0.043107  0.005414  0.001888
719  -0.057395  0.051898  0.005988
720  0.004955  0.069616  0.004871
721  -0.005744  0.023826  0.000601
722  0.065276  -0.032996  0.005350
723  -0.006267  -0.209196  0.043802
724  0.060684  0.042758  0.005511
725  -0.021052  -0.029484  0.001313
726  -0.019932  0.003672  0.000411
727  -0.025228  -0.030646  0.001576
728  -0.109097  -0.001685  0.011905
729  -0.087468  0.004104  0.007667
730  -0.005148  -0.075687  0.005755
731  0.088406  -0.016315  0.008082
732  0.170599  0.003340  0.029115
733  0.005524  0.091873  0.008471
734  -0.014912  0.045159  0.002262
735  -0.019910  0.042696  0.002219
736  -0.005120  -0.003570  0.000039
737  -0.000235  -0.016536  0.000273
738  0.030502  -0.094723  0.009903
739  0.138846  -0.004371  0.019297
740  -0.143409  0.043809  0.022485
741  -0.089032  -0.054024  0.010845
742  -0.065822  0.131046  0.021506
743  -0.044202  -0.068075  0.006588
744  -0.035584  -0.033595  0.002395
745  0.069840  -0.018754  0.005229
746  0.014706  0.012461  0.000372
747  0.003821  0.073420  0.005405
748  -0.025939  0.074092  0.006162
749  -0.090897  -0.054737  0.011258
750  0.017499  0.042275  0.002093
751  0.077259  -0.031070  0.006934
752  -0.102073  -0.084883  0.017624
753  -0.028559  -0.015350  0.001051
754  0.048356  -0.073142  0.007688
755  0.084873  0.026034  0.007881
756  0.095433  0.040833  0.010775
757  -0.058589  -0.009045  0.003514
758  -0.072698  0.066304  0.009681
759  0.057188  -0.001315  0.003272
760  0.046000  -0.054194  0.005053
761  0.015192  0.157770  0.025122
762  -0.053690  -0.049155  0.005299
763  0.125918  0.083010  0.022746
764  0.049271  0.071006  0.007469
765  -0.018899  0.020733  0.000787
766  0.083545  0.070392  0.011935
767  0.035188  -0.073180  0.006594
768  -0.038360  -0.085479  0.008778
769  0.071142  -0.066600  0.009497
770  -0.019877  0.094248  0.009278
771  -0.013870  0.026726  0.000907
772  0.041425  0.005164  0.001743
773  0.044003  0.101261  0.012190
774  -0.053901  0.058981  0.006384
775  0.009234  -0.079097  0.006342
776  -0.045140  0.007061  0.002087
777  -0.065966  0.044396  0.006323
778  -0.135072  0.107591  0.029820
779  0.003838  -0.065869  0.004354
780  0.129338  -0.028512  0.017541
781  0.012471  0.014375  0.000362
782  -0.101409  -0.048685  0.012654
783  -0.083948  0.034314  0.008225
784  -0.119486  -0.023507  0.014830
785  0.048998  -0.083780  0.009420
786  -0.042885  0.111994  0.014382
787  -0.002505  -0.107317  0.011523
788  0.012740  0.100303  0.010223
789  0.060868  0.056913  0.006944
790  0.037596  0.019373  0.001789
791  -0.003717  -0.051241  0.002640
792  -0.008775  0.016081  0.000336
793  0.074072  0.027326  0.006233
794  -0.004086  0.012969  0.000185
795  -0.012748  0.204857  0.042129
796  0.109847  -0.193832  0.049637
797  0.100623  -0.063970  0.014217
798  -0.022848  0.005101  0.000548
799  -0.060691  -0.061361  0.007449
800  -0.113108  0.110478  0.024999
801  -0.027797  -0.028171  0.001566
802  -0.114836  -0.121626  0.027980
803  0.041729  0.147344  0.023452
804  0.065154  -0.086139  0.011665
805  0.003484  -0.079503  0.006333
806  0.106545  -0.103211  0.022004
807  0.031037  -0.105119  0.012013
808  0.165048  0.159014  0.052526
809  0.022253  0.013225  0.000670
810  -0.106599  -0.134356  0.029415
811  0.017543  0.253093  0.064364
812  0.044889  0.063938  0.006103
813  -0.005128  0.011004  0.000147
814  -0.002394  0.011765  0.000144
815  -0.035281  0.148839  0.023398
816  0.042259  0.130504  0.018817
817  -0.067868  -0.051418  0.007250
818  -0.084343  -0.066544  0.011542
819  -0.071119  -0.082749  0.011905
820  -0.012712  -0.090489  0.008350
821  -0.175998  0.002154  0.030980
822  -0.084544  0.050442  0.009692
823  0.016408  -0.027883  0.001047
824  -0.009482  0.053913  0.002997
825  0.117852  -0.108486  0.025658
826  0.144101  0.016571  0.021040
827  -0.057167  0.011485  0.003400
828  0.084180  0.167238  0.035055
829  0.002883  0.071201  0.005078
830  0.079595  -0.124479  0.021831
831  0.002893  0.042473  0.001812
832  -0.051608  -0.003305  0.002674
833  0.065933  0.079399  0.010651
834  -0.034880  0.041978  0.002979
835  0.047119  0.018248  0.002553
836  -0.060689  0.005576  0.003714
837  -0.149769  0.108732  0.034253
838  0.088283  -0.101361  0.018068
839  0.028682  0.125929  0.016681
840  0.145280  -0.086024  0.028506
841  0.000941  -0.166431  0.027700
842  0.095098  0.085343  0.016327
843  0.132137  -0.011726  0.017598
844  0.003312  -0.013363  0.000190
845  0.066202  0.040086  0.005990
846  0.032626  0.357838  0.129112
847  0.167227  0.117723  0.041823
848  0.023906  0.046057  0.002693
849  0.094238  0.058327  0.012283
850  0.068069  -0.041471  0.006353
851  0.051725  0.011910  0.002817
852  -0.087153  0.185025  0.041830
853  -0.127213  -0.070412  0.021141
854  0.120127  0.311761  0.111625
855  0.041510  -0.011820  0.001863
856  -0.017537  0.093925  0.009129
857  0.119624  0.022123  0.014799
858  -0.061863  0.148658  0.025926
859  -0.105763  -0.023647  0.011745
860  0.231487  0.158925  0.078843
861  -0.300574  0.201280  0.130858
862  0.007424  0.043069  0.001910
863  -0.169328  0.162002  0.054917
864  -0.075078  -0.179604  0.037894
865  -0.000931  -0.124411  0.015479
866  0.084402  -0.083825  0.014150
867  0.072111  -0.121182  0.019885
868  -0.034232  0.094199  0.010045
869  -0.243791  -0.125297  0.075133
870  -0.017791  0.011248  0.000443
871  0.253293  0.138598  0.083367
872  0.011423  -0.035066  0.001360
873  -0.113702  -0.108852  0.024777
874  -0.031169  0.223137  0.050762
875  -0.016576  0.060348  0.003917
876  -0.133218  -0.162555  0.044171
877  -0.178379  0.144555  0.052715
878  0.007237  -0.090421  0.008228
879  0.247065  0.247649  0.122372
880  0.241421  0.038836  0.059793
881  0.014377  0.161350  0.026240
882  0.129225  -0.268360  0.088716
883  -0.132854  0.089517  0.025664
884  -0.071256  0.047324  0.007317
885  0.072651  -0.060673  0.008959
886  -0.112744  0.334411  0.124542
887  0.151820  0.173762  0.053243
888  0.004041  0.129083  0.016679
889  -0.229972  -0.061641  0.056687
890  -0.063571  0.258627  0.070929
891  -0.193943  -0.070584  0.042596
892  0.064037  0.218306  0.051758
893  0.176473  0.066481  0.035562
894  -0.000539  -0.055941  0.003130
895  -0.071081  0.054687  0.008043
896  0.210645  -0.028485  0.045183
897  -0.150460  -0.229376  0.075251
898  0.173539  -0.033890  0.031264
899  -0.066388  0.217655  0.051781
900  0.035911  -0.032717  0.002360
901  0.180991  -0.016993  0.033047
902  -0.208996  0.309453  0.139440
903  -0.063696  -0.112507  0.016715
904  0.113910  -0.031395  0.013961
905  0.032646  0.351004  0.124270
906  -0.080189  -0.068514  0.011124
907  0.261220  0.197205  0.107126
908  0.116436  0.242514  0.072371
909  0.128010  -0.059810  0.019964
910  0.128116  -0.252596  0.080219
911  -0.066752  -0.001053  0.004457
912  -0.024277  -0.011409  0.000720
913  -0.061906  -0.287667  0.086585
914  0.006682  -0.023001  0.000574
915  -0.165690  0.031652  0.028455
916  0.005974  -0.239520  0.057405
917  -0.202274  -0.069061  0.045684
918  -0.062429  0.040712  0.005555
919  0.084486  0.151073  0.029961
920  0.028176  0.044769  0.002798
921  -0.285850  0.063435  0.085734
922  -0.086928  -0.038052  0.009004
923  0.204164  0.014743  0.041900
924  -0.078457  -0.016555  0.006430
925  -0.082368  0.205697  0.049096
926  -0.303859  -0.232258  0.146274
927  0.055474  0.045679  0.005164
928  -0.039428  -0.055668  0.004653
929  -0.188081  0.035414  0.036629
930  0.165248  0.337956  0.141521
931  -0.265907  -0.123192  0.085883
932  0.257958  -0.080752  0.073063
933  -0.100101  -0.494855  0.254902
934  0.136780  -0.204357  0.060470
935  -0.026579  -0.026085  0.001387
936  0.152085  0.063889  0.027212
937  -0.244153  -0.214773  0.105738
938  0.049250  -0.451241  0.206044
939  0.173692  0.097132  0.039604
940  -0.139614  0.258959  0.086552
941  -0.006944  -0.230958  0.053390
942  0.032062  -0.225566  0.051908
943  0.025550  0.365441  0.134200
944  -0.163111  -0.201029  0.067018
945  0.350607  0.048580  0.125285
946  -0.169829  0.240205  0.086540
947  -0.149837  0.116369  0.035993
948  -0.167453  0.189569  0.063977
949  -0.042587  0.418253  0.176749
950  0.085558  0.034917  0.008539
951  -0.119497  0.086918  0.021834
952  -0.019534  0.013866  0.000574
953  -0.085346  -0.256119  0.072881
954  0.117088  0.032727  0.014781
955  0.057525  -0.070440  0.008271
956  -0.143823  -0.242040  0.079268
957  0.072762  -0.003420  0.005306
958  -0.161212  -0.107819  0.037614
959  -0.024062  -0.391923  0.154183
960  -0.046378  0.250908  0.065106
961  0.129875  0.034927  0.018087
962  -0.326084  0.209859  0.150372
963  -0.154644  -0.202919  0.065091
964  0.072587  -0.258659  0.072173
965  0.198569  0.057669  0.042755
966  -0.170048  -0.140656  0.048700
967  0.036127  0.077150  0.007257
968  -0.338225  0.214973  0.160609
969  -0.235443  -0.003428  0.055445
970  0.515368  0.270351  0.338694
971  0.239204  0.393536  0.212089
972  0.068019  0.256726  0.070535
973  -0.097466  0.294744  0.096374
974  0.314209  0.226648  0.150096
975  0.258465  0.260904  0.134875
976  -0.049239  -0.254629  0.067260
977  -0.089285  0.399349  0.167451
978  -0.285076  -0.278689  0.158936
979  0.296276  0.087727  0.095475
980  -0.147086  -0.135338  0.039951
981  0.058016  -0.140823  0.023197
982  -0.052436  -0.095984  0.011962
983  0.150526  0.486036  0.258889
984  -0.007539  0.034406  0.001241
985  -0.196600  0.133094  0.056366
986  0.093236  0.003004  0.008702
987  0.011915  0.037232  0.001528
988  -0.297525  0.011827  0.088661
989  -0.014884  0.017753  0.000537
990  0.370277  -0.119172  0.151307
991  -0.006996  0.423499  0.179400
992  -0.105131  0.214564  0.057090
993  0.004065  0.360436  0.129931
994  0.404147  0.217832  0.210786
995  0.335599  0.078655  0.118813
996  0.032663  0.117465  0.014865
997  0.011501  0.381145  0.145404
998  -0.270019  -0.066428  0.077323
999  -0.051402  -0.135351  0.020962
1000  -0.271724  0.067316  0.078365
1001  0.126241  0.225428  0.066754
1002  0.023225  -0.166082  0.028123
1003  0.565481  -0.326976  0.426682
1004  -0.236430  0.383561  0.203018
1005  -0.230547  0.032591  0.054214
1006  0.240684  -0.135137  0.076191
1007  -0.127080  -0.274111  0.091286
1008  -0.423760  -0.231724  0.233268
1009  0.061812  -0.400936  0.164570
1010  0.448416  0.128940  0.217703
1011  -0.189434  -0.140671  0.055674
1012  -0.014729  -0.018045  0.000543
1013  0.140537  -0.418822  0.195162
1014  -0.017675  -0.031952  0.001333
1015  -0.338447  0.093920  0.123367
1016  -0.044420  0.048618  0.004337
1017  0.056140  0.080388  0.009614
1018  -0.135997  -0.090921  0.026762
1019  -0.394134  -0.350532  0.278214
1020  0.560496  0.006899  0.314203
1021  -0.293482  0.195067  0.124183
1022  -0.255314  0.326561  0.171828
1023  -0.026511  -0.189594  0.036649
1024  -0.097650  0.002932  0.009544
1025  0.389290  -0.264583  0.221551
1026  -0.045214  0.085824  0.009410
1027  0.036120  -0.137844  0.020305
1028  -0.229152  -0.129500  0.069281
1029  -0.114294  -0.217837  0.060516
1030  -0.044415  -0.056342  0.005147
1031  -0.035985  -0.040068  0.002900
1032  0.199267  -0.241795  0.098172
1033  -0.108748  0.052259  0.014557
1034  0.447257  0.029939  0.200935
1035  -0.352003  0.001655  0.123909
1036  -0.051619  -0.267709  0.074333
1037  0.134540  -0.011616  0.018236
1038  0.000988  -0.037568  0.001412
1039  0.221434  -0.117104  0.062747
1040  0.288155  0.365805  0.216846
1041  -0.373515  -0.191332  0.176121
1042  -0.741801  0.187626  0.585472
1043  0.077852  -0.030436  0.006987
1044  0.030295  0.065911  0.005262
1045  -0.431257  0.379889  0.330299
1046  -0.091066  0.273413  0.083048
1047  -0.177879  -0.277827  0.108829
1048  0.589541  0.017241  0.347856
1049  -0.517534  0.233874  0.322538
1050  -0.422784  -0.662247  0.617317
1051  -0.023161  0.217303  0.047757
1052  -0.018667  -0.026837  0.001069
1053  -0.021511  -0.002811  0.000471
1054  0.473295  -0.482415  0.456732
1055  -0.104311  -0.384047  0.158373
1056  0.204274  0.018183  0.042058
1057  0.047790  0.219119  0.050297
1058  0.311898  0.276654  0.173817
1059  -0.251141  0.488018  0.301233
1060  0.200279  -0.163740  0.066922
1061  -0.612391  -0.431513  0.561226
1062  -0.109553  0.086542  0.019491
1063  -0.098919  -0.323436  0.114396
1064  0.403065  0.170868  0.191657
1065  0.265401  -0.396498  0.227649
1066  0.094258  0.292762  0.094594
1067  -0.222690  0.456322  0.257821
1068  -0.283657  0.240161  0.138139
1069  -0.266297  0.278402  0.148422
1070  -0.297632  -0.373405  0.228017
1071  0.468112  -0.149961  0.241618
1072  0.244712  0.394808  0.215757
1073  -0.246855  -0.104403  0.071837
1074  -0.085547  -0.073165  0.012672
1075  0.092252  0.196349  0.047063
1076  0.337466  -0.087027  0.121457
1077  -0.188245  0.010087  0.035538
1078  0.169572  0.089097  0.036693
1079  0.265930  0.097610  0.080246
1080  -0.055032  -0.158688  0.028210
1081  -0.103658  -0.491664  0.252479
1082  0.087263  -0.089623  0.015647
1083  -0.065616  0.343342  0.122189
1084  -0.249526  -0.091825  0.070695
1085  -0.056176  0.270566  0.076362
1086  0.007153  -0.348492  0.121498
1087  0.118739  -0.012685  0.014260
1088  0.010275  -0.087402  0.007745
1089  -0.134323  0.173936  0.048296
1090  -0.717746  -0.233202  0.569542
1091  0.389540  -0.170286  0.180739
1092  -0.033276  -0.156932  0.025735
1093  0.048684  -0.064414  0.006519
1094  0.016526  0.512586  0.263017
1095  -0.097407  -0.187995  0.044830
1096  0.469684  -0.346918  0.340955
1097  0.012254  0.097621  0.009680
1098  -0.172651  -0.296629  0.117797
1099  0.351887  -0.339635  0.239177
1100  -0.086547  -0.075995  0.013266
1101  0.086657  -0.097321  0.016981
1102  -0.161242  -0.011286  0.026126
1103  -0.290934  0.412152  0.254512
1104  0.251918  0.144672  0.084393
1105  0.353798  -0.436176  0.315423
1106  -0.659156  0.333464  0.545686
1107  0.142907  0.130234  0.037383
1108  -0.049558  -0.122855  0.017549
1109  -0.032779  0.230706  0.054300
1110  -0.005892  0.303270  0.092008
1111  0.310860  -0.140417  0.116351
1112  0.452644  -0.190433  0.241151
1113  0.167133  -0.022199  0.028426
1114  0.376081  0.155459  0.165604
1115  -0.028101  0.398098  0.159271
1116  -0.378234  -0.268513  0.215160
1117  0.094462  -0.180121  0.041367
1118  -0.591413  0.241681  0.408179
1119  0.101865  -0.094533  0.019313
1120  0.584661  -0.269400  0.414405
1121  0.160058  0.121726  0.040436
1122  -0.801531  -0.067642  0.647027
1123  -0.215773  -0.352382  0.170731
1124  -0.141505  -0.546358  0.318531
1125  0.188238  0.056991  0.038681
1126  -0.135838  0.634950  0.421614
1127  -0.885068  -0.261230  0.851587
1128  0.278805  0.064810  0.081932
1129  0.142215  -0.244741  0.080123
1130  0.136939  0.009218  0.018837
1131  0.006483  0.244552  0.059848
1132  0.255393  -0.398731  0.224212
1133  0.114909  0.287518  0.095871
1134  0.374753  -0.867422  0.892861
1135  0.459336  -0.003088  0.210999
1136  0.289961  -0.808499  0.737748
1137  0.003669  -0.164760  0.027159
1138  0.155241  0.550255  0.326880
1139  0.271520  -0.042421  0.075523
1140  -0.622349  0.256453  0.453087
1141  -0.035830  -0.118774  0.015391
1142  0.090885  0.052019  0.010966
1143  -0.547623  0.090069  0.308003
1144  -0.109194  0.269449  0.084526
1145  -0.488500  0.104070  0.249462
1146  0.134302  -0.201319  0.058566
1147  -0.494515  -0.008212  0.244613
1148  -0.028814  -0.067832  0.005431
1149  0.411495  -0.487324  0.406813
1150  -0.024445  -0.328380  0.108431
1151  0.086650  0.737842  0.551919
1152  0.271939  -0.131728  0.091303
1153  0.097731  -0.189847  0.045593
1154  0.068865  0.210582  0.049087
1155  -0.228205  0.191846  0.088882
1156  -0.258172  -0.092335  0.075179
1157  -0.202150  -0.207304  0.083840
1158  -0.159122  -0.191930  0.062157
1159  -0.239102  -0.046123  0.059297
1160  -0.130327  -0.136913  0.035730
1161  0.435651  0.288355  0.272940
1162  -0.129179  -0.121649  0.031486
1163  0.313355  0.174311  0.128576
1164  -0.171607  0.016857  0.029733
1165  -0.269104  -0.361512  0.203108
1166  -0.507405  -0.117239  0.271205
1167  0.195141  -0.389524  0.189808
1168  -0.666579  0.447698  0.644762
1169  0.206243  0.309094  0.138075
1170  0.061640  0.429247  0.188053
1171  -0.314676  -0.440828  0.293350
1172  0.154985  -0.556153  0.333326
1173  -0.080711  -0.985323  0.977376
1174  -0.291728  -0.305173  0.178235
1175  0.145476  0.044519  0.023145
1176  -0.063755  0.877511  0.774090
1177  0.235964  0.598616  0.414020
1178  -0.401989  -0.051533  0.164251
1179  -0.295053  0.127899  0.103414
1180  0.581746  0.391127  0.491409
1181  0.158391  0.571955  0.352220
1182  0.572713  0.046501  0.330162
1183  0.069562  -0.359868  0.134344
1184  0.118988  0.109266  0.026097
1185  -0.040219  -0.028498  0.002430
1186  0.169813  0.695201  0.512141
1187  -0.052236  -0.081451  0.009363
1188  0.595627  -0.100552  0.364882
1189  0.144191  -0.271759  0.094644
1190  0.243047  0.101699  0.069415
1191  -0.192129  0.048040  0.039221
1192  0.242973  0.728389  0.589586
1193  0.344507  -0.204546  0.160524
1194  0.310980  -0.242162  0.155351
1195  -0.144202  -0.196100  0.059250
1196  -0.342073  -0.132346  0.134529
1197  -0.375436  -0.435732  0.330814
1198  -0.102419  -0.020612  0.010915
1199  0.091562  0.293339  0.094431
1200  0.747250  -0.033968  0.559537
1201  -0.003360  0.365231  0.133405
1202  0.210767  0.129150  0.061102
1203  -0.000570  0.090110  0.008120
1204  -0.459070  0.133243  0.228499
1205  0.279554  0.239224  0.135379
1206  0.255465  -0.338310  0.179716
1207  -0.640159  -0.306201  0.503563
1208  -0.236070  0.665919  0.499178
1209  0.421615  0.322720  0.281907
1210  -0.076293  0.365296  0.139262
1211  -0.056534  -0.945165  0.896534
1212  0.033298  -0.124254  0.016548
1213  -0.788761  -0.028307  0.622945
1214  -0.531633  0.008059  0.282699
1215  0.029144  -0.031214  0.001824
1216  0.203250  -0.217772  0.088736
1217  -0.442105  0.458317  0.405511
1218  -0.758204  0.998179  1.571234
1219  -0.168576  -0.076436  0.034260
1220  -0.227930  0.053797  0.054846
1221  -0.815955  -0.510910  0.926813
1222  0.539854  -0.764359  0.875687
1223  0.245601  -0.656985  0.491949
1224  0.449480  -0.131164  0.219236
1225  -0.229695  0.144021  0.073502
1226  -0.458413  -0.705361  0.707676
1227  0.193439  -0.305121  0.130518
1228  0.572393  -0.129267  0.344344
1229  -0.077797  0.011570  0.006186
1230  -0.502646  0.174142  0.282979
1231  0.197418  0.675987  0.495932
1232  0.454772  0.532080  0.489926
1233  0.042879  -0.341297  0.118322
1234  -0.294135  0.108822  0.098357
1235  -0.367698  0.058223  0.138592
1236  -0.202919  -0.284096  0.121887
1237  -0.214159  -0.460452  0.257880
1238  0.017869  -0.104568  0.011254
1239  0.693595  -0.641026  0.891989
1240  -0.088138  -0.179498  0.039988
1241  0.366107  -0.246097  0.194598
1242  0.455164  -0.265800  0.277824
1243  -0.386264  0.944595  1.041459
1244  -0.146274  0.206822  0.064172
1245  0.432701  -0.200218  0.227317
1246  0.130856  0.000276  0.017123
1247  0.160771  -0.501873  0.277724
1248  0.530484  0.540133  0.573157
1249  0.035039  0.270252  0.074264
1250  -0.411333  -0.375581  0.310256
1251  -0.216787  0.046225  0.049133
1252  0.126278  0.186879  0.050870
1253  -0.606776  0.130946  0.385324
1254  0.219991  0.322133  0.152166
1255  0.268269  -0.288074  0.154955
1256  0.013260  -0.473414  0.224297
1257  -0.092980  0.297347  0.097061
1258  0.270656  -0.511350  0.334734
1259  0.068396  0.118184  0.018645
1260  0.182753  0.270708  0.106681
1261  -0.390625  -0.679924  0.614885
1262  0.434615  0.656618  0.620037
1263  0.691410  0.189680  0.514026
1264  0.220623  0.174223  0.079028
1265  0.029390  0.138125  0.019942
1266  0.270505  -0.817442  0.741384
1267  0.521479  -0.956474  1.186782
1268  0.464625  0.338828  0.330681
1269  -0.211210  0.351233  0.167975
1270  -0.602388  0.273948  0.437918
1271  0.186404  -0.198017  0.073957
1272  -0.083638  0.014550  0.007207
1273  -0.709638  0.591596  0.853572
1274  0.159725  0.782642  0.638041
1275  0.540103  -0.270870  0.365081
1276  -0.001879  -0.509959  0.260062
1277  -0.253235  -0.480320  0.294836
1278  0.322578  0.092355  0.112586
1279  -0.160426  0.043162  0.027600
1280  -0.663720  0.163152  0.467142
1281  -0.705516  0.351102  0.621026
1282  0.430106  -0.223492  0.234940
1283  -0.168457  -0.304736  0.121242
1284  0.052274  -0.289149  0.086340
1285  -0.337838  -0.173657  0.144291
1286  0.358820  0.018202  0.129083
1287  0.349551  0.002957  0.122195
1288  -0.430149  -0.016666  0.185306
1289  -0.152618  -0.501115  0.274408
1290  0.138423  -0.192564  0.056242
1291  -0.143752  -0.245040  0.080709
1292  0.518891  0.271809  0.343128
1293  0.075285  -0.302462  0.097151
1294  -0.288664  0.307903  0.178131
1295  -0.554435  -0.647444  0.726582
1296  -0.283986  0.233935  0.135373
1297  0.073802  -0.182307  0.038683
1298  -0.315643  -0.441945  0.294946
1299  -0.067445  0.126192  0.020473
1300  -0.308161  -0.070778  0.099973
1301  0.911820  -0.444256  1.028779
1302  0.447645  0.102603  0.210914
1303  -0.140492  -0.119623  0.034048
1304  0.100350  -0.026878  0.010793
1305  0.048208  -0.386376  0.151610
1306  -0.241035  -0.133980  0.076049
1307  -0.252880  0.228470  0.116147
1308  -0.199049  -0.428030  0.222830
1309  0.106323  0.489940  0.251346
1310  -0.241737  0.289453  0.142220
1311  0.082822  0.037908  0.008297
1312  -0.142872  -0.304424  0.113086
1313  0.020194  -0.192795  0.037578
1314  0.219793  -0.198508  0.087714
1315  -0.172795  -0.115029  0.043090
1316  0.116972  0.165681  0.041133
1317  -0.409732  0.007757  0.167940
1318  0.088553  0.302024  0.099060
1319  -0.396314  0.296015  0.244690
1320  -0.313002  0.407320  0.263880
1321  -0.009968  0.441080  0.194651
1322  0.174785  -0.150134  0.053090
1323  0.194423  -0.328982  0.146030
1324  0.133186  -0.519148  0.287254
1325  -0.002743  0.243233  0.059170
1326  -0.535079  -0.596506  0.642129
1327  -0.040225  -0.272121  0.075668
1328  0.124142  -0.200561  0.055636
1329  0.023133  0.048796  0.002916
1330  -0.158860  -0.028948  0.026074
1331  -0.146949  -0.455171  0.228775
1332  0.143468  0.014028  0.020780
1333  -0.057807  -0.263972  0.073023
1334  0.406035  0.219485  0.213038
1335  0.283699  0.183658  0.114215
1336  -0.006376  -0.021575  0.000506
1337  0.465384  -0.037284  0.217973
1338  -0.035254  -0.168159  0.029520
1339  -0.190981  0.235320  0.091850
1340  0.184804  0.087161  0.041750
1341  0.300610  -0.742585  0.641799
1342  0.036218  0.153008  0.024723
1343  -0.420941  -0.088769  0.185072
1344  -0.165505  0.199070  0.067021
1345  -0.406366  0.078759  0.171336
1346  -0.622519  0.524341  0.662463
1347  -0.501265  0.256379  0.316997
1348  0.368439  0.547865  0.435904
1349  0.194590  -0.069256  0.042662
1350  -0.182049  0.055732  0.036248
1351  0.135102  -0.144110  0.039020
1352  -0.111883  0.273271  0.087195
1353  -0.194252  -0.036105  0.039038
1354  0.332833  -0.036044  0.112077
1355  0.387538  -0.023370  0.150732
1356  0.278126  0.001035  0.077355
1357  0.081453  -0.479300  0.236363
1358  -0.358377  0.114663  0.141581
1359  0.439308  0.192121  0.229902
1360  0.055614  -0.470522  0.224484
1361  -0.047822  0.245114  0.062368
1362  -0.128163  -0.013715  0.016614
1363  0.049363  0.073522  0.007842
1364  -0.148436  0.826248  0.704719
1365  0.122247  0.128861  0.031550
1366  -0.104439  -1.006527  1.024005
1367  -0.202857  0.442227  0.236716
1368  -0.196243  0.282364  0.118240
1369  -0.059618  0.262671  0.072550
1370  0.551838  -0.335219  0.416897
1371  0.198738  0.126968  0.055618
1372  0.183375  0.056182  0.036783
1373  0.041617  0.267010  0.073026
1374  0.095377  -0.035353  0.010347
1375  0.302111  -0.057282  0.094552
1376  -0.348850  0.003899  0.121712
1377  0.097141  0.554009  0.316363
1378  0.056433  0.060155  0.006803
1379  0.048608  -0.142907  0.022785
1380  0.318520  0.256299  0.167144
1381  0.036609  0.414862  0.173450
1382  0.427951  -0.326046  0.289448
1383  -0.098379  0.126650  0.025719
1384  -0.080459  -0.071620  0.011603
1385  -0.073152  -0.176128  0.036372
1386  0.358406  -0.134893  0.146651
1387  -0.305894  -0.517038  0.360900
1388  -0.082030  -0.016466  0.007000
1389  -0.030646  0.378513  0.144211
1390  0.096038  0.002548  0.009230
1391  0.089739  -0.176892  0.039344
1392  0.106758  0.066108  0.015767
1393  0.030206  0.047335  0.003153
1394  -0.111025  -0.105648  0.023488
1395  0.190251  -0.201072  0.076625
1396  0.227454  -0.154806  0.075700
1397  -0.218586  -0.129966  0.064671
1398  0.025988  0.065314  0.004941
1399  -0.065730  -0.292859  0.090087
1400  0.105182  0.084205  0.018154
1401  0.146343  -0.107608  0.032996
1402  -0.116764  -0.038989  0.015154
1403  0.323286  -0.101139  0.114743
1404  -0.213898  0.308566  0.140965
1405  0.022416  0.131855  0.017888
1406  -0.209740  0.021810  0.044467
1407  -0.166203  -0.194213  0.065342
1408  0.085680  -0.060805  0.011038
1409  0.018735  0.065364  0.004623
1410  0.285540  -0.189973  0.117623
1411  0.431494  -0.104595  0.197127
1412  -0.269988  0.130667  0.089967
1413  -0.134212  0.032738  0.019085
1414  0.023897  -0.373513  0.140083
1415  -0.534713  0.085995  0.293313
1416  -0.081820  -0.051788  0.009377
1417  -0.045539  -0.262029  0.070733
1418  -0.081327  0.099082  0.016431
1419  0.333232  0.145935  0.132341
1420  0.338447  -0.332144  0.224866
1421  0.084874  0.233778  0.061856
1422  -0.413094  0.289022  0.254180
1423  0.114309  0.110361  0.025246
1424  -0.153217  -0.319737  0.125708
1425  -0.029932  -0.185377  0.035261
1426  0.034562  -0.289108  0.084778
1427  -0.204149  -0.114941  0.054888
1428  -0.085193  0.258570  0.074116
1429  0.045263  0.295079  0.089120
1430  0.193450  0.225114  0.088100
1431  -0.102216  -0.035698  0.011722
1432  -0.090408  0.040415  0.009807
1433  0.100772  -0.185526  0.044575
1434  0.419673  -0.248305  0.237781
1435  -0.198395  -0.072264  0.044583
1436  -0.275388  0.004082  0.075855
1437  -0.052574  -0.278553  0.080356
1438  0.002144  -0.162135  0.026292
1439  0.045459  0.165542  0.029471
1440  -0.087888  -0.036303  0.009042
1441  0.052293  0.120341  0.017217
1442  -0.040148  -0.087643  0.009293
1443  0.216466  0.099942  0.056846
1444  -0.079422  0.090925  0.014575
1445  0.143482  0.242028  0.079165
1446  0.179493  0.063238  0.036217
1447  0.115274  -0.121953  0.028161
1448  -0.269417  0.046726  0.074769
1449  -0.168226  -0.099578  0.038216
1450  -0.264557  -0.228855  0.122365
1451  -0.031152  -0.085374  0.008259
1452  -0.081752  0.158068  0.031669
1453  -0.300337  0.052105  0.092917
1454  -0.315556  0.117397  0.113358
1455  -0.062284  0.117326  0.017645
1456  0.156185  -0.040010  0.025995
1457  -0.070979  -0.115122  0.018291
1458  -0.072011  0.159210  0.030533
1459  0.051340  0.053540  0.005502
1460  0.052371  0.122110  0.017654
1461  0.038081  0.122710  0.016508
1462  0.189611  -0.157792  0.060851
1463  0.264322  -0.033669  0.071000
1464  0.014086  0.217870  0.047666
1465  -0.141690  -0.013470  0.020257
1466  -0.131814  0.208357  0.060788
1467  0.290183  0.001612  0.084209
1468  -0.110810  -0.138880  0.031566
1469  -0.126241  0.015477  0.016176
1470  -0.031834  -0.072226  0.006230
1471  -0.100682  -0.221004  0.058980
1472  -0.425512  0.100901  0.191241
1473  -0.183967  0.158997  0.059124
1474  0.242757  0.098827  0.068698
1475  -0.056601  -0.127208  0.019386
1476  -0.181573  0.275560  0.108902
1477  0.171398  -0.195087  0.067436
1478  -0.128427  -0.069283  0.021294
1479  0.081072  0.087217  0.014179
1480  -0.322609  0.374524  0.244345
1481  -0.094147  0.153394  0.032393
1482  0.121815  0.030016  0.015740
1483  0.100442  0.173293  0.040119
1484  -0.028220  0.045970  0.002910
1485  0.097343  -0.182129  0.042647
1486  -0.190379  0.281465  0.115467
1487  -0.062662  0.010799  0.004043
1488  0.128987  0.126398  0.032614
1489  0.184085  -0.025886  0.034557
1490  0.259128  0.103446  0.077849
1491  0.107922  0.012630  0.011807
1492  0.282500  -0.005746  0.079839
1493  -0.251372  -0.208698  0.106743
1494  0.013494  -0.350104  0.122755
1495  0.223798  -0.011856  0.050226
1496  0.118539  0.110384  0.026236
1497  0.030722  -0.015198  0.001175
1498  -0.058921  -0.037915  0.004909
1499  0.078334  0.111322  0.018529
1500  0.226986  0.087927  0.059254
1501  0.182750  -0.022591  0.033908
1502  0.032724  0.006660  0.001115
1503  -0.028896  0.010427  0.000944
1504  -0.063060  0.063488  0.008007
1505  0.196569  0.045531  0.040712
1506  0.008390  0.083653  0.007068
1507  0.067572  0.141761  0.024662
1508  -0.169650  -0.048584  0.031142
1509  -0.129281  -0.017025  0.017003
1510  -0.060339  0.222732  0.053250
1511  0.081229  -0.157840  0.031512
1512  0.291210  0.117687  0.098653
1513  0.064797  -0.161278  0.030209
1514  0.134944  0.094430  0.027127
1515  -0.186776  -0.037402  0.036284
1516  0.184976  0.148100  0.056150
1517  0.094529  -0.111414  0.021349
1518  0.180635  0.103294  0.043299
1519  -0.104842  -0.364380  0.143764
1520  0.030062  -0.097477  0.010406
1521  -0.117024  -0.060761  0.017387
1522  -0.169957  -0.122289  0.043840
1523  -0.087776  0.046440  0.009861
1524  -0.193409  0.206390  0.080004
1525  0.003251  -0.157960  0.024962
1526  0.029079  0.177099  0.032210
1527  -0.129706  -0.019143  0.017190
1528  0.099026  0.207862  0.053013
1529  -0.088846  0.024374  0.008488
1530  0.130736  0.148729  0.039212
1531  -0.063674  -0.024517  0.004655
1532  -0.008412  0.092492  0.008625
1533  -0.112198  -0.002034  0.012593
1534  -0.078130  -0.075518  0.011807
1535  -0.072866  0.149824  0.027757
1536  0.052736  0.172041  0.032379
1537  0.089891  -0.177464  0.039574
1538  0.036038  -0.120846  0.015902
1539  0.024386  0.129927  0.017476
1540  -0.005670  0.067260  0.004556
1541  0.402597  0.204573  0.203934
1542  0.143357  -0.008598  0.020625
1543  -0.131673  -0.099079  0.027154
1544  -0.017359  0.022625  0.000813
1545  0.015664  -0.230875  0.053549
1546  0.013026  0.030736  0.001114
1547  -0.059511  0.014452  0.003750
1548  0.134359  -0.038054  0.019501
1549  -0.188617  -0.005517  0.035607
1550  0.068850  0.115624  0.018109
1551  -0.066738  -0.006211  0.004493
1552  -0.046376  -0.224040  0.052345
1553  0.020746  0.019444  0.000808
1554  -0.043847  0.006920  0.001970
1555  0.084695  -0.038264  0.008637
1556  -0.230118  0.033745  0.054093
1557  -0.021073  -0.068468  0.005132
1558  0.032384  0.103405  0.011741
1559  -0.072866  -0.047653  0.007580
1560  0.100545  -0.050271  0.012637
1561  0.159251  -0.019970  0.025760
1562  -0.034076  -0.130975  0.018316
1563  0.121242  0.119008  0.028862
1564  0.109443  -0.114013  0.024977
1565  0.075542  -0.003310  0.005718
1566  0.106047  -0.087777  0.018951
1567  -0.313640  0.073941  0.103837
1568  0.120501  0.049451  0.016966
1569  -0.054947  0.021427  0.003478
1570  0.082482  -0.107214  0.018298
1571  0.127075  -0.045491  0.018218
1572  0.127100  0.204092  0.057808
1573  -0.140255  0.079077  0.025925
1574  0.019949  0.026226  0.001086
1575  0.019230  -0.019133  0.000736
1576  -0.092071  -0.075066  0.014112
1577  -0.081639  -0.009951  0.006764
1578  0.065930  0.003567  0.004359
1579  0.219106  0.054853  0.051016
1580  -0.178503  -0.157394  0.056636
1581  -0.168569  0.014517  0.028626
1582  0.028440  -0.005160  0.000835
1583  -0.082736  -0.023581  0.007401
1584  -0.145041  0.030165  0.021947
1585  0.013614  -0.049349  0.002621
1586  -0.047414  0.038359  0.003720
1587  0.083153  -0.034831  0.008128
1588  0.006813  -0.042404  0.001844
1589  -0.059237  0.108618  0.015307
1590  0.008726  0.113051  0.012857
1591  0.013795  -0.131276  0.017424
1592  0.055376  0.018000  0.003391
1593  0.023170  -0.033943  0.001689
1594  0.022811  0.001448  0.000522
1595  0.158897  0.184328  0.059225
1596  -0.046141  0.131537  0.019431
1597  0.079873  -0.152894  0.029756
1598  -0.120311  -0.023872  0.015044
1599  0.057315  -0.121646  0.018083
1600  -0.069425  -0.067149  0.009329
1601  0.023586  0.119126  0.014747
1602  0.064413  0.223656  0.054171
1603  0.007750  0.069074  0.004831
1604  0.007968  0.147615  0.021854
1605  0.006180  -0.043526  0.001933
1606  -0.102312  0.092075  0.018946
1607  -0.010217  0.031553  0.001100
1608  0.120496  -0.080231  0.020956
1609  -0.023551  -0.001586  0.000557
1610  -0.005959  -0.052127  0.002753
1611  -0.016576  0.241260  0.058481
1612  0.041912  -0.003627  0.001770
1613  -0.008633  0.096745  0.009434
1614  0.071155  -0.044587  0.007051
1615  -0.116377  -0.053974  0.016457
1616  0.170785  0.023255  0.029708
1617  0.078819  -0.044302  0.008175
1618  -0.037786  -0.062942  0.005389
1619  -0.058096  -0.020636  0.003801
1620  0.013709  -0.005708  0.000221
1621  0.031349  0.067524  0.005542
1622  0.071446  -0.073848  0.010558
1623  0.122135  -0.002758  0.014924
1624  0.054047  -0.120743  0.017500
1625  -0.081802  -0.004830  0.006715
1626  0.039545  0.028976  0.002403
1627  -0.120601  -0.062324  0.018429
1628  0.063033  0.052933  0.006775
1629  -0.047369  0.006199  0.002282
1630  0.068129  0.002888  0.004650
1631  -0.052116  0.051363  0.005354
1632  0.009033  0.060108  0.003695
1633  0.024166  -0.158333  0.025653
1634  0.004733  -0.012663  0.000183
1635  0.099986  -0.065928  0.014344
1636  -0.013079  -0.068286  0.004834
1637  -0.006923  -0.060698  0.003732
1638  -0.025330  -0.014342  0.000847
1639  -0.007179  -0.025191  0.000686
1640  0.083017  -0.019842  0.007285
1641  0.061023  0.026772  0.004441
1642  0.017636  -0.073686  0.005741
1643  0.035475  0.021577  0.001724
1644  -0.038821  0.047633  0.003776
1645  0.047429  -0.108031  0.013920
1646  -0.003613  0.045704  0.002102
1647  -0.045397  0.107182  0.013549
1648  0.091664  0.043027  0.010254
1649  0.049789  -0.013266  0.002655
1650  0.002355  -0.004542  0.000026
1651  0.035275  -0.024316  0.001836
1652  0.014379  0.013492  0.000389
1653  0.012721  0.042814  0.001995
1654  -0.023264  0.054052  0.003463
1655  0.062123  -0.040475  0.005497
1656  0.070573  0.029172  0.005832
1657  -0.021121  -0.020512  0.000867
1658  -0.009277  -0.075910  0.005848
1659  0.053514  -0.056861  0.006097
1660  -0.036282  0.071882  0.006483
1661  0.022632  -0.042572  0.002325
1662  -0.016996  0.009592  0.000381
1663  -0.020569  0.043033  0.002275
1664  -0.075516  0.074315  0.011225
1665  0.037815  0.041808  0.003178
1666  -0.015987  -0.054336  0.003208
1667  -0.001988  -0.072140  0.005208
1668  0.029040  -0.033377  0.001957
1669  -0.070677  -0.063153  0.008983
1670  -0.045800  0.015695  0.002344
1671  0.014216  0.063041  0.004176
1672  -0.073402  0.036760  0.006739
1673  -0.024967  -0.038486  0.002105
1674  0.015645  0.045966  0.002358
1675  -0.030280  -0.047478  0.003171
1676  0.037658  0.021469  0.001879
1677  0.070027  0.015477  0.005143
1678  0.077935  -0.036116  0.007378
1679  -0.058149  -0.053210  0.006213
1680  -0.024068  0.007464  0.000635
1681  0.052729  -0.049929  0.005273
1682  0.013516  -0.041115  0.001873
1683  -0.024250  0.045690  0.002676
1684  -0.089474  -0.015284  0.008239
1685  0.087147  -0.047765  0.009876
1686  -0.010411  0.020954  0.000547
1687  0.024173  -0.103429  0.011282
1688  0.043175  0.031736  0.002871
1689  0.009510  -0.000604  0.000091
1690  -0.015584  0.031514  0.001236
1691  -0.010226  0.015204  0.000336
1692  -0.027409  0.038529  0.002236
1693  0.019742  -0.003089  0.000399
1694  0.027941  0.073267  0.006149
1695  -0.042810  -0.008015  0.001897
1696  0.062256  0.081385  0.010499
1697  0.032909  -0.066473  0.005502
1698  0.047925  0.075763  0.008037
1699  0.012238  0.010536  0.000261
1700  -0.050832  -0.018442  0.002924
1701  0.038057  0.079023  0.007693
1702  -0.018895  -0.055220  0.003406
1703  -0.074199  -0.023137  0.006041
1704  -0.003237  -0.082396  0.006800
1705  0.016884  0.070083  0.005197
1706  -0.023163  -0.043478  0.002427
1707  -0.039832  -0.028747  0.002413
1708  -0.131864  -0.120336  0.031869
1709  0.019004  -0.039970  0.001959
1710  -0.007356  -0.007250  0.000107
1711  -0.022049  0.012486  0.000642
1712  -0.048967  -0.014894  0.002620
1713  -0.056818  -0.059903  0.006817
1714  -0.048000  -0.014307  0.002509
1715  0.007391  -0.021582  0.000520
1716  0.013172  0.024666  0.000782
1717  -0.007663  -0.046627  0.002233
1718  0.098276  -0.044402  0.011630
1719  0.051153  0.021473  0.003078
1720  -0.061212  0.001752  0.003750
1721  0.098361  0.019605  0.010059
1722  0.112433  -0.046828  0.014834
1723  0.062553  -0.025456  0.004561
1724  0.025448  -0.104961  0.011664
1725  0.072504  0.034077  0.006418
1726  0.045243  -0.022231  0.002541
1727  -0.072045  0.017895  0.005511
1728  -0.046070  0.004741  0.002145
1729  0.038888  0.017784  0.001829
1730  0.041264  -0.015231  0.001935
1731  -0.013155  -0.015299  0.000407
1732  -0.096509  -0.034297  0.010490
1733  0.035755  0.027103  0.002013
1734  -0.013276  -0.021025  0.000618
1735  -0.052137  0.059081  0.006209
1736  -0.035149  0.044403  0.003207
1737  -0.010504  -0.076249  0.005924
1738  -0.033835  -0.045894  0.003251
1739  -0.087215  -0.054560  0.010583
1740  -0.038416  -0.088296  0.009272
1741  0.000320  0.074245  0.005512
1742  0.062154  0.035695  0.005137
1743  -0.066625  -0.019943  0.004837
1744  0.012615  -0.026912  0.000883
1745  0.025230  -0.084269  0.007738
1746  -0.097020  -0.014501  0.009623
1747  -0.022585  0.032660  0.001577
1748  0.031517  -0.026847  0.001714
1749  0.012853  -0.024918  0.000786
1750  0.045063  -0.023927  0.002603
1751  -0.022236  -0.029045  0.001338
1752  0.008752  -0.022914  0.000602
1753  0.045547  0.047573  0.004338
1754  -0.003364  -0.063091  0.003992
1755  -0.061903  0.052101  0.006547
1756  0.035677  -0.027876  0.002050
1757  -0.029825  -0.052068  0.003601
1758  -0.025946  -0.029778  0.001560
1759  -0.013054  0.087657  0.007854
1760  0.076973  0.006714  0.005970
1761  0.012460  -0.009085  0.000238
1762  -0.020505  -0.015949  0.000675
1763  -0.056313  0.040611  0.004820
1764  -0.054244  0.015990  0.003198
1765  0.040722  0.069057  0.006427
1766  -0.059680  0.007989  0.003626
1767  0.000298  0.004276  0.000018
1768  -0.047740  0.035382  0.003531
1769  0.029087  0.038839  0.002355
1770  -0.015295  0.036620  0.001575
1771  0.005267  0.022774  0.000546
1772  -0.016460  0.035100  0.001503
1773  -0.070263  -0.024476  0.005536
1774  0.027888  0.043465  0.002667
1775  -0.001880  0.004746  0.000026
1776  0.032987  -0.017050  0.001379
1777  0.018979  0.020723  0.000790
1778  0.050957  0.034031  0.003755
1779  -0.028385  -0.002329  0.000811
1780  -0.004962  0.024182  0.000609
1781  0.029438  0.016444  0.001137
1782  0.005999  -0.027252  0.000779
1783  0.020976  -0.052142  0.003159
1784  0.031157  -0.005212  0.000998
1785  0.021829  0.030512  0.001408
1786  -0.012156  -0.002462  0.000154
1787  -0.032134  0.000416  0.001033
1788  -0.026035  0.027700  0.001445
1789  0.019856  0.010446  0.000503
1790  -0.004823  0.061105  0.003757
1791  0.012713  0.047276  0.002397
1792  -0.036775  -0.064787  0.005550
1793  0.052317  0.025741  0.003400
1794  0.037404  -0.012993  0.001568
1795  -0.029362  0.079023  0.007107
1796  -0.028214  0.027207  0.001536
1797  0.013097  -0.044037  0.002111
1798  -0.006225  -0.012547  0.000196
1799  0.075568  0.002629  0.005717
1800  0.016865  -0.017223  0.000581
1801  -0.000897  -0.100722  0.010146
1802  -0.003435  0.008581  0.000085
1803  0.011686  0.036760  0.001488
1804  -0.003023  -0.024539  0.000611
1805  -0.067222  -0.020379  0.004934
1806  0.037036  0.012821  0.001536
1807  -0.028360  0.037573  0.002216
1808  0.037811  -0.015725  0.001677
1809  0.017263  0.052730  0.003078
1810  -0.037563  0.053694  0.004294
1811  0.001407  0.051199  0.002623
1812  -0.014108  -0.038848  0.001708
1813  0.042012  -0.039130  0.003296
1814  0.011053  -0.008770  0.000199
1815  0.063079  -0.000080  0.003979
1816  -0.059470  -0.121726  0.018354
1817  0.005542  0.028834  0.000862
1818  -0.029295  -0.098647  0.010590
1819  0.007045  -0.009774  0.000145
1820  -0.027023  -0.048702  0.003102
1821  -0.023361  -0.025334  0.001188
1822  0.004461  0.001011  0.000021
1823  -0.005730  -0.066074  0.004399
1824  0.018811  -0.029363  0.001216
1825  0.028532  0.037914  0.002252
1826  -0.071080  -0.006870  0.005100
1827  0.019948  -0.020062  0.000800
1828  0.019817  -0.046670  0.002571
1829  -0.079745  -0.013097  0.006531
1830  -0.021550  -0.031336  0.001446
1831  -0.000220  -0.012042  0.000145
1832  0.007717  0.044834  0.002070
1833  -0.076923  0.068580  0.010620
1834  -0.037080  0.002295  0.001380
1835  0.027266  -0.000082  0.000743
1836  -0.023689  0.022983  0.001089
1837  0.023965  0.049219  0.002997
1838  0.084900  0.013255  0.007384
1839  -0.016214  -0.066586  0.004697
1840  0.046244  -0.001907  0.002142
1841  -0.090038  -0.006843  0.008154
1842  -0.054685  -0.034665  0.004192
1843  0.016092  0.003163  0.000269
1844  0.005040  0.047372  0.002270
1845  0.018703  -0.006086  0.000387
1846  0.016258  -0.016225  0.000528
1847  -0.001559  0.009941  0.000101
1848  -0.039155  0.013584  0.001718
1849  0.008530  0.022377  0.000573
1850  0.054370  -0.011088  0.003079
1851  0.073468  -0.032918  0.006481
1852  -0.050334  0.029222  0.003387
1853  -0.032397  -0.075050  0.006682
1854  0.030460  0.053576  0.003798
1855  -0.035747  0.089044  0.009207
1856  0.039670  -0.015205  0.001805
1857  0.008739  0.023259  0.000617
1858  0.007962  -0.093711  0.008845
1859  0.031738  -0.037342  0.002402
1860  0.029417  -0.012215  0.001015
1861  0.014591  -0.001359  0.000215
1862  -0.039174  -0.018755  0.001886
1863  -0.077644  0.054333  0.008981
1864  0.020777  0.027745  0.001201
1865  -0.044038  -0.033670  0.003073
1866  -0.020020  0.021040  0.000843
1867  0.022992  0.036547  0.001864
1868  -0.077225  0.000514  0.005964
1869  0.055290  -0.011556  0.003191
1870  0.014339  -0.031803  0.001217
1871  0.031725  0.002316  0.001012
1872  0.045350  -0.002036  0.002061
1873  -0.049983  0.036542  0.003834
1874  -0.054868  -0.016622  0.003287
1875  0.014210  -0.102042  0.010615
1876  0.019014  -0.044773  0.002366
1877  -0.036196  0.035433  0.002566
1878  -0.053245  0.052381  0.005579
1879  0.006166  0.041265  0.001741
1880  -0.051392  -0.048139  0.004959
1881  -0.031354  -0.032087  0.002013
1882  -0.010453  -0.003096  0.000119
1883  -0.015730  -0.027365  0.000996
1884  -0.052613  -0.041575  0.004497
1885  0.023298  0.000989  0.000544
1886  -0.044233  0.024803  0.002572
1887  -0.008807  -0.066606  0.004514
1888  -0.051140  -0.028315  0.003417
1889  0.006708  0.062030  0.003893
1890  -0.096666  0.015286  0.009578
1891  -0.041485  -0.009722  0.001815
1892  0.064143  0.024616  0.004720
1893  -0.022708  0.041382  0.002228
1894  0.049154  0.001077  0.002417
1895  -0.068075  -0.012583  0.004793
1896  -0.019367  0.032723  0.001446
1897  -0.006551  0.070726  0.005045
1898  -0.006699  -0.035923  0.001335
1899  -0.030270  -0.023344  0.001461
1900  0.000462  0.000541  0.000001
1901  -0.054265  0.026716  0.003658
1902  0.034637  -0.092247  0.009709
1903  0.048079  -0.006514  0.002354
1904  -0.026353  0.070008  0.005596
1905  0.018002  -0.030179  0.001235
1906  -0.004287  -0.041726  0.001759
1907  -0.029411  0.061103  0.004599
1908  0.000996  0.010876  0.000119
1909  -0.019755  0.035805  0.001672
1910  -0.001475  0.001905  0.000006
1911  -0.016221  -0.037194  0.001647
1912  -0.055101  -0.041804  0.004784
1913  0.018155  0.012771  0.000493
1914  -0.006089  -0.010253  0.000142
1915  -0.074009  -0.011709  0.005614
1916  -0.063022  -0.004397  0.003991
1917  0.021426  0.032629  0.001524
1918  0.034796  0.039347  0.002759
1919  0.036655  -0.035359  0.002594
1920  -0.027780  -0.038204  0.002231
1921  0.045254  0.003085  0.002057
1922  0.048081  -0.061098  0.006045
1923  0.015692  -0.050099  0.002756
1924  0.003725  0.071530  0.005130
1925  -0.025563  0.006905  0.000701
1926  -0.039702  0.007688  0.001635
1927  -0.016094  0.044398  0.002230
1928  0.006333  0.005401  0.000069
1929  -0.059132  0.003690  0.003510
1930  -0.067720  -0.041255  0.006288
1931  0.001759  -0.056607  0.003207
1932  0.010621  0.004888  0.000137
1933  -0.010569  0.051008  0.002714
1934  0.020952  0.015614  0.000683
1935  -0.011616  0.009183  0.000219
1936  -0.007433  0.030220  0.000969
1937  0.019208  -0.018373  0.000707
1938  0.022123  -0.004351  0.000508
1939  -0.037725  -0.054664  0.004411
1940  0.033709  0.017175  0.001431
1941  0.029990  -0.034181  0.002068
1942  0.021474  0.012029  0.000606
1943  -0.005933  -0.020225  0.000444
1944  -0.029197  -0.053365  0.003700
1945  -0.027048  0.021803  0.001207
1946  0.044567  0.023549  0.002541
1947  0.000415  -0.028314  0.000802
1948  0.011061  0.030084  0.001027
1949  0.039805  -0.014573  0.001797
1950  0.008377  -0.019286  0.000442
1951  -0.003836  -0.029354  0.000876
1952  0.022230  -0.037638  0.001911
1953  0.026152  0.027734  0.001453
1954  -0.090860  -0.020161  0.008662
1955  -0.035438  0.000105  0.001256
1956  0.004417  -0.041458  0.001738
1957  0.083640  -0.016022  0.007252
1958  -0.017321  0.000982  0.000301
1959  -0.001917  -0.030576  0.000939
1960  -0.015727  0.020115  0.000652
1961  0.073665  0.067827  0.010027
1962  0.003586  -0.050608  0.002574
1963  -0.017911  0.018462  0.000662
1964  0.006661  -0.016868  0.000329
1965  0.006180  -0.002849  0.000046
1966  -0.022319  0.025011  0.001124
1967  0.015748  0.024218  0.000835
1968  -0.014093  -0.005455  0.000228
1969  0.007338  -0.038042  0.001501
1970  0.057447  -0.013234  0.003475
1971  -0.023637  -0.028726  0.001384
1972  0.018867  0.012291  0.000507
1973  0.013639  -0.038944  0.001703
1974  0.051236  -0.032728  0.003696
1975  0.068682  0.006478  0.004759
1976  0.028120  0.042101  0.002563
1977  0.017393  0.003654  0.000316
1978  0.005160  -0.023802  0.000593
1979  -0.087043  -0.007341  0.007630
1980  -0.005957  -0.044210  0.001990
1981  -0.025623  -0.014256  0.000860
1982  -0.057834  0.017896  0.003665
1983  -0.039402  -0.011875  0.001694
1984  -0.015259  -0.007476  0.000289
1985  0.026158  -0.027024  0.001415
1986  0.032814  0.032345  0.002123
1987  -0.027120  -0.005668  0.000768
1988  0.062423  0.008156  0.003963
1989  0.012925  -0.021558  0.000632
1990  0.020122  -0.040854  0.002074
1991  -0.001312  0.071958  0.005180
1992  -0.049263  0.025262  0.003065
1993  -0.010837  0.018455  0.000458
1994  -0.038354  -0.043047  0.003324
1995  0.002423  0.006213  0.000044
1996  -0.033078  -0.024733  0.001706
1997  -0.009265  0.003470  0.000098
1998  -0.032601  0.029828  0.001953
1999  0.017914  -0.014082  0.000519
2000  -0.022035  0.025484  0.001135
2001  -0.053822  0.019070  0.003261
2002  -0.028768  0.005924  0.000863
2003  0.002444  0.004924  0.000030
2004  -0.032682  -0.023019  0.001598
2005  -0.015594  0.025010  0.000869
2006  -0.014543  -0.018148  0.000541
2007  0.029445  0.067709  0.005451
2008  0.001839  0.041674  0.001740
2009  -0.043199  0.030430  0.002792
2010  0.007422  0.018284  0.000389
2011  0.028218  -0.002425  0.000802
2012  0.061905  -0.048644  0.006199
2013  -0.047270  -0.008476  0.002306
2014  0.022785  -0.003863  0.000534
2015  0.037640  0.031125  0.002386
2016  0.003123  -0.012780  0.000173
2017  0.031298  -0.019469  0.001359
2018  -0.003915  -0.056435  0.003200
2019  -0.030164  0.034921  0.002129
2020  0.025873  0.011264  0.000796
2021  0.021391  -0.013921  0.000651
2022  -0.008538  0.015525  0.000314
2023  0.004836  -0.025499  0.000674
2024  0.003154  0.026275  0.000700
2025  0.032288  0.016659  0.001320
2026  -0.012394  0.014150  0.000354
2027  -0.011656  -0.034286  0.001311
2028  0.008954  0.008721  0.000156
2029  0.068012  0.034644  0.005826
2030  -0.026115  0.041112  0.002372
2031  -0.010992  -0.038428  0.001598
2032  0.048301  0.006556  0.002376
2033  -0.055885  -0.049252  0.005549
2034  -0.094832  -0.011697  0.009130
2035  -0.007183  0.010340  0.000159
2036  -0.006011  0.072405  0.005279
2037  -0.053583  -0.001886  0.002875
2038  0.014264  0.004737  0.000226
2039  -0.022899  -0.004409  0.000544
2040  0.005339  0.014321  0.000234
2041  0.014931  0.020890  0.000659
2042  0.010883  0.014035  0.000315
2043  -0.000061  0.022710  0.000516
2044  0.013792  0.025922  0.000862
2045  0.060760  0.042631  0.005509
2046  -0.056438  0.032147  0.004219
2047  -0.003265  0.024378  0.000605
