0  0.013923  -0.024339  0.000786
1  -0.003524  -0.009192  0.000097
2  -0.018553  -0.042796  0.002176
3  -0.013350  -0.033500  0.001300
4  -0.053465  0.021126  0.003305
5  -0.019551  0.002288  0.000387
6  -0.019111  0.042816  0.002198
7  -0.041624  0.046731  0.003916
8  -0.004038  -0.012428  0.000171
9  0.052490  -0.000612  0.002756
10  -0.005638  -0.032714  0.001102
11  0.004616  -0.012467  0.000177
12  0.033899  -0.008657  0.001224
13  -0.045990  -0.026463  0.002815
14  -0.019170  -0.004273  0.000386
15  0.058129  -0.084356  0.010495
16  0.008230  0.025460  0.000716
17  0.026028  0.027025  0.001408
18  -0.047539  -0.036678  0.003605
19  0.065611  -0.008836  0.004383
20  -0.010162  -0.012662  0.000264
21  -0.071404  0.005662  0.005131
22  -0.046058  -0.014270  0.002325
23  -0.004309  0.001687  0.000021
24  -0.050448  0.001708  0.002548
25  -0.003249  0.080383  0.006472
26  -0.001903  0.008160  0.000070
27  -0.010801  0.033216  0.001220
28  -0.026238  0.022431  0.001192
29  0.023439  0.056189  0.003707
30  0.004037  0.019985  0.000416
31  -0.013491  -0.024849  0.000799
32  -0.053824  0.003307  0.002908
33  0.012751  -0.014669  0.000378
34  -0.010226  0.002803  0.000112
35  -0.017549  0.000510  0.000308
36  0.009372  0.018214  0.000420
37  0.009002  0.030097  0.000987
38  0.025941  0.027252  0.001416
39  -0.006553  0.041076  0.001730
40  0.002093  -0.044031  0.001943
41  0.004003  -0.013591  0.000201
42  0.005323  0.040316  0.001654
43  -0.009295  0.019472  0.000466
44  -0.061604  -0.012475  0.003951
45  -0.016990  -0.018144  0.000618
46  0.007384  -0.009896  0.000152
47  0.036001  0.013926  0.001490
48  0.020002  0.008074  0.000465
49  0.042803  -0.025038  0.002459
50  0.021695  0.006656  0.000515
51  0.013946  0.039965  0.001792
52  -0.017367  0.014048  0.000499
53  -0.007013  0.032287  0.001092
54  -0.029406  0.006885  0.000912
55  -0.004146  -0.005452  0.000047
56  -0.053440  0.027208  0.003596
57  -0.002183  0.055732  0.003111
58  0.015242  0.001297  0.000234
59  -0.023729  -0.016376  0.000831
60  -0.009056  0.052527  0.002841
61  0.011327  0.025478  0.000777
62  0.063217  -0.010573  0.004108
63  0.068016  0.013719  0.004814
64  -0.017755  -0.007914  0.000378
65  0.013091  0.058723  0.003620
66  -0.000471  0.048877  0.002389
67  -0.024824  0.000418  0.000616
68  0.037765  -0.029792  0.002314
69  -0.021691  0.016422  0.000740
70  -0.024560  -0.012806  0.000767
71  0.032860  0.061868  0.004907
72  -0.015805  -0.002486  0.000256
73  0.013824  0.015178  0.000421
74  0.007623  0.042770  0.001887
75  0.028552  0.007635  0.000874
76  -0.021454  -0.016264  0.000725
77  -0.006718  -0.038288  0.001511
78  0.011185  0.037681  0.001545
79  0.005807  0.000970  0.000035
80  0.018305  -0.005503  0.000365
81  -0.073973  -0.053419  0.008326
82  0.062955  -0.024979  0.004587
83  -0.006380  -0.021402  0.000499
84  -0.025962  -0.014140  0.000874
85  -0.007026  0.035325  0.001297
86  0.003875  0.026392  0.000712
87  0.047557  0.028008  0.003046
88  0.051785  0.000812  0.002682
89  0.013421  -0.008420  0.000251
90  -0.018682  0.018380  0.000687
91  -0.013033  0.041583  0.001899
92  -0.010620  -0.004748  0.000135
93  -0.069193  0.011750  0.004926
94  -0.003783  0.044777  0.002019
95  -0.020660  -0.107256  0.011931
96  -0.020305  -0.004016  0.000428
97  -0.014579  -0.015922  0.000466
98  0.005847  -0.003743  0.000048
99  -0.002410  -0.021043  0.000449
100  0.058481  0.043484  0.005311
101  -0.017872  0.009325  0.000406
102  -0.028336  0.000698  0.000803
103  -0.067626  -0.008888  0.004652
104  -0.032306  -0.014671  0.001259
105  -0.002879  0.001456  0.000010
106  -0.047931  0.010872  0.002416
107  -0.016106  0.021798  0.000735
108  0.025251  -0.025004  0.001263
109  -0.003175  -0.000613  0.000010
110  -0.021406  0.021469  0.000919
111  0.031601  0.077313  0.006976
112  -0.025153  0.074529  0.006187
113  0.014716  0.004159  0.000234
114  -0.029235  -0.010632  0.000968
115  -0.015243  -0.001761  0.000235
116  -0.032639  0.005677  0.001098
117  -0.025369  0.004443  0.000663
118  -0.012722  -0.000858  0.000163
119  -0.017544  -0.002024  0.000312
120  0.039549  -0.053375  0.004413
121  -0.015282  -0.040062  0.001838
122  -0.006398  0.008641  0.000116
123  0.011433  -0.000559  0.000131
124  -0.031469  0.058922  0.004462
125  0.030707  0.045200  0.002986
126  0.116336  -0.025006  0.014159
127  -0.041309  -0.007975  0.001770
128  -0.006967  -0.011291  0.000176
129  0.060446  -0.011667  0.003790
130  -0.017068  0.026375  0.000987
131  0.018974  -0.006665  0.000404
132  0.003543  0.056607  0.003217
133  -0.022163  0.000075  0.000491
134  0.013909  -0.016180  0.000455
135  -0.104704  0.049178  0.013381
136  -0.052966  -0.046960  0.005011
137  0.005303  -0.075198  0.005683
138  0.030540  0.022257  0.001428
139  -0.013076  -0.037456  0.001574
140  -0.026897  0.054443  0.003688
141  -0.029620  0.005514  0.000908
142  -0.009201  0.041097  0.001774
143  -0.068868  -0.025512  0.005394
144  0.009277  0.012114  0.000233
145  -0.028922  -0.005051  0.000862
146  -0.030324  0.041460  0.002638
147  0.021562  0.050535  0.003019
148  -0.062095  -0.052566  0.006619
149  -0.009544  -0.020210  0.000500
150  -0.070125  0.017328  0.005218
151  0.003698  0.044020  0.001951
152  -0.052277  0.047791  0.005017
153  -0.043655  -0.006999  0.001955
154  -0.021770  0.027915  0.001253
155  -0.043944  0.028678  0.002754
156  -0.000794  0.039202  0.001537
157  -0.016299  0.026394  0.000962
158  -0.001916  -0.007329  0.000057
159  -0.028875  -0.012602  0.000993
160  -0.013428  0.001422  0.000182
161  -0.041205  -0.021745  0.002171
162  0.040313  0.011474  0.001757
163  0.064199  -0.045448  0.006187
164  -0.003031  0.049919  0.002501
165  -0.052833  0.066010  0.007149
166  -0.023272  0.060588  0.004212
167  -0.082765  0.018303  0.007185
168  -0.002983  -0.003632  0.000022
169  0.015157  0.047711  0.002506
170  -0.045447  -0.020533  0.002487
171  -0.014039  -0.005097  0.000223
172  -0.069419  -0.007339  0.004873
173  -0.017531  0.022417  0.000810
174  0.001374  0.034196  0.001171
175  -0.015189  -0.005302  0.000259
176  -0.012433  0.033654  0.001287
177  -0.023500  0.047590  0.002817
178  0.033837  -0.012115  0.001292
179  -0.055088  -0.006311  0.003074
180  -0.008921  0.041160  0.001774
181  -0.000194  0.061601  0.003795
182  -0.036088  0.048824  0.003686
183  -0.042447  -0.034111  0.002965
184  -0.031274  0.017046  0.001269
185  0.027449  -0.037996  0.002197
186  -0.025297  0.082657  0.007472
187  -0.102175  0.005674  0.010472
188  -0.001749  0.012071  0.000149
189  -0.030730  0.013436  0.001125
190  -0.024173  -0.040397  0.002216
191  0.027738  -0.033069  0.001863
192  -0.060122  0.042714  0.005439
193  0.014970  0.012710  0.000386
194  0.022275  -0.071336  0.005585
195  -0.021420  0.023783  0.001024
196  0.031086  0.017854  0.001285
197  0.001295  0.016117  0.000261
198  0.015948  0.003500  0.000267
199  0.055280  -0.054618  0.006039
200  -0.004460  -0.029758  0.000905
201  0.034415  0.031442  0.002173
202  0.005432  0.011045  0.000152
203  -0.021951  -0.084400  0.007605
204  0.015512  0.031920  0.001259
205  -0.046618  -0.005441  0.002203
206  0.049310  0.022923  0.002957
207  -0.015846  0.028355  0.001055
208  0.006603  0.003459  0.000056
209  0.006351  0.026221  0.000728
210  -0.047419  -0.029351  0.003110
211  -0.003693  -0.060198  0.003637
212  -0.004409  0.005965  0.000055
213  0.031912  0.024140  0.001601
214  0.000150  0.003167  0.000010
215  0.027737  -0.026588  0.001476
216  -0.019095  -0.013573  0.000549
217  -0.038420  -0.001910  0.001480
218  0.008448  -0.005522  0.000102
219  -0.015841  -0.025359  0.000894
220  -0.030187  -0.005861  0.000946
221  -0.013182  -0.029331  0.001034
222  0.009133  0.046777  0.002271
223  -0.068215  -0.000809  0.004654
224  -0.085918  0.000303  0.007382
225  0.019619  -0.022862  0.000908
226  -0.058253  0.021415  0.003852
227  -0.070939  0.036752  0.006383
228  -0.011837  0.033623  0.001271
229  0.028273  0.050978  0.003398
230  -0.016086  0.039278  0.001802
231  -0.041808  -0.000520  0.001748
232  -0.059778  -0.045604  0.005653
233  -0.022614  -0.032366  0.001559
234  0.002819  -0.000676  0.000008
235  -0.071844  0.009202  0.005246
236  0.051265  0.035018  0.003854
237  -0.030268  0.081186  0.007507
238  -0.024087  0.024195  0.001166
239  0.040729  -0.069475  0.006486
240  -0.023298  -0.040887  0.002215
241  0.061318  0.039748  0.005340
242  0.005171  0.067289  0.004555
243  0.002555  0.019693  0.000394
244  -0.044225  0.017856  0.002275
245  0.082535  0.024492  0.007412
246  -0.024514  -0.003659  0.000614
247  -0.020303  -0.009432  0.000501
248  0.037100  0.050653  0.003942
249  -0.026572  -0.005667  0.000738
250  -0.079110  0.037632  0.007675
251  0.002996  -0.029175  0.000860
252  -0.070655  -0.009403  0.005081
253  -0.040925  0.011364  0.001804
254  -0.006789  -0.039960  0.001643
255  0.015266  0.015380  0.000470
256  -0.017820  -0.003149  0.000327
257  -0.009939  0.102549  0.010615
258  -0.022059  0.032747  0.001559
259  0.015906  0.043892  0.002180
260  0.045228  0.072197  0.007258
261  -0.065515  -0.015814  0.004542
262  -0.020606  0.010060  0.000526
263  -0.066833  -0.005162  0.004493
264  -0.057611  0.026697  0.004032
265  -0.072822  -0.008278  0.005372
266  0.038420  -0.052614  0.004244
267  -0.065685  0.063088  0.008295
268  -0.058129  0.025204  0.004014
269  -0.058251  -0.053956  0.006304
270  -0.017552  0.032621  0.001372
271  0.034841  0.100557  0.011326
272  -0.041877  -0.017208  0.002050
273  0.045645  0.003029  0.002093
274  0.016560  -0.038539  0.001760
275  -0.043086  0.062433  0.005754
276  -0.080486  0.038882  0.007990
277  0.026341  0.034645  0.001894
278  -0.001869  0.006295  0.000043
279  0.017825  0.014341  0.000523
280  -0.026033  0.011983  0.000821
281  0.003925  0.011770  0.000154
282  0.051858  -0.000196  0.002689
283  -0.002337  -0.032685  0.001074
284  0.004329  -0.008765  0.000096
285  -0.068700  0.081941  0.011434
286  -0.035781  -0.039257  0.002821
287  -0.053612  0.123579  0.018146
288  0.019062  -0.029770  0.001250
289  -0.086870  0.082679  0.014382
290  0.056739  0.013251  0.003395
291  -0.011205  -0.011725  0.000263
292  0.005986  -0.002255  0.000041
293  0.016801  0.049981  0.002780
294  -0.085146  -0.001965  0.007254
295  0.090185  -0.017125  0.008427
296  -0.062263  -0.008508  0.003949
297  0.041459  0.059743  0.005288
298  -0.075921  0.023913  0.006336
299  -0.094697  -0.041107  0.010657
300  0.022635  0.006127  0.000550
301  -0.040145  -0.072240  0.006830
302  0.024601  -0.021127  0.001052
303  -0.045882  0.039987  0.003704
304  0.022750  -0.032252  0.001558
305  -0.016819  0.050166  0.002800
306  -0.003554  0.012160  0.000160
307  -0.038909  -0.052612  0.004282
308  -0.003133  0.059192  0.003514
309  -0.084061  -0.003620  0.007079
310  -0.018502  0.032274  0.001384
311  0.048902  -0.045931  0.004501
312  0.005175  -0.009597  0.000119
313  0.009394  -0.032016  0.001113
314  -0.012550  0.015274  0.000391
315  0.033409  -0.031059  0.002081
316  -0.060122  -0.054631  0.006599
317  0.038272  -0.100076  0.011480
318  0.029915  0.088447  0.008718
319  -0.006122  0.066424  0.004450
320  0.033311  -0.002876  0.001118
321  -0.062007  -0.035713  0.005120
322  0.064390  0.079658  0.010491
323  0.051152  -0.024751  0.003229
324  0.075716  0.029901  0.006627
325  -0.057950  -0.020177  0.003765
326  -0.008896  0.006628  0.000123
327  0.032563  0.068472  0.005749
328  -0.014434  0.024150  0.000792
329  0.011269  0.039223  0.001665
330  -0.021996  -0.132592  0.018065
331  0.002934  -0.077719  0.006049
332  0.019004  0.006632  0.000405
333  0.091975  0.013333  0.008637
334  -0.004441  0.102002  0.010424
335  -0.041010  0.025002  0.002307
336  0.055431  0.000942  0.003073
337  0.012162  0.094476  0.009074
338  -0.013182  0.082189  0.006929
339  -0.036953  0.060461  0.005021
340  -0.037075  -0.025185  0.002009
341  0.039160  0.102436  0.012027
342  0.000789  0.053425  0.002855
343  -0.003940  -0.031120  0.000984
344  0.020570  0.030799  0.001372
345  -0.000071  0.061800  0.003819
346  -0.020009  0.006698  0.000445
347  -0.021812  0.077314  0.006453
348  0.049438  0.041158  0.004138
349  -0.011727  -0.065564  0.004436
350  0.022108  0.043003  0.002338
351  0.055333  -0.008518  0.003134
352  -0.035361  -0.018996  0.001611
353  -0.020926  0.040336  0.002065
354  0.018282  0.062389  0.004227
355  -0.118039  0.079429  0.020242
356  -0.073603  0.034170  0.006585
357  0.009088  -0.008138  0.000149
358  0.008837  -0.032222  0.001116
359  0.077352  0.123976  0.021353
360  -0.008793  0.021136  0.000524
361  0.009306  0.014539  0.000298
362  -0.035661  0.077141  0.007223
363  -0.054852  -0.041444  0.004726
364  0.030035  -0.005879  0.000937
365  0.049912  0.000827  0.002492
366  -0.034429  -0.040481  0.002824
367  -0.015021  0.008577  0.000299
368  -0.010954  0.050414  0.002662
369  0.113689  -0.020872  0.013361
370  -0.007094  0.157862  0.024971
371  -0.116714  -0.036308  0.014940
372  -0.013185  -0.066692  0.004622
373  -0.053215  0.043427  0.004718
374  0.078980  0.077517  0.012247
375  0.028884  0.101789  0.011195
376  -0.086366  -0.041497  0.009181
377  -0.004309  -0.035371  0.001270
378  0.055509  0.129562  0.019868
379  -0.049716  -0.029919  0.003367
380  -0.046576  0.136423  0.020781
381  -0.103570  0.103598  0.021459
382  -0.057636  0.015500  0.003562
383  -0.063393  -0.038469  0.005499
384  -0.038905  -0.126023  0.017395
385  -0.030238  -0.047522  0.003173
386  0.005107  0.025306  0.000666
387  -0.025519  -0.077645  0.006680
388  -0.041860  0.032991  0.002841
389  -0.013682  -0.018639  0.000535
390  -0.133592  0.093129  0.026520
391  -0.185669  -0.053324  0.037317
392  0.004824  0.008288  0.000092
393  0.028713  -0.008628  0.000899
394  0.041380  -0.017826  0.002030
395  0.015108  0.066135  0.004602
396  -0.145580  0.059138  0.024691
397  -0.054806  0.013541  0.003187
398  -0.032850  0.076018  0.006858
399  0.030073  0.122068  0.015805
400  0.059110  -0.036485  0.004825
401  -0.140496  -0.106632  0.031110
402  0.045965  -0.032917  0.003196
403  0.093521  0.083079  0.015648
404  -0.090073  0.005061  0.008139
405  0.068216  -0.066524  0.009079
406  0.065400  -0.113717  0.017209
407  -0.094389  -0.040251  0.010529
408  0.167088  0.024060  0.028497
409  -0.004231  0.061387  0.003786
410  0.038705  -0.016871  0.001783
411  0.054549  0.025416  0.003622
412  -0.071402  -0.056383  0.008277
413  0.033615  -0.037186  0.002513
414  0.013987  0.036997  0.001564
415  -0.079432  0.067702  0.010893
416  0.043534  0.009419  0.001984
417  0.057486  0.161254  0.029307
418  -0.017317  0.114620  0.013438
419  -0.025803  0.052745  0.003448
420  0.147052  0.034842  0.022838
421  -0.115224  -0.015932  0.013530
422  0.009868  -0.013779  0.000287
423  -0.008454  0.098040  0.009683
424  0.050450  0.010102  0.002647
425  0.042393  -0.032149  0.002831
426  -0.093467  -0.021677  0.009206
427  -0.038949  -0.012586  0.001675
428  -0.089034  -0.025962  0.008601
429  0.080461  0.101399  0.016756
430  0.055085  0.062177  0.006900
431  0.004343  -0.042185  0.001798
432  0.064973  0.041794  0.005968
433  -0.049548  0.017233  0.002752
434  -0.044214  0.109101  0.013858
435  -0.003661  -0.109387  0.011979
436  -0.053032  -0.108174  0.014514
437  0.052970  0.019035  0.003168
438  -0.014744  0.156607  0.024743
439  -0.012728  0.047722  0.002439
440  -0.030704  -0.130013  0.017846
441  -0.095081  0.006915  0.009088
442  -0.012105  -0.057858  0.003494
443  -0.094224  -0.125884  0.024725
444  0.050208  0.111778  0.015015
445  -0.007948  0.095679  0.009218
446  0.138233  -0.106866  0.030529
447  0.049867  0.010433  0.002596
448  -0.198664  0.059301  0.042984
449  -0.224197  0.065971  0.054616
450  -0.111560  -0.015268  0.012679
451  -0.041060  -0.063863  0.005764
452  -0.049783  -0.064194  0.006599
453  0.017188  0.164519  0.027362
454  -0.063571  -0.028679  0.004864
455  -0.066210  -0.034208  0.005554
456  0.131140  0.064644  0.021377
457  0.014608  0.028573  0.001030
458  -0.061678  0.140869  0.023648
459  -0.062346  0.131679  0.021226
460  0.006602  0.079942  0.006434
461  -0.051159  0.034730  0.003823
462  -0.088577  0.011463  0.007977
463  0.127066  0.077778  0.022195
464  -0.051940  -0.028078  0.003486
465  0.015547  0.024421  0.000838
466  -0.024563  -0.068332  0.005273
467  -0.051727  0.151872  0.025741
468  -0.026183  -0.011397  0.000815
469  0.087948  0.045934  0.009845
470  0.063834  0.095402  0.013176
471  0.055871  -0.077147  0.009073
472  0.004613  0.061383  0.003789
473  -0.168676  -0.005153  0.028478
474  0.067092  0.022496  0.005007
475  -0.145931  0.084266  0.028396
476  0.007854  0.191279  0.036649
477  -0.190078  0.203952  0.077726
478  -0.111317  -0.041838  0.014142
479  0.268770  0.116234  0.085748
480  0.020661  0.043980  0.002361
481  0.187576  -0.034365  0.036366
482  0.163168  0.107408  0.038161
483  -0.290429  -0.149854  0.106805
484  0.067856  -0.008694  0.004680
485  -0.083730  -0.053359  0.009858
486  -0.021519  -0.045576  0.002540
487  0.167449  0.077628  0.034065
488  -0.000964  0.199316  0.039728
489  -0.041446  0.162347  0.028074
490  0.071858  0.154139  0.028923
491  0.208311  0.203549  0.084826
492  -0.175137  0.096293  0.039945
493  0.199592  -0.043204  0.041703
494  -0.062051  0.135757  0.022280
495  -0.075613  0.002257  0.005722
496  -0.128083  0.157196  0.041116
497  -0.027889  0.008385  0.000848
498  -0.125024  0.214835  0.061785
499  0.026392  -0.058861  0.004161
500  -0.048401  -0.185910  0.036905
501  -0.059141  0.194678  0.041397
502  -0.115632  -0.050166  0.015887
503  0.023140  0.002090  0.000540
504  -0.095184  0.076002  0.014836
505  -0.124554  -0.239832  0.073033
506  -0.239534  0.005732  0.057409
507  0.083840  -0.023629  0.007587
508  0.242487  0.158236  0.083838
509  0.214789  0.317066  0.146665
510  -0.248675  0.017290  0.062138
511  -0.207410  -0.059720  0.046585
512  -0.139197  0.124300  0.034826
513  0.199631  -0.224604  0.090300
514  -0.273967  0.045134  0.077095
515  0.025635  0.430572  0.186049
516  -0.172703  -0.190477  0.066108
517  0.084245  -0.001011  0.007098
518  0.038827  0.236622  0.057498
519  0.026082  0.004423  0.000700
520  -0.193316  0.085602  0.044699
521  0.096521  -0.022413  0.009819
522  -0.040330  0.067777  0.006220
523  -0.193468  0.012600  0.037589
524  0.031985  0.106919  0.012455
525  -0.189858  -0.116363  0.049586
526  0.221261  -0.157462  0.073751
527  -0.013621  0.139511  0.019649
528  0.082770  -0.124601  0.022376
529  0.013078  0.093879  0.008984
530  -0.159886  -0.039593  0.027131
531  -0.068142  0.024555  0.005246
532  -0.114991  0.058965  0.016700
533  0.244450  -0.014948  0.059979
534  -0.116400  0.063521  0.017584
535  0.109997  -0.127586  0.028378
536  0.071787  0.030536  0.006086
537  0.016415  0.047533  0.002529
538  0.101955  -0.257588  0.076746
539  0.274701  0.002584  0.075467
540  0.019671  0.164270  0.027371
541  0.031572  0.030636  0.001935
542  -0.119198  -0.193285  0.051567
543  0.044739  0.082265  0.008769
544  -0.068085  -0.294876  0.091587
545  0.078294  0.159613  0.031606
546  -0.016613  -0.252204  0.063883
547  0.169429  0.213415  0.074252
548  0.190874  0.187155  0.071460
549  0.071362  0.205565  0.047349
550  0.035140  0.021373  0.001692
551  0.018949  0.294662  0.087184
552  0.188880  0.163308  0.062345
553  -0.121427  -0.172476  0.044493
554  0.024043  -0.091127  0.008882
555  -0.327033  -0.070875  0.111974
556  -0.131866  -0.080131  0.023810
557  -0.015008  0.117806  0.014103
558  0.271007  0.059744  0.077014
559  -0.231515  -0.080540  0.060086
560  -0.011350  -0.215799  0.046698
561  -0.008036  0.345098  0.119157
562  0.113720  0.090748  0.021168
563  -0.194174  -0.039067  0.039230
564  -0.104636  -0.268270  0.082918
565  -0.178198  -0.139606  0.051244
566  -0.047935  0.106206  0.013578
567  -0.102551  0.036149  0.011823
568  0.031388  -0.043328  0.002863
569  -0.182849  0.152361  0.056648
570  -0.092627  0.280180  0.087081
571  0.093901  0.077436  0.014814
572  -0.098658  -0.361288  0.140263
573  0.256554  -0.173246  0.095834
574  -0.189799  -0.067650  0.040600
575  -0.005368  0.069579  0.004870
576  0.097238  0.286658  0.091628
577  -0.019799  -0.098783  0.010150
578  -0.090508  0.054663  0.011180
579  0.077130  -0.165945  0.033487
580  0.095644  -0.091885  0.017591
581  -0.352017  -0.162620  0.150361
582  -0.045349  0.461684  0.215208
583  0.064795  -0.043830  0.006119
584  -0.212134  0.240201  0.102698
585  -0.071331  -0.136535  0.023730
586  -0.029647  -0.126759  0.016947
587  0.141327  0.326061  0.126289
588  -0.180312  0.285601  0.114080
589  -0.102124  -0.175243  0.041139
590  0.068864  -0.029237  0.005597
591  0.014732  0.284883  0.081375
592  0.118761  0.047956  0.016404
593  0.239773  0.519852  0.327737
594  0.474695  0.303802  0.317631
595  -0.004758  -0.031869  0.001038
596  -0.395231  -0.044221  0.158163
597  -0.144432  -0.068125  0.025501
598  -0.011290  0.127594  0.016408
599  0.069642  0.059012  0.008332
600  0.178385  0.257124  0.097934
601  0.222008  -0.181545  0.082246
602  0.287866  0.320148  0.185361
603  -0.000759  0.407798  0.166300
604  0.594404  0.082368  0.360101
605  0.008865  -0.196746  0.038787
606  -0.168032  -0.109615  0.040250
607  0.097431  0.304589  0.102267
608  -0.386652  0.185658  0.183968
609  -0.402217  0.249114  0.223837
610  0.024041  -0.146642  0.022082
611  -0.506884  0.081577  0.263586
612  0.139912  -0.116623  0.033176
613  -0.102619  -0.066499  0.014953
614  -0.049937  -0.322707  0.106634
615  -0.305351  -0.134528  0.111337
616  -0.073940  0.065346  0.009737
617  0.145655  0.078724  0.027413
618  -0.062711  0.393615  0.158865
619  -0.522098  -0.312636  0.370327
620  -0.073246  -0.014762  0.005583
621  -0.440001  -0.100275  0.203656
622  0.025707  0.058469  0.004080
623  0.259362  -0.023229  0.067808
624  0.253207  -0.158986  0.089390
625  -0.231075  0.074732  0.058980
626  0.155704  0.018423  0.024583
627  -0.177443  -0.148007  0.053392
628  -0.291704  -0.343041  0.202769
629  0.144615  -0.461810  0.234182
630  -0.086740  -0.415551  0.180207
631  0.180894  0.308962  0.128180
632  -0.365415  -0.109242  0.145462
633  0.275597  0.182706  0.109335
634  -0.480246  0.452313  0.435223
635  0.154379  -0.249009  0.085838
636  -0.018779  0.446462  0.199681
637  0.051645  -0.147010  0.024279
638  -0.086289  -0.303024  0.099269
639  -0.019761  -0.225400  0.051196
640  0.397456  0.074580  0.163534
641  -0.045972  0.254819  0.067046
642  -0.221995  -0.134934  0.067489
643  -0.196519  0.282684  0.118530
644  0.142177  0.263301  0.089542
645  0.416866  0.190349  0.210010
646  0.014159  -0.199807  0.040123
647  0.112083  -0.197291  0.051486
648  -0.201204  -0.099675  0.050418
649  0.196770  -0.228596  0.090974
650  0.138059  0.346248  0.138948
651  -0.010379  0.195500  0.038328
652  -0.048047  0.199332  0.042042
653  -0.051161  0.277802  0.079791
654  -0.133499  0.237378  0.074170
655  0.150795  0.484818  0.257787
656  -0.060828  -0.281300  0.082830
657  0.139794  0.062958  0.023506
658  0.137857  0.269839  0.091818
659  -0.297433  -0.005585  0.088497
660  -0.194196  -0.087225  0.045320
661  -0.094849  0.431290  0.195008
662  -0.411631  0.116665  0.183051
663  -0.199229  0.041699  0.041431
664  -0.033157  -0.227453  0.052834
665  0.205986  -0.356164  0.169283
666  -0.083209  -0.354306  0.132457
667  -0.144160  -0.036855  0.022141
668  -0.385148  -0.062143  0.152200
669  0.388975  -0.092806  0.159915
670  0.196171  -0.516116  0.304859
671  -0.529304  -0.292718  0.365847
672  -0.373005  -0.194455  0.176945
673  -0.078500  -0.132475  0.023712
674  -0.063219  0.217805  0.051435
675  0.000595  -0.159660  0.025492
676  0.814075  0.178237  0.694486
677  -0.350285  0.442221  0.318259
678  -0.249852  0.551680  0.366777
679  -0.319172  -0.188111  0.137256
680  0.155181  0.112748  0.036793
681  0.306378  -0.030113  0.094775
682  0.248729  0.219985  0.110259
683  -0.132902  0.043309  0.019539
684  -0.096609  -0.195215  0.047442
685  0.253848  -0.778202  0.670037
686  0.153067  -0.034844  0.024644
687  -0.021464  0.565315  0.320042
688  -0.214615  0.005717  0.046092
689  0.238437  0.391059  0.209779
690  -0.231845  0.428644  0.237488
691  0.246677  0.467462  0.279370
692  -0.207683  0.530257  0.324305
693  0.241843  -0.375360  0.199383
694  0.358565  0.440928  0.322986
695  -0.227058  -0.032933  0.052640
696  0.075084  -0.309496  0.101426
697  0.285333  0.296319  0.169220
698  -0.176548  0.013124  0.031342
699  0.160620  -0.120468  0.040311
700  -0.311259  0.132270  0.114378
701  0.459556  0.225876  0.262212
702  -0.261467  0.075109  0.074006
703  -0.118884  0.180809  0.046825
704  -0.091060  0.227983  0.060268
705  0.578336  0.291204  0.419273
706  -0.028173  -0.129222  0.017492
707  0.130642  0.106836  0.028481
708  -0.000006  0.244898  0.059975
709  -0.122711  0.138282  0.034180
710  0.118625  0.048015  0.016377
711  0.157151  0.258645  0.091594
712  0.600588  -0.200324  0.400835
713  -0.734778  -0.572263  0.867384
714  -0.080965  0.192747  0.043707
715  -0.194422  -0.135446  0.056146
716  -0.218780  0.221163  0.096777
717  0.147855  -0.044750  0.023863
718  -0.495526  -0.177266  0.276969
719  -0.017877  0.817452  0.668548
720  -0.185273  -0.166734  0.062126
721  -0.015688  -0.277750  0.077391
722  -0.101645  0.672603  0.462726
723  -0.441222  0.499691  0.444368
724  0.377246  -0.700460  0.632959
725  -0.009259  0.809267  0.654999
726  -0.339651  -0.385841  0.264236
727  0.412722  0.225178  0.221045
728  -0.245474  0.451283  0.263914
729  -0.172144  0.363570  0.161817
730  0.159345  -0.524041  0.300009
731  -0.093701  0.447290  0.208848
732  -0.559123  -0.242918  0.371628
733  -0.455355  0.036378  0.208671
734  0.383188  0.054416  0.149794
735  0.259118  0.451926  0.271379
736  -0.106601  0.158044  0.036342
737  -0.451226  -0.127757  0.219927
738  0.082036  -0.303907  0.099089
739  0.510744  0.183756  0.294626
740  -0.330342  0.086651  0.116634
741  -0.159895  -0.394318  0.181053
742  -0.411640  0.213653  0.215095
743  0.719648  -0.679330  0.979382
744  0.478674  0.397432  0.387081
745  -0.401733  -0.047540  0.163650
746  0.432121  -0.189138  0.222502
747  0.350301  0.348550  0.244198
748  -0.394721  0.122778  0.170879
749  0.085950  -0.023689  0.007949
750  -0.615413  -0.074145  0.384231
751  -0.122272  0.133911  0.032882
752  -0.416917  -0.633614  0.575286
753  0.465101  -0.926435  1.074600
754  0.172629  -0.298094  0.118661
755  -0.405440  -0.340936  0.280619
756  -0.282038  -0.163738  0.106356
757  0.200367  -0.000563  0.040147
758  0.158011  0.410955  0.193851
759  0.403361  0.554973  0.470695
760  -0.211754  0.367462  0.179868
761  -0.537946  -0.080783  0.295911
762  0.206418  -0.094837  0.051602
763  0.827902  -0.076373  0.691254
764  -0.399196  0.351093  0.282624
765  0.229492  -0.197654  0.091734
766  -0.148892  -0.273830  0.097152
767  -0.328152  -0.341790  0.224504
768  0.071889  0.200748  0.045468
769  -0.280270  0.058519  0.081976
770  -0.302872  0.135360  0.110054
771  -0.392905  -0.091967  0.162833
772  -0.615470  0.332956  0.489663
773  0.214319  -0.185035  0.080171
774  -0.460660  0.277273  0.289088
775  -0.134667  -0.278733  0.095827
776  -0.129478  -0.721596  0.537466
777  0.348916  -0.393311  0.276436
778  0.342793  0.597447  0.474450
779  0.182253  -0.357156  0.160777
780  -0.040558  0.637655  0.408249
781  0.260469  0.641566  0.479452
782  0.316810  0.521609  0.372445
783  -0.200415  0.104179  0.051019
784  -0.108823  0.136796  0.030556
785  -0.157214  0.071210  0.029787
786  -0.435299  0.541442  0.482645
787  -0.078988  0.198204  0.045524
788  -0.273410  0.167511  0.102813
789  -0.091415  0.260795  0.076371
790  0.325889  -0.526590  0.383501
791  -0.799153  0.337684  0.752676
792  0.131053  0.029391  0.018039
793  0.101070  0.138887  0.029505
794  0.184207  -0.032236  0.034972
795  -0.036798  -0.072326  0.006585
796  -0.363828  -0.293672  0.218614
797  -0.240958  0.259436  0.125368
798  0.385084  -0.234813  0.203427
799  0.124444  0.402230  0.177275
800  0.008114  -0.373066  0.139244
801  -0.689161  0.144922  0.495945
802  0.419057  0.243781  0.235038
803  0.541534  0.146603  0.314751
804  0.601613  0.474830  0.587402
805  0.276976  -0.047422  0.078965
806  -0.136890  0.278075  0.096065
807  -0.055136  -0.150860  0.025799
808  -0.329784  -0.382278  0.254895
809  0.134860  -0.128177  0.034616
810  -0.161681  0.304073  0.118601
811  -0.022741  -0.317547  0.101353
812  0.404903  -0.112694  0.176647
813  0.012626  -0.270982  0.073590
814  0.121958  -0.092930  0.023510
815  0.499856  -0.259905  0.317407
816  0.257941  0.085699  0.073878
817  -0.198531  0.148919  0.061591
818  0.567297  -0.209323  0.365642
819  -0.615205  -0.467469  0.597005
820  0.524339  -0.089065  0.282864
821  -0.466530  0.100245  0.227699
822  -0.025338  -0.597341  0.357458
823  -0.347090  0.161290  0.146486
824  -0.129790  0.313528  0.115145
825  0.123996  0.126473  0.031370
826  0.408323  0.188993  0.202446
827  -0.120629  0.793446  0.644108
828  0.093470  -0.259160  0.075900
829  0.235775  -0.330667  0.164931
830  0.216417  0.180074  0.079263
831  0.636812  0.696754  0.890995
832  0.351202  -0.449899  0.325752
833  0.241809  -0.713856  0.568062
834  -0.328562  -0.224809  0.158492
835  0.346451  -0.873055  0.882253
836  -0.677494  0.157684  0.483862
837  0.432296  0.171083  0.216149
838  0.087755  0.025065  0.008329
839  -0.194990  -0.526951  0.315699
840  -0.342763  0.578149  0.451743
841  0.450705  0.022229  0.203629
842  0.096853  0.472647  0.232776
843  0.731796  -0.120865  0.550133
844  0.864610  -0.044149  0.749499
845  0.048586  -0.010973  0.002481
846  0.191651  -0.043411  0.038615
847  0.452619  -0.971664  1.148995
848  0.368756  -0.592814  0.487409
849  0.595309  0.659362  0.789151
850  -0.675752  -0.216674  0.503589
851  -0.867542  -0.012646  0.752790
852  -0.060762  -0.215225  0.050014
853  -0.419820  -0.546804  0.475243
854  -0.776992  -0.314676  0.702737
855  0.145028  0.381870  0.166858
856  -0.009210  0.443842  0.197081
857  0.033937  -0.278166  0.078528
858  -0.293048  -0.313893  0.184406
859  -0.221758  -0.525392  0.325213
860  0.158895  -1.123915  1.288433
861  0.101681  -0.004630  0.010360
862  -0.447855  -0.099399  0.210454
863  0.007420  -0.081467  0.006692
864  0.800586  -0.567080  0.962518
865  -0.600464  -0.246369  0.421254
866  -0.085412  -0.681180  0.471302
867  -0.138953  0.241388  0.077576
868  -0.381679  0.121200  0.160368
869  0.477920  -0.111963  0.240943
870  0.260116  -0.721850  0.588728
871  -0.492306  -0.161150  0.268334
872  0.115459  0.214163  0.059197
873  -0.188949  0.225906  0.086735
874  0.332058  -0.603370  0.474318
875  -0.016617  0.548672  0.301317
876  -0.004319  -0.234619  0.055065
877  -0.554736  0.155920  0.332042
878  0.208462  -0.028276  0.044256
879  -0.654084  -0.342714  0.545278
880  -0.002221  -0.036009  0.001302
881  0.098129  -0.539251  0.300421
882  -0.133020  0.781674  0.628709
883  -0.345296  0.033238  0.120334
884  0.230179  0.656458  0.483920
885  -0.249259  0.065446  0.066413
886  0.194843  -0.141404  0.057959
887  -0.606476  -0.335985  0.480699
888  0.415412  -0.623686  0.561552
889  -0.011416  -0.051140  0.002746
890  -0.384771  0.588111  0.493924
891  -0.669368  -0.010301  0.448160
892  0.625450  -0.561787  0.706792
893  0.078513  -0.199190  0.045841
894  0.215601  -0.136459  0.065105
895  -0.627812  0.000093  0.394148
896  0.277086  -0.564401  0.395325
897  0.369705  0.071230  0.141756
898  -0.143876  -0.291779  0.105835
899  0.333307  0.102965  0.121696
900  -0.370484  0.344475  0.255922
901  0.710586  -0.083113  0.511840
902  0.083505  -0.357061  0.134465
903  -0.370783  0.239865  0.195016
904  0.448570  0.167888  0.229401
905  0.470091  -0.613435  0.597288
906  -0.284081  -0.183918  0.114528
907  0.245909  0.073605  0.065889
908  0.218801  -0.544490  0.344343
909  0.462317  0.207269  0.256697
910  -0.242312  -0.261260  0.126972
911  -0.800189  -0.721288  1.160558
912  0.057588  -0.163074  0.029909
913  -0.332656  -0.096116  0.119898
914  -0.060953  -0.181032  0.036488
915  -0.404830  -0.246685  0.224741
916  -0.564101  -0.184351  0.352195
917  0.112727  0.110921  0.025011
918  -0.395017  0.066021  0.160397
919  -0.156320  -0.288116  0.107447
920  0.083222  0.305713  0.100386
921  -0.495224  -0.087563  0.252914
922  -0.098409  0.214181  0.055558
923  -0.060895  0.266744  0.074860
924  0.401463  0.649046  0.582433
925  0.445432  0.520416  0.469242
926  0.025388  -0.134393  0.018706
927  -0.077892  0.221485  0.055123
928  -0.065748  -0.321832  0.107899
929  0.438786  -0.094391  0.201443
930  0.276032  0.070793  0.081205
931  -0.147848  0.290490  0.106243
932  0.479359  -0.517158  0.497238
933  0.035736  -0.079750  0.007637
934  -0.049503  -0.247949  0.063929
935  0.102647  0.001730  0.010539
936  0.113304  -0.449349  0.214752
937  0.122961  0.024384  0.015714
938  0.476447  0.095558  0.236133
939  0.681440  -0.044709  0.466359
940  -0.299864  -0.006153  0.089956
941  0.755857  0.212499  0.616476
942  -0.119115  0.309400  0.109917
943  -0.092830  -0.193829  0.046187
944  -0.289963  -0.024665  0.084687
945  -0.121449  0.247519  0.076015
946  0.525971  0.051972  0.279346
947  0.411008  -0.274422  0.244235
948  -0.185548  -0.071201  0.039498
949  -0.314867  0.275959  0.175295
950  0.210819  0.221360  0.093445
951  -0.250150  -0.357415  0.190320
952  0.258929  0.200140  0.107100
953  0.374888  0.110637  0.152782
954  0.117380  -0.330442  0.122970
955  -0.053478  0.006306  0.002900
956  0.056318  -0.362634  0.134675
957  -0.048280  0.045823  0.004431
958  0.458670  0.234669  0.265447
959  0.066590  -0.193301  0.041799
960  -0.150529  -0.191905  0.059487
961  -0.381565  -0.153228  0.169071
962  -0.323478  0.455014  0.311676
963  0.083699  -0.324159  0.112085
964  0.358999  -0.083265  0.135813
965  0.340196  -0.010991  0.115854
966  0.049594  0.104453  0.013370
967  0.231141  0.104269  0.064298
968  0.133221  -0.003882  0.017763
969  0.135996  -0.045488  0.020564
970  -0.180399  0.354011  0.157868
971  -0.075469  0.396731  0.163091
972  0.083622  -0.011106  0.007116
973  -0.030882  0.058729  0.004403
974  0.088732  -0.157329  0.032626
975  -0.122676  -0.017759  0.015365
976  0.175267  -0.130063  0.047635
977  -0.367258  0.184267  0.168833
978  -0.065853  0.125864  0.020178
979  0.036916  0.112123  0.013934
980  -0.158919  -0.305330  0.118482
981  0.290989  0.345908  0.204327
982  0.175421  0.119890  0.045146
983  -0.178225  -0.253903  0.096231
984  0.419860  0.140899  0.196135
985  -0.027663  -0.614050  0.377823
986  -0.024743  0.084355  0.007728
987  -0.030391  0.003003  0.000933
988  0.040123  -0.054993  0.004634
989  -0.247314  -0.191322  0.097768
990  -0.154311  0.356035  0.150573
991  -0.378553  0.192890  0.180509
992  0.050789  0.420497  0.179397
993  -0.146985  -0.121709  0.036418
994  0.259932  -0.054916  0.070580
995  0.074994  0.066579  0.010057
996  0.035341  -0.369307  0.137636
997  0.234504  -0.127865  0.071342
998  0.017930  0.152782  0.023664
999  -0.217946  -0.148362  0.069512
1000  -0.148477  0.193805  0.059606
1001  0.154669  0.327335  0.131070
1002  0.046122  0.360453  0.132053
1003  0.354122  0.294648  0.212220
1004  0.202702  -0.332006  0.151316
1005  -0.190051  -0.087019  0.043692
1006  0.214847  -0.065835  0.050493
1007  -0.001985  0.037198  0.001388
1008  -0.083961  -0.354739  0.132889
1009  0.330757  0.016717  0.109679
1010  -0.425771  0.066420  0.185692
1011  -0.382208  -0.136317  0.164665
1012  -0.165558  0.292750  0.113112
1013  -0.128170  0.011322  0.016556
1014  0.351444  -0.052232  0.126241
1015  0.127529  -0.174550  0.046731
1016  -0.214573  -0.192546  0.083115
1017  -0.209487  -0.219164  0.091918
1018  -0.005298  0.068112  0.004667
1019  0.568814  0.118019  0.337478
1020  0.153487  -0.332945  0.134411
1021  -0.047593  0.479934  0.232602
1022  0.242109  0.045647  0.060701
1023  -0.386177  0.090647  0.157350
1024  0.210986  -0.267973  0.116324
1025  0.077376  0.056412  0.009169
1026  -0.103072  -0.052173  0.013346
1027  0.048812  -0.073897  0.007843
1028  0.053390  0.048551  0.005208
1029  -0.071491  -0.141160  0.025037
1030  -0.094599  -0.078755  0.015151
1031  -0.334705  -0.303898  0.204382
1032  -0.156825  0.029841  0.025484
1033  -0.303331  0.073464  0.097407
1034  -0.269012  0.420962  0.249576
1035  0.273455  0.251215  0.137886
1036  0.123049  -0.070241  0.020075
1037  -0.264563  0.055076  0.073027
1038  0.331299  0.210517  0.154077
1039  -0.070739  0.048346  0.007341
1040  0.279182  0.420414  0.254691
1041  -0.098411  -0.147808  0.031532
1042  0.022415  0.024225  0.001089
1043  -0.168151  -0.149293  0.050563
1044  -0.329018  0.059302  0.111770
1045  -0.020995  0.172701  0.030266
1046  -0.116178  0.317180  0.114101
1047  -0.213197  -0.026572  0.046159
1048  0.062119  -0.074606  0.009425
1049  0.108553  -0.079019  0.018028
1050  -0.110878  -0.150484  0.034939
1051  0.182544  -0.047849  0.035612
1052  0.023040  -0.374023  0.140424
1053  0.059722  0.210143  0.047727
1054  -0.226032  -0.120217  0.065542
1055  -0.210081  0.064579  0.048305
1056  0.346403  0.052439  0.122745
1057  0.072694  0.140900  0.025137
1058  -0.018474  -0.207040  0.043207
1059  -0.233063  -0.050278  0.056846
1060  -0.029431  -0.100063  0.010879
1061  -0.000396  0.020246  0.000410
1062  -0.070288  0.027710  0.005708
1063  0.101190  -0.187510  0.045399
1064  -0.097097  0.109826  0.021490
1065  0.004803  -0.225836  0.051025
1066  -0.194549  -0.239399  0.095161
1067  0.078060  0.070103  0.011008
1068  -0.077806  0.059884  0.009640
1069  -0.287780  -0.140312  0.102505
1070  -0.294425  -0.112393  0.099318
1071  -0.059626  0.081971  0.010275
1072  -0.104870  -0.084675  0.018168
1073  -0.282396  -0.055163  0.082790
1074  0.002613  0.220431  0.048597
1075  -0.064270  -0.103885  0.014923
1076  -0.003747  0.086752  0.007540
1077  -0.066328  -0.032039  0.005426
1078  -0.056449  -0.065747  0.007509
1079  -0.226739  -0.130942  0.068556
1080  0.017970  0.018817  0.000677
1081  0.054056  0.294210  0.089481
1082  0.040954  -0.075985  0.007451
1083  0.069121  0.225077  0.055437
1084  -0.073359  0.000425  0.005382
1085  -0.104471  0.033786  0.012056
1086  -0.101982  0.178690  0.042330
1087  0.057568  0.014878  0.003535
1088  0.140772  -0.016891  0.020102
1089  -0.031079  -0.060689  0.004649
1090  0.396670  0.006179  0.157386
1091  -0.001344  -0.231046  0.053384
1092  0.103359  -0.096775  0.020049
1093  -0.068180  0.217410  0.051916
1094  0.102876  -0.264467  0.080526
1095  0.140763  -0.071237  0.024889
1096  0.172576  -0.027313  0.030528
1097  -0.164137  0.154529  0.050820
1098  -0.029261  0.054989  0.003880
1099  -0.051418  0.015480  0.002883
1100  -0.193066  0.070621  0.042262
1101  0.045621  0.226596  0.053427
1102  0.076655  0.236590  0.061851
1103  -0.157315  0.084321  0.031858
1104  -0.102272  -0.013137  0.010632
1105  -0.067169  -0.026431  0.005210
1106  0.034073  -0.077248  0.007128
1107  0.039450  -0.125497  0.017306
1108  -0.025627  -0.278821  0.078398
1109  -0.064707  0.031226  0.005162
1110  0.007347  -0.016027  0.000311
1111  0.195933  0.042108  0.040163
1112  0.172269  0.083068  0.036577
1113  0.008106  -0.173125  0.030038
1114  -0.072290  -0.182513  0.038537
1115  0.160462  -0.076503  0.031601
1116  -0.034390  -0.105080  0.012225
1117  -0.029253  -0.060169  0.004476
1118  0.124220  -0.125537  0.031190
1119  -0.121734  -0.161277  0.040830
1120  -0.236118  -0.042892  0.057592
1121  0.010274  0.020293  0.000517
1122  -0.052706  0.061878  0.006607
1123  0.038648  0.097334  0.010968
1124  0.203685  0.032799  0.042563
1125  0.182311  -0.122251  0.048183
1126  -0.013760  -0.065913  0.004534
1127  -0.109034  -0.145242  0.032984
1128  -0.034932  0.070281  0.006160
1129  -0.068234  0.123309  0.019861
1130  0.081404  0.006142  0.006664
1131  -0.039325  0.042845  0.003382
1132  -0.028892  -0.024189  0.001420
1133  -0.043572  0.152541  0.025167
1134  0.115965  -0.043002  0.015297
1135  -0.179391  -0.032250  0.033221
1136  -0.155111  0.055498  0.027139
1137  -0.102572  -0.052223  0.013248
1138  0.157589  0.128364  0.041311
1139  -0.096087  -0.094480  0.018159
1140  -0.007877  0.205399  0.042251
1141  0.088528  0.010767  0.007953
1142  -0.093081  -0.015353  0.008900
1143  0.049914  0.031088  0.003458
1144  -0.025230  0.034402  0.001820
1145  0.047445  -0.001474  0.002253
1146  0.021230  -0.081285  0.007058
1147  0.067970  0.155357  0.028756
1148  -0.039690  -0.119735  0.015912
1149  -0.066070  0.046809  0.006556
1150  0.120849  -0.030734  0.015549
1151  -0.056919  -0.067296  0.007769
1152  -0.023837  -0.029817  0.001457
1153  -0.160117  0.028955  0.026476
1154  0.041191  -0.069972  0.006593
1155  0.148436  -0.047426  0.024283
1156  -0.044367  -0.171155  0.031262
1157  -0.031330  -0.043160  0.002844
1158  0.048044  0.118053  0.016245
1159  -0.101605  0.044089  0.012267
1160  -0.024137  -0.079280  0.006868
1161  0.052890  -0.089698  0.010843
1162  -0.104355  -0.255607  0.076225
1163  -0.113819  0.111689  0.025429
1164  0.038302  0.046702  0.003648
1165  0.063596  -0.019696  0.004432
1166  -0.046816  0.039595  0.003760
1167  -0.100921  -0.130206  0.027139
1168  -0.001913  -0.034666  0.001205
1169  -0.050103  -0.121839  0.017355
1170  -0.130608  -0.086789  0.024591
1171  0.112890  0.154467  0.036604
1172  0.067377  -0.074960  0.010159
1173  -0.071105  -0.151249  0.027932
1174  -0.158686  -0.059806  0.028758
1175  -0.104399  0.056038  0.014039
1176  0.086495  -0.158511  0.032607
1177  -0.154794  -0.084550  0.031110
1178  0.061770  0.136806  0.022531
1179  0.004582  0.066011  0.004378
1180  -0.167567  -0.008607  0.028153
1181  0.071677  -0.043703  0.007048
1182  -0.036596  -0.012962  0.001507
1183  -0.221752  0.095700  0.058332
1184  0.148619  0.033104  0.023183
1185  -0.129010  0.052538  0.019404
1186  0.021129  0.012633  0.000606
1187  0.099049  -0.034192  0.010980
1188  0.062845  -0.028613  0.004768
1189  0.162284  0.093972  0.035167
1190  -0.004704  0.032958  0.001108
1191  0.022309  0.057209  0.003771
1192  0.081499  0.080857  0.013180
1193  -0.032953  0.033621  0.002216
1194  -0.025565  -0.015521  0.000894
1195  -0.082890  -0.144627  0.027788
1196  -0.135437  0.054144  0.021275
1197  0.111701  -0.020642  0.012903
1198  -0.066001  0.093472  0.013093
1199  0.058991  -0.019094  0.003844
1200  -0.027754  -0.071329  0.005858
1201  -0.005541  0.006267  0.000070
1202  -0.030847  -0.050762  0.003528
1203  -0.090399  0.003893  0.008187
1204  0.000966  0.015830  0.000252
1205  -0.065736  -0.066204  0.008704
1206  -0.136244  0.147203  0.040231
1207  0.116436  -0.039122  0.015088
1208  -0.023478  -0.087411  0.008192
1209  -0.030393  0.058287  0.004321
1210  -0.038981  -0.012688  0.001681
1211  0.032783  -0.073988  0.006549
1212  0.072384  0.061027  0.008964
1213  0.004761  -0.036856  0.001381
1214  -0.151906  0.084955  0.030293
1215  0.010719  0.015803  0.000365
1216  -0.039060  -0.028806  0.002355
1217  0.032438  -0.045854  0.003155
1218  0.079882  0.007966  0.006445
1219  -0.010213  0.042213  0.001886
1220  -0.034554  -0.100289  0.011252
1221  -0.093814  -0.036778  0.010154
1222  0.003142  0.056004  0.003146
1223  -0.027173  -0.031693  0.001743
1224  -0.020452  0.013533  0.000601
1225  -0.002271  0.061225  0.003754
1226  -0.037070  -0.003104  0.001384
1227  -0.004106  -0.033905  0.001166
1228  -0.055681  -0.008969  0.003181
1229  -0.027868  -0.007454  0.000832
1230  -0.074305  0.059530  0.009065
1231  -0.036081  0.076472  0.007150
1232  0.083323  0.013507  0.007125
1233  0.017417  0.001360  0.000305
1234  -0.069719  -0.045923  0.006970
1235  0.031723  0.000504  0.001007
1236  -0.006871  0.038221  0.001508
1237  -0.037342  0.069875  0.006277
1238  0.059480  0.042976  0.005385
1239  0.072434  -0.035252  0.006489
1240  0.083028  0.035723  0.008170
1241  -0.072938  0.017084  0.005612
1242  0.025905  -0.039908  0.002264
1243  -0.041335  0.047091  0.003926
1244  0.020961  -0.073347  0.005819
1245  -0.057368  0.068156  0.007936
1246  -0.073978  0.024114  0.006054
1247  0.059538  0.082352  0.010327
1248  0.003993  0.008898  0.000095
1249  0.098667  -0.038601  0.011225
1250  0.012992  -0.036972  0.001536
1251  0.014440  -0.034084  0.001370
1252  -0.022831  -0.067492  0.005076
1253  -0.075048  -0.064673  0.009815
1254  -0.083904  -0.003615  0.007053
1255  0.027088  0.036743  0.002084
1256  0.119581  -0.034857  0.015515
1257  -0.065469  -0.058976  0.007764
1258  -0.042791  -0.002654  0.001838
1259  0.009023  -0.056175  0.003237
1260  -0.064528  -0.061518  0.007948
1261  -0.062667  0.004848  0.003951
1262  -0.018738  -0.012514  0.000508
1263  -0.027633  0.049184  0.003183
1264  -0.031783  -0.030239  0.001925
1265  -0.006184  -0.026045  0.000717
1266  0.086448  0.110153  0.019607
1267  -0.018100  -0.086476  0.007806
1268  -0.006630  -0.056287  0.003212
1269  -0.096717  0.074375  0.014886
1270  0.007112  -0.039219  0.001589
1271  -0.082029  0.031943  0.007749
1272  -0.033987  -0.037243  0.002542
1273  0.068960  0.073796  0.010201
1274  0.022982  0.024786  0.001143
1275  -0.031472  0.025657  0.001649
1276  -0.008846  0.064285  0.004211
1277  -0.021826  -0.047425  0.002726
1278  0.017376  -0.001758  0.000305
1279  -0.020878  0.058063  0.003807
1280  -0.023148  0.027576  0.001296
1281  -0.004444  -0.027288  0.000764
1282  -0.054339  -0.047112  0.005172
1283  0.082528  0.036554  0.008147
1284  0.013070  -0.010262  0.000276
1285  0.088581  -0.059596  0.011398
1286  0.043326  0.001819  0.001880
1287  0.069540  0.010558  0.004947
1288  0.035165  -0.004409  0.001256
1289  -0.060839  -0.095934  0.012905
1290  0.017487  0.093878  0.009119
1291  0.005893  -0.001599  0.000037
1292  0.024806  -0.060988  0.004335
1293  -0.052554  0.016835  0.003045
1294  -0.002607  0.045442  0.002072
1295  -0.027336  -0.096357  0.010032
1296  0.000132  -0.040924  0.001675
1297  0.005122  0.037528  0.001435
1298  -0.050811  0.073914  0.008045
1299  0.001031  -0.028406  0.000808
1300  -0.026239  -0.074930  0.006303
1301  0.058655  0.008853  0.003519
1302  -0.002665  -0.020427  0.000424
1303  0.011904  -0.000341  0.000142
1304  0.022699  -0.064072  0.004620
1305  0.004431  0.046412  0.002174
1306  0.031425  -0.029881  0.001880
1307  0.043348  0.046587  0.004049
1308  -0.022927  -0.027141  0.001262
1309  0.031269  0.002074  0.000982
1310  0.019954  -0.013777  0.000588
1311  -0.008196  -0.087512  0.007726
1312  -0.071839  -0.021354  0.005617
1313  -0.030457  -0.061746  0.004740
1314  -0.097439  0.010845  0.009612
1315  -0.061616  0.075584  0.009509
1316  -0.025136  0.074289  0.006151
1317  -0.005482  -0.063928  0.004117
1318  -0.018746  -0.042090  0.002123
1319  0.008849  0.025951  0.000752
1320  -0.033115  0.021582  0.001562
1321  0.007119  0.053766  0.002941
1322  -0.003632  0.009121  0.000096
1323  -0.004915  0.039522  0.001586
1324  -0.053495  0.053417  0.005715
1325  0.044178  -0.013232  0.002127
1326  -0.011478  0.012462  0.000287
1327  -0.027140  -0.006351  0.000777
1328  -0.024448  0.016285  0.000863
1329  0.025655  -0.009400  0.000747
1330  0.026733  -0.028374  0.001520
1331  -0.052379  0.047439  0.004994
1332  0.040102  0.036887  0.002969
1333  0.011514  0.015096  0.000360
1334  0.024110  -0.009488  0.000671
1335  -0.016241  -0.008506  0.000336
1336  0.062691  -0.010351  0.004037
1337  -0.015319  -0.010838  0.000352
1338  0.028639  0.026109  0.001502
1339  0.041777  -0.009958  0.001844
1340  0.004634  -0.022786  0.000541
1341  0.057572  0.005071  0.003340
1342  0.067859  -0.011883  0.004746
1343  -0.003791  -0.028689  0.000837
1344  -0.023987  0.005358  0.000604
1345  0.042879  0.012136  0.001986
1346  -0.028882  0.039480  0.002393
1347  0.070942  0.025143  0.005665
1348  0.028044  -0.020241  0.001196
1349  -0.039985  -0.049698  0.004069
1350  0.029376  -0.041557  0.002590
1351  0.002778  -0.003838  0.000022
1352  -0.077423  0.056190  0.009152
1353  0.001708  0.023384  0.000550
1354  0.006787  0.030049  0.000949
1355  -0.013365  0.001044  0.000180
1356  -0.046696  -0.024113  0.002762
1357  0.047566  0.031483  0.003254
1358  0.014936  -0.035474  0.001482
1359  -0.035005  -0.039444  0.002781
1360  0.005204  -0.006679  0.000072
1361  -0.021449  -0.012926  0.000627
1362  -0.037435  0.002580  0.001408
1363  -0.023475  -0.002980  0.000560
1364  -0.003136  -0.046252  0.002149
1365  -0.000545  -0.009075  0.000083
1366  -0.005158  -0.038334  0.001496
1367  0.020501  -0.077670  0.006453
1368  0.000812  0.011423  0.000131
1369  0.027321  0.051399  0.003388
1370  -0.078918  0.024834  0.006845
1371  0.059578  -0.024241  0.004137
1372  -0.007600  0.021666  0.000527
1373  0.052455  0.027951  0.003533
1374  -0.020597  -0.033253  0.001530
1375  -0.033716  -0.059928  0.004728
1376  0.045393  -0.021008  0.002502
1377  -0.049305  -0.055990  0.005566
1378  -0.008571  -0.020208  0.000482
1379  0.025743  -0.030185  0.001574
1380  0.026146  -0.057565  0.003997
1381  -0.030656  0.063776  0.005007
1382  0.046292  -0.029241  0.002998
1383  0.027200  0.003696  0.000754
1384  -0.019470  0.006624  0.000423
1385  0.050210  0.074312  0.008043
1386  -0.041304  -0.031030  0.002669
1387  -0.040716  0.030807  0.002607
1388  0.029251  0.005698  0.000888
1389  0.022934  0.012309  0.000678
1390  -0.039467  0.063998  0.005653
1391  -0.062964  -0.063896  0.008047
1392  -0.075734  0.028073  0.006524
1393  -0.026790  0.001886  0.000721
1394  0.008808  -0.011703  0.000215
1395  -0.023307  0.026752  0.001259
1396  0.052754  -0.003287  0.002794
1397  -0.004667  -0.025996  0.000698
1398  -0.009166  0.029713  0.000967
1399  0.003180  0.008582  0.000084
1400  0.016057  -0.061424  0.004031
1401  -0.016239  0.034283  0.001439
1402  0.010500  0.005284  0.000138
1403  -0.056603  -0.022137  0.003694
1404  -0.056334  -0.025302  0.003814
1405  0.040219  -0.032934  0.002702
1406  -0.019745  -0.065654  0.004700
1407  0.042868  0.036573  0.003175
1408  -0.037159  -0.021731  0.001853
1409  -0.000441  -0.018023  0.000325
1410  -0.058235  -0.032719  0.004462
1411  0.014249  -0.029023  0.001045
1412  0.013675  0.023043  0.000718
1413  0.001956  0.017716  0.000318
1414  0.012646  0.065140  0.004403
1415  0.016174  -0.010498  0.000372
1416  -0.008364  -0.038375  0.001543
1417  -0.019396  0.018286  0.000711
1418  -0.054692  0.022648  0.003504
1419  -0.004109  -0.048024  0.002323
1420  -0.057302  -0.019445  0.003662
1421  -0.025206  0.031296  0.001615
1422  0.005252  -0.006699  0.000072
1423  -0.008102  -0.055444  0.003140
1424  -0.017710  -0.021110  0.000759
1425  0.042797  -0.054812  0.004836
1426  -0.049244  -0.009792  0.002521
1427  -0.012533  -0.068053  0.004788
1428  -0.059850  -0.002347  0.003587
1429  0.025387  0.014664  0.000860
1430  -0.010847  -0.035020  0.001344
1431  0.028325  -0.002026  0.000806
1432  0.014289  0.028714  0.001029
1433  0.032557  -0.016693  0.001339
1434  -0.034179  0.023770  0.001733
1435  -0.014091  0.001968  0.000202
1436  -0.037277  -0.019621  0.001775
1437  -0.002329  -0.014153  0.000206
1438  -0.015669  0.006210  0.000284
1439  0.017350  -0.011317  0.000429
1440  0.028097  -0.000186  0.000789
1441  -0.018367  0.015686  0.000583
1442  0.028496  0.059451  0.004346
1443  -0.099773  -0.054694  0.012946
1444  -0.020167  -0.034832  0.001620
1445  0.025002  -0.025883  0.001295
1446  0.038743  0.043254  0.003372
1447  -0.001447  0.042190  0.001782
1448  0.024847  -0.019789  0.001009
1449  -0.032818  -0.019278  0.001449
1450  -0.028332  -0.033638  0.001934
1451  0.052007  0.006488  0.002747
1452  0.025605  0.003108  0.000665
1453  0.031106  0.028548  0.001783
1454  0.033699  -0.045373  0.003194
1455  0.018063  -0.070586  0.005309
1456  -0.013624  -0.001528  0.000188
1457  -0.029149  -0.043428  0.002736
1458  -0.034815  0.024322  0.001804
1459  0.015856  -0.020108  0.000656
1460  -0.052540  -0.020746  0.003191
1461  0.004737  0.020511  0.000443
1462  -0.009217  0.033331  0.001196
1463  -0.003794  -0.042341  0.001807
1464  0.022610  0.000378  0.000511
1465  -0.029343  0.106713  0.012249
1466  0.070995  -0.035765  0.006319
1467  0.040554  0.002328  0.001650
1468  -0.065921  0.031572  0.005342
1469  -0.056835  0.044309  0.005193
1470  0.002087  0.013479  0.000186
1471  -0.044322  -0.001130  0.001966
1472  0.078934  0.032168  0.007265
1473  0.014334  -0.012551  0.000363
1474  0.007445  -0.015769  0.000304
1475  0.001320  0.020061  0.000404
1476  0.015960  0.038518  0.001738
1477  -0.036640  -0.008128  0.001409
1478  -0.013480  -0.054249  0.003125
1479  0.053196  0.097237  0.012285
1480  -0.002764  -0.083974  0.007059
1481  -0.077745  -0.037890  0.007480
1482  -0.041449  0.014190  0.001919
1483  -0.018277  0.080275  0.006778
1484  0.000952  0.036458  0.001330
1485  0.029700  -0.033629  0.002013
1486  -0.089326  -0.016548  0.008253
1487  -0.028252  -0.019203  0.001167
1488  -0.014744  -0.041593  0.001947
1489  -0.002661  -0.030605  0.000944
1490  0.019740  0.045548  0.002464
1491  0.044230  0.010020  0.002057
1492  -0.029837  0.025595  0.001545
1493  -0.050013  -0.031313  0.003482
1494  -0.040784  -0.072661  0.006943
1495  0.020555  0.057840  0.003768
1496  -0.026887  -0.008841  0.000801
1497  -0.004078  0.027875  0.000794
1498  -0.057103  -0.012839  0.003426
1499  -0.022798  0.006077  0.000557
1500  -0.031207  0.034854  0.002189
1501  -0.007593  -0.017037  0.000348
1502  0.013361  -0.053436  0.003034
1503  -0.016533  0.017053  0.000564
1504  0.022489  0.054947  0.003525
1505  -0.060179  0.016306  0.003887
1506  -0.008241  -0.001933  0.000072
1507  -0.029740  0.004467  0.000904
1508  0.012031  -0.002013  0.000149
1509  0.033088  0.024066  0.001674
1510  -0.003538  0.023157  0.000549
1511  0.002822  -0.017224  0.000305
1512  -0.016548  -0.027557  0.001033
1513  -0.004091  -0.042554  0.001828
1514  -0.020246  0.019579  0.000793
1515  0.022697  -0.007110  0.000566
1516  0.022290  0.072144  0.005702
1517  -0.065369  -0.021743  0.004746
1518  -0.035846  0.016268  0.001550
1519  -0.004315  0.001278  0.000020
1520  -0.035592  0.001878  0.001270
1521  0.011477  -0.041070  0.001819
1522  -0.002627  0.040030  0.001609
1523  0.012444  -0.007617  0.000213
1524  0.002727  0.044936  0.002027
1525  -0.005305  -0.014560  0.000240
1526  0.007917  0.034022  0.001220
1527  0.000115  -0.016755  0.000281
1528  -0.021585  0.018425  0.000805
1529  -0.006006  0.018733  0.000387
1530  0.018269  -0.043817  0.002254
1531  -0.006306  0.000795  0.000040
1532  -0.020756  -0.027270  0.001174
1533  0.052528  0.060526  0.006423
1534  -0.005610  0.006805  0.000078
1535  0.009768  0.003419  0.000107
1536  0.014398  0.030833  0.001158
1537  -0.003735  0.022628  0.000526
1538  0.050454  0.028722  0.003371
1539  -0.001225  0.040147  0.001613
1540  0.018510  -0.014647  0.000557
1541  0.000096  0.016119  0.000260
1542  0.021315  0.023742  0.001018
1543  0.003758  0.009756  0.000109
1544  0.042004  -0.038449  0.003243
1545  -0.010939  -0.013644  0.000306
1546  -0.076892  -0.008327  0.005982
1547  -0.039477  -0.012670  0.001719
1548  0.040854  0.008318  0.001738
1549  0.041901  -0.033140  0.002854
1550  0.023198  -0.014646  0.000753
1551  -0.005713  -0.013934  0.000227
1552  -0.010739  -0.007236  0.000168
1553  0.035378  -0.030270  0.002168
1554  -0.016736  -0.020062  0.000683
1555  -0.009197  -0.012473  0.000240
1556  0.022982  -0.014243  0.000731
1557  -0.009607  -0.007641  0.000151
1558  -0.036147  0.026774  0.002023
1559  -0.026255  0.032961  0.001776
1560  0.003626  -0.012260  0.000163
1561  -0.024383  0.008069  0.000660
1562  -0.002681  0.008954  0.000087
1563  -0.005084  -0.003290  0.000037
1564  -0.037671  -0.011805  0.001558
1565  0.044337  -0.026796  0.002684
1566  -0.015842  0.005557  0.000282
1567  0.042652  -0.000543  0.001819
1568  -0.009598  0.006602  0.000136
1569  0.029075  0.020311  0.001258
1570  0.030009  -0.059088  0.004392
1571  0.045995  -0.047793  0.004400
1572  0.050685  0.033379  0.003683
1573  -0.044980  -0.006253  0.002062
1574  -0.009145  0.019801  0.000476
1575  -0.010407  0.010401  0.000216
1576  0.019489  -0.035055  0.001609
1577  -0.010051  -0.037670  0.001520
1578  -0.014305  -0.010100  0.000307
1579  -0.006268  -0.065286  0.004302
1580  0.016941  -0.005921  0.000322
1581  0.029406  0.002371  0.000870
1582  -0.029586  -0.016237  0.001139
1583  0.047310  0.040254  0.003859
1584  0.013636  -0.031290  0.001165
1585  -0.020730  0.059401  0.003958
1586  -0.011659  0.013699  0.000324
1587  0.017701  -0.004848  0.000337
1588  -0.038442  0.051350  0.004115
1589  -0.012565  0.054839  0.003165
1590  0.003598  0.035634  0.001283
1591  -0.034505  0.006986  0.001239
1592  -0.026534  -0.010901  0.000823
1593  -0.017536  0.022738  0.000825
1594  -0.022587  0.037057  0.001883
1595  -0.038481  0.010510  0.001591
1596  -0.042444  -0.022749  0.002319
1597  0.048641  0.034782  0.003576
1598  0.002334  0.034851  0.001220
1599  0.006843  -0.032114  0.001078
1600  -0.009640  -0.003022  0.000102
1601  -0.006616  -0.041638  0.001777
1602  -0.042200  -0.009327  0.001868
1603  0.000524  -0.015477  0.000240
1604  -0.055912  0.012196  0.003275
1605  -0.009174  -0.044988  0.002108
1606  0.039860  0.010679  0.001703
1607  -0.014529  0.001876  0.000215
1608  -0.043514  -0.017657  0.002205
1609  -0.014632  0.017010  0.000503
1610  0.000224  0.077860  0.006062
1611  0.020728  -0.021414  0.000888
1612  0.048109  -0.032015  0.003339
1613  -0.011140  0.007642  0.000182
1614  0.051770  -0.017821  0.002998
1615  0.006937  -0.003966  0.000064
1616  0.030396  -0.052723  0.003704
1617  0.015370  0.017229  0.000533
1618  -0.016275  -0.007133  0.000316
1619  0.023167  -0.044426  0.002510
1620  -0.017380  -0.002474  0.000308
1621  -0.003690  -0.003676  0.000027
1622  0.027525  -0.007040  0.000807
1623  0.029169  -0.043488  0.002742
1624  0.000727  -0.037345  0.001395
1625  -0.056895  -0.031656  0.004239
1626  0.023377  0.053932  0.003455
1627  -0.052309  0.018554  0.003080
1628  0.010483  0.027606  0.000872
1629  -0.027008  -0.002236  0.000734
1630  0.006051  -0.003338  0.000048
1631  0.013305  -0.018476  0.000518
1632  -0.009243  0.012156  0.000233
1633  0.011128  0.009750  0.000219
1634  0.026908  0.008091  0.000790
1635  -0.030510  -0.008958  0.001011
1636  -0.025233  -0.006251  0.000676
1637  0.026888  0.007128  0.000774
1638  0.018847  -0.035777  0.001635
1639  0.040774  0.033872  0.002810
1640  -0.030782  0.015284  0.001181
1641  0.029671  -0.005972  0.000916
1642  0.009158  -0.027246  0.000826
1643  -0.007256  -0.051883  0.002745
1644  -0.052825  0.052386  0.005535
1645  -0.003220  -0.001067  0.000012
1646  -0.007203  0.032953  0.001138
1647  0.010884  -0.016466  0.000390
1648  -0.021512  -0.048429  0.002808
1649  0.024384  -0.013105  0.000766
1650  -0.035566  0.038159  0.002721
1651  -0.033272  -0.020913  0.001544
1652  -0.021949  -0.000775  0.000482
1653  0.005582  0.000249  0.000031
1654  0.002546  0.013751  0.000196
1655  -0.045304  0.004635  0.002074
1656  -0.013709  -0.000033  0.000188
1657  -0.009154  -0.030981  0.001044
1658  -0.046012  -0.012967  0.002285
1659  -0.039448  0.004216  0.001574
1660  -0.081489  -0.015746  0.006888
1661  -0.052260  -0.033170  0.003831
1662  -0.018154  0.021407  0.000788
1663  -0.006309  -0.000624  0.000040
1664  -0.001682  0.027745  0.000773
1665  -0.021201  -0.017153  0.000744
1666  -0.015503  -0.006236  0.000279
1667  -0.034886  -0.074141  0.006714
1668  -0.018096  0.031734  0.001334
1669  0.038445  -0.030517  0.002409
1670  -0.018513  0.030280  0.001260
1671  -0.003608  0.006834  0.000060
1672  0.017568  0.023747  0.000873
1673  -0.045841  0.015706  0.002348
1674  -0.020754  -0.003711  0.000444
1675  0.039600  -0.001630  0.001571
1676  0.035370  0.013297  0.001428
1677  0.001235  0.008005  0.000066
1678  -0.015298  0.059152  0.003733
1679  -0.001359  -0.036279  0.001318
1680  0.001229  0.039876  0.001592
1681  -0.040658  -0.017448  0.001957
1682  0.027130  0.016278  0.001001
1683  0.023605  -0.016516  0.000830
1684  0.041738  0.003796  0.001757
1685  -0.041283  -0.050566  0.004261
1686  -0.024474  -0.017846  0.000917
1687  0.033046  -0.037687  0.002512
1688  -0.002730  0.034417  0.001192
1689  -0.017581  -0.008849  0.000387
1690  -0.004974  -0.002908  0.000033
1691  -0.011592  0.058057  0.003505
1692  -0.075748  0.004150  0.005755
1693  -0.013265  -0.061247  0.003927
1694  0.019681  0.034003  0.001544
1695  0.030060  -0.007148  0.000955
1696  0.006481  0.000076  0.000042
1697  -0.013656  -0.018669  0.000535
1698  -0.037911  -0.004320  0.001456
1699  -0.002780  0.012037  0.000153
1700  -0.006972  0.011054  0.000171
1701  0.002112  0.030264  0.000920
1702  -0.053360  -0.001213  0.002849
1703  0.070233  -0.003715  0.004946
1704  -0.006478  -0.036455  0.001371
1705  0.035390  -0.028650  0.002073
1706  -0.010228  -0.004032  0.000121
1707  0.018051  0.012216  0.000475
1708  0.002173  -0.009425  0.000094
1709  -0.034287  -0.025419  0.001822
1710  -0.030848  -0.037220  0.002337
1711  0.004751  -0.047074  0.002239
1712  -0.002711  0.008444  0.000079
1713  0.020341  -0.031768  0.001423
1714  0.011219  0.022551  0.000634
1715  -0.029512  0.000691  0.000871
1716  0.027897  0.014999  0.001003
1717  -0.005147  0.002615  0.000033
1718  -0.006192  0.022142  0.000529
1719  -0.009672  -0.019611  0.000478
1720  0.029349  -0.003785  0.000876
1721  0.000367  0.044605  0.001990
1722  -0.014401  -0.017277  0.000506
1723  0.027920  0.013884  0.000972
1724  0.068544  0.023896  0.005269
1725  0.045958  0.014939  0.002335
1726  -0.024181  0.015723  0.000832
1727  0.002971  0.059561  0.003556
1728  -0.016726  0.000500  0.000280
1729  -0.004742  -0.028206  0.000818
1730  0.054275  -0.000286  0.002946
1731  0.021143  0.000792  0.000448
1732  -0.023711  -0.018351  0.000899
1733  0.020638  0.010704  0.000540
1734  -0.030051  -0.037277  0.002293
1735  -0.039750  -0.021960  0.002062
1736  -0.055705  -0.030351  0.004024
1737  -0.045393  -0.008848  0.002139
1738  -0.029480  -0.031717  0.001875
1739  -0.020465  -0.048197  0.002742
1740  -0.016206  0.011337  0.000391
1741  0.038516  -0.035848  0.002769
1742  0.021229  0.052137  0.003169
1743  -0.025519  0.042884  0.002490
1744  -0.004318  -0.019814  0.000411
1745  0.058114  0.029181  0.004229
1746  -0.021820  -0.016055  0.000734
1747  0.046085  -0.024929  0.002745
1748  0.004518  0.003448  0.000032
1749  -0.002789  0.011973  0.000151
1750  -0.043071  -0.041614  0.003587
1751  0.011305  -0.036925  0.001491
1752  0.040178  0.005241  0.001642
1753  -0.004961  0.082715  0.006866
1754  -0.012985  0.005296  0.000197
1755  0.004240  0.019950  0.000416
1756  -0.016544  0.001386  0.000276
1757  -0.015104  0.073928  0.005694
1758  -0.032799  0.006087  0.001113
1759  -0.019734  -0.042454  0.002192
1760  0.025029  -0.033257  0.001733
1761  0.015343  0.011737  0.000373
1762  -0.006548  -0.018974  0.000403
1763  -0.011500  0.052599  0.002899
1764  0.015611  -0.006465  0.000286
1765  -0.010812  0.016962  0.000405
1766  -0.015633  -0.018784  0.000597
1767  0.005969  -0.010847  0.000153
1768  -0.040277  0.012918  0.001789
1769  -0.023938  0.040852  0.002242
1770  -0.006530  -0.026276  0.000733
1771  -0.024879  -0.021116  0.001065
1772  0.039685  -0.032474  0.002629
1773  0.052794  -0.023830  0.003355
1774  -0.034532  -0.001891  0.001196
1775  -0.013223  -0.037330  0.001568
1776  0.017609  -0.016880  0.000595
1777  0.055121  -0.004329  0.003057
1778  -0.001335  0.012813  0.000166
1779  0.001803  -0.029732  0.000887
1780  -0.003024  -0.019511  0.000390
1781  -0.025984  -0.036486  0.002006
1782  -0.010575  0.026871  0.000834
1783  0.022842  0.040132  0.002132
1784  -0.002038  0.006350  0.000044
1785  -0.011479  0.001215  0.000133
1786  0.006474  -0.018335  0.000378
1787  -0.032273  0.024693  0.001651
1788  -0.037836  0.036488  0.002763
1789  -0.018555  0.049786  0.002823
1790  -0.036123  0.040412  0.002938
1791  0.017534  -0.022938  0.000834
1792  -0.005785  0.018720  0.000384
1793  -0.037357  0.013154  0.001569
1794  -0.009347  -0.024468  0.000686
1795  -0.000769  0.008070  0.000066
1796  -0.004420  0.062284  0.003899
1797  -0.035935  0.022796  0.001811
1798  -0.031628  0.021303  0.001454
1799  -0.028293  -0.002961  0.000809
1800  0.055292  0.039393  0.004609
1801  0.048611  0.006002  0.002399
1802  0.012167  -0.004116  0.000165
1803  -0.004973  -0.004443  0.000044
1804  0.038477  -0.019840  0.001874
1805  0.017606  -0.005367  0.000339
1806  -0.000067  -0.016974  0.000288
1807  -0.001740  0.025443  0.000650
1808  0.016515  -0.013535  0.000456
1809  -0.010310  0.008101  0.000172
1810  -0.026283  0.021770  0.001165
1811  -0.033188  -0.010116  0.001204
1812  0.006358  0.038781  0.001544
1813  -0.013776  0.005715  0.000222
1814  -0.034129  0.036179  0.002474
1815  0.034459  -0.011144  0.001312
1816  -0.029704  0.008833  0.000960
1817  0.016886  0.024363  0.000879
1818  -0.017193  -0.002231  0.000301
1819  0.006203  0.074153  0.005537
1820  -0.026941  0.017916  0.001047
1821  0.031478  -0.054767  0.003990
1822  -0.014280  -0.025329  0.000845
1823  -0.001837  0.013864  0.000196
1824  0.005211  0.004116  0.000044
1825  -0.049206  0.053669  0.005302
1826  -0.051293  -0.021853  0.003109
1827  0.024657  0.004071  0.000625
1828  -0.047876  0.025802  0.002958
1829  -0.058604  0.016917  0.003721
1830  -0.011388  0.013148  0.000303
1831  -0.028566  -0.009100  0.000899
1832  0.042325  0.002925  0.001800
1833  -0.021745  0.046325  0.002619
1834  -0.037399  0.032855  0.002478
1835  -0.001699  -0.026832  0.000723
1836  -0.030989  -0.002431  0.000966
1837  -0.031153  -0.034252  0.002144
1838  0.038651  -0.001042  0.001495
1839  0.018551  -0.022124  0.000834
1840  0.008384  0.038980  0.001590
1841  -0.022925  -0.037635  0.001942
1842  -0.001679  0.013816  0.000194
1843  -0.067257  0.037809  0.005953
1844  -0.028427  0.004503  0.000828
1845  -0.012875  -0.003536  0.000178
1846  -0.016811  0.027275  0.001027
1847  0.005480  0.033465  0.001150
1848  -0.006957  0.035766  0.001328
1849  -0.034543  -0.045629  0.003275
1850  0.029453  0.012184  0.001016
1851  0.032000  -0.019567  0.001407
1852  0.015986  0.012539  0.000413
1853  -0.020595  0.015283  0.000658
1854  0.028615  0.052111  0.003534
1855  0.007220  0.008909  0.000131
1856  -0.009652  -0.000350  0.000093
1857  0.005525  0.049550  0.002486
1858  -0.031287  -0.003134  0.000989
1859  -0.067710  -0.016405  0.004854
1860  -0.031324  -0.003034  0.000990
1861  -0.022544  0.019945  0.000906
1862  -0.024456  0.037181  0.001981
1863  -0.026816  0.004762  0.000742
1864  0.049250  -0.020577  0.002849
1865  0.014834  -0.036433  0.001547
1866  -0.012948  0.044711  0.002167
1867  -0.047456  -0.052541  0.005013
1868  -0.031641  0.012160  0.001149
1869  -0.009962  -0.001832  0.000103
1870  0.018114  -0.015232  0.000560
1871  -0.048806  0.013504  0.002564
1872  -0.012269  0.001715  0.000153
1873  -0.014843  0.006601  0.000264
1874  -0.022819  -0.042785  0.002351
1875  -0.016805  0.009783  0.000378
1876  -0.007832  -0.053106  0.002882
1877  -0.047691  0.019086  0.002639
1878  0.019979  0.016944  0.000686
1879  0.017782  -0.007318  0.000370
1880  -0.037267  -0.030548  0.002322
1881  -0.057954  0.006619  0.003402
1882  -0.012728  0.016329  0.000429
1883  0.017131  0.023948  0.000867
1884  -0.027701  0.043756  0.002682
1885  0.016422  -0.007976  0.000333
1886  0.009587  0.036697  0.001439
1887  -0.020194  -0.012757  0.000571
1888  -0.017947  -0.001853  0.000326
1889  -0.017875  0.008100  0.000385
1890  -0.014362  -0.015343  0.000442
1891  0.066691  -0.001250  0.004449
1892  -0.020142  -0.001255  0.000407
1893  -0.053507  0.007507  0.002919
1894  0.027346  -0.019696  0.001136
1895  -0.038193  0.003957  0.001474
1896  0.027409  0.005766  0.000785
1897  -0.014041  0.009613  0.000290
1898  0.023837  -0.054661  0.003556
1899  0.010922  -0.011119  0.000243
1900  0.007133  -0.011061  0.000173
1901  -0.046563  0.016919  0.002454
1902  -0.011568  0.001322  0.000136
1903  -0.036380  0.002522  0.001330
1904  -0.021439  -0.004821  0.000483
1905  -0.044183  -0.029711  0.002835
1906  0.024625  -0.035736  0.001883
1907  -0.030460  0.029613  0.001805
1908  -0.031459  0.008360  0.001060
1909  -0.024993  0.004501  0.000645
1910  -0.028465  0.007335  0.000864
1911  0.047318  -0.027061  0.002971
1912  -0.051712  0.002024  0.002678
1913  -0.012055  -0.001209  0.000147
1914  -0.021275  0.005307  0.000481
1915  -0.010580  0.012434  0.000267
1916  0.013038  -0.001596  0.000173
1917  -0.016808  0.037477  0.001687
1918  0.024087  0.024203  0.001166
1919  -0.025989  0.005355  0.000704
1920  -0.025721  -0.006124  0.000699
1921  0.001571  -0.044344  0.001969
1922  0.016640  -0.030848  0.001228
1923  0.007825  0.001056  0.000062
1924  0.003362  0.004453  0.000031
1925  -0.016433  -0.006343  0.000310
1926  -0.032927  -0.000607  0.001085
1927  -0.003435  0.005497  0.000042
1928  0.024389  -0.023424  0.001144
1929  -0.024616  0.024119  0.001188
1930  -0.006153  -0.018308  0.000373
1931  -0.058824  0.014222  0.003663
1932  -0.013834  0.001662  0.000194
1933  -0.039813  -0.001863  0.001589
1934  0.004826  0.004392  0.000043
1935  -0.015025  -0.007102  0.000276
1936  0.036803  0.026010  0.002031
1937  -0.056517  -0.044830  0.005204
1938  0.065319  -0.015870  0.004518
1939  0.013108  0.004823  0.000195
1940  0.016128  0.037251  0.001648
1941  -0.022122  0.029143  0.001339
1942  -0.012919  0.017836  0.000485
1943  -0.007063  -0.016567  0.000324
1944  -0.036585  -0.010251  0.001444
1945  -0.026542  -0.014201  0.000906
1946  0.003425  -0.017330  0.000312
1947  -0.053666  -0.011885  0.003021
1948  -0.021778  0.016954  0.000762
1949  -0.037700  0.002034  0.001425
1950  -0.018460  -0.001817  0.000344
1951  -0.014481  -0.014040  0.000407
1952  -0.051759  0.020330  0.003092
1953  -0.042899  -0.058208  0.005228
1954  0.015405  -0.012876  0.000403
1955  0.012724  0.001243  0.000163
1956  0.017120  0.000845  0.000294
1957  0.040541  0.021669  0.002113
1958  -0.021676  0.036539  0.001805
1959  -0.027899  -0.004724  0.000801
1960  -0.011727  0.041632  0.001871
1961  0.021326  0.011111  0.000578
1962  -0.048577  0.004361  0.002379
1963  -0.054106  0.019744  0.003317
1964  -0.005076  -0.006172  0.000064
1965  0.009322  -0.046926  0.002289
1966  -0.004441  -0.014409  0.000227
1967  -0.001476  0.003761  0.000016
1968  -0.015037  0.018848  0.000581
1969  -0.067628  -0.007028  0.004623
1970  -0.019507  -0.028285  0.001181
1971  -0.020007  0.031218  0.001375
1972  -0.017517  0.027003  0.001036
1973  0.015313  -0.032765  0.001308
1974  0.037148  -0.017585  0.001689
1975  -0.036834  0.034808  0.002568
1976  -0.028558  0.008723  0.000892
1977  0.006950  -0.009996  0.000148
1978  0.015947  -0.008034  0.000319
1979  -0.012001  -0.029783  0.001031
1980  -0.019751  -0.033748  0.001529
1981  -0.004783  -0.027191  0.000762
1982  0.003268  -0.006723  0.000056
1983  -0.017165  0.017610  0.000605
1984  0.079798  0.029182  0.007219
1985  -0.024598  0.033052  0.001697
1986  -0.039783  0.013293  0.001759
1987  -0.025812  -0.064789  0.004864
1988  -0.005765  -0.047644  0.002303
1989  -0.001861  -0.027895  0.000782
1990  0.000599  -0.029035  0.000843
1991  0.016770  0.031858  0.001296
1992  -0.024113  -0.001503  0.000584
1993  0.043306  0.008286  0.001944
1994  0.059179  0.002536  0.003509
1995  -0.020734  0.001341  0.000432
1996  -0.050871  0.009658  0.002681
1997  0.013522  0.041081  0.001871
1998  0.000811  -0.002782  0.000008
1999  0.074438  0.026098  0.006222
2000  0.013343  0.043239  0.002048
2001  -0.030563  0.049602  0.003394
2002  -0.057264  0.025669  0.003938
2003  -0.001312  0.027276  0.000746
2004  0.006904  -0.000975  0.000049
2005  -0.038160  0.031260  0.002433
2006  -0.012981  -0.025028  0.000795
2007  0.032502  -0.009127  0.001140
2008  -0.023104  -0.006635  0.000578
2009  0.018860  0.000623  0.000356
2010  0.012352  -0.018626  0.000500
2011  0.010255  -0.010740  0.000221
2012  0.019273  -0.019663  0.000758
2013  -0.004264  0.033494  0.001140
2014  0.040295  0.036303  0.002942
2015  0.020558  -0.039349  0.001971
2016  -0.006720  -0.026825  0.000765
2017  0.012955  0.007590  0.000225
2018  0.018710  -0.004550  0.000371
2019  -0.023414  0.011037  0.000670
2020  0.002677  -0.016769  0.000288
2021  -0.001436  0.011629  0.000137
2022  -0.060700  0.034836  0.004898
2023  0.007071  0.041029  0.001733
2024  0.016100  0.016164  0.000520
2025  -0.047373  0.014499  0.002454
2026  -0.002550  0.029912  0.000901
2027  -0.032461  -0.006813  0.001100
2028  -0.019180  -0.000094  0.000368
2029  -0.010648  0.000570  0.000114
2030  -0.014457  0.024312  0.000800
2031  -0.033140  -0.020464  0.001517
2032  0.038304  0.028911  0.002303
2033  -0.049339  -0.019405  0.002811
2034  -0.021214  0.032725  0.001521
2035  0.040638  0.000934  0.001652
2036  -0.033883  0.000303  0.001148
2037  -0.035759  -0.010654  0.001392
2038  0.003270  0.010999  0.000132
2039  0.004635  0.010059  0.000123
2040  -0.023220  -0.043288  0.002413
2041  -0.036778  0.008208  0.001420
2042  -0.054104  -0.016226  0.003191
2043  -0.051245  -0.045955  0.004738
2044  0.024396  -0.029063  0.001440
2045  0.074512  0.017195  0.005848
2046  -0.043182  0.019931  0.002262
2047  -0.021349  0.010646  0.000569
