0  0.045678  -0.032816  0.003163
1  -0.003535  0.004877  0.000036
2  0.007483  0.023208  0.000595
3  0.025384  0.017808  0.000961
4  0.027386  0.001756  0.000753
5  0.007889  0.006352  0.000103
6  -0.002489  -0.014050  0.000204
7  -0.023599  0.058676  0.004000
8  0.019705  0.011454  0.000519
9  -0.020135  -0.042825  0.002239
10  0.031704  -0.029069  0.001850
11  0.003016  0.049268  0.002436
12  -0.016598  -0.026274  0.000966
13  0.045784  -0.019467  0.002475
14  -0.017149  0.019150  0.000661
15  0.006407  -0.026148  0.000725
16  -0.016211  -0.033418  0.001380
17  -0.028738  -0.006658  0.000870
18  -0.025591  -0.017927  0.000976
19  -0.004501  0.026528  0.000724
20  0.003360  0.028103  0.000801
21  0.019458  -0.051690  0.003051
22  0.014388  0.036660  0.001551
23  0.031541  -0.023508  0.001547
24  0.025490  0.003657  0.000663
25  0.026466  -0.010656  0.000814
26  0.054458  0.026805  0.003684
27  0.070289  -0.007025  0.004990
28  -0.007646  0.023872  0.000628
29  0.000359  0.019467  0.000379
30  0.017788  -0.004470  0.000336
31  -0.033945  -0.042077  0.002923
32  -0.025651  0.030413  0.001583
33  0.011698  -0.045022  0.002164
34  0.002554  -0.020511  0.000427
35  0.008253  0.007675  0.000127
36  -0.031086  0.026607  0.001674
37  0.019129  0.049191  0.002786
38  0.053899  0.018803  0.003259
39  0.001210  0.001815  0.000005
40  -0.010978  0.001705  0.000123
41  -0.012281  -0.083448  0.007114
42  0.024941  0.029148  0.001472
43  0.013437  0.025835  0.000848
44  -0.013953  0.002414  0.000201
45  0.058823  -0.020440  0.003878
46  -0.014681  -0.033321  0.001326
47  0.004765  0.023681  0.000583
48  -0.015840  0.065197  0.004502
49  0.004375  -0.021333  0.000474
50  0.020975  0.018853  0.000795
51  0.005190  -0.021004  0.000468
52  0.038332  -0.022728  0.001986
53  -0.032337  -0.014094  0.001244
54  -0.000400  0.006566  0.000043
55  0.014310  0.043705  0.002115
56  -0.026422  -0.067715  0.005283
57  0.053480  -0.013521  0.003043
58  -0.059391  -0.051671  0.006197
59  -0.053111  -0.003260  0.002831
60  -0.034973  -0.020476  0.001642
61  0.006332  -0.001942  0.000044
62  -0.013531  -0.002571  0.000190
63  -0.023282  0.031207  0.001516
64  -0.031125  -0.040182  0.002583
65  0.012130  -0.045059  0.002177
66  0.017922  -0.035523  0.001583
67  0.007715  -0.037326  0.001453
68  -0.050493  -0.006665  0.002594
69  -0.003702  -0.036451  0.001342
70  -0.011850  -0.021386  0.000598
71  -0.035841  -0.016966  0.001572
72  -0.017776  0.001608  0.000319
73  0.013121  0.004662  0.000194
74  0.032089  0.009164  0.001114
75  0.032657  -0.010838  0.001184
76  0.013032  0.076022  0.005949
77  -0.019745  -0.070537  0.005365
78  -0.026767  -0.001204  0.000718
79  -0.003900  -0.022669  0.000529
80  -0.017173  -0.019321  0.000668
81  0.029482  0.001655  0.000872
82  0.057623  -0.009767  0.003416
83  -0.006236  -0.012136  0.000186
84  0.017128  -0.043352  0.002173
85  0.030841  0.014008  0.001147
86  -0.003628  0.032496  0.001069
87  0.031459  0.056771  0.004213
88  0.012798  -0.059804  0.003740
89  0.007836  0.025658  0.000720
90  0.022461  0.022674  0.001019
91  -0.004755  -0.006639  0.000067
92  0.046224  -0.011217  0.002262
93  0.008576  0.050197  0.002593
94  -0.000035  -0.026184  0.000686
95  0.021090  -0.002654  0.000452
96  0.005378  -0.002996  0.000038
97  -0.008925  0.004162  0.000097
98  -0.044986  -0.004108  0.002041
99  0.030704  0.033623  0.002073
100  -0.005757  -0.059338  0.003554
101  -0.006654  -0.054811  0.003049
102  0.043066  0.038259  0.003318
103  -0.019921  0.014930  0.000620
104  0.040160  -0.035540  0.002876
105  0.028576  -0.009234  0.000902
106  -0.032712  0.048654  0.003437
107  0.066540  -0.002138  0.004432
108  -0.004660  -0.029167  0.000872
109  -0.018298  -0.010416  0.000443
110  0.008938  0.000549  0.000080
111  -0.038568  -0.023483  0.002039
112  -0.039757  -0.000568  0.001581
113  0.026255  -0.019377  0.001065
114  0.019106  -0.003840  0.000380
115  0.026582  0.005910  0.000742
116  -0.006941  -0.037579  0.001460
117  -0.000296  0.018699  0.000350
118  -0.025693  0.021867  0.001138
119  -0.026827  0.007579  0.000777
120  -0.020075  -0.019282  0.000775
121  0.018928  -0.047557  0.002620
122  -0.047189  0.007401  0.002282
123  0.028923  -0.036560  0.002173
124  0.003073  -0.022164  0.000501
125  0.023410  0.007007  0.000597
126  -0.008517  0.057936  0.003429
127  0.000686  -0.001472  0.000003
128  -0.042956  -0.024741  0.002457
129  -0.016642  0.004139  0.000294
130  -0.060819  -0.019112  0.004064
131  0.004267  0.005731  0.000051
132  -0.028667  -0.017380  0.001124
133  0.026271  0.017672  0.001002
134  0.022436  0.018284  0.000838
135  -0.019906  -0.024611  0.001002
136  -0.011990  -0.008435  0.000215
137  0.017737  -0.052719  0.003094
138  0.009559  0.060378  0.003737
139  -0.025987  -0.005404  0.000705
140  0.012725  -0.018692  0.000511
141  -0.016326  -0.023462  0.000817
142  0.058118  0.001220  0.003379
143  -0.033808  -0.010437  0.001252
144  0.035987  0.029959  0.002193
145  -0.025676  -0.002878  0.000668
146  0.018132  -0.037420  0.001729
147  0.029800  -0.007101  0.000938
148  -0.001966  -0.016636  0.000281
149  0.036108  -0.031877  0.002320
150  0.026635  -0.026014  0.001386
151  0.014277  -0.024518  0.000805
152  -0.007276  0.012533  0.000210
153  0.018810  0.004003  0.000370
154  0.029279  0.023177  0.001394
155  0.045307  -0.035950  0.003345
156  -0.045453  -0.003513  0.002078
157  0.051727  -0.087386  0.010312
158  0.014985  0.026406  0.000922
159  0.039245  -0.053178  0.004368
160  0.012667  0.031503  0.001153
161  0.016576  0.005529  0.000305
162  -0.012697  0.008270  0.000230
163  -0.050075  -0.050091  0.005017
164  0.026656  -0.032480  0.001766
165  -0.054595  -0.081867  0.009683
166  0.059342  -0.076764  0.009414
167  -0.026394  -0.059216  0.004203
168  0.038336  0.006302  0.001509
169  -0.001792  -0.008149  0.000070
170  0.035653  0.013907  0.001465
171  0.030284  0.018392  0.001255
172  0.001829  -0.000497  0.000004
173  0.004104  -0.004156  0.000034
174  -0.036628  -0.018994  0.001702
175  -0.003421  0.034469  0.001200
176  0.010388  -0.037907  0.001545
177  0.019176  -0.004700  0.000390
178  0.008963  0.015982  0.000336
179  -0.011085  -0.049756  0.002599
180  0.045466  -0.048056  0.004376
181  0.038610  -0.032645  0.002556
182  -0.011530  -0.044421  0.002106
183  0.034200  -0.035420  0.002424
184  0.003592  0.028669  0.000835
185  -0.026592  -0.009369  0.000795
186  -0.039315  -0.007515  0.001602
187  -0.035412  -0.002074  0.001258
188  0.012222  -0.019049  0.000512
189  -0.064332  -0.024874  0.004757
190  -0.009057  -0.009750  0.000177
191  0.033022  -0.068278  0.005752
192  -0.007304  0.006545  0.000096
193  -0.054072  -0.003102  0.002933
194  0.032787  -0.038165  0.002532
195  0.000793  0.000150  0.000001
196  -0.025855  -0.007368  0.000723
197  0.039734  -0.034464  0.002767
198  0.035939  -0.003460  0.001304
199  0.027105  0.033300  0.001844
200  -0.073801  -0.060837  0.009148
201  0.022245  0.003415  0.000506
202  -0.036253  -0.019177  0.001682
203  0.006578  0.010708  0.000158
204  0.054310  -0.049031  0.005354
205  0.002858  -0.007548  0.000065
206  0.041288  0.025829  0.002372
207  -0.099480  -0.017132  0.010190
208  0.033430  0.007916  0.001180
209  0.015053  -0.024295  0.000817
210  0.044011  0.010766  0.002053
211  0.012749  -0.045712  0.002252
212  0.052604  0.032335  0.003813
213  0.044452  -0.030831  0.002927
214  -0.020019  0.036297  0.001718
215  0.016496  0.065980  0.004625
216  0.023346  0.022639  0.001058
217  0.006281  -0.029154  0.000889
218  -0.019060  0.016695  0.000642
219  0.002285  -0.055099  0.003041
220  0.009431  0.023228  0.000628
221  0.029341  0.027576  0.001621
222  0.045237  0.006680  0.002091
223  0.027927  0.002745  0.000787
224  0.019391  -0.041058  0.002062
225  0.018096  0.020567  0.000750
226  0.048227  0.036360  0.003648
227  0.049272  0.011347  0.002557
228  -0.034135  -0.040174  0.002779
229  -0.001120  -0.024668  0.000610
230  -0.029548  -0.019931  0.001270
231  0.067150  -0.031270  0.005487
232  -0.017505  -0.017196  0.000602
233  -0.004159  0.034657  0.001218
234  0.031276  0.009183  0.001063
235  0.019085  -0.036282  0.001681
236  0.040023  -0.002888  0.001610
237  -0.057467  -0.012544  0.003460
238  -0.013108  -0.015522  0.000413
239  0.014894  -0.004022  0.000238
240  -0.008187  -0.034874  0.001283
241  0.028732  -0.023917  0.001398
242  0.004734  0.056432  0.003207
243  -0.060784  -0.049670  0.006162
244  -0.041712  -0.021715  0.002211
245  -0.051452  -0.016116  0.002907
246  -0.012526  -0.042682  0.001979
247  0.004642  -0.021472  0.000483
248  -0.039478  -0.018130  0.001887
249  0.080896  -0.029370  0.007407
250  0.024587  -0.002058  0.000609
251  0.049932  0.003511  0.002506
252  0.032812  0.014283  0.001281
253  0.039943  0.009558  0.001687
254  -0.023980  -0.002517  0.000581
255  -0.045152  0.056756  0.005260
256  -0.036455  -0.040962  0.003007
257  -0.036085  -0.025311  0.001943
258  -0.025595  -0.056356  0.003831
259  -0.017018  -0.026484  0.000991
260  0.037639  -0.092304  0.009937
261  -0.026754  -0.002700  0.000723
262  -0.008404  -0.063091  0.004051
263  0.033368  -0.069555  0.005951
264  0.095655  -0.008312  0.009219
265  0.015746  -0.028894  0.001083
266  0.006345  0.014668  0.000255
267  -0.025570  -0.002598  0.000661
268  -0.050014  -0.026499  0.003204
269  0.012138  0.061814  0.003968
270  0.005615  0.010269  0.000137
271  -0.031487  -0.016540  0.001265
272  -0.010538  -0.024847  0.000728
273  0.000288  0.059669  0.003560
274  -0.055642  -0.026806  0.003815
275  -0.005290  -0.029821  0.000917
276  0.017999  -0.009679  0.000418
277  -0.022003  -0.015728  0.000731
278  0.006751  0.009404  0.000134
279  -0.046251  0.000095  0.002139
280  0.005491  -0.022692  0.000545
281  -0.018641  0.018909  0.000705
282  -0.029714  0.028380  0.001688
283  -0.056311  -0.088024  0.010919
284  0.000330  0.066628  0.004439
285  0.022172  0.039603  0.002060
286  0.035228  -0.014806  0.001460
287  -0.024905  -0.041941  0.002379
288  0.059428  0.007629  0.003590
289  -0.017383  -0.065778  0.004629
290  0.030082  -0.051515  0.003559
291  0.027939  0.006290  0.000820
292  0.021750  0.050895  0.003063
293  0.015955  -0.010770  0.000371
294  0.003557  -0.023499  0.000565
295  -0.070523  0.007820  0.005035
296  -0.001606  0.019249  0.000373
297  -0.011690  -0.008556  0.000210
298  -0.032093  -0.038985  0.002550
299  -0.015895  -0.004525  0.000273
300  -0.003727  0.003791  0.000028
301  0.024907  -0.000628  0.000621
302  -0.029937  0.007462  0.000952
303  0.010351  -0.035681  0.001380
304  -0.045187  -0.041541  0.003768
305  -0.016217  -0.061579  0.004055
306  -0.020287  -0.010997  0.000532
307  -0.003310  0.033444  0.001129
308  -0.064517  0.009820  0.004259
309  0.022775  0.006778  0.000565
310  -0.024898  -0.043231  0.002489
311  -0.002622  0.041185  0.001703
312  0.035661  -0.030895  0.002226
313  0.056890  -0.096607  0.012569
314  -0.003330  -0.010444  0.000120
315  -0.034646  0.001342  0.001202
316  0.053680  0.016222  0.003145
317  0.049580  0.003546  0.002471
318  -0.015200  -0.006284  0.000271
319  -0.043606  -0.010228  0.002006
320  0.051150  -0.029950  0.003513
321  0.085643  0.002637  0.007342
322  -0.023516  -0.004862  0.000577
323  -0.031937  0.039494  0.002580
324  -0.064090  -0.034784  0.005317
325  -0.002972  0.026148  0.000693
326  -0.041072  -0.023855  0.002256
327  -0.020161  -0.039608  0.001975
328  -0.023745  -0.016808  0.000846
329  -0.053888  0.054775  0.005904
330  0.005503  0.000664  0.000031
331  -0.035817  -0.013580  0.001467
332  0.001877  0.062710  0.003936
333  0.006150  0.012120  0.000185
334  0.034355  -0.042576  0.002993
335  -0.073363  0.027759  0.006153
336  -0.055905  -0.002424  0.003131
337  -0.007301  -0.002675  0.000060
338  0.022960  -0.033474  0.001648
339  0.028284  -0.038473  0.002280
340  0.023943  -0.003365  0.000585
341  0.015177  -0.098588  0.009950
342  0.034711  -0.096462  0.010510
343  -0.071575  0.009158  0.005207
344  0.009730  -0.019034  0.000457
345  -0.018348  -0.009261  0.000422
346  0.015264  0.036450  0.001562
347  0.025557  -0.021419  0.001112
348  0.083707  0.003799  0.007021
349  0.025708  -0.064179  0.004780
350  0.026189  -0.040219  0.002303
351  -0.066372  0.010009  0.004505
352  0.016819  0.019097  0.000648
353  -0.021858  -0.032836  0.001556
354  -0.064564  -0.010457  0.004278
355  -0.021951  -0.026508  0.001185
356  -0.004120  -0.035711  0.001292
357  -0.004089  -0.011012  0.000138
358  0.005140  -0.118953  0.014176
359  0.042677  -0.053065  0.004637
360  0.025927  0.024480  0.001271
361  -0.014582  -0.098374  0.009890
362  -0.010579  0.002696  0.000119
363  0.035832  -0.088550  0.009125
364  0.018712  -0.007170  0.000402
365  -0.026810  -0.103196  0.011368
366  -0.013844  -0.020013  0.000592
367  -0.038707  -0.099064  0.011312
368  0.040263  0.048499  0.003973
369  -0.087319  -0.038255  0.009088
370  -0.061163  -0.060993  0.007461
371  0.062314  0.019322  0.004256
372  0.034769  -0.004932  0.001233
373  0.037106  -0.099742  0.011325
374  0.030754  -0.017843  0.001264
375  0.060767  -0.061096  0.007425
376  0.026706  0.058383  0.004122
377  -0.094744  0.051863  0.011666
378  -0.009014  -0.033812  0.001225
379  0.006155  -0.022625  0.000550
380  0.022688  -0.032493  0.001571
381  -0.026540  0.007248  0.000757
382  0.021939  -0.124830  0.016064
383  0.039037  0.004024  0.001540
384  -0.054244  -0.041310  0.004649
385  -0.025267  0.000780  0.000639
386  -0.100764  -0.011705  0.010290
387  -0.023029  -0.028466  0.001341
388  -0.048365  -0.032905  0.003422
389  0.007965  -0.011001  0.000184
390  -0.069061  -0.016401  0.005038
391  -0.058127  -0.024916  0.004000
392  -0.010791  -0.071667  0.005253
393  -0.046242  -0.116384  0.015684
394  -0.014120  -0.000433  0.000200
395  0.003358  -0.021350  0.000467
396  0.009900  -0.074582  0.005660
397  -0.052931  0.056298  0.005971
398  -0.021147  -0.083905  0.007487
399  -0.055568  0.018075  0.003414
400  0.078852  -0.014768  0.006436
401  0.046635  -0.026378  0.002871
402  -0.002966  -0.003734  0.000023
403  -0.011561  0.031503  0.001126
404  -0.036490  -0.027970  0.002114
405  0.037113  -0.024520  0.001979
406  -0.002062  -0.042102  0.001777
407  0.006231  -0.093892  0.008855
408  0.028412  0.014525  0.001018
409  -0.057390  -0.008763  0.003370
410  -0.089146  -0.009777  0.008043
411  0.017918  -0.046273  0.002462
412  0.061434  0.022466  0.004279
413  -0.057738  -0.032941  0.004419
414  0.033033  0.031904  0.002109
415  0.041119  -0.006130  0.001728
416  0.049413  -0.014331  0.002647
417  -0.002942  -0.026486  0.000710
418  0.020289  -0.032367  0.001459
419  0.044935  -0.082324  0.008796
420  -0.048019  -0.050667  0.004873
421  -0.016634  -0.015564  0.000519
422  -0.009294  -0.057968  0.003447
423  -0.103022  0.030592  0.011549
424  -0.105683  0.055704  0.014272
425  0.012739  0.022310  0.000660
426  -0.037408  -0.061456  0.005176
427  0.007717  0.011658  0.000195
428  -0.044151  -0.000775  0.001950
429  -0.052475  -0.010485  0.002864
430  0.037015  0.063338  0.005382
431  -0.040982  -0.053562  0.004548
432  -0.038023  0.009242  0.001531
433  0.030594  0.003746  0.000950
434  0.069197  -0.024649  0.005396
435  -0.016725  -0.110697  0.012533
436  0.004879  -0.084669  0.007193
437  0.031710  0.008416  0.001076
438  -0.014275  -0.015455  0.000443
439  0.004931  -0.018480  0.000366
440  -0.056760  -0.019964  0.003620
441  0.049400  -0.059230  0.005948
442  0.023093  0.024547  0.001136
443  -0.005801  -0.027301  0.000779
444  -0.056379  -0.050854  0.005765
445  0.040288  -0.017432  0.001927
446  -0.002174  -0.010416  0.000113
447  0.030977  -0.034235  0.002132
448  0.032642  -0.019567  0.001448
449  -0.025680  -0.006922  0.000707
450  -0.026259  -0.011370  0.000819
451  0.095608  -0.001439  0.009143
452  -0.095779  0.041266  0.010876
453  0.013703  -0.083146  0.007101
454  -0.079112  -0.028690  0.007082
455  -0.020063  0.013955  0.000597
456  0.008585  -0.032244  0.001113
457  0.023268  0.004560  0.000562
458  0.026547  0.002609  0.000712
459  -0.025355  -0.043251  0.002514
460  -0.018245  0.000517  0.000333
461  0.056811  0.074463  0.008772
462  -0.077229  -0.022866  0.006487
463  -0.041788  0.068620  0.006455
464  0.102896  -0.014750  0.010805
465  0.002267  0.012687  0.000166
466  0.007796  -0.063171  0.004051
467  -0.019090  -0.067880  0.004972
468  -0.025535  -0.041051  0.002337
469  -0.003329  0.029143  0.000860
470  -0.010832  0.086712  0.007636
471  -0.045110  0.006253  0.002074
472  0.071099  -0.060836  0.008756
473  -0.069159  -0.004619  0.004804
474  -0.040271  0.049473  0.004069
475  -0.042447  0.060990  0.005522
476  -0.048155  0.069518  0.007152
477  0.019873  0.003169  0.000405
478  -0.046052  0.059921  0.005711
479  0.028088  0.072574  0.006056
480  0.108454  0.010887  0.011881
481  0.003023  -0.031704  0.001014
482  0.050325  0.085843  0.009902
483  0.006215  -0.015665  0.000284
484  -0.087688  0.077118  0.013636
485  0.015421  0.015392  0.000475
486  0.011218  -0.017213  0.000422
487  -0.098551  -0.119274  0.023939
488  -0.001282  0.073157  0.005354
489  0.021152  -0.031180  0.001420
490  -0.098927  -0.072373  0.015024
491  0.004273  -0.056620  0.003224
492  -0.009814  0.106272  0.011390
493  -0.006795  -0.080937  0.006597
494  0.042980  0.076909  0.007762
495  0.096791  0.010171  0.009472
496  -0.163914  -0.076692  0.032749
497  0.059053  0.019187  0.003855
498  0.059520  -0.051749  0.006221
499  -0.077572  -0.031930  0.007037
500  -0.050971  -0.137938  0.021625
501  0.024095  0.074442  0.006122
502  0.072954  -0.044355  0.007290
503  -0.020684  0.025682  0.001087
504  0.054054  0.077674  0.008955
505  0.087076  -0.045933  0.009692
506  -0.164341  -0.098363  0.036683
507  -0.069134  -0.054523  0.007752
508  0.084723  -0.061914  0.011011
509  0.017564  0.121937  0.015177
510  -0.001915  -0.007171  0.000055
511  -0.088601  -0.009135  0.007934
512  0.029067  -0.059210  0.004351
513  0.053895  -0.055794  0.006018
514  0.000644  -0.048404  0.002343
515  -0.000920  0.017861  0.000320
516  -0.081032  -0.073537  0.011974
517  -0.077331  -0.082183  0.012734
518  -0.018204  -0.002510  0.000338
519  -0.036674  0.084889  0.008551
520  -0.014771  0.048945  0.002614
521  0.077781  -0.103364  0.016734
522  0.056932  0.011055  0.003364
523  -0.066201  -0.016678  0.004661
524  -0.092536  0.043255  0.010434
525  0.012518  -0.084085  0.007227
526  0.062506  -0.065846  0.008243
527  0.007957  -0.085341  0.007346
528  -0.001258  -0.041926  0.001759
529  -0.043337  -0.111758  0.014368
530  -0.071184  -0.140405  0.024781
531  0.084269  -0.066688  0.011549
532  -0.070650  0.121690  0.019800
533  0.070361  -0.052263  0.007682
534  -0.051075  -0.024234  0.003196
535  0.016657  -0.024254  0.000866
536  0.025224  -0.050604  0.003197
537  0.006606  0.036874  0.001403
538  0.074219  0.014173  0.005709
539  -0.138065  0.008137  0.019128
540  0.104282  -0.030227  0.011788
541  -0.020469  0.076098  0.006210
542  -0.027498  0.012285  0.000907
543  -0.000950  -0.250180  0.062591
544  0.000624  0.164822  0.027167
545  0.001199  0.046356  0.002150
546  0.101192  0.096339  0.019521
547  0.140160  0.054724  0.022639
548  -0.048891  -0.073949  0.007859
549  0.123380  -0.040368  0.016852
550  0.091170  0.041417  0.010027
551  -0.061881  -0.006359  0.003870
552  -0.037192  -0.129514  0.018157
553  0.089399  -0.152478  0.031242
554  0.085222  0.027436  0.008016
555  -0.024061  -0.082351  0.007361
556  0.103301  -0.271782  0.084537
557  -0.007036  -0.073423  0.005440
558  0.005074  -0.132260  0.017519
559  -0.078660  -0.018404  0.006526
560  0.038688  -0.017577  0.001806
561  -0.046422  -0.097835  0.011727
562  0.022228  -0.093554  0.009247
563  0.064400  0.062935  0.008108
564  0.132487  0.088258  0.025342
565  0.044032  0.008510  0.002011
566  -0.021423  0.061210  0.004206
567  -0.108800  -0.012171  0.011986
568  -0.031450  0.125709  0.016792
569  -0.008717  0.040192  0.001691
570  -0.018410  0.048631  0.002704
571  0.030426  -0.020055  0.001328
572  -0.021358  -0.023344  0.001001
573  -0.044114  -0.008277  0.002015
574  -0.060768  0.012171  0.003841
575  -0.073994  -0.007432  0.005530
576  -0.031232  -0.050305  0.003506
577  -0.046916  -0.049703  0.004672
578  -0.090393  -0.070041  0.013077
579  -0.143502  -0.089661  0.028632
580  0.017848  -0.064799  0.004517
581  -0.023058  0.004857  0.000555
582  0.160178  -0.080348  0.032113
583  0.118504  0.139049  0.033378
584  0.183308  -0.066657  0.038045
585  0.031597  0.013532  0.001181
586  -0.030385  0.160008  0.026526
587  -0.113837  -0.085337  0.020241
588  -0.078204  0.008335  0.006185
589  -0.081282  -0.020714  0.007036
590  -0.010969  -0.021409  0.000579
591  -0.168481  -0.002545  0.028392
592  0.184558  -0.004031  0.034078
593  -0.074733  -0.204485  0.047399
594  -0.155520  -0.065711  0.028505
595  0.052383  -0.150864  0.025504
596  0.067174  0.067492  0.009068
597  -0.062826  0.090468  0.012132
598  0.108618  -0.020103  0.012202
599  -0.158200  0.174990  0.055649
600  -0.033048  -0.062999  0.005061
601  0.001196  0.040869  0.001672
602  0.005660  -0.098691  0.009772
603  -0.035771  0.086668  0.008791
604  -0.272585  0.004859  0.074326
605  -0.002473  -0.041446  0.001724
606  -0.194925  -0.014064  0.038194
607  -0.078345  -0.108663  0.017946
608  -0.171335  -0.181468  0.062286
609  0.094521  -0.136026  0.027437
610  -0.025606  -0.025120  0.001287
611  -0.341545  -0.039484  0.118212
612  0.216692  0.013395  0.047135
613  0.088646  0.168583  0.036278
614  -0.086267  -0.127290  0.023645
615  0.075065  -0.096115  0.014873
616  0.032940  0.031021  0.002047
617  -0.181810  0.282187  0.112684
618  -0.113964  0.099587  0.022905
619  0.038284  -0.018276  0.001800
620  0.024487  -0.200337  0.040734
621  0.077252  -0.290896  0.090588
622  0.094999  -0.121102  0.023690
623  0.189071  0.011980  0.035891
624  0.199276  -0.110832  0.051994
625  0.101703  -0.027717  0.011112
626  -0.069873  -0.012146  0.005030
627  -0.178171  -0.213788  0.077450
628  0.184871  -0.009514  0.034268
629  0.030181  -0.162714  0.027387
630  -0.112302  -0.085690  0.019954
631  0.094523  0.089966  0.017029
632  0.017627  0.089648  0.008348
633  -0.041526  -0.106781  0.013127
634  0.234988  -0.042867  0.057057
635  0.085092  -0.028060  0.008028
636  -0.064442  0.248829  0.066069
637  0.101054  -0.188612  0.045786
638  -0.210260  -0.048482  0.046560
639  0.089148  -0.132352  0.025465
640  -0.062699  -0.121431  0.018677
641  0.079566  -0.010921  0.006450
642  -0.029107  -0.113151  0.013650
643  0.202758  0.279449  0.119202
644  0.151233  0.124213  0.038300
645  0.181597  -0.028571  0.033794
646  -0.161383  -0.000007  0.026044
647  -0.263099  0.252372  0.132913
648  -0.099174  0.008285  0.009904
649  -0.110589  -0.025471  0.012879
650  0.082030  -0.078157  0.012837
651  0.017966  -0.068331  0.004992
652  0.030282  -0.213462  0.046483
653  0.051009  0.217657  0.049976
654  0.084326  -0.089727  0.015162
655  0.165387  -0.155618  0.051570
656  0.028954  0.074085  0.006327
657  -0.041053  0.115399  0.015002
658  -0.104407  -0.185303  0.045238
659  -0.355937  0.226863  0.178158
660  0.223913  -0.092217  0.058641
661  0.062616  0.057992  0.007284
662  -0.240232  -0.335401  0.170206
663  0.155012  -0.083142  0.030942
664  0.160893  -0.006687  0.025931
665  -0.195509  -0.045149  0.040262
666  0.214556  -0.171939  0.075597
667  0.194229  -0.368736  0.173691
668  -0.158871  0.078372  0.031382
669  -0.194369  -0.161956  0.064009
670  0.074577  -0.042563  0.007373
671  0.176577  -0.186821  0.066081
672  0.020803  -0.185809  0.034958
673  0.293154  0.018986  0.086300
674  0.215847  0.121159  0.061269
675  -0.100885  0.142333  0.030436
676  0.196776  -0.008875  0.038800
677  -0.254933  0.337037  0.178585
678  0.063091  -0.080345  0.010436
679  -0.229082  -0.208425  0.095919
680  -0.086728  0.009749  0.007617
681  -0.065985  0.013271  0.004530
682  -0.173470  0.001223  0.030093
683  -0.035200  0.024646  0.001846
684  -0.090589  0.135603  0.026594
685  -0.138131  -0.121728  0.033898
686  0.334597  0.050936  0.114550
687  -0.194522  -0.094405  0.046751
688  -0.077797  -0.150478  0.028696
689  0.135882  -0.078975  0.024701
690  0.367398  0.203797  0.176515
691  0.013195  0.143847  0.020866
692  0.089782  -0.013954  0.008256
693  0.146692  0.257753  0.087955
694  -0.082519  -0.125108  0.022461
695  -0.038462  0.327061  0.108448
696  0.075721  -0.025279  0.006373
697  0.009015  -0.042694  0.001904
698  -0.350027  0.156058  0.146873
699  0.052679  0.151011  0.025580
700  -0.103724  0.085863  0.018131
701  0.022796  0.044148  0.002469
702  -0.339583  -0.581137  0.453037
703  0.201530  0.032027  0.041640
704  -0.477713  0.176053  0.259204
705  -0.132121  -0.216214  0.064204
706  -0.204330  -0.007359  0.041805
707  0.369397  -0.434172  0.324960
708  0.354056  0.003883  0.125371
709  -0.087879  0.136216  0.026277
710  -0.017357  -0.022388  0.000803
711  -0.174686  0.028440  0.031324
712  -0.222072  -0.001244  0.049318
713  0.103803  -0.098062  0.020391
714  -0.149123  -0.391211  0.175284
715  0.106205  0.048579  0.013639
716  0.163558  0.205662  0.069048
717  0.037230  0.100814  0.011549
718  -0.006397  -0.239511  0.057406
719  0.194238  0.027694  0.038495
720  0.100715  -0.284687  0.091190
721  0.143713  -0.012666  0.020814
722  -0.362277  -0.051064  0.133852
723  0.221619  0.108403  0.060866
724  0.013799  0.045060  0.002221
725  -0.064565  -0.218351  0.051846
726  0.344880  -0.043019  0.120793
727  -0.118726  -0.092013  0.022562
728  -0.051988  -0.166387  0.030388
729  0.422512  -0.103169  0.189160
730  -0.000976  -0.082529  0.006812
731  0.136012  -0.167661  0.046609
732  -0.453420  0.056421  0.208773
733  0.359382  -0.312883  0.227051
734  -0.213667  -0.174488  0.076099
735  0.397156  0.050775  0.160311
736  0.016914  0.526155  0.277126
737  0.159297  -0.120586  0.039917
738  0.114227  0.166072  0.040628
739  -0.045468  -0.433733  0.190192
740  -0.126290  0.102450  0.026445
741  0.067750  -0.097809  0.014157
742  -0.172462  0.000305  0.029743
743  -0.008256  0.108741  0.011893
744  0.260177  -0.490379  0.308164
745  0.208475  -0.563898  0.361443
746  0.193100  0.044872  0.039301
747  -0.022871  0.143767  0.021192
748  0.100723  -0.234279  0.065032
749  -0.067260  0.265753  0.075148
750  -0.099548  -0.287104  0.092338
751  -0.090844  0.143916  0.028964
752  0.083126  -0.363022  0.138695
753  0.312311  0.279416  0.175611
754  -0.092793  -0.308243  0.103624
755  -0.078939  -0.298111  0.095101
756  0.529856  0.123287  0.295947
757  0.354498  -0.138438  0.144834
758  -0.371009  0.060718  0.141334
759  0.147093  0.065103  0.025875
760  -0.048483  -0.088824  0.010240
761  0.090818  -0.357412  0.135991
762  -0.254257  -0.056421  0.067830
763  0.060678  -0.476995  0.231206
764  0.094084  0.190567  0.045167
765  0.222547  0.094852  0.058524
766  -0.671917  -0.187035  0.486455
767  -0.264586  -0.280951  0.148940
768  -0.127958  -0.104480  0.027289
769  -0.259394  0.011211  0.067411
770  0.574274  0.319481  0.431858
771  0.048279  0.585517  0.345161
772  -0.258600  -0.322652  0.170978
773  -0.071176  0.139035  0.024397
774  -0.388928  -0.163627  0.178039
775  0.082110  -0.327669  0.114109
776  -0.206149  -0.323315  0.147030
777  -0.226366  -0.146977  0.072844
778  0.099116  -0.030497  0.010754
779  -0.099261  0.068769  0.014582
780  -0.453036  0.250497  0.267991
781  -0.083230  -0.648921  0.428026
782  -0.062344  -0.070051  0.008794
783  -0.416089  0.200610  0.213375
784  -0.073406  0.136489  0.024018
785  -0.156138  -0.208486  0.067845
786  -0.366377  0.015755  0.134481
787  -0.311225  0.109994  0.108960
788  -0.566024  -0.249765  0.382766
789  -0.531540  0.068969  0.287291
790  -0.132331  -0.291131  0.102269
791  -0.098243  0.087051  0.017230
792  0.174609  -0.268500  0.102581
793  -0.585297  -0.246050  0.403113
794  -0.113077  -0.201527  0.053400
795  -0.005012  0.282169  0.079645
796  0.019527  -0.382006  0.146310
797  -0.415821  -0.089375  0.180895
798  -0.066819  0.346265  0.124364
799  -0.261362  0.116228  0.081819
800  -0.265763  -0.152406  0.093857
801  -0.550757  0.045451  0.305399
802  -0.273662  0.174875  0.105472
803  -0.581090  -0.629002  0.733309
804  -0.025188  -0.135663  0.019039
805  0.213813  0.171607  0.075165
806  -0.137219  -0.368858  0.154885
807  0.181318  0.419146  0.208560
808  0.165277  -0.062901  0.031273
809  0.044160  -0.489042  0.241112
810  0.308023  0.378383  0.238052
811  0.008362  -0.109197  0.011994
812  0.131429  0.009133  0.017357
813  0.021925  -0.429281  0.184763
814  -0.476149  -0.327739  0.334131
815  -0.097350  -0.640384  0.419569
816  0.306758  -0.093915  0.102920
817  0.185147  0.416489  0.207743
818  0.123623  -0.272471  0.089523
819  0.052393  -0.195428  0.040937
820  0.005527  -0.084631  0.007193
821  0.211749  0.040495  0.046477
822  -0.034648  0.613114  0.377109
823  -0.004082  0.017533  0.000324
824  -0.165457  -0.159248  0.052736
825  0.434164  0.352868  0.313015
826  0.015294  -0.461209  0.212948
827  0.002997  -0.268575  0.072141
828  0.039950  0.156853  0.026199
829  0.208249  0.126249  0.059306
830  -0.216179  0.575300  0.377704
831  0.753189  0.155029  0.591327
832  -0.200666  0.165354  0.067609
833  -0.310979  0.045059  0.098738
834  -0.240047  0.024256  0.058211
835  0.196212  -0.391099  0.191458
836  0.069882  0.225634  0.055794
837  -0.100830  -0.537712  0.299301
838  -0.298475  -0.070252  0.094023
839  -0.272389  0.575276  0.405138
840  -0.094436  0.016397  0.009187
841  -0.501014  -0.155700  0.275257
842  -0.274616  0.063957  0.079504
843  -0.148087  0.172715  0.051760
844  -0.235301  0.245851  0.115809
845  0.003061  -0.334542  0.111928
846  -0.295016  0.108280  0.098759
847  0.494673  -0.440137  0.438422
848  0.209435  -0.149882  0.066328
849  0.391642  0.533594  0.438107
850  -0.199086  -0.367430  0.174640
851  0.389722  0.180727  0.184546
852  0.248764  0.205167  0.103977
853  -0.035982  0.265460  0.071764
854  -0.358370  0.131418  0.145699
855  -0.139339  0.670792  0.469377
856  0.039167  -0.439335  0.194549
857  0.332439  -0.177029  0.141855
858  0.246272  -0.438215  0.252682
859  0.406051  0.313022  0.262860
860  0.207105  0.405245  0.207116
861  0.007829  -0.205137  0.042142
862  -0.460752  -0.009237  0.212378
863  -0.015389  -0.246805  0.061150
864  -0.124750  0.530341  0.296824
865  -0.456227  0.700036  0.698194
866  -0.491257  0.194095  0.279006
867  -0.015402  0.050274  0.002765
868  0.185972  -0.139511  0.054049
869  0.189324  -0.076456  0.041689
870  0.119689  0.345890  0.133965
871  -0.501444  -0.224381  0.301793
872  -0.382985  -0.392645  0.300848
873  0.220981  0.396053  0.205691
874  -0.379908  0.079776  0.150694
875  0.319895  -0.162302  0.128674
876  -0.265471  0.364999  0.203699
877  0.331913  0.094426  0.119083
878  -0.124417  -0.111278  0.027862
879  -0.224849  0.044838  0.052568
880  0.129863  0.184800  0.051015
881  -0.305616  -0.085372  0.100689
882  -0.498052  -0.331640  0.358041
883  0.511017  0.118562  0.275196
884  -0.115397  0.565151  0.332712
885  0.256161  -0.266304  0.136536
886  -0.907391  -0.058646  0.826798
887  -0.078649  0.480315  0.236888
888  -0.122628  -0.118394  0.029055
889  -0.097232  -0.158015  0.034423
890  0.569989  -0.359198  0.453911
891  0.055665  -0.558762  0.315313
892  -0.241800  -0.001965  0.058471
893  -0.865362  -0.410748  0.917564
894  -0.553267  0.041843  0.307856
895  0.256874  0.079893  0.072367
896  0.110580  0.130698  0.029310
897  -0.571028  -0.605846  0.693122
898  -0.036640  0.465223  0.217775
899  0.170896  -0.265651  0.099776
900  0.206526  0.474653  0.267948
901  0.875000  -0.028681  0.766448
902  -0.085846  -0.098572  0.017086
903  -0.170080  0.182700  0.062306
904  -0.198343  0.117437  0.053132
905  0.054005  -0.284368  0.083781
906  0.292567  0.088185  0.093372
907  0.174665  -0.125865  0.046350
908  -0.451190  -0.526262  0.480524
909  -0.386648  -0.009808  0.149593
910  0.147020  -0.256983  0.087655
911  0.602283  0.613518  0.739149
912  0.489802  -0.291690  0.324989
913  0.179063  -0.777614  0.636748
914  0.085542  -0.841945  0.716189
915  -0.113457  0.091396  0.021226
916  0.456243  0.121734  0.222977
917  -0.134222  0.625892  0.409756
918  0.261683  0.140585  0.088242
919  0.056198  0.452370  0.207797
920  0.245936  -0.301346  0.151294
921  -0.401340  -0.284684  0.242119
922  0.546034  -0.616198  0.677853
923  0.138538  0.435054  0.208465
924  -0.325676  -0.256262  0.171735
925  -0.439130  -0.041860  0.194587
926  -0.268045  -0.105564  0.082992
927  0.377367  -0.375430  0.283353
928  -0.781221  0.178627  0.642214
929  0.137400  0.299417  0.108529
930  -0.154565  0.151166  0.046742
931  -0.080311  -0.440250  0.200270
932  -0.145815  -0.002233  0.021267
933  -0.543416  0.104296  0.306179
934  0.266801  -0.041295  0.072888
935  0.184294  -0.431467  0.220128
936  0.186588  -0.241088  0.092939
937  0.382274  0.480011  0.376544
938  -0.067327  0.773058  0.602151
939  -0.176154  -0.217323  0.078260
940  -0.252078  -0.189278  0.099369
941  -0.257400  0.330665  0.175594
942  -0.289152  0.076713  0.089494
943  0.308414  0.203033  0.136342
944  0.542469  -0.037009  0.295642
945  0.096105  0.125977  0.025106
946  -0.088470  0.092510  0.016385
947  -0.313210  0.374909  0.238658
948  -0.167148  0.052834  0.030730
949  0.181210  -0.129329  0.049563
950  0.700098  -0.233792  0.544796
951  -0.411683  -0.187343  0.204580
952  -0.019392  0.291127  0.085131
953  0.070270  0.479884  0.235227
954  0.184017  -0.317566  0.134710
955  -0.097469  -0.235892  0.065145
956  -0.054452  -0.881153  0.779396
957  -0.148193  0.554006  0.328884
958  -0.529045  0.065198  0.284140
959  0.764860  0.023519  0.585564
960  -0.013593  -0.096855  0.009566
961  0.117980  0.035582  0.015185
962  0.140909  0.118341  0.033860
963  -0.035544  0.233700  0.055879
964  0.335828  -0.021688  0.113251
965  0.604331  0.301258  0.455973
966  -1.142597  0.232450  1.359561
967  -0.125639  0.820946  0.689737
968  -0.532739  -0.431751  0.470220
969  0.288232  -0.438573  0.275424
970  0.083993  0.566051  0.327468
971  0.392263  -0.710751  0.659037
972  0.339429  -0.025519  0.115863
973  0.206207  -0.593748  0.395058
974  0.564937  0.668001  0.765380
975  0.466360  -0.345526  0.336880
976  -0.235856  -0.141725  0.075714
977  -0.441924  -0.668464  0.642142
978  0.047370  0.021701  0.002715
979  -0.144363  0.002656  0.020848
980  -0.176303  0.698288  0.518688
981  -0.239078  -0.631953  0.456522
982  0.227969  -0.452613  0.256829
983  0.535095  0.833224  0.980589
984  -0.031469  -0.414989  0.173206
985  -0.033891  -0.385584  0.149823
986  -0.229999  -0.461266  0.265666
987  -0.914827  1.028024  1.893742
988  -0.558021  0.719906  0.829651
989  0.148918  0.072549  0.027440
990  0.084404  -0.543976  0.303033
991  0.238391  0.349544  0.179012
992  0.356822  0.237699  0.183823
993  -0.214201  0.417812  0.220449
994  0.191431  -0.341470  0.153248
995  0.559838  0.077126  0.319367
996  -0.113601  0.290086  0.097055
997  0.830187  -0.308729  0.784524
998  0.037687  -0.180679  0.034065
999  -0.158059  -0.354273  0.150492
1000  -0.306656  -0.305181  0.187174
1001  0.409627  -0.246608  0.228609
1002  -0.254774  0.057820  0.068253
1003  -0.547676  -0.157003  0.324599
1004  0.142340  -0.230067  0.073191
1005  0.333962  0.023637  0.112089
1006  -0.243478  0.139786  0.078822
1007  0.295687  0.812353  0.747348
1008  0.572684  0.028529  0.328781
1009  -0.433255  -0.360949  0.317994
1010  -0.478482  -0.232320  0.282917
1011  0.017077  0.064133  0.004405
1012  -0.605475  -0.211652  0.411397
1013  0.062766  -0.929732  0.868341
1014  -0.695092  -0.308997  0.578632
1015  0.382995  0.258075  0.213288
1016  0.148751  -0.430368  0.207343
1017  -0.309533  -0.074462  0.101355
1018  -0.184603  -0.415562  0.206770
1019  -0.062349  -0.439000  0.196609
1020  0.079537  -0.335109  0.118624
1021  0.519762  -0.659894  0.705613
1022  0.025073  -0.132089  0.018076
1023  0.154527  -0.251202  0.086981
1024  0.084563  -0.172239  0.036817
1025  -0.121647  -0.285826  0.096494
1026  0.128384  0.009443  0.016572
1027  0.155921  0.153378  0.047836
1028  -0.078130  0.580766  0.343394
1029  0.835188  -0.096717  0.706893
1030  0.059266  -0.099695  0.013452
1031  0.249589  0.530304  0.343517
1032  0.323348  0.111733  0.117038
1033  0.488474  -0.419347  0.414459
1034  -0.497904  0.086050  0.255313
1035  -0.089999  0.116368  0.021641
1036  0.183811  -0.878199  0.805020
1037  0.704545  0.005187  0.496410
1038  -0.004078  -0.680426  0.462996
1039  0.233400  0.728933  0.585819
1040  0.307437  -0.328331  0.202319
1041  0.380190  -0.270610  0.217774
1042  0.238081  -0.259777  0.124167
1043  -0.130230  0.022538  0.017468
1044  -0.084314  0.143635  0.027740
1045  -0.447916  0.120339  0.215110
1046  0.215955  0.120053  0.061049
1047  0.020243  -0.244274  0.060079
1048  -0.487038  -0.236288  0.293038
1049  -0.110233  -0.098912  0.021935
1050  -0.114667  -0.320229  0.115695
1051  -0.022207  0.366867  0.135085
1052  0.259037  0.197808  0.106228
1053  0.350757  -0.085816  0.130395
1054  0.395444  -0.080111  0.162794
1055  -0.125635  -0.228122  0.067824
1056  -0.605182  -0.194412  0.404041
1057  -0.307557  -0.110714  0.106849
1058  0.176099  0.540579  0.323236
1059  0.114906  0.322231  0.117036
1060  -0.071891  -0.110265  0.017327
1061  -0.092165  0.433496  0.196413
1062  0.069824  -0.634482  0.407443
1063  -0.000423  -0.642254  0.412491
1064  -0.405993  0.249682  0.227171
1065  -0.157765  0.142561  0.045213
1066  -0.378585  0.484342  0.377913
1067  0.442601  0.088475  0.203724
1068  -0.050897  -0.304832  0.095513
1069  -0.088554  -0.329370  0.116326
1070  -0.159279  0.286551  0.107481
1071  0.033886  0.658604  0.434907
1072  0.462854  -0.334518  0.326135
1073  -0.027987  -0.315519  0.100335
1074  -0.178009  0.161737  0.057846
1075  -0.170441  -0.486813  0.266037
1076  0.267103  0.345640  0.190811
1077  0.424250  0.291591  0.265013
1078  0.196098  0.320617  0.141250
1079  0.727740  0.558564  0.841599
1080  -0.169448  -0.211789  0.073567
1081  0.135092  -0.252358  0.081934
1082  0.076427  -0.048806  0.008223
1083  -0.005873  0.209627  0.043978
1084  0.236593  0.157505  0.080784
1085  0.244991  0.093285  0.068723
1086  0.051337  0.184272  0.036592
1087  0.403651  -0.070864  0.167956
1088  -0.177737  0.116903  0.045257
1089  0.364291  0.020970  0.133148
1090  0.019647  -0.085628  0.007718
1091  -0.098878  -0.055383  0.012844
1092  0.243429  0.102068  0.069676
1093  -0.272667  0.332603  0.184972
1094  0.113838  0.263037  0.082148
1095  -0.110870  -0.188197  0.047710
1096  0.109019  -0.091433  0.020245
1097  0.042478  0.171596  0.031250
1098  0.052168  -0.072981  0.008048
1099  0.053601  0.291548  0.087873
1100  0.168719  0.218125  0.076045
1101  -0.298665  0.126819  0.105284
1102  -0.128573  -0.233982  0.071279
1103  0.400057  -0.180306  0.192556
1104  0.237270  -0.267058  0.127617
1105  0.085171  0.149035  0.029466
1106  0.134197  0.214961  0.064217
1107  -0.021973  -0.428294  0.183919
1108  0.034007  -0.103148  0.011796
1109  -0.111557  0.232257  0.066388
1110  -0.201105  0.260650  0.108382
1111  0.379483  0.520697  0.415132
1112  -0.137693  -0.303735  0.111214
1113  -0.298784  0.072143  0.094476
1114  -0.167976  0.429972  0.213092
1115  -0.079651  -0.030190  0.007256
1116  -0.111238  0.236473  0.068294
1117  0.038078  -0.012318  0.001602
1118  0.170248  -0.072788  0.034282
1119  0.060537  -0.627119  0.396943
1120  -0.056258  0.028286  0.003965
1121  -0.190482  -0.121560  0.051060
1122  0.175593  -0.213720  0.076509
1123  0.181957  0.199322  0.072838
1124  -0.308158  0.160573  0.120745
1125  -0.088009  0.071988  0.012928
1126  -0.232615  0.340598  0.170116
1127  0.171442  0.114343  0.042467
1128  -0.109906  -0.600535  0.372722
1129  0.135197  -0.140038  0.037889
1130  -0.213730  -0.071763  0.050830
1131  -0.055279  -0.329629  0.111711
1132  0.377151  -0.042115  0.144017
1133  -0.145744  0.082185  0.027996
1134  -0.032907  0.110744  0.013347
1135  0.134089  0.429845  0.202746
1136  0.515176  -0.050270  0.267934
1137  0.114711  -0.024127  0.013741
1138  0.074800  0.068526  0.010291
1139  0.130812  0.057856  0.020459
1140  0.055412  -0.045549  0.005145
1141  0.087265  0.220395  0.056189
1142  0.030503  0.020950  0.001369
1143  0.189879  -0.223568  0.086037
1144  0.145027  -0.001505  0.021035
1145  0.201385  0.056845  0.043787
1146  -0.400952  -0.046828  0.162955
1147  0.228587  0.268673  0.124437
1148  0.236340  -0.096918  0.065250
1149  0.121519  -0.369603  0.151373
1150  -0.100142  0.566063  0.330456
1151  -0.340800  0.207813  0.159331
1152  -0.154354  0.216239  0.070584
1153  -0.136380  0.010818  0.018716
1154  -0.178803  -0.224759  0.082487
1155  0.050432  0.248628  0.064359
1156  0.394467  0.060683  0.159287
1157  0.078109  -0.003547  0.006114
1158  -0.168927  -0.019063  0.028900
1159  -0.245878  0.001221  0.060457
1160  -0.132889  -0.302002  0.108865
1161  -0.189468  0.020123  0.036303
1162  -0.232249  -0.169946  0.082821
1163  -0.040122  0.265989  0.072360
1164  -0.061520  0.081407  0.010412
1165  0.271554  0.282946  0.153800
1166  0.085295  -0.054094  0.010201
1167  -0.288968  -0.137622  0.102442
1168  0.045657  0.081952  0.008801
1169  0.524887  -0.121690  0.290315
1170  0.097086  -0.243936  0.068930
1171  -0.419927  -0.156376  0.200792
1172  0.067746  0.069056  0.009358
1173  -0.007891  0.319787  0.102326
1174  -0.280070  -0.172336  0.108139
1175  -0.009940  -0.067966  0.004718
1176  0.119576  0.134385  0.032358
1177  -0.350938  -0.121376  0.137890
1178  0.213887  0.202656  0.086817
1179  0.052160  0.111123  0.015069
1180  0.063776  -0.027788  0.004840
1181  0.243812  -0.058145  0.062825
1182  0.091403  -0.063016  0.012326
1183  0.118208  0.209841  0.058006
1184  0.000564  0.102441  0.010494
1185  -0.325711  -0.019795  0.106479
1186  -0.184151  -0.205435  0.076115
1187  0.132003  0.114782  0.030600
1188  0.143373  0.175915  0.051502
1189  0.086289  0.079690  0.013796
1190  -0.028162  -0.048961  0.003190
1191  0.192781  -0.102098  0.047589
1192  0.089324  0.042884  0.009818
1193  0.018270  -0.081941  0.007048
1194  0.058137  0.058522  0.006805
1195  -0.007889  0.025704  0.000723
1196  0.020538  -0.072280  0.005646
1197  0.058617  0.129636  0.020242
1198  -0.011326  0.341421  0.116696
1199  0.071095  0.095966  0.014264
1200  0.392248  -0.230155  0.206830
1201  0.154335  -0.109144  0.035732
1202  0.018323  -0.196407  0.038912
1203  -0.300331  -0.170866  0.119394
1204  -0.204770  0.223840  0.092035
1205  -0.096317  -0.092844  0.017897
1206  -0.084132  -0.003588  0.007091
1207  0.147220  0.096482  0.030982
1208  0.137462  -0.044561  0.020881
1209  -0.221621  -0.250389  0.111810
1210  -0.218826  -0.111511  0.060319
1211  -0.263770  -0.191762  0.106347
1212  -0.126894  0.051890  0.018795
1213  0.093814  -0.181557  0.041764
1214  0.062534  0.034788  0.005121
1215  0.279426  -0.123556  0.093345
1216  -0.064166  0.364024  0.136631
1217  -0.019613  -0.045319  0.002438
1218  0.025408  -0.137155  0.019457
1219  -0.129338  0.022470  0.017233
1220  -0.064846  0.165488  0.031591
1221  0.177012  -0.156200  0.055732
1222  0.054836  -0.123541  0.018269
1223  0.072108  -0.103299  0.015870
1224  0.049034  -0.065504  0.006695
1225  0.058160  -0.138800  0.022648
1226  -0.078985  0.090673  0.014460
1227  0.149858  -0.135598  0.040844
1228  0.040738  -0.172820  0.031526
1229  -0.006949  0.003449  0.000060
1230  0.006258  -0.092776  0.008647
1231  -0.062311  0.109462  0.015865
1232  0.090412  -0.012512  0.008331
1233  -0.067146  0.080582  0.011002
1234  -0.066907  0.033875  0.005624
1235  -0.089040  -0.066362  0.012332
1236  -0.168963  0.367366  0.163506
1237  -0.174695  0.217818  0.077963
1238  0.111866  0.064467  0.016670
1239  0.093809  0.326964  0.115705
1240  0.369104  -0.106822  0.147649
1241  -0.237749  0.058566  0.059954
1242  -0.171155  0.033613  0.030424
1243  -0.095234  0.033090  0.010165
1244  0.072944  -0.128842  0.021921
1245  0.034874  0.029396  0.002080
1246  0.071899  -0.149016  0.027375
1247  -0.075058  0.093163  0.014313
1248  -0.002454  0.011880  0.000147
1249  0.127495  -0.097141  0.025692
1250  0.018366  -0.115090  0.013583
1251  -0.068107  0.006647  0.004683
1252  -0.128614  0.204096  0.058197
1253  0.034197  -0.048417  0.003514
1254  0.010728  -0.028120  0.000906
1255  0.023545  0.044672  0.002550
1256  -0.134654  0.180751  0.050803
1257  -0.005533  0.205004  0.042057
1258  0.059340  0.044496  0.005501
1259  -0.010281  -0.179243  0.032234
1260  0.110252  0.016349  0.012423
1261  0.075008  0.151187  0.028484
1262  0.233994  0.137160  0.073566
1263  0.014531  -0.106375  0.011527
1264  -0.260462  0.085188  0.075097
1265  0.110531  -0.112293  0.024827
1266  0.054968  0.082488  0.009826
1267  -0.042382  -0.074369  0.007327
1268  -0.060028  -0.045323  0.005658
1269  -0.141324  0.056773  0.023196
1270  0.137827  -0.085024  0.026225
1271  0.065113  -0.004732  0.004262
1272  -0.095056  -0.011256  0.009162
1273  0.114698  -0.075785  0.018899
1274  -0.130303  0.029762  0.017865
1275  0.159287  -0.024109  0.025954
1276  -0.050293  0.089400  0.010522
1277  0.244581  -0.020460  0.060238
1278  -0.111567  0.093158  0.021126
1279  -0.130137  0.051356  0.019573
1280  0.094110  -0.125699  0.024657
1281  0.110915  0.120939  0.026928
1282  -0.114992  0.140828  0.033056
1283  0.083703  0.215087  0.053268
1284  -0.063629  -0.108280  0.015773
1285  0.004787  0.037145  0.001403
1286  0.105738  -0.080852  0.017717
1287  0.070538  0.046558  0.007143
1288  -0.079654  -0.028823  0.007176
1289  -0.021622  0.079227  0.006744
1290  0.048171  0.286958  0.084666
1291  0.046549  -0.072972  0.007492
1292  0.050421  -0.014489  0.002752
1293  0.071323  -0.122390  0.020066
1294  0.068740  0.053941  0.007635
1295  -0.076686  0.140809  0.025708
1296  -0.023218  -0.014581  0.000752
1297  0.000994  0.050669  0.002568
1298  0.088584  0.070866  0.012869
1299  0.045343  -0.127291  0.018259
1300  -0.140577  0.104136  0.030606
1301  0.053417  0.157637  0.027703
1302  0.056942  -0.080557  0.009732
1303  0.015936  -0.078691  0.006446
1304  -0.014923  0.071489  0.005333
1305  -0.004300  0.088668  0.007881
1306  -0.064144  -0.042892  0.005954
1307  0.085376  -0.089093  0.015227
1308  -0.085134  -0.009091  0.007330
1309  -0.058665  -0.046216  0.005578
1310  -0.065294  0.091126  0.012567
1311  -0.047117  0.168931  0.030758
1312  -0.017560  0.228404  0.052477
1313  0.161876  0.099982  0.036200
1314  -0.056353  -0.005260  0.003203
1315  0.036276  -0.011915  0.001458
1316  -0.073812  -0.003737  0.005462
1317  -0.002143  -0.140733  0.019810
1318  0.180268  0.100364  0.042570
1319  -0.037897  -0.025329  0.002078
1320  -0.115799  0.004414  0.013429
1321  0.091750  0.043079  0.010274
1322  0.020859  -0.118561  0.014492
1323  -0.044712  0.212692  0.047237
1324  0.013713  0.034786  0.001398
1325  0.019507  0.041900  0.002136
1326  0.138026  -0.045937  0.021161
1327  0.038099  0.005469  0.001481
1328  0.108717  0.113808  0.024772
1329  -0.020621  0.006662  0.000470
1330  0.100560  0.147365  0.031829
1331  0.130740  -0.047199  0.019321
1332  0.039605  -0.010720  0.001684
1333  0.037154  -0.004411  0.001400
1334  0.104483  0.122609  0.025950
1335  0.095641  0.011100  0.009271
1336  0.005770  0.015821  0.000284
1337  0.169027  0.005071  0.028596
1338  0.058861  0.055827  0.006581
1339  0.091561  -0.087530  0.016045
1340  -0.012725  0.063999  0.004258
1341  0.064867  0.038174  0.005665
1342  0.010495  -0.031453  0.001099
1343  0.060454  -0.004645  0.003676
1344  0.020312  0.136897  0.019153
1345  -0.004051  -0.070069  0.004926
1346  -0.057360  -0.145159  0.024361
1347  0.022690  -0.027354  0.001263
1348  0.071410  0.057583  0.008415
1349  0.032900  -0.118940  0.015229
1350  0.073240  -0.085004  0.012590
1351  0.047361  0.168854  0.030755
1352  -0.182183  -0.029980  0.034090
1353  -0.076640  0.017152  0.006168
1354  -0.011675  -0.048971  0.002534
1355  -0.017318  -0.044153  0.002249
1356  0.009454  0.023326  0.000633
1357  0.036049  0.019476  0.001679
1358  0.039077  0.076371  0.007360
1359  0.013103  -0.002322  0.000177
1360  0.001006  -0.042599  0.001816
1361  0.014383  0.054915  0.003223
1362  -0.002167  0.064714  0.004193
1363  0.068194  -0.056875  0.007885
1364  -0.063176  -0.069771  0.008859
1365  0.072163  0.005935  0.005243
1366  0.052477  0.027658  0.003519
1367  0.104978  -0.068501  0.015713
1368  -0.063905  -0.074554  0.009642
1369  0.013107  0.030060  0.001075
1370  -0.014717  -0.055479  0.003295
1371  -0.043642  0.013495  0.002087
1372  0.047123  0.034466  0.003408
1373  0.041015  0.013592  0.001867
1374  0.048489  -0.009864  0.002449
1375  0.003999  -0.012323  0.000168
1376  0.011501  0.051365  0.002771
1377  0.126265  0.079748  0.022303
1378  0.034285  -0.004408  0.001195
1379  -0.006936  0.142736  0.020422
1380  0.032987  0.019623  0.001473
1381  -0.056700  -0.000811  0.003216
1382  -0.022183  0.038299  0.001959
1383  0.063513  0.049233  0.006458
1384  0.049208  -0.068548  0.007120
1385  0.081850  0.018399  0.007038
1386  0.082153  -0.002683  0.006756
1387  0.009317  -0.099174  0.009922
1388  -0.020814  -0.082338  0.007213
1389  -0.017497  0.001814  0.000309
1390  -0.020106  -0.009564  0.000496
1391  0.034028  -0.046643  0.003334
1392  0.002435  0.014136  0.000206
1393  -0.083853  -0.065177  0.011279
1394  0.020124  0.067842  0.005007
1395  0.092711  0.073456  0.013991
1396  0.116386  -0.072346  0.018780
1397  0.022425  -0.033935  0.001654
1398  0.091013  0.043402  0.010167
1399  -0.028621  0.037829  0.002250
1400  0.010425  -0.058173  0.003493
1401  0.002948  0.050001  0.002509
1402  0.035697  0.017543  0.001582
1403  0.096870  -0.024576  0.009988
1404  0.081203  0.029529  0.007466
1405  0.039376  -0.033810  0.002694
1406  0.100416  0.006788  0.010129
1407  -0.066714  -0.018755  0.004803
1408  0.017888  0.011472  0.000452
1409  0.008591  -0.002318  0.000079
1410  0.159123  -0.127457  0.041565
1411  0.009951  -0.042168  0.001877
1412  0.010319  -0.033837  0.001251
1413  0.000516  -0.028464  0.000810
1414  -0.050286  0.020186  0.002936
1415  0.073156  0.021943  0.005833
1416  -0.003147  -0.027494  0.000766
1417  0.079387  0.016440  0.006573
1418  -0.048337  -0.033578  0.003464
1419  0.060278  0.001850  0.003637
1420  -0.040607  -0.067661  0.006227
1421  0.102728  -0.002629  0.010560
1422  -0.063902  0.057972  0.007444
1423  0.000398  0.048550  0.002357
1424  0.053990  0.016084  0.003174
1425  -0.029426  -0.035490  0.002125
1426  0.048116  0.011915  0.002457
1427  0.061340  -0.019682  0.004150
1428  -0.018939  -0.061575  0.004150
1429  -0.019310  0.039682  0.001948
1430  0.021111  0.102858  0.011025
1431  -0.031214  0.053389  0.003825
1432  -0.010323  -0.058673  0.003549
1433  0.091098  0.066436  0.012712
1434  0.011665  -0.081941  0.006850
1435  -0.078707  0.057782  0.009534
1436  0.016566  0.014178  0.000475
1437  0.005877  -0.027536  0.000793
1438  -0.013987  -0.047417  0.002444
1439  0.043663  -0.041648  0.003641
1440  0.090817  -0.047367  0.010491
1441  0.010089  -0.012458  0.000257
1442  -0.018692  -0.060797  0.004046
1443  0.047097  -0.012205  0.002367
1444  0.003720  -0.082579  0.006833
1445  0.017609  0.028046  0.001097
1446  0.059441  -0.023943  0.004106
1447  0.038353  -0.102061  0.011887
1448  0.015023  0.061642  0.004025
1449  -0.015482  -0.039313  0.001785
1450  0.035333  0.003291  0.001259
1451  -0.023327  -0.033748  0.001683
1452  0.018729  -0.001083  0.000352
1453  -0.006001  -0.010446  0.000145
1454  -0.073239  0.017516  0.005671
1455  0.008106  0.032199  0.001102
1456  0.037476  0.002649  0.001411
1457  0.030959  0.006194  0.000997
1458  0.065370  -0.005492  0.004303
1459  0.011523  0.014334  0.000338
1460  -0.035925  0.041277  0.002994
1461  0.040167  0.035785  0.002894
1462  -0.005374  0.022781  0.000548
1463  -0.036383  0.059055  0.004811
1464  0.117152  0.008765  0.013801
1465  0.059735  -0.037340  0.004962
1466  0.025222  0.000973  0.000637
1467  -0.079118  0.019815  0.006652
1468  -0.012471  -0.044803  0.002163
1469  -0.013466  -0.068768  0.004910
1470  -0.003313  -0.072007  0.005196
1471  0.010732  0.020563  0.000538
1472  -0.017514  -0.035426  0.001562
1473  -0.019662  0.015039  0.000613
1474  -0.020200  -0.038498  0.001890
1475  -0.058259  -0.049975  0.005892
1476  -0.005895  -0.016887  0.000320
1477  -0.019548  -0.007886  0.000444
1478  -0.001026  0.007997  0.000065
1479  -0.019334  -0.053817  0.003270
1480  0.078750  0.006540  0.006244
1481  -0.010832  0.005529  0.000148
1482  -0.023042  0.019170  0.000898
1483  0.004427  -0.019704  0.000408
1484  0.035731  -0.020934  0.001715
1485  0.095480  0.052942  0.011919
1486  0.060084  -0.024452  0.004208
1487  -0.009921  0.009515  0.000189
1488  -0.064342  0.013467  0.004321
1489  -0.007170  0.009446  0.000141
1490  0.006644  -0.011920  0.000186
1491  -0.028469  -0.014547  0.001022
1492  0.019771  0.009894  0.000489
1493  -0.008443  -0.112638  0.012759
1494  0.017851  -0.042733  0.002145
1495  0.019283  -0.056209  0.003531
1496  0.009632  0.031047  0.001057
1497  -0.035855  0.031448  0.002275
1498  0.019134  -0.005887  0.000401
1499  0.089503  0.003475  0.008023
1500  -0.013274  -0.012719  0.000338
1501  -0.008418  0.034609  0.001269
1502  0.033327  -0.000092  0.001111
1503  -0.010116  -0.006656  0.000147
1504  -0.057820  0.012211  0.003492
1505  0.067672  -0.007323  0.004633
1506  -0.083728  -0.037309  0.008402
1507  0.025746  0.038790  0.002167
1508  0.019401  -0.001672  0.000379
1509  0.023405  -0.003068  0.000557
1510  -0.000703  -0.043367  0.001881
1511  0.015652  -0.025282  0.000884
1512  -0.009295  -0.004144  0.000104
1513  0.046447  -0.091375  0.010507
1514  0.022469  0.026167  0.001190
1515  0.058908  0.037712  0.004892
1516  0.004306  -0.015993  0.000274
1517  -0.027072  -0.035041  0.001961
1518  0.045189  -0.044425  0.004016
1519  0.032652  0.019773  0.001457
1520  0.039968  -0.032628  0.002662
1521  0.042225  0.024179  0.002368
1522  0.011235  0.029449  0.000994
1523  0.009851  -0.016166  0.000358
1524  -0.031006  -0.015594  0.001205
1525  0.000324  0.032963  0.001087
1526  -0.034867  -0.100387  0.011293
1527  -0.052021  -0.014279  0.002910
1528  -0.018805  0.007874  0.000416
1529  0.039301  -0.006033  0.001581
1530  0.120344  0.011385  0.014612
1531  0.017268  -0.038302  0.001765
1532  -0.025012  -0.001468  0.000628
1533  0.070665  0.058828  0.008454
1534  -0.027519  0.000189  0.000757
1535  -0.012320  -0.001189  0.000153
1536  -0.020681  0.078615  0.006608
1537  0.028778  -0.042762  0.002657
1538  -0.002047  0.016707  0.000283
1539  0.066439  -0.026269  0.005104
1540  -0.009050  0.027660  0.000847
1541  0.068556  0.035891  0.005988
1542  0.039910  0.009988  0.001693
1543  0.015359  -0.003819  0.000250
1544  0.045280  -0.057018  0.005301
1545  -0.020165  -0.043391  0.002289
1546  0.074583  0.074888  0.011171
1547  0.020353  -0.032477  0.001469
1548  -0.052093  -0.022719  0.003230
1549  0.007594  0.028529  0.000872
1550  0.000453  0.001476  0.000002
1551  0.003368  0.016507  0.000284
1552  0.048274  0.031874  0.003346
1553  0.069466  -0.026342  0.005519
1554  -0.012242  -0.037835  0.001581
1555  0.068962  -0.062526  0.008665
1556  0.015963  0.003037  0.000264
1557  -0.012144  0.041224  0.001847
1558  -0.042573  -0.010121  0.001915
1559  0.040274  -0.056787  0.004847
1560  -0.023429  0.000392  0.000549
1561  0.017237  0.008199  0.000364
1562  -0.020910  0.023482  0.000989
1563  -0.039785  0.034199  0.002752
1564  0.010334  -0.021723  0.000579
1565  0.068929  0.053445  0.007608
1566  0.066280  0.002326  0.004398
1567  -0.033625  0.023245  0.001671
1568  0.055759  -0.016871  0.003394
1569  0.040542  0.011921  0.001786
1570  0.033386  0.074229  0.006625
1571  -0.014640  0.028473  0.001025
1572  -0.028983  -0.010028  0.000941
1573  0.016642  0.010909  0.000396
1574  0.020727  0.045258  0.002478
1575  -0.017906  -0.020193  0.000728
1576  0.014164  -0.064355  0.004342
1577  0.045589  0.038994  0.003599
1578  -0.022763  -0.064706  0.004705
1579  -0.010682  0.040699  0.001771
1580  -0.071324  0.002209  0.005092
1581  0.025530  -0.031965  0.001674
1582  -0.008977  0.013704  0.000268
1583  0.012121  -0.033956  0.001300
1584  -0.072453  0.047120  0.007470
1585  0.026699  -0.046708  0.002894
1586  0.022270  -0.053454  0.003353
1587  -0.007565  0.034201  0.001227
1588  0.044966  -0.024859  0.002640
1589  -0.025170  -0.015345  0.000869
1590  0.016733  -0.021683  0.000750
1591  -0.007385  -0.045964  0.002167
1592  0.017334  -0.001837  0.000304
1593  -0.066335  -0.062855  0.008351
1594  -0.002202  -0.015334  0.000240
1595  -0.046732  -0.012857  0.002349
1596  -0.003140  0.020330  0.000423
1597  0.044132  -0.005273  0.001975
1598  0.010885  -0.006382  0.000159
1599  0.036767  0.042101  0.003124
1600  -0.058070  -0.009901  0.003470
1601  0.016798  -0.008493  0.000354
1602  -0.007485  0.038266  0.001520
1603  0.001253  -0.005080  0.000027
1604  0.043205  0.059173  0.005368
1605  0.021377  -0.035085  0.001688
1606  -0.049499  0.017833  0.002768
1607  0.029806  0.047973  0.003190
1608  0.032906  -0.040266  0.002704
1609  -0.009739  0.010879  0.000213
1610  0.001057  -0.023668  0.000561
1611  -0.044641  -0.045522  0.004065
1612  -0.020887  -0.044747  0.002439
1613  0.031160  0.047275  0.003206
1614  0.047766  0.043208  0.004149
1615  0.038763  -0.001747  0.001506
1616  0.053157  -0.033755  0.003965
1617  -0.028061  -0.035741  0.002065
1618  0.027607  0.016914  0.001048
1619  0.045313  0.031545  0.003048
1620  -0.043086  0.040637  0.003508
1621  0.022070  0.047870  0.002779
1622  0.050343  -0.017599  0.002844
1623  0.045683  0.025237  0.002724
1624  0.009104  0.020563  0.000506
1625  -0.036858  -0.013097  0.001530
1626  -0.028145  0.029209  0.001645
1627  0.017616  0.005236  0.000338
1628  0.001769  -0.013414  0.000183
1629  -0.000377  0.076443  0.005844
1630  -0.055981  0.068302  0.007799
1631  0.073217  0.016970  0.005649
1632  0.007852  -0.070440  0.005023
1633  -0.027544  -0.010796  0.000875
1634  -0.016111  -0.065563  0.004558
1635  -0.027735  -0.050591  0.003329
1636  -0.039707  -0.002884  0.001585
1637  -0.000064  -0.039223  0.001538
1638  0.022428  -0.006631  0.000547
1639  -0.002826  -0.008772  0.000085
1640  -0.033034  0.008604  0.001165
1641  0.003004  -0.022063  0.000496
1642  -0.010104  -0.014491  0.000312
1643  -0.026961  -0.025492  0.001377
1644  0.033722  0.009061  0.001219
1645  0.052576  0.027834  0.003539
1646  -0.020965  -0.005230  0.000467
1647  -0.030055  -0.049248  0.003329
1648  -0.012087  0.014109  0.000345
1649  0.038666  0.009441  0.001584
1650  -0.056677  0.034090  0.004374
1651  -0.005844  0.061919  0.003868
1652  0.047981  -0.035951  0.003595
1653  0.033164  -0.030705  0.002043
1654  -0.004852  0.029525  0.000895
1655  -0.007510  -0.057485  0.003361
1656  0.043066  0.019447  0.002233
1657  -0.016864  0.067709  0.004869
1658  0.008343  0.031677  0.001073
1659  0.036586  0.037605  0.002753
1660  -0.017885  -0.048023  0.002626
1661  0.074208  0.027685  0.006273
1662  0.027972  -0.012167  0.000930
1663  0.004065  -0.020368  0.000431
1664  0.011537  -0.001490  0.000135
1665  0.037277  -0.034125  0.002554
1666  0.023641  -0.014197  0.000760
1667  0.048148  0.048953  0.004715
1668  -0.003790  -0.038187  0.001473
1669  0.018053  -0.017080  0.000618
1670  -0.004614  0.047008  0.002231
1671  0.019407  0.009399  0.000465
1672  0.025519  0.005811  0.000685
1673  0.040740  -0.006884  0.001707
1674  -0.008786  -0.009497  0.000167
1675  -0.046382  -0.016381  0.002420
1676  -0.024878  -0.005319  0.000647
1677  0.047813  0.007447  0.002342
1678  0.043855  -0.020423  0.002340
1679  -0.063743  0.020184  0.004471
1680  0.045611  -0.060064  0.005688
1681  0.000006  0.003024  0.000009
1682  -0.011869  0.026010  0.000817
1683  0.017546  -0.024022  0.000885
1684  -0.058012  -0.036422  0.004692
1685  0.024050  -0.020388  0.000994
1686  -0.009053  0.008289  0.000151
1687  0.051519  0.067073  0.007153
1688  -0.031299  -0.015208  0.001211
1689  0.031747  0.036147  0.002315
1690  -0.033503  -0.003982  0.001138
1691  0.023864  0.026369  0.001265
1692  0.032481  -0.052539  0.003815
1693  0.016273  0.033097  0.001360
1694  0.016166  -0.011360  0.000390
1695  0.007640  0.007547  0.000115
1696  0.035738  -0.026951  0.002004
1697  0.013947  -0.030067  0.001099
1698  0.041267  -0.013594  0.001888
1699  -0.020605  0.023089  0.000958
1700  0.019244  0.037746  0.001795
1701  0.038310  -0.042920  0.003310
1702  0.026570  0.013950  0.000901
1703  -0.035620  0.016399  0.001538
1704  -0.004094  -0.056555  0.003215
1705  0.033461  0.002517  0.001126
1706  0.014451  -0.008302  0.000278
1707  0.045680  -0.054144  0.005018
1708  0.052950  -0.017757  0.003119
1709  -0.000923  0.035555  0.001265
1710  -0.042340  -0.016227  0.002056
1711  0.017958  0.060424  0.003974
1712  0.043955  0.001216  0.001934
1713  0.027405  -0.008393  0.000821
1714  -0.017786  -0.009982  0.000416
1715  -0.019505  -0.000139  0.000380
1716  -0.000811  -0.015976  0.000256
1717  -0.002636  0.020226  0.000416
1718  -0.020019  -0.050126  0.002913
1719  0.040881  0.060255  0.005302
1720  0.017950  -0.031148  0.001292
1721  0.024365  0.014856  0.000814
1722  0.003604  0.000234  0.000013
1723  0.029048  0.021614  0.001311
1724  0.015923  0.019358  0.000628
1725  0.052963  0.041068  0.004492
1726  -0.002690  -0.008386  0.000078
1727  0.046684  -0.008480  0.002251
1728  0.009999  0.042773  0.001929
1729  0.021127  0.030656  0.001386
1730  -0.026997  -0.026355  0.001423
1731  -0.000305  -0.034810  0.001212
1732  -0.023231  0.024195  0.001125
1733  -0.029465  0.007180  0.000920
1734  0.042432  0.007744  0.001860
1735  0.035396  -0.037157  0.002634
1736  0.014522  -0.036112  0.001515
1737  0.040548  0.018283  0.001978
1738  0.007787  -0.005665  0.000093
1739  -0.032152  0.002772  0.001041
1740  -0.049513  -0.018941  0.002810
1741  -0.035609  -0.018121  0.001596
1742  -0.011854  -0.043397  0.002024
1743  -0.021116  0.041576  0.002174
1744  0.055823  0.022886  0.003640
1745  0.000259  -0.067071  0.004499
1746  0.016363  0.010427  0.000376
1747  0.005336  0.015631  0.000273
1748  0.043129  -0.069628  0.006708
1749  0.005832  0.027925  0.000814
1750  0.032844  -0.038857  0.002589
1751  0.047335  -0.009727  0.002335
1752  -0.035138  -0.000095  0.001235
1753  0.018929  -0.007072  0.000408
1754  0.053409  0.024804  0.003468
1755  0.046314  -0.002846  0.002153
1756  0.009217  0.014696  0.000301
1757  0.017315  -0.053709  0.003185
1758  -0.002014  -0.035082  0.001235
1759  0.010879  0.023195  0.000656
1760  0.009131  0.030779  0.001031
1761  -0.007366  0.001604  0.000057
1762  -0.013443  0.006389  0.000222
1763  0.030294  -0.027138  0.001654
1764  0.002516  -0.007555  0.000063
1765  0.027734  0.059586  0.004320
1766  -0.041819  0.026655  0.002459
1767  0.008806  -0.062321  0.003961
1768  -0.008718  -0.083536  0.007054
1769  -0.027063  0.038096  0.002184
1770  0.006906  0.025724  0.000709
1771  0.034028  -0.010077  0.001259
1772  -0.024216  0.005188  0.000613
1773  0.032600  0.038782  0.002567
1774  0.031154  0.028805  0.001800
1775  0.016312  -0.012668  0.000427
1776  0.008856  0.022749  0.000596
1777  0.021812  -0.003176  0.000486
1778  -0.017607  -0.049416  0.002752
1779  0.027431  -0.039094  0.002281
1780  -0.021717  -0.021548  0.000936
1781  0.008600  -0.033858  0.001220
1782  0.025023  -0.004932  0.000650
1783  -0.039875  -0.002676  0.001597
1784  0.024565  0.001832  0.000607
1785  -0.028404  -0.013493  0.000989
1786  0.062452  0.040916  0.005574
1787  -0.034807  -0.041684  0.002949
1788  -0.039149  -0.002600  0.001539
1789  0.000302  0.027005  0.000729
1790  -0.001442  0.009476  0.000092
1791  0.001043  0.030933  0.000958
1792  -0.041060  0.030453  0.002613
1793  0.024123  0.004175  0.000599
1794  -0.020499  -0.010250  0.000525
1795  0.026024  -0.058139  0.004057
1796  0.003320  0.001951  0.000015
1797  -0.010338  -0.044493  0.002086
1798  -0.008095  -0.025365  0.000709
1799  -0.008289  0.037238  0.001455
1800  -0.012638  0.005224  0.000187
1801  0.029479  -0.026702  0.001582
1802  0.023721  0.004441  0.000582
1803  0.024463  0.046563  0.002767
1804  -0.007450  -0.020957  0.000495
1805  0.000486  0.023660  0.000560
1806  -0.008149  0.035048  0.001295
1807  -0.024498  0.035654  0.001871
1808  0.023643  -0.023666  0.001119
1809  -0.006729  0.008261  0.000114
1810  0.050145  0.006290  0.002554
1811  -0.050757  0.003838  0.002591
1812  -0.005390  -0.047163  0.002253
1813  -0.001912  -0.042731  0.001830
1814  0.070201  0.019301  0.005301
1815  0.005011  0.013355  0.000203
1816  -0.003000  -0.006984  0.000058
1817  0.014631  0.002553  0.000221
1818  0.015156  0.008816  0.000307
1819  0.007804  0.003665  0.000074
1820  -0.046695  -0.048339  0.004517
1821  0.056686  0.018233  0.003546
1822  0.007871  0.030639  0.001001
1823  0.002557  -0.083476  0.006975
1824  -0.019423  -0.035501  0.001638
1825  -0.010449  -0.004982  0.000134
1826  0.023928  0.051373  0.003212
1827  0.089958  0.000416  0.008093
1828  0.009396  -0.028201  0.000884
1829  -0.013667  0.027450  0.000940
1830  0.036510  -0.007592  0.001391
1831  -0.008109  -0.015752  0.000314
1832  0.080163  0.012363  0.006579
1833  -0.035911  -0.017877  0.001609
1834  0.035442  -0.026993  0.001985
1835  0.013139  -0.005288  0.000201
1836  0.015524  0.026275  0.000931
1837  -0.081335  -0.002299  0.006621
1838  -0.046366  0.001506  0.002152
1839  -0.030151  -0.040492  0.002549
1840  0.004054  0.020361  0.000431
1841  0.038612  -0.015212  0.001722
1842  -0.064592  -0.023477  0.004723
1843  0.048738  -0.017426  0.002679
1844  0.005301  0.040203  0.001644
1845  0.069321  -0.107088  0.016273
1846  -0.049001  0.001096  0.002402
1847  0.044398  0.028309  0.002773
1848  -0.001556  -0.018516  0.000345
1849  0.046880  0.001341  0.002199
1850  -0.000628  -0.015549  0.000242
1851  -0.008268  0.016677  0.000346
1852  0.006524  0.023746  0.000606
1853  -0.017793  -0.059230  0.003825
1854  0.019345  -0.057606  0.003693
1855  -0.016444  0.023936  0.000843
1856  -0.009170  -0.064970  0.004305
1857  -0.001109  -0.016512  0.000274
1858  0.042294  -0.009383  0.001877
1859  -0.002297  -0.023228  0.000545
1860  -0.021219  0.001179  0.000452
1861  -0.018981  -0.018469  0.000701
1862  -0.002081  0.017216  0.000301
1863  -0.017529  0.001924  0.000311
1864  0.006313  0.018075  0.000367
1865  0.018596  0.029845  0.001237
1866  -0.050650  0.031680  0.003569
1867  0.008465  -0.078527  0.006238
1868  0.015319  -0.061376  0.004002
1869  0.045786  -0.006892  0.002144
1870  0.018752  -0.005829  0.000386
1871  0.040376  -0.017368  0.001932
1872  0.049611  -0.036949  0.003827
1873  0.004391  0.035587  0.001286
1874  0.019520  0.001609  0.000384
1875  -0.014476  -0.054940  0.003228
1876  0.017724  0.019727  0.000703
1877  -0.012809  -0.038005  0.001608
1878  0.030613  -0.010050  0.001038
1879  -0.047569  0.039325  0.003809
1880  -0.032984  0.051917  0.003783
1881  -0.005919  -0.003668  0.000048
1882  -0.009395  0.009773  0.000184
1883  0.003774  0.015162  0.000244
1884  -0.007783  -0.008156  0.000127
1885  0.010880  -0.047735  0.002397
1886  0.010623  0.000099  0.000113
1887  0.015518  -0.050182  0.002759
1888  0.007933  0.018643  0.000411
1889  0.000739  -0.024228  0.000588
1890  0.002550  -0.025121  0.000638
1891  0.051244  -0.005262  0.002654
1892  0.012797  -0.001439  0.000166
1893  -0.016855  0.019844  0.000678
1894  0.032712  -0.001708  0.001073
1895  -0.021732  -0.012481  0.000628
1896  -0.042766  -0.048867  0.004217
1897  -0.019976  0.036563  0.001736
1898  -0.000213  0.024122  0.000582
1899  -0.023003  -0.038502  0.002012
1900  0.026290  0.006988  0.000740
1901  -0.016522  -0.021931  0.000754
1902  -0.027295  -0.052373  0.003488
1903  0.054992  -0.046967  0.005230
1904  0.009796  -0.015856  0.000347
1905  0.039203  -0.015407  0.001774
1906  -0.009454  -0.017969  0.000412
1907  -0.045556  -0.010511  0.002186
1908  0.020454  0.000558  0.000419
1909  0.009754  -0.060097  0.003707
1910  0.029912  0.048596  0.003256
1911  -0.018905  0.023229  0.000897
1912  -0.009187  0.026946  0.000810
1913  0.009820  -0.022210  0.000590
1914  -0.002818  -0.016496  0.000280
1915  0.010413  0.008362  0.000178
1916  0.020673  0.027950  0.001209
1917  0.007387  0.004503  0.000075
1918  0.007228  -0.032085  0.001082
1919  0.017125  -0.032916  0.001377
1920  -0.016363  -0.025333  0.000909
1921  -0.017611  -0.008302  0.000379
1922  0.030511  -0.018449  0.001271
1923  0.009161  0.010533  0.000195
1924  -0.004711  0.027397  0.000773
1925  0.034801  -0.008648  0.001286
1926  -0.003787  -0.040834  0.001682
1927  -0.028776  0.009608  0.000920
1928  0.005698  0.043670  0.001940
1929  0.018992  0.005808  0.000394
1930  -0.018252  -0.018052  0.000659
1931  0.028365  -0.025452  0.001452
1932  -0.002977  -0.031063  0.000974
1933  0.065910  -0.027623  0.005107
1934  -0.006611  -0.015526  0.000285
1935  0.005833  -0.010307  0.000140
1936  -0.062907  0.006923  0.004005
1937  0.028997  0.040682  0.002496
1938  0.006185  0.016008  0.000295
1939  -0.007450  0.003038  0.000065
1940  0.011931  0.012360  0.000295
1941  0.007409  0.022892  0.000579
1942  0.028253  -0.044914  0.002816
1943  -0.006950  0.036675  0.001393
1944  -0.011496  0.015369  0.000368
1945  -0.025820  -0.007707  0.000726
1946  0.015808  0.008407  0.000321
1947  0.015695  -0.031336  0.001228
1948  0.005294  -0.016324  0.000294
1949  0.017270  -0.065228  0.004553
1950  0.009952  -0.004300  0.000118
1951  0.048783  0.026598  0.003087
1952  -0.022936  -0.032465  0.001580
1953  0.027741  -0.038032  0.002216
1954  0.005584  0.033064  0.001124
1955  -0.014688  0.012102  0.000362
1956  0.015411  -0.002865  0.000246
1957  0.009098  -0.049887  0.002572
1958  0.061947  -0.030483  0.004767
1959  0.025072  -0.004508  0.000649
1960  -0.007322  0.010580  0.000166
1961  -0.041569  0.023911  0.002300
1962  0.001913  0.008230  0.000071
1963  0.001763  0.008448  0.000074
1964  0.017905  -0.009779  0.000416
1965  0.021325  -0.033972  0.001609
1966  -0.018352  0.038510  0.001820
1967  0.019025  -0.064966  0.004583
1968  0.045777  0.000268  0.002096
1969  -0.029825  -0.008539  0.000962
1970  0.022468  -0.017406  0.000808
1971  0.034715  -0.068623  0.005914
1972  0.005038  0.004716  0.000048
1973  0.025053  -0.028934  0.001465
1974  -0.032969  0.002677  0.001094
1975  0.033237  -0.015309  0.001339
1976  0.021819  -0.017029  0.000766
1977  0.003704  0.048297  0.002346
1978  -0.021616  -0.037156  0.001848
1979  -0.030789  -0.000898  0.000949
1980  -0.004169  -0.036551  0.001353
1981  0.044267  0.005992  0.001995
1982  -0.022151  0.021716  0.000962
1983  -0.014180  -0.021236  0.000652
1984  0.014681  -0.074359  0.005745
1985  -0.014214  0.016739  0.000482
1986  0.008206  0.013000  0.000236
1987  0.041512  -0.007042  0.001773
1988  0.056129  0.032019  0.004176
1989  -0.021462  -0.039206  0.001998
1990  -0.025078  0.030354  0.001550
1991  0.036939  0.007779  0.001425
1992  0.006766  -0.007024  0.000095
1993  -0.017752  -0.035854  0.001601
1994  -0.015320  -0.047413  0.002483
1995  -0.028816  0.022360  0.001330
1996  0.009695  -0.073895  0.005555
1997  -0.003611  0.004323  0.000032
1998  -0.007612  0.019452  0.000436
1999  0.047216  0.053953  0.005140
2000  -0.034552  -0.008744  0.001270
2001  -0.000903  0.006286  0.000040
2002  -0.016780  -0.006928  0.000330
2003  0.025084  0.001470  0.000631
2004  -0.073225  0.028870  0.006195
2005  0.011163  0.005149  0.000151
2006  0.027039  -0.041202  0.002429
2007  0.006017  -0.003136  0.000046
2008  -0.035780  -0.015980  0.001536
2009  0.014079  0.002479  0.000204
2010  0.022587  0.031892  0.001527
2011  0.024474  0.018520  0.000942
2012  0.029576  -0.052873  0.003670
2013  -0.006956  0.029845  0.000939
2014  -0.046453  -0.039187  0.003693
2015  0.006913  -0.036944  0.001413
2016  0.035081  -0.013808  0.001421
2017  -0.039563  -0.051480  0.004215
2018  0.049568  -0.018904  0.002814
2019  0.033154  -0.031184  0.002072
2020  0.008598  0.029666  0.000954
2021  0.001757  -0.005941  0.000038
2022  0.012263  0.008371  0.000220
2023  -0.004446  0.040032  0.001622
2024  0.022135  -0.041354  0.002200
2025  0.049849  -0.009332  0.002572
2026  -0.016689  -0.025925  0.000951
2027  -0.007091  0.008770  0.000127
2028  -0.003875  0.017171  0.000310
2029  -0.004377  0.024197  0.000605
2030  0.023901  -0.016074  0.000830
2031  0.045552  -0.031936  0.003095
2032  0.019960  -0.028694  0.001222
2033  -0.036719  -0.019605  0.001733
2034  -0.001343  0.051139  0.002617
2035  -0.003075  -0.031806  0.001021
2036  0.038721  -0.017674  0.001812
2037  0.005497  -0.026195  0.000716
2038  0.013781  -0.086192  0.007619
2039  0.032760  0.020087  0.001477
2040  -0.046408  0.008308  0.002223
2041  0.016493  -0.010202  0.000376
2042  0.000331  0.016705  0.000279
2043  0.038826  -0.040403  0.003140
2044  -0.057981  -0.013317  0.003539
2045  -0.014991  -0.007766  0.000285
2046  -0.007897  0.041763  0.001807
2047  0.020277  0.018028  0.000736
