0  0.512393  0.374764  0.402994
1  0.032852  0.001588  0.001082
2  -0.950364  -0.571672  1.230000
3  -0.776292  -0.201051  0.643051
4  -0.083625  0.000664  0.006994
5  0.219280  0.662663  0.487207
6  0.175558  -0.476285  0.257668
7  0.397280  -0.108777  0.169664
8  -0.599274  0.784776  0.975002
9  -0.685090  -0.023776  0.469914
10  0.009411  -0.036653  0.001432
11  -0.052188  -0.150860  0.025482
12  -0.448651  -0.370890  0.338847
13  -0.482587  0.108335  0.244627
14  0.280171  0.461023  0.291038
15  0.353372  -0.309998  0.220970
16  -0.850579  -0.003156  0.723495
17  0.101090  0.568627  0.333556
18  0.287546  -0.741364  0.632304
19  -0.496036  -0.360278  0.375852
20  -0.265495  -0.160515  0.096253
21  -0.473859  -0.182683  0.257916
22  0.098951  0.119703  0.024120
23  0.161819  -0.229809  0.078998
24  -0.069207  -0.108775  0.016622
25  0.114397  -0.432695  0.200311
26  -0.268750  -0.210989  0.116743
27  0.262186  0.029250  0.069597
28  0.564652  0.394792  0.474692
29  0.136335  0.227290  0.070248
30  0.256278  0.161540  0.091774
31  -0.194314  -0.028967  0.038597
32  0.231808  0.013208  0.053909
33  -0.347650  0.123179  0.136034
34  0.360101  0.329138  0.238005
35  -0.072905  0.510094  0.265511
36  -0.052600  -0.317773  0.103747
37  0.036300  0.521484  0.273264
38  0.043662  -0.767952  0.591657
39  0.078641  -0.175297  0.036913
40  0.332968  -0.030471  0.111796
41  0.273109  -0.049458  0.077035
42  0.530522  0.065135  0.285696
43  -0.499894  -0.097907  0.259480
44  0.115090  0.046968  0.015452
45  -0.235152  -0.251661  0.118630
46  -0.227566  -0.296840  0.139901
47  0.183493  0.441870  0.228918
48  0.461632  -0.364657  0.346079
49  0.550175  -0.093415  0.311419
50  -0.072475  -0.253481  0.069506
51  -0.121304  0.905602  0.834829
52  0.051643  -0.345622  0.122122
53  0.398207  0.119335  0.172810
54  0.169810  0.287237  0.111340
55  0.272793  -0.414918  0.246573
56  0.222154  0.061726  0.053163
57  0.181749  0.379703  0.177207
58  0.202212  -0.049285  0.043319
59  0.252709  -0.297488  0.152361
60  -0.245307  -0.213104  0.105589
61  -0.107811  0.523540  0.285718
62  -0.013601  0.390011  0.152294
63  0.129473  -0.165079  0.044014
64  0.047053  -0.618937  0.385297
65  -0.213569  0.301060  0.136249
66  0.141409  0.131810  0.037370
67  0.807755  0.196439  0.691056
68  0.161199  -0.468450  0.245430
69  -0.467993  -0.091224  0.227339
70  -0.137142  -0.086901  0.026360
71  -0.200188  -0.300002  0.130076
72  -0.034545  -0.498495  0.249691
73  -0.241996  0.195246  0.096683
74  -0.129746  -0.175738  0.047718
75  0.074248  -0.047170  0.007738
76  -0.640847  0.368437  0.546430
77  0.715298  0.088521  0.519487
78  0.200794  0.128474  0.056824
79  0.136799  0.268079  0.090580
80  -0.106560  -0.225052  0.062003
81  -0.121585  0.124473  0.030276
82  0.209149  -0.244411  0.103480
83  -0.372396  0.225689  0.189614
84  0.187821  -0.048818  0.037660
85  0.245636  0.089901  0.068419
86  0.272490  -0.222625  0.123813
87  0.231573  -0.276438  0.130044
88  -0.058698  0.037580  0.004858
89  -0.071363  0.187095  0.040097
90  -0.186895  0.241400  0.093204
91  0.264751  -0.046219  0.072229
92  0.040768  -0.029531  0.002534
93  0.324942  0.420039  0.282020
94  -0.043822  -0.275263  0.077690
95  -0.417310  -0.103048  0.184767
96  -0.286643  0.206621  0.124856
97  -0.205999  0.012515  0.042592
98  -0.121627  -0.416005  0.187853
99  -0.054722  0.238579  0.059914
100  -0.371918  0.238788  0.195342
101  -0.488947  0.179075  0.271137
102  -0.242078  0.088406  0.066417
103  -0.066400  0.133319  0.022183
104  -0.528754  0.214905  0.325766
105  0.494344  -0.141023  0.264264
106  -0.156770  -0.228583  0.076827
107  0.162560  0.177166  0.057814
108  0.190406  0.021340  0.036710
109  -0.276588  0.028021  0.077286
110  0.227479  0.213742  0.097432
111  0.041843  -0.107759  0.013363
112  -0.182626  -0.173610  0.063492
113  -0.188114  0.325441  0.141299
114  -0.029565  0.061658  0.004676
115  -0.168120  0.103555  0.038988
116  0.095511  0.370639  0.146496
117  0.257165  0.152362  0.089348
118  -0.125626  0.054004  0.018698
119  0.064708  0.149907  0.026659
120  0.341439  0.071537  0.121698
121  0.024357  -0.358724  0.129276
122  0.347525  -0.245205  0.180899
123  0.400358  -0.079587  0.166621
124  0.015203  -0.027635  0.000995
125  0.056637  -0.229555  0.055903
126  0.211660  0.107665  0.056392
127  0.345001  0.096321  0.128303
128  0.074126  0.036438  0.006822
129  -0.081215  -0.239240  0.063832
130  0.170839  0.106940  0.040622
131  -0.194448  -0.014475  0.038020
132  -0.263467  0.065674  0.073728
133  -0.200838  0.202504  0.081344
134  -0.105658  -0.269895  0.084007
135  0.185812  -0.090883  0.042786
136  -0.644583  -0.337675  0.529512
137  -0.026945  0.182309  0.033963
138  0.076543  0.049082  0.008268
139  -0.384909  -0.268460  0.220226
140  -0.147398  0.080856  0.028264
141  0.104911  -0.251814  0.074417
142  -0.288942  -0.059273  0.087001
143  0.065029  0.155818  0.028508
144  0.039618  0.080612  0.008068
145  -0.124888  0.044999  0.017622
146  0.282119  0.072537  0.084853
147  0.274123  -0.291897  0.160347
148  -0.246435  -0.125155  0.076394
149  -0.287671  -0.060302  0.086391
150  0.120099  -0.050443  0.016968
151  -0.237507  -0.122598  0.071440
152  0.091398  -0.054124  0.011283
153  0.010960  0.073052  0.005457
154  0.355580  0.046186  0.128570
155  -0.190468  0.053486  0.039139
156  -0.045998  0.114952  0.015330
157  -0.026597  0.084304  0.007814
158  0.046588  -0.116777  0.015807
159  0.260361  0.045877  0.069893
160  -0.025921  -0.220434  0.049263
161  0.000230  0.028202  0.000795
162  -0.242536  -0.056821  0.062052
163  -0.125239  0.053567  0.018554
164  -0.271213  0.171570  0.102992
165  -0.154199  0.071050  0.028825
166  0.020057  0.099910  0.010384
167  -0.010152  0.046132  0.002231
168  0.129858  0.140175  0.036512
169  0.067128  0.146193  0.025879
170  -0.002521  -0.061411  0.003778
171  0.151407  0.056810  0.026151
172  -0.087135  -0.056461  0.010780
173  -0.001052  0.049031  0.002405
174  0.001659  0.204893  0.041984
175  -0.127561  0.066175  0.020651
176  -0.115461  -0.015804  0.013581
177  0.208299  0.151294  0.066278
178  -0.037127  0.101213  0.011623
179  -0.074716  -0.049592  0.008042
180  0.037337  -0.211779  0.046245
181  0.030881  0.081455  0.007589
182  0.284671  -0.089158  0.088987
183  0.000241  0.128817  0.016594
184  0.139875  -0.080160  0.025991
185  -0.157935  -0.059198  0.028448
186  0.226771  -0.020087  0.051828
187  -0.075360  0.115663  0.019057
188  -0.001254  -0.017831  0.000320
189  0.005717  -0.080315  0.006483
190  -0.043462  0.017957  0.002211
191  -0.030277  -0.086336  0.008371
192  0.004357  0.006690  0.000064
193  -0.097249  0.053644  0.012335
194  0.030369  -0.081482  0.007562
195  -0.060894  -0.141440  0.023713
196  -0.202839  0.119880  0.055515
197  0.120436  -0.117730  0.028365
198  -0.156342  0.071435  0.029546
199  0.063768  -0.025475  0.004715
200  0.057916  0.055663  0.006453
201  0.184087  0.110600  0.046120
202  0.174484  0.119869  0.044813
203  0.055168  0.140331  0.022736
204  0.013226  -0.195448  0.038375
205  -0.061386  -0.055609  0.006861
206  0.027306  0.026978  0.001473
207  0.026764  -0.159193  0.026059
208  -0.155925  -0.117291  0.038070
209  -0.196198  0.036166  0.039802
210  -0.022153  -0.005541  0.000521
211  -0.045412  -0.061947  0.005900
212  -0.030203  0.017883  0.001232
213  0.056123  0.031190  0.004123
214  -0.235941  0.084651  0.062834
215  -0.064843  0.022266  0.004700
216  0.022911  0.127997  0.016908
217  -0.023292  0.168927  0.029079
218  0.029089  0.130468  0.017868
219  0.072417  0.021660  0.005713
220  -0.053137  -0.106774  0.014224
221  -0.118492  0.084105  0.021114
222  -0.021423  -0.014184  0.000660
223  0.057169  0.103320  0.013943
224  0.093306  -0.009633  0.008799
225  0.171591  0.019075  0.029807
226  0.073718  0.037758  0.006860
227  0.015899  0.028992  0.001093
228  0.012766  0.256636  0.066025
229  0.017813  -0.159689  0.025818
230  0.142327  0.070285  0.025197
231  -0.088253  0.022835  0.008310
232  -0.012133  -0.009624  0.000240
233  -0.022780  -0.040097  0.002127
234  0.006835  0.025958  0.000721
235  -0.019893  0.016689  0.000674
236  0.026828  -0.149675  0.023122
237  -0.062156  0.052633  0.006634
238  -0.044051  -0.010926  0.002060
239  -0.042446  -0.017556  0.002110
240  0.069534  0.021057  0.005278
241  -0.004870  0.045363  0.002082
242  0.010457  0.057384  0.003402
243  -0.036449  0.016675  0.001607
244  -0.005040  -0.108814  0.011866
245  -0.032304  0.063792  0.005113
246  -0.056503  -0.005094  0.003218
247  0.040119  -0.051539  0.004266
248  -0.037266  -0.006115  0.001426
249  -0.021049  -0.118802  0.014557
250  -0.031063  0.011971  0.001108
251  -0.086247  0.000402  0.007439
252  -0.018172  0.069422  0.005150
253  0.166425  0.052199  0.030422
254  -0.038672  -0.054710  0.004489
255  0.080991  0.010768  0.006676
256  -0.207799  0.130001  0.060081
257  0.018507  -0.003477  0.000355
258  0.024139  -0.114868  0.013777
259  0.066981  0.076318  0.010311
260  0.008089  0.034871  0.001281
261  0.025146  -0.023112  0.001166
262  -0.056858  -0.058984  0.006712
263  -0.026392  -0.000459  0.000697
264  -0.004684  -0.049918  0.002514
265  0.051843  0.039126  0.004219
266  0.067682  -0.052037  0.007289
267  -0.069518  0.166337  0.032501
268  -0.111690  -0.016621  0.012751
269  -0.091927  -0.017366  0.008752
270  0.005776  -0.018826  0.000388
271  0.018719  0.009851  0.000447
272  0.004934  -0.030125  0.000932
273  0.063219  -0.013811  0.004187
274  -0.025305  -0.018900  0.000998
275  0.057773  0.052560  0.006100
276  -0.102613  -0.013603  0.010714
277  -0.036831  0.006967  0.001405
278  0.033372  0.089970  0.009208
279  0.010047  0.018486  0.000443
280  0.077520  0.028383  0.006815
281  0.007109  -0.047963  0.002351
282  0.061426  0.015291  0.004007
283  -0.044878  0.026029  0.002692
284  -0.016109  0.031824  0.001272
285  -0.020544  -0.033905  0.001572
286  0.005440  0.008597  0.000103
287  0.008836  -0.066584  0.004512
288  -0.011519  -0.025200  0.000768
289  -0.029984  -0.000061  0.000899
290  0.070283  -0.044708  0.006939
291  0.017151  0.033750  0.001433
292  -0.033794  -0.017009  0.001431
293  0.060101  0.006983  0.003661
294  0.015536  0.027683  0.001008
295  0.010935  0.103278  0.010786
296  -0.026671  -0.027220  0.001452
297  0.182485  -0.035166  0.034537
298  -0.052407  -0.064179  0.006865
299  -0.020401  0.053145  0.003241
300  -0.030308  0.031584  0.001916
301  -0.055995  0.041183  0.004831
302  -0.026295  0.093170  0.009372
303  -0.002961  -0.008166  0.000075
304  -0.042425  -0.059848  0.005382
305  0.008799  -0.004507  0.000098
306  0.009012  -0.127978  0.016459
307  -0.041370  0.000299  0.001712
308  -0.017704  0.043549  0.002210
309  -0.022744  -0.040059  0.002122
310  -0.034941  -0.048599  0.003583
311  -0.038868  0.001854  0.001514
312  -0.037532  0.065116  0.005649
313  -0.057972  0.026439  0.004060
314  0.036410  -0.048358  0.003664
315  0.007138  -0.035380  0.001303
316  -0.028990  0.063509  0.004874
317  -0.056022  0.004836  0.003162
318  0.021384  0.012893  0.000624
319  -0.027651  -0.010025  0.000865
320  -0.039051  0.001896  0.001529
321  0.005453  -0.021156  0.000477
322  -0.015488  0.025958  0.000914
323  0.001715  0.020793  0.000435
324  -0.078610  -0.014704  0.006396
325  -0.024326  0.041295  0.002297
326  -0.045609  -0.044903  0.004096
327  -0.020202  0.081349  0.007026
328  0.040919  -0.050429  0.004217
329  -0.004301  0.025244  0.000656
330  0.006196  0.080536  0.006524
331  -0.042448  0.018153  0.002131
332  -0.004399  -0.005110  0.000045
333  0.034453  -0.048233  0.003513
334  0.041723  -0.069083  0.006513
335  -0.024043  -0.041666  0.002314
336  -0.073041  -0.042503  0.007141
337  -0.055999  0.058480  0.006556
338  0.063729  -0.018982  0.004422
339  0.034034  -0.042104  0.002931
340  0.041458  0.021203  0.002168
341  0.008099  -0.034301  0.001242
342  -0.024096  -0.008142  0.000647
343  0.004841  0.035429  0.001279
344  -0.016396  -0.013166  0.000442
345  -0.046548  -0.000062  0.002167
346  0.062758  0.003335  0.003950
347  0.006925  0.021879  0.000527
348  0.064967  0.020182  0.004628
349  -0.016836  0.030618  0.001221
350  -0.033358  0.088697  0.008980
351  -0.000807  0.033216  0.001104
352  -0.071500  0.077978  0.011193
353  0.011617  -0.000037  0.000135
354  0.008921  -0.027755  0.000850
355  -0.004429  -0.010548  0.000131
356  0.003429  -0.020021  0.000413
357  0.023502  0.070922  0.005582
358  0.018930  -0.070213  0.005288
359  0.053720  0.024269  0.003475
360  0.021398  0.021449  0.000918
361  0.019629  -0.048889  0.002775
362  0.007720  -0.038413  0.001535
363  0.000112  0.021760  0.000473
364  0.019636  -0.001807  0.000389
365  -0.062205  -0.019878  0.004265
366  0.000150  -0.060677  0.003682
367  -0.004913  0.006061  0.000061
368  -0.022253  0.040497  0.002135
369  -0.026419  0.013119  0.000870
370  0.038069  0.024020  0.002026
371  0.048267  0.010629  0.002443
372  -0.025636  0.001963  0.000661
373  0.013500  0.061767  0.003997
374  -0.020446  -0.015982  0.000673
375  -0.025886  -0.032929  0.001754
376  -0.015394  -0.002625  0.000244
377  -0.010458  0.022144  0.000600
378  0.011701  0.025069  0.000765
379  -0.007756  -0.047198  0.002288
380  0.033132  -0.020817  0.001531
381  0.081491  0.004014  0.006657
382  -0.027967  -0.003720  0.000796
383  -0.042255  0.024955  0.002408
384  -0.003505  0.037778  0.001439
385  -0.005739  -0.010073  0.000134
386  -0.057402  0.030923  0.004251
387  0.002053  0.047087  0.002221
388  0.027462  -0.064278  0.004886
389  0.017027  0.031732  0.001297
390  -0.009528  -0.033103  0.001187
391  0.061015  0.030342  0.004643
392  0.034884  -0.037215  0.002602
393  0.055439  0.002756  0.003081
394  0.015978  0.056796  0.003481
395  0.020405  0.010095  0.000518
396  0.051724  -0.044906  0.004692
397  -0.029919  0.009634  0.000988
398  -0.032231  -0.012550  0.001196
399  0.050143  -0.055681  0.005615
400  -0.034784  -0.004095  0.001227
401  -0.003313  0.001058  0.000012
402  0.015529  -0.061550  0.004030
403  -0.000175  0.014089  0.000199
404  0.004488  -0.021241  0.000471
405  0.044687  -0.001770  0.002000
406  -0.001691  -0.047045  0.002216
407  -0.046236  0.033695  0.003273
408  0.004228  -0.030394  0.000942
409  0.012587  0.030425  0.001084
410  -0.022673  0.016832  0.000797
411  0.041567  0.033114  0.002824
412  0.020463  0.024090  0.000999
413  -0.004675  -0.008479  0.000094
414  0.017926  -0.010856  0.000439
415  0.059214  0.013388  0.003686
416  -0.011355  -0.002325  0.000134
417  -0.015054  0.030320  0.001146
418  -0.050314  -0.008054  0.002596
419  -0.033632  0.011644  0.001267
420  0.016241  0.010122  0.000366
421  0.014415  -0.032907  0.001291
422  0.000444  -0.011158  0.000125
423  0.005206  0.016339  0.000294
424  -0.015596  -0.027070  0.000976
425  0.015708  0.018117  0.000575
426  0.006165  -0.050563  0.002595
427  -0.005623  0.004042  0.000048
428  -0.023005  0.002900  0.000538
429  -0.028230  0.032165  0.001832
430  -0.019445  -0.020170  0.000785
431  -0.038153  0.017949  0.001778
432  -0.017316  -0.005963  0.000335
433  0.026108  0.048755  0.003059
434  -0.052962  -0.038609  0.004296
435  -0.001876  0.020161  0.000410
436  0.000945  -0.014506  0.000211
437  0.035151  -0.000582  0.001236
438  -0.017736  0.027366  0.001063
439  -0.000419  0.019555  0.000383
440  -0.021408  0.023734  0.001022
441  0.047060  0.014066  0.002412
442  0.022409  0.062715  0.004435
443  -0.001534  0.027559  0.000762
444  0.036348  0.045609  0.003401
445  -0.011416  0.034294  0.001306
446  0.018437  -0.014553  0.000552
447  0.008743  0.006242  0.000115
448  -0.022900  -0.012981  0.000693
449  0.045736  0.000588  0.002092
450  -0.017027  0.015280  0.000523
451  -0.014638  0.012453  0.000369
452  -0.016547  -0.006675  0.000318
453  0.010664  -0.042505  0.001920
454  0.034329  0.001579  0.001181
455  -0.014969  -0.029060  0.001069
456  -0.013321  -0.038529  0.001662
457  0.026169  0.020041  0.001086
458  -0.035126  0.026344  0.001928
459  0.013662  0.018905  0.000544
460  -0.029470  0.050063  0.003375
461  -0.004475  0.031430  0.001008
462  -0.055381  -0.001818  0.003070
463  0.013331  -0.004157  0.000195
464  0.014431  -0.034297  0.001385
465  0.012438  0.002365  0.000160
466  0.021867  -0.025872  0.001148
467  -0.064960  0.006972  0.004268
468  0.007609  0.021589  0.000524
469  -0.031501  0.008050  0.001057
470  -0.001727  0.001539  0.000005
471  0.005388  0.011104  0.000152
472  0.018273  -0.004037  0.000350
473  -0.004436  0.011785  0.000159
474  -0.055477  0.015510  0.003318
475  -0.009355  0.031958  0.001109
476  -0.012693  0.034622  0.001360
477  0.011911  -0.037445  0.001544
478  0.040918  -0.004811  0.001697
479  0.036568  0.002163  0.001342
480  -0.021519  0.008635  0.000538
481  -0.025539  -0.041826  0.002402
482  -0.008075  -0.023962  0.000639
483  -0.030333  -0.017561  0.001228
484  0.054478  0.009666  0.003061
485  -0.002643  -0.002801  0.000015
486  -0.012510  0.016137  0.000417
487  -0.001887  -0.006549  0.000046
488  0.089055  0.031102  0.008898
489  0.011873  0.048250  0.002469
490  -0.003700  0.021510  0.000476
491  0.006444  0.021933  0.000523
492  -0.011863  0.058719  0.003589
493  0.003848  -0.026891  0.000738
494  -0.038184  0.003221  0.001468
495  0.002907  0.073898  0.005469
496  -0.012301  0.009218  0.000236
497  0.015835  -0.012340  0.000403
498  -0.007646  -0.004585  0.000079
499  0.051940  0.033662  0.003831
500  -0.016560  0.001243  0.000276
501  0.025875  0.013979  0.000865
502  0.031356  0.032196  0.002020
503  0.001236  0.009449  0.000091
504  -0.055489  -0.029449  0.003946
505  0.041890  0.028537  0.002569
506  -0.036933  0.008168  0.001431
507  -0.005031  0.050413  0.002567
508  -0.026287  -0.030112  0.001598
509  0.018519  0.000287  0.000343
510  -0.005829  0.047911  0.002329
511  -0.086592  -0.002743  0.007506
512  -0.021710  -0.022339  0.000970
513  0.014178  0.019333  0.000575
514  0.043067  0.005883  0.001889
515  -0.021778  0.000196  0.000474
516  0.035437  0.005413  0.001285
517  -0.009961  -0.038748  0.001601
518  0.016553  0.001429  0.000276
519  0.052893  -0.029720  0.003681
520  -0.043693  0.034308  0.003086
521  -0.002561  -0.042408  0.001805
522  -0.014768  0.041442  0.001936
523  -0.027614  -0.021443  0.001222
524  -0.038015  0.014974  0.001669
525  0.009495  -0.007753  0.000150
526  0.014263  -0.039699  0.001779
527  0.001083  0.023656  0.000561
528  0.013696  -0.005247  0.000215
529  0.032421  -0.014135  0.001251
530  -0.025395  0.014930  0.000868
531  -0.020699  -0.067621  0.005001
532  0.027417  0.022663  0.001265
533  0.025725  0.036280  0.001978
534  0.032057  0.024521  0.001629
535  0.020615  0.010383  0.000533
536  -0.069466  0.001350  0.004827
537  -0.033614  -0.017355  0.001431
538  -0.013574  -0.021354  0.000640
539  -0.003594  0.036990  0.001381
540  0.043033  0.004997  0.001877
541  0.000602  0.001025  0.000001
542  -0.008879  0.002659  0.000086
543  -0.026594  0.037119  0.002085
544  -0.032219  0.054607  0.004020
545  0.022697  0.014497  0.000725
546  0.010445  -0.008277  0.000178
547  0.088404  0.003245  0.007826
548  -0.036341  0.037238  0.002707
549  0.048783  0.040472  0.004018
550  0.014873  0.024173  0.000806
551  -0.015149  -0.041605  0.001961
552  0.027196  0.018732  0.001091
553  0.009620  0.006140  0.000130
554  0.019819  0.013470  0.000574
555  -0.048596  0.005456  0.002391
556  0.007351  -0.051284  0.002684
557  0.000413  -0.011059  0.000122
558  0.013660  -0.042135  0.001962
559  -0.023400  -0.015641  0.000792
560  0.024604  -0.022634  0.001118
561  0.017979  -0.021904  0.000803
562  0.004887  -0.030005  0.000924
563  -0.059308  -0.031711  0.004523
564  -0.021349  -0.029522  0.001327
565  -0.010821  -0.017532  0.000424
566  0.020645  0.010092  0.000528
567  -0.019434  0.001830  0.000381
568  0.019282  0.030174  0.001282
569  0.036162  0.021511  0.001770
570  -0.035288  -0.013562  0.001429
571  -0.009481  0.017655  0.000402
572  -0.032207  0.021192  0.001486
573  -0.002064  0.009426  0.000093
574  0.028183  -0.016294  0.001060
575  -0.004041  -0.006887  0.000064
576  0.014598  0.017449  0.000518
577  0.034375  0.058632  0.004619
578  -0.050040  -0.007591  0.002562
579  0.020121  0.052933  0.003207
580  -0.016670  -0.018664  0.000626
581  0.009644  -0.019349  0.000467
582  -0.014312  0.056554  0.003403
583  0.018338  0.017088  0.000628
584  0.037684  0.004657  0.001442
585  -0.010338  -0.010976  0.000227
586  0.021082  0.023432  0.000994
587  -0.007613  0.004660  0.000080
588  -0.017966  0.058825  0.003783
589  -0.010279  0.026536  0.000810
590  0.012170  -0.014769  0.000366
591  -0.016014  0.056482  0.003447
592  -0.002005  0.008030  0.000068
593  -0.001122  -0.023122  0.000536
594  0.019994  -0.004135  0.000417
595  -0.005249  -0.022112  0.000516
596  0.010256  -0.023239  0.000645
597  -0.018531  -0.009265  0.000429
598  -0.036823  -0.003318  0.001367
599  -0.019249  -0.001486  0.000373
600  0.005517  -0.023544  0.000585
601  -0.022997  0.003890  0.000544
602  -0.005528  -0.049693  0.002500
603  0.005267  0.017951  0.000350
604  -0.018884  0.020767  0.000788
605  -0.019077  0.033299  0.001473
606  -0.008270  0.014968  0.000292
607  0.005265  -0.019133  0.000394
608  -0.000826  0.013312  0.000178
609  0.004746  0.002333  0.000028
610  -0.030449  -0.019844  0.001321
611  0.000001  0.046741  0.002185
612  0.007262  0.066999  0.004542
613  0.005987  0.037965  0.001477
614  0.039191  0.001487  0.001538
615  0.007794  0.026327  0.000754
616  0.034406  0.010477  0.001294
617  0.002064  -0.011114  0.000128
618  0.002636  0.042540  0.001817
619  -0.010652  -0.008443  0.000185
620  -0.019342  -0.041553  0.002101
621  -0.018416  0.004186  0.000357
622  -0.026153  -0.013651  0.000870
623  0.002208  0.003333  0.000016
624  -0.028636  -0.036500  0.002152
625  0.001940  0.028095  0.000793
626  -0.007800  -0.012219  0.000210
627  -0.022035  0.012266  0.000636
628  -0.006632  -0.005063  0.000070
629  0.017818  -0.009584  0.000409
630  0.018408  0.012989  0.000508
631  0.020164  -0.019675  0.000794
632  -0.004057  -0.016306  0.000282
633  0.014927  -0.004020  0.000239
634  0.032614  -0.015143  0.001293
635  -0.016723  -0.000258  0.000280
636  -0.001026  -0.029746  0.000886
637  0.025822  0.000782  0.000667
638  0.000572  -0.004678  0.000022
639  0.002978  -0.037750  0.001434
640  0.017345  -0.041897  0.002056
641  0.002009  -0.009507  0.000094
642  -0.051849  0.055136  0.005728
643  -0.022594  -0.000382  0.000511
644  0.027656  -0.004611  0.000786
645  -0.044851  -0.049639  0.004476
646  0.001358  0.045373  0.002061
647  -0.015993  0.018495  0.000598
648  0.034489  -0.044893  0.003205
649  -0.025908  -0.011568  0.000805
650  -0.011713  0.064307  0.004273
651  0.038293  0.022313  0.001964
652  -0.028583  -0.004010  0.000833
653  0.013854  -0.017120  0.000485
654  0.030856  -0.038688  0.002449
655  0.029466  0.021019  0.001310
656  -0.025960  -0.016381  0.000942
657  0.002608  0.015142  0.000236
658  -0.030675  -0.017253  0.001239
659  0.015216  0.006233  0.000270
660  0.002469  -0.005677  0.000038
661  0.031344  -0.007918  0.001045
662  -0.022387  -0.002621  0.000508
663  0.022838  0.004084  0.000538
664  -0.004205  0.034748  0.001225
665  -0.039435  -0.040520  0.003197
666  -0.028655  0.052440  0.003571
667  0.056258  -0.034712  0.004370
668  -0.033112  -0.019896  0.001492
669  -0.007177  0.023020  0.000581
670  0.003176  0.010907  0.000129
671  -0.013573  -0.011796  0.000323
672  -0.006853  -0.022241  0.000542
673  -0.007699  -0.006824  0.000106
674  -0.004362  0.021345  0.000475
675  0.010207  -0.002406  0.000110
676  0.010304  -0.029028  0.000949
677  0.014528  -0.011302  0.000339
678  0.008342  -0.000544  0.000070
679  -0.014560  -0.023675  0.000772
680  -0.012206  -0.015326  0.000384
681  0.012444  -0.040565  0.001800
682  -0.008850  0.009101  0.000161
683  -0.051722  0.004022  0.002691
684  0.031125  -0.029531  0.001841
685  -0.000943  0.031442  0.000989
686  -0.007737  -0.007551  0.000117
687  0.016075  0.031583  0.001256
688  -0.007914  0.008232  0.000130
689  -0.014209  0.021587  0.000668
690  0.023355  0.004799  0.000568
691  0.018037  0.005676  0.000358
692  0.002283  -0.008863  0.000084
693  0.001690  -0.003589  0.000016
694  -0.019363  0.016160  0.000636
695  0.014284  0.050503  0.002755
696  0.015654  -0.009170  0.000329
697  -0.025005  -0.000441  0.000625
698  -0.025759  0.011405  0.000794
699  -0.035323  -0.005042  0.001273
700  0.017179  0.007918  0.000358
701  -0.011033  0.025102  0.000752
702  -0.007576  -0.000329  0.000058
703  0.029496  -0.018509  0.001213
704  -0.029142  0.025422  0.001496
705  -0.000140  -0.032161  0.001034
706  0.016493  0.021806  0.000748
707  0.000815  -0.005479  0.000031
708  0.020562  -0.035941  0.001715
709  -0.007593  0.021602  0.000524
710  0.001660  0.022016  0.000487
711  0.009207  0.010274  0.000190
712  0.024151  -0.024713  0.001194
713  0.000323  -0.024288  0.000590
714  0.012953  0.002005  0.000172
715  -0.019913  -0.010770  0.000513
716  0.021414  0.025362  0.001102
717  0.010899  0.007374  0.000173
718  0.017440  -0.033573  0.001431
719  0.028709  -0.028325  0.001627
720  0.019249  -0.000720  0.000371
721  -0.013020  0.027724  0.000938
722  -0.002304  -0.039420  0.001559
723  -0.012353  0.051170  0.002771
724  0.000458  0.009710  0.000094
725  0.010118  -0.021672  0.000572
726  0.020224  -0.006969  0.000458
727  0.007423  -0.009963  0.000154
728  -0.029084  0.011021  0.000967
729  -0.002390  -0.007090  0.000056
730  0.022146  -0.016438  0.000761
731  0.038623  0.033046  0.002584
732  -0.005898  -0.042520  0.001843
733  0.036518  0.021159  0.001781
734  -0.043854  -0.001519  0.001926
735  0.001191  0.026986  0.000730
736  -0.016081  0.001189  0.000260
737  0.004176  0.012451  0.000172
738  -0.027047  -0.002681  0.000739
739  -0.055643  -0.008595  0.003170
740  0.000902  -0.016003  0.000257
741  -0.010665  0.031743  0.001121
742  0.000202  0.032590  0.001062
743  -0.034397  -0.004290  0.001202
744  0.003044  0.008585  0.000083
745  -0.015012  0.013728  0.000414
746  -0.007597  0.011080  0.000180
747  -0.012031  0.022759  0.000663
748  -0.012002  0.002678  0.000151
749  0.002498  0.017373  0.000308
750  -0.002024  0.006925  0.000052
751  -0.018928  0.002644  0.000365
752  0.000504  0.025159  0.000633
753  0.000707  0.029392  0.000864
754  0.021367  -0.012767  0.000620
755  -0.001266  -0.001772  0.000005
756  -0.015582  0.010149  0.000346
757  -0.013618  0.021024  0.000627
758  -0.023597  0.023627  0.001115
759  0.014116  -0.016258  0.000464
760  0.057956  -0.012807  0.003523
761  0.004564  -0.018495  0.000363
762  -0.023191  -0.007951  0.000601
763  -0.019767  0.023771  0.000956
764  0.007301  0.010968  0.000174
765  0.040222  0.023389  0.002165
766  -0.016250  -0.038084  0.001714
767  -0.021939  0.025273  0.001120
768  -0.008339  -0.032497  0.001126
769  0.018154  -0.022068  0.000817
770  -0.003807  -0.021834  0.000491
771  -0.011196  -0.007294  0.000179
772  0.009900  -0.015048  0.000324
773  -0.037410  -0.012255  0.001550
774  0.020380  0.023589  0.000972
775  -0.036448  -0.002003  0.001332
776  -0.014716  0.005557  0.000247
777  -0.004715  -0.001980  0.000026
778  -0.016933  -0.032410  0.001337
779  0.011329  -0.050391  0.002668
780  -0.006772  -0.042011  0.001811
781  -0.003314  -0.036608  0.001351
782  0.002159  0.013114  0.000177
783  -0.002171  -0.014448  0.000213
784  0.021658  0.036371  0.001792
785  -0.003725  -0.038950  0.001531
786  -0.012616  0.029410  0.001024
787  0.019266  0.000375  0.000371
788  0.000571  0.053899  0.002905
789  -0.002658  0.018418  0.000346
790  -0.007460  0.000676  0.000056
791  0.017792  0.001640  0.000319
792  0.027093  0.008362  0.000804
793  -0.008026  -0.049472  0.002512
794  -0.041276  -0.003832  0.001718
795  -0.010482  -0.007706  0.000169
796  0.015586  -0.014576  0.000455
797  0.013130  -0.003243  0.000183
798  -0.009597  0.012401  0.000246
799  0.028096  -0.007687  0.000848
800  0.008151  -0.006409  0.000108
801  0.026013  -0.008024  0.000741
802  -0.022336  0.014873  0.000720
803  0.001412  -0.009238  0.000087
804  0.034642  0.009937  0.001299
805  -0.040204  -0.010202  0.001720
806  -0.000764  -0.024941  0.000623
807  -0.005662  0.029511  0.000903
808  0.013850  0.004791  0.000215
809  -0.008228  -0.014825  0.000287
810  0.013004  -0.001255  0.000171
811  0.011942  0.037662  0.001561
812  0.015193  -0.034714  0.001436
813  0.003200  -0.015968  0.000265
814  0.046476  0.024978  0.002784
815  0.014595  -0.007206  0.000265
816  0.021445  0.009988  0.000560
817  0.001793  -0.018080  0.000330
818  0.070608  -0.007188  0.005037
819  -0.024871  -0.027661  0.001384
820  -0.006805  0.003969  0.000062
821  0.012604  -0.018290  0.000493
822  -0.004681  -0.010713  0.000137
823  -0.002667  -0.018015  0.000332
824  -0.004610  -0.044580  0.002009
825  0.034411  0.003357  0.001195
826  -0.001892  -0.048274  0.002334
827  -0.009716  -0.015936  0.000348
828  0.004745  -0.012347  0.000175
829  0.035735  -0.011335  0.001405
830  -0.028059  -0.006133  0.000825
831  0.020478  -0.004571  0.000440
832  -0.024513  0.010479  0.000711
833  0.001803  0.006330  0.000043
834  -0.002903  0.003942  0.000024
835  0.001046  -0.004599  0.000022
836  -0.037868  0.000499  0.001434
837  -0.015291  0.000573  0.000234
838  -0.022418  0.004641  0.000524
839  0.032090  0.005848  0.001064
840  0.012516  -0.041144  0.001849
841  -0.015613  0.010973  0.000364
842  0.004024  0.011940  0.000159
843  0.012785  0.012000  0.000307
844  -0.017681  0.011120  0.000436
845  -0.026035  -0.033553  0.001804
846  -0.008399  0.005125  0.000097
847  -0.041349  -0.003313  0.001721
848  -0.025342  -0.011321  0.000770
849  -0.024678  0.023696  0.001171
850  -0.035418  -0.002918  0.001263
851  0.018642  0.000269  0.000348
852  -0.028838  0.015773  0.001080
853  -0.013948  0.007862  0.000256
854  -0.004743  -0.030827  0.000973
855  -0.010005  0.015362  0.000336
856  -0.033428  0.017086  0.001409
857  -0.011796  -0.038620  0.001631
858  0.026839  -0.003492  0.000733
859  -0.009420  0.029699  0.000971
860  -0.020349  0.019900  0.000810
861  0.005727  0.028162  0.000826
862  -0.012003  -0.059861  0.003727
863  0.017258  0.021887  0.000777
864  -0.016102  0.001694  0.000262
865  0.007911  -0.006873  0.000110
866  -0.001077  -0.004410  0.000021
867  -0.026335  -0.011549  0.000827
868  -0.032864  0.004242  0.001098
869  -0.015351  -0.007719  0.000295
870  -0.000124  -0.029254  0.000856
871  0.007835  0.029391  0.000925
872  -0.000181  -0.017536  0.000308
873  -0.034370  0.006447  0.001223
874  0.009510  0.055943  0.003220
875  -0.011574  -0.002324  0.000139
876  0.020066  -0.012445  0.000558
877  0.001175  -0.011968  0.000145
878  -0.005961  0.000033  0.000036
879  0.039851  -0.023997  0.002164
880  -0.009181  -0.035850  0.001370
881  0.033116  -0.035492  0.002356
882  -0.006134  0.002426  0.000044
883  -0.020552  -0.039342  0.001970
884  0.028427  0.003342  0.000819
885  0.022510  0.033236  0.001611
886  0.007215  0.006089  0.000089
887  0.000895  -0.026995  0.000730
888  0.012161  -0.013840  0.000339
889  -0.021930  0.012144  0.000628
890  -0.019716  -0.010023  0.000489
891  -0.004000  -0.024110  0.000597
892  0.010437  -0.029893  0.001003
893  0.018972  0.016067  0.000618
894  -0.059862  -0.035262  0.004827
895  0.016378  -0.003106  0.000278
896  -0.004348  0.021455  0.000479
897  -0.006044  -0.007114  0.000087
898  -0.020776  -0.016356  0.000699
899  -0.015176  -0.004895  0.000254
900  0.060186  -0.013006  0.003792
901  -0.006985  0.005712  0.000081
902  -0.015060  0.029762  0.001113
903  -0.011922  0.006578  0.000185
904  0.025602  -0.037164  0.002037
905  -0.011074  -0.002225  0.000128
906  0.021587  0.009786  0.000562
907  -0.004472  0.001555  0.000022
908  0.016985  -0.029074  0.001134
909  0.045807  -0.005827  0.002132
910  0.032394  0.027837  0.001824
911  -0.029896  -0.010116  0.000996
912  -0.009342  0.025705  0.000748
913  0.014746  -0.037780  0.001645
914  -0.034131  0.000223  0.001165
915  -0.049901  0.003624  0.002503
916  0.026052  -0.004381  0.000698
917  0.036098  -0.009264  0.001389
918  -0.036216  -0.021665  0.001781
919  0.021583  -0.024315  0.001057
920  0.007840  0.020384  0.000477
921  0.024771  -0.042457  0.002416
922  -0.027516  0.031540  0.001752
923  0.025901  -0.046113  0.002797
924  0.054394  -0.007358  0.003013
925  -0.006239  -0.023312  0.000582
926  -0.003679  0.024700  0.000624
927  0.021817  -0.008792  0.000553
928  -0.020997  0.009750  0.000536
929  0.019088  0.016680  0.000643
930  -0.019218  -0.006670  0.000414
931  -0.001258  -0.021524  0.000465
932  0.012644  0.056448  0.003346
933  -0.022367  0.016254  0.000764
934  -0.035067  -0.013404  0.001409
935  -0.000017  -0.012760  0.000163
936  -0.003425  0.010343  0.000119
937  -0.003813  -0.040575  0.001661
938  -0.019374  0.039767  0.001957
939  -0.027381  -0.008297  0.000819
940  -0.008623  -0.015212  0.000306
941  -0.001267  0.029023  0.000844
942  0.013221  0.026858  0.000896
943  -0.013596  0.041747  0.001928
944  0.024071  -0.034605  0.001777
945  0.007826  0.018905  0.000419
946  -0.007270  0.025861  0.000722
947  0.008629  0.013539  0.000258
948  0.022424  -0.006387  0.000544
949  0.048628  0.002992  0.002374
950  -0.040390  0.021140  0.002078
951  -0.005386  0.023168  0.000566
952  -0.006681  -0.028902  0.000880
953  -0.003281  0.008622  0.000085
954  0.002957  0.012562  0.000167
955  0.012520  -0.020736  0.000587
956  -0.028897  0.012685  0.000996
957  0.025327  0.014400  0.000849
958  -0.011148  0.016224  0.000387
959  -0.020728  -0.036714  0.001778
960  0.024880  0.028150  0.001411
961  0.014492  -0.000120  0.000210
962  -0.025851  0.029263  0.001525
963  -0.004615  0.006403  0.000062
964  -0.033355  0.009339  0.001200
965  0.000734  0.016421  0.000270
966  -0.005849  0.001254  0.000036
967  0.037779  0.028058  0.002214
968  0.005698  -0.020588  0.000456
969  -0.007981  -0.003566  0.000076
970  -0.020433  0.034468  0.001606
971  -0.008755  -0.003321  0.000088
972  0.020391  -0.005203  0.000443
973  -0.014373  -0.009638  0.000299
974  -0.007916  0.002243  0.000068
975  0.031504  -0.014345  0.001198
976  0.003805  -0.007854  0.000076
977  -0.022328  -0.025476  0.001148
978  -0.010656  -0.014128  0.000313
979  0.029253  0.014241  0.001059
980  0.042022  0.021453  0.002226
981  0.015158  -0.012979  0.000398
982  -0.007821  -0.007497  0.000117
983  -0.004177  -0.015923  0.000271
984  0.019451  0.000844  0.000379
985  -0.010065  0.008646  0.000176
986  -0.024249  0.006101  0.000625
987  0.011791  -0.008889  0.000218
988  -0.025604  0.014134  0.000855
989  -0.005817  -0.011782  0.000173
990  0.008853  -0.035940  0.001370
991  0.024970  -0.008597  0.000697
992  -0.010608  0.005423  0.000142
993  0.030477  0.011578  0.001063
994  -0.009130  0.002656  0.000090
995  0.013489  0.022995  0.000711
996  0.041333  0.000877  0.001709
997  -0.006011  -0.015353  0.000272
998  0.015578  0.045851  0.002345
999  0.023669  -0.025754  0.001223
1000  -0.011482  -0.032404  0.001182
1001  -0.035873  0.018544  0.001631
1002  -0.002214  0.002009  0.000009
1003  0.006750  0.017252  0.000343
1004  0.027737  0.009811  0.000866
1005  0.005977  0.047504  0.002292
1006  0.037435  0.013598  0.001586
1007  -0.031933  -0.023171  0.001557
1008  -0.044117  0.001010  0.001947
1009  0.032997  0.036117  0.002393
1010  -0.002854  -0.006497  0.000050
1011  -0.038424  -0.006626  0.001520
1012  0.029615  0.013350  0.001055
1013  0.027655  0.021326  0.001220
1014  0.015157  -0.002027  0.000234
1015  -0.011284  0.003674  0.000141
1016  -0.041689  -0.004708  0.001760
1017  0.004478  0.010993  0.000141
1018  0.007008  -0.001260  0.000051
1019  0.022155  0.006907  0.000539
1020  0.004120  -0.006726  0.000062
1021  -0.010056  0.024660  0.000709
1022  -0.002229  0.068742  0.004730
1023  -0.023887  -0.030688  0.001512
1024  0.009091  -0.027891  0.000861
1025  -0.010477  -0.012286  0.000261
1026  -0.002632  0.029802  0.000895
1027  0.006472  0.028633  0.000862
1028  -0.004268  0.003133  0.000028
1029  -0.005650  0.048742  0.002408
1030  0.049254  0.005937  0.002461
1031  0.016865  -0.017999  0.000608
1032  0.004422  -0.021881  0.000498
1033  0.006603  -0.010794  0.000160
1034  0.012427  0.004337  0.000173
1035  0.011133  0.016058  0.000382
1036  0.008538  0.025090  0.000702
1037  0.010850  -0.036501  0.001450
1038  -0.017411  0.017376  0.000605
1039  -0.021517  0.016547  0.000737
1040  -0.018281  -0.022454  0.000838
1041  -0.009169  0.027754  0.000854
1042  -0.006618  0.013472  0.000225
1043  -0.017804  -0.007655  0.000376
1044  0.000757  -0.012795  0.000164
1045  0.005114  -0.012046  0.000171
1046  0.014419  0.035047  0.001436
1047  -0.031735  -0.007283  0.001060
1048  -0.007104  -0.023794  0.000617
1049  0.015836  0.001941  0.000255
1050  0.032257  0.030513  0.001972
1051  0.020130  -0.007089  0.000455
1052  0.054320  0.018657  0.003299
1053  0.005787  0.022375  0.000534
1054  -0.021621  0.022814  0.000988
1055  -0.011707  0.018250  0.000470
1056  -0.032042  0.021484  0.001488
1057  0.027784  0.010508  0.000882
1058  0.017965  0.018716  0.000673
1059  -0.025223  0.014960  0.000860
1060  -0.007128  -0.008260  0.000119
1061  0.018767  0.021684  0.000822
1062  -0.014380  -0.018034  0.000532
1063  -0.016393  -0.010712  0.000383
1064  -0.031316  -0.009947  0.001080
1065  0.018547  -0.007924  0.000407
1066  0.026228  0.022052  0.001174
1067  -0.022285  -0.014868  0.000718
1068  -0.029325  0.019976  0.001259
1069  -0.030467  -0.044590  0.002916
1070  0.012482  0.013478  0.000337
1071  -0.004384  -0.002479  0.000025
1072  0.007158  0.056249  0.003215
1073  -0.012414  -0.033668  0.001288
1074  0.042220  0.025967  0.002457
1075  0.015392  -0.029878  0.001130
1076  0.018400  0.025395  0.000983
1077  -0.015974  0.010738  0.000370
1078  0.002343  -0.014090  0.000204
1079  -0.005741  -0.026330  0.000726
1080  -0.020466  -0.028062  0.001206
1081  0.000561  0.011925  0.000143
1082  0.007207  0.014977  0.000276
1083  0.003560  0.020625  0.000438
1084  0.006877  0.017825  0.000365
1085  0.014888  0.007426  0.000277
1086  -0.017818  -0.002193  0.000322
1087  -0.040553  0.004183  0.001662
1088  -0.005648  0.008298  0.000101
1089  0.020670  0.002399  0.000433
1090  -0.021852  -0.015821  0.000728
1091  -0.033616  0.022878  0.001653
1092  -0.008876  -0.002392  0.000085
1093  0.009342  0.022343  0.000586
1094  0.016345  -0.005731  0.000300
1095  -0.024853  -0.035196  0.001856
1096  0.014011  -0.013665  0.000383
1097  0.006325  -0.002466  0.000046
1098  0.047530  -0.014320  0.002464
1099  -0.038973  -0.011115  0.001642
1100  0.007267  0.021133  0.000499
1101  -0.016771  -0.030464  0.001209
1102  0.011239  0.018681  0.000475
1103  -0.021970  0.009043  0.000564
1104  0.025556  0.010372  0.000761
1105  -0.021296  0.036242  0.001767
1106  0.007624  -0.025680  0.000718
1107  0.006525  -0.021850  0.000520
1108  0.007571  0.012933  0.000225
1109  -0.004173  -0.001330  0.000019
1110  -0.036225  0.021116  0.001758
1111  0.000784  0.046594  0.002172
1112  -0.001188  -0.011707  0.000138
1113  -0.006051  -0.010947  0.000156
1114  -0.007219  0.017367  0.000354
1115  -0.019057  -0.020155  0.000769
1116  0.042126  0.035491  0.003034
1117  0.004709  -0.010551  0.000133
1118  0.052276  -0.025654  0.003391
1119  -0.024395  -0.031293  0.001574
1120  -0.006188  -0.039493  0.001598
1121  -0.022049  -0.061748  0.004299
1122  0.014840  -0.000258  0.000220
1123  0.002995  0.010630  0.000122
1124  -0.003703  -0.000232  0.000014
1125  -0.017991  -0.000298  0.000324
1126  -0.033139  -0.012999  0.001267
1127  -0.041912  0.011026  0.001878
1128  0.014372  -0.001510  0.000209
1129  0.025821  -0.033027  0.001758
1130  -0.005897  -0.010678  0.000149
1131  0.002906  0.028901  0.000844
1132  0.009663  0.011391  0.000223
1133  -0.035167  0.017895  0.001557
1134  -0.019744  0.033375  0.001504
1135  -0.009509  -0.020758  0.000521
1136  -0.016837  0.037824  0.001714
1137  0.007104  0.000440  0.000051
1138  0.042309  0.014282  0.001994
1139  0.040282  -0.027422  0.002375
1140  0.010764  -0.028346  0.000919
1141  -0.014351  -0.001327  0.000208
1142  -0.001418  -0.004407  0.000021
1143  -0.004991  -0.002538  0.000031
1144  -0.014982  -0.033092  0.001320
1145  -0.022237  0.007260  0.000547
1146  0.007124  -0.005872  0.000085
1147  -0.012618  -0.012311  0.000311
1148  -0.014018  -0.047718  0.002474
1149  0.012104  0.041177  0.001842
1150  -0.004910  0.001199  0.000026
1151  0.031717  0.015116  0.001234
1152  -0.001938  0.024477  0.000603
1153  0.004162  0.033870  0.001165
1154  -0.005702  0.008323  0.000102
1155  -0.002854  0.007563  0.000065
1156  -0.006269  -0.010126  0.000142
1157  0.020096  -0.025919  0.001076
1158  0.005845  -0.000345  0.000034
1159  -0.007432  -0.010475  0.000165
1160  -0.004652  -0.000766  0.000022
1161  0.050942  -0.014571  0.002807
1162  -0.060303  -0.004849  0.003660
1163  0.000326  0.043272  0.001873
1164  0.017552  -0.004447  0.000328
1165  -0.036023  -0.015241  0.001530
1166  -0.022871  -0.029750  0.001408
1167  -0.032693  -0.000150  0.001069
1168  -0.003879  0.026457  0.000715
1169  0.021062  -0.019563  0.000826
1170  0.027621  0.031074  0.001729
1171  0.002981  -0.012836  0.000174
1172  0.006937  0.004680  0.000070
1173  -0.015475  0.002642  0.000246
1174  -0.002626  -0.020753  0.000438
1175  0.053851  0.021340  0.003355
1176  0.015536  -0.014029  0.000438
1177  0.007816  -0.007941  0.000124
1178  -0.029637  -0.003525  0.000891
1179  -0.010867  0.034989  0.001342
1180  0.012369  -0.009696  0.000247
1181  -0.024495  0.007573  0.000657
1182  -0.016087  -0.001280  0.000260
1183  -0.035234  -0.012690  0.001402
1184  -0.003442  -0.028380  0.000817
1185  -0.009744  0.030943  0.001052
1186  0.011378  0.001489  0.000132
1187  0.001169  0.025712  0.000662
1188  0.005190  -0.020721  0.000456
1189  0.010642  0.017710  0.000427
1190  -0.007143  0.004709  0.000073
1191  -0.034197  0.051957  0.003869
1192  0.002278  0.010655  0.000119
1193  0.036786  0.025680  0.002013
1194  0.005636  0.017037  0.000322
1195  -0.022579  0.021998  0.000994
1196  0.016611  -0.017023  0.000566
1197  0.029040  0.018256  0.001177
1198  -0.056286  -0.024565  0.003772
1199  0.027138  0.025275  0.001375
1200  0.035644  -0.027664  0.002036
1201  -0.034670  -0.006633  0.001246
1202  -0.011332  0.028308  0.000930
1203  -0.006048  0.028912  0.000873
1204  0.019288  -0.018522  0.000715
1205  0.003431  -0.033776  0.001153
1206  0.016083  0.014995  0.000484
1207  -0.009863  0.038538  0.001582
1208  -0.007636  0.035377  0.001310
1209  0.012013  0.012762  0.000307
1210  -0.021413  0.002284  0.000464
1211  -0.009207  0.000826  0.000085
1212  0.015671  0.004662  0.000267
1213  0.025572  0.014078  0.000852
1214  -0.031650  0.000203  0.001002
1215  -0.034792  0.036087  0.002513
1216  -0.013614  0.029072  0.001031
1217  -0.012566  -0.005842  0.000192
1218  0.024329  -0.036074  0.001893
1219  -0.026176  0.001250  0.000687
1220  -0.004116  -0.041526  0.001741
1221  0.014858  -0.025798  0.000886
1222  -0.017301  0.013075  0.000470
1223  0.008885  0.017105  0.000372
1224  0.021798  -0.042715  0.002300
1225  0.020732  0.015558  0.000672
1226  -0.006717  0.026693  0.000758
1227  -0.026092  -0.012499  0.000837
1228  0.025590  0.001530  0.000657
1229  0.019157  -0.056633  0.003574
1230  -0.007672  0.000781  0.000059
1231  -0.030561  0.026232  0.001622
1232  -0.018062  -0.009564  0.000418
1233  0.005614  -0.044666  0.002027
1234  0.004072  0.019904  0.000413
1235  -0.010555  -0.026810  0.000830
1236  -0.007945  -0.001304  0.000065
1237  0.013711  0.011369  0.000317
1238  0.002077  0.000661  0.000005
1239  0.028029  0.004168  0.000803
1240  -0.000743  -0.028853  0.000833
1241  -0.036995  0.017944  0.001691
1242  0.005799  0.040410  0.001667
1243  0.000405  -0.002828  0.000008
1244  -0.012469  0.026828  0.000875
1245  -0.003996  -0.006661  0.000060
1246  -0.013008  0.014243  0.000372
1247  -0.031974  0.023643  0.001581
1248  0.021284  -0.053907  0.003359
1249  0.015376  -0.023301  0.000779
1250  -0.009583  0.019230  0.000462
1251  -0.048676  0.008902  0.002449
1252  0.035549  -0.047465  0.003517
1253  0.029637  -0.030218  0.001791
1254  -0.001239  0.050906  0.002593
1255  0.013361  0.022401  0.000680
1256  0.007663  -0.010013  0.000159
1257  -0.004043  0.020166  0.000423
1258  0.036594  0.025515  0.001990
1259  0.010828  0.026057  0.000796
1260  0.015111  -0.010173  0.000332
1261  -0.027482  0.017310  0.001055
1262  -0.016977  -0.001292  0.000290
1263  0.028342  0.014318  0.001008
1264  0.019038  0.005145  0.000389
1265  -0.002347  -0.003338  0.000017
1266  0.013955  0.003688  0.000208
1267  0.011636  -0.019314  0.000508
1268  0.020487  0.010154  0.000523
1269  -0.011567  -0.006842  0.000181
1270  0.039593  -0.063971  0.005660
1271  0.012951  0.008467  0.000239
1272  0.022466  0.024314  0.001096
1273  -0.021884  -0.008388  0.000549
1274  0.020638  0.000933  0.000427
1275  0.024595  -0.066472  0.005023
1276  -0.001597  0.017646  0.000314
1277  0.020038  0.008969  0.000482
1278  0.024710  0.008380  0.000681
1279  0.002775  -0.035328  0.001256
1280  0.016691  0.022672  0.000793
1281  0.023474  0.038001  0.001995
1282  -0.000362  -0.015574  0.000243
1283  0.029455  -0.017682  0.001180
1284  0.026031  0.049351  0.003113
1285  -0.029124  -0.020829  0.001282
1286  -0.004189  0.006026  0.000054
1287  0.033424  -0.011641  0.001253
1288  -0.010820  -0.030000  0.001017
1289  -0.000722  0.001507  0.000003
1290  0.013211  0.018270  0.000508
1291  -0.036097  -0.013498  0.001485
1292  0.036304  0.027928  0.002098
1293  0.031504  0.021150  0.001440
1294  -0.023582  0.011147  0.000680
1295  -0.002988  0.011322  0.000137
1296  -0.043952  -0.002366  0.001937
1297  -0.007519  0.018468  0.000398
1298  -0.010301  0.008511  0.000179
1299  -0.006284  0.047610  0.002306
1300  -0.002062  -0.019904  0.000400
1301  0.034680  -0.006607  0.001246
1302  -0.015908  0.032476  0.001308
1303  -0.001774  0.010417  0.000112
1304  0.002197  0.043514  0.001898
1305  -0.016157  -0.020385  0.000677
1306  0.010700  0.007751  0.000175
1307  -0.019807  -0.006711  0.000437
1308  0.086131  0.010749  0.007534
1309  -0.026564  -0.040492  0.002345
1310  0.030027  -0.010816  0.001019
1311  0.016487  -0.012482  0.000428
1312  0.004770  0.013367  0.000201
1313  -0.030394  0.025108  0.001554
1314  0.011104  -0.025336  0.000765
1315  -0.015229  0.011177  0.000357
1316  0.027317  0.019256  0.001117
1317  0.029924  0.005857  0.000930
1318  0.074680  0.022250  0.006072
1319  -0.018268  0.032158  0.001368
1320  -0.007025  -0.002301  0.000055
1321  -0.009950  0.034912  0.001318
1322  -0.046956  0.015582  0.002448
1323  -0.016083  -0.007476  0.000315
1324  -0.019561  -0.060998  0.004103
1325  0.027513  0.009452  0.000846
1326  0.039592  0.014820  0.001787
1327  0.006111  0.004033  0.000054
1328  -0.010198  -0.019237  0.000474
1329  0.017539  -0.007835  0.000369
1330  0.006965  -0.039925  0.001643
1331  0.049252  -0.007646  0.002484
1332  -0.044327  0.062369  0.005855
1333  -0.018940  -0.020628  0.000784
1334  -0.001897  -0.005926  0.000039
1335  0.042088  0.013797  0.001962
1336  0.045493  0.008532  0.002142
1337  -0.017946  0.000986  0.000323
1338  -0.001688  -0.022522  0.000510
1339  -0.021259  -0.002603  0.000459
1340  0.038002  0.005038  0.001470
1341  0.009877  0.006071  0.000134
1342  0.003659  0.021332  0.000468
1343  0.010673  0.036127  0.001419
1344  0.029545  0.011084  0.000996
1345  -0.008908  0.002372  0.000085
1346  0.027885  0.025377  0.001422
1347  -0.008666  0.038582  0.001564
1348  0.002240  -0.015660  0.000250
1349  -0.000651  0.000832  0.000001
1350  0.004845  0.014248  0.000226
1351  -0.003211  -0.038485  0.001491
1352  0.031187  -0.023787  0.001538
1353  0.035461  -0.011015  0.001379
1354  0.009619  -0.013936  0.000287
1355  0.017694  -0.025499  0.000963
1356  0.040564  0.019090  0.002010
1357  -0.020007  -0.005307  0.000428
1358  -0.003119  0.004337  0.000029
1359  -0.019505  0.014816  0.000600
1360  -0.030510  0.021509  0.001393
1361  0.026297  0.029534  0.001564
1362  0.049908  -0.028725  0.003316
1363  -0.001472  -0.011466  0.000134
1364  -0.007905  0.016583  0.000338
1365  0.003384  -0.002030  0.000016
1366  0.009698  -0.006310  0.000134
1367  -0.010812  0.051613  0.002781
1368  0.001226  -0.024088  0.000582
1369  -0.000490  -0.016018  0.000257
1370  0.024785  -0.003905  0.000630
1371  -0.031988  0.054168  0.003957
1372  0.001880  -0.052140  0.002722
1373  -0.007898  0.021420  0.000521
1374  0.046189  0.022189  0.002626
1375  0.003772  -0.025980  0.000689
1376  0.012104  0.024914  0.000767
1377  -0.017982  -0.033545  0.001449
1378  -0.002914  0.002813  0.000016
1379  0.037878  -0.063713  0.005494
1380  0.051828  -0.005270  0.002714
1381  0.056780  -0.038404  0.004699
1382  0.016576  0.009769  0.000370
1383  0.005150  0.012481  0.000182
1384  0.027250  -0.023146  0.001278
1385  0.007093  0.007147  0.000101
1386  0.019845  0.007388  0.000448
1387  -0.031975  0.044606  0.003012
1388  0.013829  -0.026247  0.000880
1389  -0.049246  0.038150  0.003881
1390  -0.009929  0.009810  0.000195
1391  0.009486  -0.013615  0.000275
1392  0.046061  0.007772  0.002182
1393  0.024521  0.028365  0.001406
1394  -0.025269  -0.002341  0.000644
1395  -0.011356  -0.037520  0.001537
1396  0.004724  0.005527  0.000053
1397  0.024754  -0.045437  0.002677
1398  -0.037106  0.025561  0.002030
1399  -0.009835  0.010560  0.000208
1400  -0.022565  0.005149  0.000536
1401  -0.039213  -0.019003  0.001899
1402  0.014266  -0.023710  0.000766
1403  -0.004216  0.012229  0.000167
1404  -0.035673  0.010463  0.001382
1405  0.029935  0.012605  0.001055
1406  -0.017192  -0.000681  0.000296
1407  0.004595  -0.027881  0.000798
1408  0.048868  0.003367  0.002399
1409  -0.018681  0.026275  0.001039
1410  0.021282  -0.016494  0.000725
1411  -0.006223  0.061877  0.003867
1412  0.020866  -0.001305  0.000437
1413  -0.043174  -0.029818  0.002753
1414  0.025435  -0.004006  0.000663
1415  0.011985  -0.020071  0.000546
1416  0.005600  0.020350  0.000445
1417  0.024906  -0.022672  0.001134
1418  0.028631  0.014628  0.001034
1419  -0.012377  -0.000691  0.000154
1420  0.007658  -0.003652  0.000072
1421  -0.035511  -0.035295  0.002507
1422  -0.018402  -0.027387  0.001089
1423  0.007690  -0.006782  0.000105
1424  0.016916  0.008160  0.000353
1425  0.046657  -0.013617  0.002362
1426  -0.008800  -0.013808  0.000268
1427  0.025837  0.014800  0.000887
1428  0.062980  0.012837  0.004131
1429  0.010425  0.048549  0.002466
1430  0.027183  -0.023559  0.001294
1431  0.022180  0.000904  0.000493
1432  0.057227  0.045315  0.005328
1433  0.000024  -0.007170  0.000051
1434  0.033376  -0.005764  0.001147
1435  0.023647  -0.009640  0.000652
1436  0.015378  -0.003130  0.000246
1437  0.008414  -0.003725  0.000085
1438  0.035077  0.015060  0.001457
1439  -0.038343  -0.008943  0.001550
1440  0.011778  0.004194  0.000156
1441  -0.011068  0.014046  0.000320
1442  0.047333  0.014262  0.002444
1443  -0.023040  -0.022560  0.001040
1444  0.018029  0.041328  0.002033
1445  0.004587  -0.035393  0.001274
1446  -0.050363  -0.009436  0.002625
1447  0.036454  0.035389  0.002581
1448  -0.019121  -0.052092  0.003079
1449  0.002352  0.020070  0.000408
1450  0.044827  -0.029974  0.002908
1451  0.026031  -0.014352  0.000884
1452  -0.004464  0.014002  0.000216
1453  0.026833  0.008153  0.000786
1454  0.022629  0.003875  0.000527
1455  0.041113  -0.031296  0.002670
1456  -0.021512  0.011000  0.000584
1457  0.005210  -0.031410  0.001014
1458  -0.046288  0.016931  0.002429
1459  -0.005229  0.009464  0.000117
1460  0.008136  0.017002  0.000355
1461  0.005016  -0.031020  0.000987
1462  -0.050466  -0.027487  0.003302
1463  -0.050616  0.022699  0.003077
1464  -0.020255  -0.047916  0.002706
1465  -0.008999  0.008933  0.000161
1466  0.002051  -0.020593  0.000428
1467  -0.006945  -0.053063  0.002864
1468  0.007473  0.013232  0.000231
1469  -0.043471  0.023236  0.002430
1470  0.023510  -0.033616  0.001683
1471  0.037621  0.058927  0.004888
1472  -0.035478  0.045052  0.003288
1473  -0.004548  0.022239  0.000515
1474  0.034769  -0.020353  0.001623
1475  -0.023331  0.003715  0.000558
1476  0.031669  -0.024045  0.001581
1477  0.012805  -0.003662  0.000177
1478  -0.023441  -0.012893  0.000716
1479  -0.020432  -0.030651  0.001357
1480  -0.013957  -0.001948  0.000199
1481  0.028574  0.041305  0.002523
1482  0.000819  0.023649  0.000560
1483  0.026840  -0.015372  0.000957
1484  -0.054652  0.018386  0.003325
1485  0.013001  -0.019114  0.000534
1486  -0.011215  -0.019035  0.000488
1487  0.029938  -0.026887  0.001619
1488  0.059675  0.003906  0.003576
1489  0.030700  0.000627  0.000943
1490  -0.016838  -0.019810  0.000676
1491  -0.050908  0.025971  0.003266
1492  -0.028178  0.008795  0.000871
1493  -0.004820  0.004933  0.000048
1494  0.026336  0.045741  0.002786
1495  -0.009859  0.037383  0.001495
1496  0.008805  -0.004388  0.000097
1497  -0.014104  -0.057855  0.003546
1498  -0.015010  0.026290  0.000916
1499  -0.038016  0.039961  0.003042
1500  0.067035  0.030540  0.005426
1501  -0.037617  -0.023473  0.001966
1502  0.016744  -0.003356  0.000292
1503  -0.009081  -0.006500  0.000125
1504  -0.008444  -0.013793  0.000262
1505  0.059480  0.008427  0.003609
1506  0.033405  0.055321  0.004176
1507  0.013793  -0.008918  0.000270
1508  0.026297  0.026900  0.001415
1509  0.000616  -0.009908  0.000099
1510  -0.022280  0.013246  0.000672
1511  0.044953  0.044919  0.004038
1512  -0.010745  -0.075668  0.005841
1513  -0.071242  -0.002614  0.005082
1514  -0.018185  0.013451  0.000512
1515  0.004612  -0.029347  0.000883
1516  0.020844  0.031171  0.001406
1517  -0.038108  0.004004  0.001468
1518  -0.020215  0.017227  0.000705
1519  -0.013112  -0.021145  0.000619
1520  0.000061  0.030084  0.000905
1521  0.008177  0.023500  0.000619
1522  -0.014523  0.048020  0.002517
1523  0.013653  0.002888  0.000195
1524  -0.042572  0.007088  0.001863
1525  0.020175  -0.056934  0.003649
1526  0.008701  -0.007833  0.000137
1527  0.024369  -0.009586  0.000686
1528  0.065550  0.033649  0.005429
1529  -0.046471  0.005580  0.002191
1530  -0.002129  0.037352  0.001400
1531  -0.030564  -0.019005  0.001295
1532  0.010669  0.023795  0.000680
1533  0.005523  0.040315  0.001656
1534  -0.011425  -0.000982  0.000131
1535  0.027246  -0.075357  0.006421
1536  -0.063467  -0.000807  0.004029
1537  0.028889  0.046314  0.002980
1538  -0.008134  -0.035346  0.001316
1539  -0.044601  0.028859  0.002822
1540  -0.057070  -0.042746  0.005084
1541  0.001978  -0.031950  0.001025
1542  -0.019098  0.004479  0.000385
1543  0.047227  0.014876  0.002452
1544  0.067087  0.007439  0.004556
1545  -0.002787  0.028826  0.000839
1546  -0.018395  -0.044633  0.002330
1547  0.008292  0.047191  0.002296
1548  -0.038475  0.011366  0.001610
1549  -0.077114  0.000858  0.005947
1550  0.026171  -0.007839  0.000746
1551  -0.022469  -0.008065  0.000570
1552  0.063515  0.000579  0.004035
1553  -0.076440  -0.030645  0.006782
1554  -0.000560  0.061742  0.003812
1555  -0.046857  -0.002074  0.002200
1556  -0.021909  0.026545  0.001185
1557  0.069180  -0.042135  0.006561
1558  0.025058  -0.001560  0.000630
1559  -0.055980  0.001374  0.003136
1560  0.027652  0.016792  0.001047
1561  -0.042277  0.031095  0.002754
1562  -0.019295  -0.031089  0.001339
1563  0.031579  0.050191  0.003516
1564  -0.037558  0.013746  0.001600
1565  0.043590  0.013664  0.002087
1566  -0.037554  -0.025595  0.002065
1567  -0.023463  0.008579  0.000624
1568  -0.011732  0.023114  0.000672
1569  -0.098197  0.045728  0.011734
1570  0.022072  0.010591  0.000599
1571  0.009374  0.008601  0.000162
1572  0.029359  -0.004387  0.000881
1573  0.006698  -0.044112  0.001991
1574  -0.030379  -0.033054  0.002015
1575  0.000871  0.002357  0.000006
1576  0.011636  -0.014091  0.000334
1577  0.009908  -0.002562  0.000105
1578  0.009153  0.039086  0.001612
1579  -0.012618  0.000033  0.000159
1580  -0.058533  0.002569  0.003433
1581  0.047366  -0.033965  0.003397
1582  0.007024  0.004836  0.000073
1583  0.009781  -0.012844  0.000261
1584  -0.014626  -0.035919  0.001504
1585  -0.006636  0.031373  0.001028
1586  0.009865  -0.056679  0.003310
1587  0.020809  -0.014352  0.000639
1588  0.015340  0.047551  0.002496
1589  0.041590  0.039358  0.003279
1590  -0.005731  -0.047387  0.002278
1591  0.012310  0.012292  0.000303
1592  -0.025256  -0.066862  0.005108
1593  -0.023719  -0.021997  0.001046
1594  -0.137626  -0.046969  0.021147
1595  0.008348  0.031719  0.001076
1596  0.027104  -0.024186  0.001320
1597  -0.006557  0.068423  0.004725
1598  0.046066  -0.068584  0.006826
1599  -0.006759  -0.005405  0.000075
1600  -0.019053  0.048634  0.002728
1601  0.024516  0.043226  0.002469
1602  0.007222  -0.037070  0.001426
1603  -0.028621  -0.003250  0.000830
1604  -0.122472  0.011105  0.015123
1605  0.038833  -0.026987  0.002236
1606  -0.006677  0.043141  0.001906
1607  0.049129  0.011294  0.002541
1608  0.004802  -0.077802  0.006076
1609  -0.033792  0.026834  0.001862
1610  0.060463  0.025475  0.004305
1611  -0.062397  0.011293  0.004021
1612  0.024581  0.034219  0.001775
1613  0.006582  -0.076868  0.005952
1614  -0.005209  0.041955  0.001787
1615  -0.008516  0.009561  0.000164
1616  0.085479  -0.029041  0.008150
1617  -0.057429  0.008185  0.003365
1618  -0.075820  0.013586  0.005933
1619  -0.022316  0.035650  0.001769
1620  -0.043868  -0.057700  0.005254
1621  -0.080519  0.007814  0.006544
1622  -0.035616  -0.067580  0.005836
1623  0.062110  0.022577  0.004367
1624  0.108141  0.038362  0.013166
1625  0.035399  0.014801  0.001472
1626  0.015757  -0.041976  0.002010
1627  0.013281  -0.035260  0.001420
1628  0.083746  0.071287  0.012095
1629  -0.105226  0.031036  0.012036
1630  0.001134  -0.074124  0.005496
1631  -0.016501  -0.053926  0.003180
1632  0.011337  0.003857  0.000143
1633  0.082883  -0.009952  0.006969
1634  -0.019508  0.082220  0.007141
1635  -0.122398  -0.090947  0.023253
1636  0.122876  -0.010320  0.015205
1637  0.036127  0.024486  0.001905
1638  -0.054746  0.061175  0.006739
1639  -0.056669  0.066110  0.007582
1640  -0.024270  0.097787  0.010151
1641  -0.015194  0.036660  0.001575
1642  0.030412  -0.087226  0.008533
1643  0.078556  0.024828  0.006787
1644  0.019696  0.044178  0.002340
1645  0.017037  -0.049900  0.002780
1646  -0.036492  -0.031749  0.002340
1647  -0.050407  0.034045  0.003700
1648  0.057456  -0.058804  0.006759
1649  0.008873  -0.035763  0.001358
1650  0.051296  -0.099309  0.012493
1651  -0.124093  -0.033405  0.016515
1652  -0.005842  -0.036093  0.001337
1653  -0.005411  0.125630  0.015812
1654  -0.112848  0.004015  0.012751
1655  0.043847  0.127368  0.018145
1656  -0.005691  0.031299  0.001012
1657  -0.135190  0.053343  0.021122
1658  0.004284  -0.133824  0.017927
1659  -0.015277  -0.012065  0.000379
1660  0.035692  0.005193  0.001301
1661  -0.063607  -0.077276  0.010017
1662  -0.005945  -0.060865  0.003740
1663  0.009725  -0.039062  0.001620
1664  0.054095  0.084402  0.010050
1665  0.094365  0.028587  0.009722
1666  -0.093371  0.090147  0.016845
1667  -0.020002  0.049778  0.002878
1668  0.021400  0.034719  0.001663
1669  -0.044945  0.009780  0.002116
1670  0.073125  -0.076503  0.011200
1671  0.022180  0.099700  0.010432
1672  -0.092402  0.060561  0.012206
1673  0.004907  -0.061038  0.003750
1674  0.057985  0.030209  0.004275
1675  -0.047191  -0.082800  0.009083
1676  0.006845  -0.008510  0.000119
1677  -0.000135  -0.025362  0.000643
1678  -0.094136  -0.057189  0.012132
1679  0.039191  -0.069847  0.006415
1680  0.034009  -0.051215  0.003780
1681  -0.046462  0.098996  0.011959
1682  -0.038109  0.000972  0.001453
1683  -0.050503  0.196972  0.041348
1684  0.154143  -0.084183  0.030847
1685  0.016164  0.017772  0.000577
1686  0.038457  -0.073326  0.006856
1687  0.090047  0.003302  0.008119
1688  -0.152295  0.111324  0.035587
1689  0.103227  0.063621  0.014703
1690  -0.099778  -0.033574  0.011083
1691  0.111129  -0.000895  0.012350
1692  -0.039817  0.067152  0.006095
1693  -0.116518  0.098083  0.023197
1694  -0.023808  -0.082954  0.007448
1695  0.059593  0.091241  0.011876
1696  0.078060  -0.008605  0.006167
1697  0.041417  0.034458  0.002903
1698  -0.103398  -0.032029  0.011717
1699  0.034916  0.021187  0.001668
1700  -0.099574  -0.141953  0.030066
1701  0.006794  -0.175023  0.030679
1702  0.032943  -0.001880  0.001089
1703  -0.032158  -0.050714  0.003606
1704  0.066608  -0.036112  0.005741
1705  0.114407  -0.002585  0.013096
1706  0.155737  0.131868  0.041643
1707  0.137585  -0.030785  0.019877
1708  0.102576  -0.091054  0.018813
1709  0.142874  0.016598  0.020688
1710  -0.008909  0.043305  0.001955
1711  -0.264611  0.092725  0.078617
1712  -0.039930  -0.028482  0.002406
1713  0.096307  0.147356  0.030989
1714  0.063883  -0.176226  0.035137
1715  0.063365  0.090735  0.012248
1716  -0.123437  0.120996  0.029877
1717  -0.045921  -0.169934  0.030986
1718  0.037339  -0.092153  0.009886
1719  0.130243  -0.017665  0.017275
1720  -0.260914  0.003136  0.068086
1721  0.108061  -0.129220  0.028375
1722  0.095451  -0.133471  0.026925
1723  0.095478  0.160819  0.034979
1724  0.001967  0.112224  0.012598
1725  -0.109711  0.103434  0.022735
1726  -0.074223  0.127423  0.021746
1727  0.111697  -0.100481  0.022573
1728  -0.055745  0.000202  0.003108
1729  0.062434  0.083888  0.010935
1730  -0.001179  0.169925  0.028876
1731  -0.031695  0.214913  0.047192
1732  0.053524  0.034441  0.004051
1733  0.178985  0.143049  0.052499
1734  -0.059991  -0.047862  0.005890
1735  0.060167  0.058486  0.007041
1736  -0.168569  -0.125422  0.044146
1737  0.023111  -0.241160  0.058692
1738  0.210794  -0.083094  0.051339
1739  0.033467  0.031798  0.002131
1740  0.032703  -0.013305  0.001247
1741  0.147767  0.162936  0.048383
1742  -0.191982  -0.031355  0.037840
1743  -0.041487  -0.019070  0.002085
1744  0.077042  0.125283  0.021631
1745  0.128359  -0.162311  0.042821
1746  0.011847  -0.072307  0.005369
1747  -0.008815  0.110759  0.012345
1748  -0.115663  0.065430  0.017659
1749  -0.133464  -0.026162  0.018497
1750  0.124051  0.173688  0.045556
1751  -0.248380  0.135682  0.080102
1752  0.092555  -0.085932  0.015951
1753  0.001312  -0.151788  0.023041
1754  0.204263  -0.069658  0.046576
1755  -0.103629  -0.070702  0.015738
1756  -0.058511  -0.300736  0.093865
1757  0.446090  -0.100788  0.209154
1758  0.109738  -0.024647  0.012650
1759  -0.215788  0.377385  0.188984
1760  -0.024501  0.061180  0.004343
1761  -0.096179  0.053717  0.012136
1762  0.276482  -0.165227  0.103742
1763  -0.156285  0.046816  0.026617
1764  0.192502  -0.021138  0.037504
1765  0.123397  0.158377  0.040310
1766  -0.002647  0.342224  0.117124
1767  -0.073642  -0.010497  0.005533
1768  0.195098  0.074156  0.043562
1769  -0.013975  -0.124967  0.015812
1770  -0.011680  0.168184  0.028422
1771  0.041466  -0.142088  0.021908
1772  0.202053  0.134561  0.058932
1773  -0.553666  0.184069  0.340427
1774  -0.288661  -0.267133  0.154686
1775  0.150226  -0.067713  0.027153
1776  0.002376  -0.194106  0.037683
1777  0.139001  -0.167568  0.047400
1778  0.213056  0.110794  0.057668
1779  0.104411  -0.328378  0.118734
1780  0.132572  0.101013  0.027779
1781  -0.115315  -0.046380  0.015449
1782  -0.066299  -0.312632  0.102135
1783  -0.075323  0.080182  0.012103
1784  0.229976  0.008891  0.052968
1785  0.011740  0.169735  0.028948
1786  -0.230217  -0.101280  0.063258
1787  0.326374  0.128356  0.122995
1788  0.144178  0.096905  0.030178
1789  -0.006095  0.171284  0.029375
1790  0.060014  -0.018602  0.003948
1791  -0.123041  0.199044  0.054758
1792  -0.010066  -0.083716  0.007110
1793  0.195406  -0.051570  0.040843
1794  0.051336  -0.286673  0.084816
1795  0.247999  0.171193  0.090811
1796  -0.282930  0.227711  0.131902
1797  0.118022  -0.005044  0.013955
1798  0.081097  -0.221918  0.055824
1799  -0.225393  -0.553234  0.356870
1800  0.169366  -0.039081  0.030212
1801  0.387505  -0.265862  0.220843
1802  -0.052786  0.131497  0.020078
1803  -0.076393  -0.205105  0.047904
1804  0.209199  0.201513  0.084372
1805  -0.179214  0.091631  0.040514
1806  -0.223969  0.269668  0.122883
1807  0.014032  -0.309282  0.095852
1808  -0.041811  0.268663  0.073928
1809  -0.223704  0.137213  0.068871
1810  -0.038342  0.023186  0.002008
1811  -0.045696  0.015673  0.002334
1812  -0.014721  -0.589343  0.347542
1813  0.095558  -0.097014  0.018543
1814  -0.177579  -0.007874  0.031596
1815  0.386100  -0.348214  0.270326
1816  0.096106  0.283286  0.089487
1817  -0.033057  0.314259  0.099852
1818  0.199063  0.059675  0.043187
1819  0.370031  0.026714  0.137636
1820  -0.367528  0.308649  0.230341
1821  0.077153  -0.086369  0.013412
1822  0.007002  -0.371221  0.137854
1823  -0.026214  0.081942  0.007402
1824  0.467968  0.286534  0.301096
1825  0.095428  -0.033232  0.010211
1826  -0.159436  0.023454  0.025970
1827  0.026744  0.034359  0.001896
1828  -0.134434  -0.469488  0.238491
1829  0.087793  -0.135943  0.026188
1830  -0.354986  0.424216  0.305974
1831  -0.413219  0.181535  0.203705
1832  -0.091873  0.074746  0.014027
1833  0.143641  0.090140  0.028758
1834  0.057401  0.230504  0.056427
1835  0.114760  0.133918  0.031104
1836  0.093957  -0.150243  0.031401
1837  -0.125222  0.107503  0.027238
1838  0.214522  0.185924  0.080587
1839  -0.156067  0.236807  0.080434
1840  0.310084  -0.016026  0.096409
1841  0.054183  0.045719  0.005026
1842  -0.069536  0.075383  0.010518
1843  -0.339377  -0.073189  0.120533
1844  0.123946  -0.280225  0.093889
1845  0.591266  0.229571  0.402299
1846  -0.164683  0.180534  0.059713
1847  -0.252914  -0.226972  0.115482
1848  -0.130763  0.166472  0.044812
1849  0.028337  -0.031668  0.001806
1850  0.010798  0.276804  0.076737
1851  -0.094867  0.133689  0.026872
1852  0.074406  0.119328  0.019776
1853  -0.254809  0.411914  0.234601
1854  -0.416704  0.026283  0.174333
1855  0.546365  -0.180390  0.331056
1856  0.205148  0.150940  0.064869
1857  0.570646  0.126563  0.341655
1858  0.009417  0.236825  0.056175
1859  -0.023430  -0.002152  0.000554
1860  -0.239537  -0.155103  0.081435
1861  0.666587  -0.149472  0.466680
1862  0.470059  -0.262048  0.289624
1863  -0.171823  0.373424  0.168969
1864  0.032256  0.384218  0.148664
1865  -0.166261  -0.334821  0.139748
1866  0.549862  -0.255585  0.367672
1867  -0.532025  0.517455  0.550810
1868  -0.137058  -0.231491  0.072373
1869  -0.074080  -0.317757  0.106457
1870  -0.127725  -0.010843  0.016431
1871  -0.157126  0.075454  0.030382
1872  -0.086530  -0.505530  0.263048
1873  -0.492452  -0.176864  0.273789
1874  -0.109308  0.244404  0.071681
1875  0.348018  -0.215734  0.167657
1876  -0.021066  -0.080057  0.006853
1877  0.299119  -0.005239  0.089500
1878  -0.265629  0.119139  0.084753
1879  0.538810  -0.395191  0.446492
1880  -0.564471  0.208901  0.362267
1881  0.481948  -0.004622  0.232296
1882  -0.073531  -0.309257  0.101047
1883  -0.080552  -0.047517  0.008746
1884  0.073932  -0.609188  0.376575
1885  -0.356670  -0.395266  0.283449
1886  0.128258  -0.029255  0.017306
1887  -0.238621  -0.381351  0.202368
1888  -0.367891  0.016704  0.135623
1889  0.007725  -0.070818  0.005075
1890  0.301044  0.482999  0.323916
1891  -0.215378  -0.046704  0.048569
1892  0.275925  -0.290626  0.160598
1893  0.413210  -0.270491  0.243908
1894  -0.172113  0.490049  0.269771
1895  0.673743  -0.102436  0.464422
1896  0.346262  0.340932  0.236132
1897  0.512176  0.269201  0.334793
1898  -0.327286  0.054288  0.110063
1899  -0.249423  0.166529  0.089944
1900  -0.422940  0.053758  0.181768
1901  0.185851  0.025364  0.035184
1902  -0.003099  0.152676  0.023320
1903  0.840345  -0.441430  0.901040
1904  -0.251368  0.355571  0.189616
1905  -0.395974  0.528921  0.436553
1906  -0.503362  -0.170357  0.282395
1907  0.394075  -0.148929  0.177475
1908  -0.672821  0.294828  0.539611
1909  0.300694  -0.043026  0.092268
1910  -0.500577  0.130021  0.267483
1911  -0.101946  -0.250281  0.073034
1912  0.579739  0.269743  0.408859
1913  0.396398  0.515006  0.422362
1914  0.128430  -0.654854  0.445328
1915  0.459676  -0.012055  0.211447
1916  -0.394896  -0.489118  0.395179
1917  0.337681  0.589294  0.461295
1918  0.440368  0.316278  0.293956
1919  0.076810  0.032045  0.006927
1920  0.005149  0.812224  0.659734
1921  -0.213134  0.012937  0.045594
1922  0.925072  -0.343277  0.973598
1923  0.035205  0.704341  0.497336
1924  -0.026987  -0.141709  0.020810
1925  -0.182083  0.005873  0.033189
1926  -0.136731  0.305171  0.111824
1927  -0.117553  -0.425694  0.195034
1928  -0.150383  0.414532  0.194452
1929  0.392399  0.157245  0.178703
1930  -0.362840  -0.362194  0.262837
1931  -0.180719  0.024796  0.033274
1932  0.607841  0.001490  0.369473
1933  -1.051902  0.579771  1.442632
1934  0.302930  -0.007691  0.091825
1935  -0.408400  0.052878  0.169586
1936  -0.474523  0.008024  0.225236
1937  0.401256  0.507327  0.418388
1938  -0.672421  0.004057  0.452166
1939  0.333133  -0.662480  0.549857
1940  -0.410735  0.160102  0.194336
1941  0.080306  0.327184  0.113498
1942  0.034794  -0.040895  0.002883
1943  -0.105929  0.057393  0.014515
1944  0.248965  -0.061910  0.065817
1945  -0.684447  0.026387  0.469164
1946  -0.133557  -0.625469  0.409049
1947  0.199085  0.121894  0.054493
1948  -0.082671  0.156420  0.031302
1949  -0.243554  0.030290  0.060236
1950  0.892834  -0.151545  0.820118
1951  -0.036617  -0.497145  0.248494
1952  0.724418  -0.617367  0.905923
1953  0.039352  0.033583  0.002676
1954  -1.149311  0.000874  1.320917
1955  -0.702244  0.273303  0.567841
1956  -0.285085  -0.805695  0.730418
1957  -0.136495  0.273031  0.093177
1958  -0.406852  0.156927  0.190154
1959  0.519610  0.026744  0.270710
1960  -0.476975  -0.652255  0.652941
1961  -0.228126  -0.344828  0.170948
1962  0.397938  0.243154  0.217478
1963  -0.342382  0.464854  0.333315
1964  -0.630366  -0.336242  0.510420
1965  0.042851  0.132033  0.019269
1966  0.273028  0.045524  0.076617
1967  -0.227354  0.860096  0.791454
1968  0.080334  0.224174  0.056708
1969  0.270361  0.330771  0.182504
1970  -0.161843  -0.119463  0.040465
1971  0.782988  0.556442  0.922697
1972  -0.325523  -0.208138  0.149287
1973  -0.093929  0.290534  0.093233
1974  0.127998  -0.306999  0.110632
1975  -0.175222  -0.138876  0.049990
1976  -0.474488  -0.065426  0.229419
1977  -0.275124  0.181846  0.108761
1978  0.097955  -0.131341  0.026846
1979  -1.212535  0.144766  1.491197
1980  -0.261105  -0.218013  0.115706
1981  0.469197  0.387672  0.370435
1982  0.476398  -0.011338  0.227084
1983  0.936590  -0.105303  0.888290
1984  -0.078405  0.525530  0.282330
1985  0.242104  -0.078444  0.064768
1986  -0.115979  -0.133260  0.031209
1987  0.025730  0.125806  0.016489
1988  0.123436  0.052481  0.017991
1989  -0.065121  0.082580  0.011060
1990  0.068334  -1.531860  2.351264
1991  0.395683  0.127034  0.172702
1992  -0.434874  -0.016119  0.189375
1993  -0.732958  0.258595  0.604099
1994  0.226598  -0.401621  0.212646
1995  0.399173  0.272757  0.233735
1996  0.071002  0.551255  0.308923
1997  -0.985134  0.744101  1.524175
1998  0.527689  -0.163735  0.305265
1999  -0.529749  -0.478114  0.509227
2000  0.720698  -0.475600  0.745602
2001  0.162139  -0.174453  0.056723
2002  0.053222  0.185954  0.037412
2003  0.436197  -0.511767  0.452174
2004  -0.247574  -0.270251  0.134329
2005  0.227851  -0.404638  0.215648
2006  -0.024090  0.048545  0.002937
2007  0.294730  -0.119481  0.101141
2008  -0.406473  -0.206074  0.207687
2009  -0.353987  0.777821  0.730312
2010  0.132771  0.283343  0.097912
2011  -0.551028  -0.871467  1.063086
2012  -0.760767  -0.504789  0.833578
2013  1.201943  -0.328832  1.552796
2014  0.339489  -0.414548  0.287103
2015  -0.002729  0.322405  0.103953
2016  0.038710  1.032968  1.068522
2017  -0.128463  0.689617  0.492074
2018  -0.522553  0.168854  0.301573
2019  0.057501  0.159291  0.028680
2020  0.714781  -0.099863  0.520885
2021  -0.240763  0.354797  0.183848
2022  -0.546013  -0.065915  0.302475
2023  1.017646  -0.995618  2.026859
2024  0.032915  -0.002527  0.001090
2025  0.445105  0.228585  0.250370
2026  0.325398  0.131303  0.123124
2027  -0.215089  0.423944  0.225992
2028  -0.379089  -0.062442  0.147608
2029  0.935123  0.055435  0.877528
2030  -0.340658  -0.860324  0.856205
2031  0.319000  -0.273674  0.176659
2032  0.505776  -0.029191  0.256662
2033  0.124936  0.188903  0.051293
2034  -0.551357  -0.451061  0.507450
2035  0.330303  -0.503921  0.363037
2036  0.110899  0.134529  0.030397
2037  0.282747  -1.098796  1.287299
2038  -0.762052  0.423813  0.760341
2039  -0.263322  0.224986  0.119957
2040  0.270315  -0.183608  0.106782
2041  -0.284559  0.006228  0.081013
2042  0.187622  -0.248525  0.096966
2043  0.631805  -0.477003  0.626710
2044  -0.284184  -0.403329  0.243435
2045  -0.324537  -0.109774  0.117374
2046  0.098011  -0.370232  0.146678
2047  0.152324  0.750259  0.586091
