0  -0.012880  0.009343  0.000253
1  -0.016301  0.007096  0.000316
2  -0.024268  -0.000748  0.000590
3  0.006525  0.021867  0.000521
4  0.013354  -0.003408  0.000190
5  -0.000869  0.014208  0.000203
6  -0.010884  0.007778  0.000179
7  0.002319  -0.004937  0.000030
8  -0.008167  0.004450  0.000086
9  -0.013173  0.011019  0.000295
10  -0.002496  0.028775  0.000834
11  -0.003005  0.002095  0.000013
12  0.001528  0.017622  0.000313
13  0.006568  0.015969  0.000298
14  -0.003055  -0.004836  0.000033
15  0.005895  0.010967  0.000155
16  0.000683  0.011898  0.000142
17  0.001220  0.012834  0.000166
18  0.004365  0.004604  0.000040
19  -0.012356  0.002270  0.000158
20  0.003124  0.002582  0.000016
21  -0.001211  -0.007927  0.000064
22  -0.003537  0.001972  0.000016
23  -0.000604  0.010130  0.000103
24  -0.011740  0.011633  0.000273
25  -0.016623  0.029444  0.001143
26  0.011737  0.004854  0.000161
27  0.000371  0.009632  0.000093
28  -0.009860  0.010305  0.000203
29  -0.004305  0.013698  0.000206
30  -0.008879  -0.006757  0.000124
31  -0.009120  0.018825  0.000438
32  -0.009817  0.014854  0.000317
33  0.002014  0.009027  0.000086
34  -0.015920  0.010875  0.000372
35  -0.015185  0.019171  0.000598
36  -0.005672  0.026389  0.000729
37  -0.006158  0.004705  0.000060
38  -0.012112  0.011292  0.000274
39  0.005580  0.012939  0.000199
40  0.001903  0.003033  0.000013
41  0.005365  0.026060  0.000708
42  -0.021225  0.011300  0.000578
43  0.012913  0.012048  0.000312
44  0.015480  0.013373  0.000418
45  -0.000618  0.023112  0.000535
46  -0.006151  0.012476  0.000193
47  -0.027104  0.010753  0.000850
48  0.003537  0.014363  0.000219
49  -0.009472  0.006133  0.000127
50  -0.016751  -0.004846  0.000304
51  -0.014563  -0.008954  0.000292
52  -0.005561  0.005450  0.000061
53  -0.007813  0.017755  0.000376
54  0.004232  0.002382  0.000024
55  -0.010023  0.011393  0.000230
56  0.019658  -0.003670  0.000400
57  -0.010579  0.005723  0.000145
58  -0.020181  0.006684  0.000452
59  -0.005309  0.005236  0.000056
60  0.004046  0.016388  0.000285
61  -0.011817  0.015027  0.000365
62  0.001513  0.023851  0.000571
63  -0.016909  0.000684  0.000286
64  0.003966  -0.001357  0.000018
65  -0.012613  0.015133  0.000388
66  -0.011412  0.000737  0.000131
67  0.002983  -0.014453  0.000218
68  -0.014634  -0.002247  0.000219
69  0.008583  0.009334  0.000161
70  -0.008474  0.007620  0.000130
71  -0.012016  0.006315  0.000184
72  0.004205  0.009950  0.000117
73  0.009209  0.003641  0.000098
74  -0.002534  0.010238  0.000111
75  -0.000056  -0.001245  0.000002
76  -0.019420  -0.000237  0.000377
77  -0.002539  0.023140  0.000542
78  -0.007217  -0.001729  0.000055
79  0.010566  0.009389  0.000200
80  -0.012105  0.010339  0.000253
81  -0.006076  0.006396  0.000078
82  -0.009899  0.014217  0.000300
83  0.000708  0.022419  0.000503
84  -0.004195  0.015761  0.000266
85  -0.017842  0.018308  0.000654
86  -0.019715  0.019570  0.000772
87  -0.001599  0.000196  0.000003
88  0.000702  0.016952  0.000288
89  -0.011228  0.003715  0.000140
90  -0.020809  0.016302  0.000699
91  -0.020075  0.022998  0.000932
92  0.010238  -0.001530  0.000107
93  -0.014325  0.014840  0.000425
94  -0.004070  -0.008657  0.000092
95  -0.011671  0.011138  0.000260
96  -0.003005  0.011076  0.000132
97  0.011717  0.007769  0.000198
98  0.008086  0.015365  0.000301
99  0.000390  0.019329  0.000374
100  -0.006482  0.009015  0.000123
101  0.001966  0.009973  0.000103
102  -0.016601  0.006573  0.000319
103  0.005600  -0.010188  0.000135
104  -0.012855  -0.004942  0.000190
105  -0.010038  0.015040  0.000327
106  -0.013638  0.012348  0.000338
107  -0.008222  -0.002667  0.000075
108  -0.019186  0.006068  0.000405
109  -0.009062  0.011579  0.000216
110  -0.000624  0.014296  0.000205
111  0.005404  0.015563  0.000271
112  -0.010701  -0.000787  0.000115
113  -0.012675  0.018727  0.000511
114  0.008015  0.003541  0.000077
115  -0.008002  0.015756  0.000312
116  -0.002694  0.007019  0.000057
117  -0.022266  0.006385  0.000537
118  0.010955  0.004261  0.000138
119  -0.007022  0.006538  0.000092
120  -0.015055  -0.002058  0.000231
121  -0.012584  0.001145  0.000160
122  0.005246  0.004350  0.000046
123  -0.010177  0.015174  0.000334
124  -0.007896  -0.009000  0.000143
125  -0.010085  0.015818  0.000352
126  0.002150  0.032693  0.001073
127  -0.000297  0.006983  0.000049
128  -0.000989  -0.010126  0.000104
129  -0.013959  -0.000217  0.000195
130  0.006757  0.006267  0.000085
131  -0.001188  0.001356  0.000003
132  -0.011243  0.022492  0.000632
133  -0.011678  0.011168  0.000261
134  -0.004860  0.013473  0.000205
135  0.007425  0.008391  0.000126
136  -0.015627  -0.000166  0.000244
137  0.005764  0.020707  0.000462
138  -0.010476  0.006317  0.000150
139  0.015332  0.024199  0.000821
140  -0.013086  0.023386  0.000718
141  0.004285  0.001786  0.000022
142  0.004981  0.019292  0.000397
143  -0.019109  0.009934  0.000464
144  -0.014437  0.006733  0.000254
145  0.000384  0.004886  0.000024
146  0.004283  0.014862  0.000239
147  -0.004760  0.012522  0.000179
148  0.008583  0.009068  0.000156
149  0.010121  0.014003  0.000299
150  -0.016902  0.004567  0.000307
151  0.006413  0.014467  0.000250
152  -0.002268  0.007285  0.000058
153  -0.023981  0.007449  0.000631
154  0.008870  -0.002568  0.000085
155  -0.016713  0.020987  0.000720
156  0.002119  0.013256  0.000180
157  -0.005261  0.023179  0.000565
158  -0.009146  0.008316  0.000153
159  0.008376  0.002083  0.000074
160  0.005296  0.008061  0.000093
161  0.000064  0.018321  0.000336
162  0.003926  0.018244  0.000348
163  0.008583  0.002384  0.000079
164  0.011992  0.020344  0.000558
165  0.007088  0.010924  0.000170
166  -0.004973  0.004691  0.000047
167  -0.018861  0.012409  0.000510
168  0.008018  0.005742  0.000097
169  -0.011531  0.021306  0.000587
170  0.002034  0.000042  0.000004
171  -0.000118  0.000722  0.000001
172  0.009845  0.004226  0.000115
173  0.000222  0.004744  0.000023
174  0.004908  0.015408  0.000261
175  -0.001916  -0.003987  0.000020
176  -0.003206  0.017570  0.000319
177  -0.006935  0.006613  0.000092
178  0.006865  0.011511  0.000180
179  -0.022332  0.008514  0.000571
180  -0.017079  -0.003071  0.000301
181  -0.003288  0.018057  0.000337
182  -0.003147  0.025008  0.000635
183  -0.014590  0.008354  0.000283
184  -0.018626  0.006581  0.000390
185  -0.011757  0.008069  0.000203
186  -0.007247  0.007798  0.000113
187  -0.015018  0.032262  0.001266
188  -0.006727  0.010860  0.000163
189  0.001655  -0.017263  0.000301
190  -0.014234  0.017487  0.000508
191  -0.002080  0.008127  0.000070
192  -0.016227  0.012888  0.000429
193  0.012672  0.016413  0.000430
194  0.000934  0.015585  0.000244
195  0.005878  0.005092  0.000060
196  -0.005478  0.008792  0.000107
197  -0.010783  0.002758  0.000124
198  -0.010201  0.001663  0.000107
199  0.000637  0.014428  0.000209
200  -0.007154  0.003311  0.000062
201  -0.002586  0.010404  0.000115
202  0.009249  0.030443  0.001012
203  -0.008117  0.016792  0.000348
204  0.007870  -0.006596  0.000105
205  -0.004427  0.006348  0.000060
206  0.007320  0.020047  0.000455
207  0.013458  0.035069  0.001411
208  0.002084  0.011910  0.000146
209  0.005836  0.010550  0.000145
210  -0.011721  0.015946  0.000392
211  -0.016470  0.020353  0.000685
212  -0.000506  0.025586  0.000655
213  -0.009263  0.007845  0.000147
214  -0.002727  0.015197  0.000238
215  0.010143  -0.005775  0.000136
216  0.000807  0.008182  0.000068
217  -0.004464  0.008125  0.000086
218  0.009743  0.011827  0.000235
219  -0.014194  0.011646  0.000337
220  -0.016152  0.010843  0.000378
221  -0.004545  0.006029  0.000057
222  -0.008581  0.007538  0.000130
223  -0.010470  0.015029  0.000336
224  0.008305  0.027939  0.000850
225  -0.000056  0.026182  0.000686
226  0.000670  0.003757  0.000015
227  0.001187  -0.005504  0.000032
228  -0.001737  0.023584  0.000559
229  0.024382  0.014378  0.000801
230  -0.000971  0.024986  0.000625
231  0.009227  0.011342  0.000214
232  -0.014506  0.005233  0.000238
233  0.012686  0.020724  0.000590
234  -0.014991  0.007865  0.000287
235  -0.007578  0.004730  0.000080
236  -0.002062  0.003486  0.000016
237  0.015732  0.001907  0.000251
238  0.010926  0.026881  0.000842
239  -0.001599  0.010297  0.000109
240  0.008344  0.025831  0.000737
241  0.005901  0.018871  0.000391
242  -0.000762  -0.010931  0.000120
243  0.008198  0.002089  0.000072
244  -0.000224  0.024229  0.000587
245  -0.003656  -0.003398  0.000025
246  0.002945  0.024226  0.000596
247  0.003880  0.010803  0.000132
248  0.003674  0.011267  0.000140
249  0.018857  0.002035  0.000360
250  0.007032  -0.003712  0.000063
251  -0.012586  0.036003  0.001455
252  0.004763  -0.002083  0.000027
253  0.007612  0.004921  0.000082
254  0.013024  0.002850  0.000178
255  -0.007263  0.013743  0.000242
256  -0.010284  0.005333  0.000134
257  0.016788  0.019553  0.000664
258  -0.008663  0.032522  0.001133
259  0.007453  0.020464  0.000474
260  -0.012857  0.002662  0.000172
261  -0.002666  0.006781  0.000053
262  0.000284  -0.002400  0.000006
263  -0.000659  -0.004987  0.000025
264  -0.006266  0.021434  0.000499
265  -0.010820  0.030405  0.001042
266  -0.000375  0.007333  0.000054
267  -0.004288  0.018050  0.000344
268  -0.002717  0.008776  0.000084
269  0.004810  -0.009744  0.000118
270  -0.000547  0.007486  0.000056
271  -0.001113  -0.002119  0.000006
272  0.002099  0.014617  0.000218
273  -0.007259  0.013619  0.000238
274  -0.005113  0.009370  0.000114
275  0.008049  0.008445  0.000136
276  -0.002314  -0.016279  0.000270
277  0.005703  0.021344  0.000488
278  -0.009220  0.024399  0.000680
279  0.007454  0.001289  0.000057
280  0.009758  0.039249  0.001636
281  0.008000  0.014271  0.000268
282  -0.008768  0.017888  0.000397
283  -0.001235  0.008330  0.000071
284  -0.003280  0.008298  0.000080
285  -0.009127  -0.001938  0.000087
286  -0.001230  0.018643  0.000349
287  0.010264  0.024687  0.000715
288  0.003243  0.006073  0.000047
289  -0.004065  0.015912  0.000270
290  0.014708  0.016442  0.000487
291  0.007464  -0.002571  0.000062
292  0.016296  0.006395  0.000306
293  -0.005429  -0.002499  0.000036
294  0.004103  0.020717  0.000446
295  0.001381  0.007330  0.000056
296  -0.007877  0.001749  0.000065
297  0.014088  0.005100  0.000224
298  0.006241  -0.001533  0.000041
299  0.007501  0.015823  0.000307
300  -0.005425  0.021311  0.000484
301  0.001669  0.002911  0.000011
302  -0.016264  0.036519  0.001598
303  -0.007607  0.028666  0.000880
304  -0.000653  0.015471  0.000240
305  -0.007578  -0.002646  0.000064
306  -0.000411  0.016047  0.000258
307  -0.000536  -0.001661  0.000003
308  -0.003847  0.019279  0.000386
309  -0.002916  0.008697  0.000084
310  0.003273  0.032374  0.001059
311  -0.001027  0.008407  0.000072
312  -0.020124  0.008750  0.000482
313  0.000838  0.014504  0.000211
314  -0.006415  0.019943  0.000439
315  0.011590  0.011692  0.000271
316  -0.020640  0.028159  0.001219
317  -0.007676  0.004882  0.000083
318  0.009565  0.025505  0.000742
319  0.003041  0.033244  0.001114
320  0.000040  -0.012329  0.000152
321  -0.016443  0.005588  0.000302
322  -0.001384  0.008916  0.000081
323  0.012119  0.003154  0.000157
324  0.008277  0.021978  0.000552
325  0.005386  0.002708  0.000036
326  0.003088  -0.004792  0.000032
327  0.009966  0.019375  0.000475
328  -0.001615  0.001278  0.000004
329  0.002116  0.009401  0.000093
330  0.012782  0.009326  0.000250
331  -0.014679  0.009251  0.000301
332  0.008087  -0.005615  0.000097
333  -0.007949  0.027498  0.000819
334  -0.002919  0.009278  0.000095
335  0.008610  0.010286  0.000180
336  0.004599  0.010195  0.000125
337  0.001598  0.014741  0.000220
338  0.018915  0.021653  0.000827
339  0.012369  0.027233  0.000895
340  -0.000622  0.005460  0.000030
341  0.016550  0.004794  0.000297
342  -0.007162  0.004825  0.000075
343  0.005823  0.026341  0.000728
344  0.010090  0.030145  0.001010
345  -0.006752  0.010370  0.000153
346  -0.003241  0.013579  0.000195
347  -0.017939  0.005351  0.000350
348  -0.005029  0.009290  0.000112
349  -0.014476  0.007648  0.000268
350  -0.006093  -0.008155  0.000104
351  0.003720  0.013618  0.000199
352  0.021315  0.014902  0.000676
353  0.004952  0.012093  0.000171
354  -0.002985  0.010019  0.000109
355  0.004693  0.028869  0.000855
356  -0.010072  -0.005249  0.000129
357  -0.007475  0.009004  0.000137
358  0.010617  0.028499  0.000925
359  -0.000600  0.018199  0.000332
360  -0.003408  0.010641  0.000125
361  -0.003114  0.025917  0.000681
362  -0.011448  0.016166  0.000392
363  0.006225  0.011175  0.000164
364  0.007325  0.000404  0.000054
365  -0.007767  0.017739  0.000375
366  0.013912  0.027183  0.000932
367  0.001774  -0.006691  0.000048
368  -0.006524  0.010577  0.000154
369  -0.000481  0.003375  0.000012
370  0.003949  0.029169  0.000866
371  -0.011033  -0.010617  0.000234
372  0.008572  0.012178  0.000222
373  -0.001902  0.021183  0.000452
374  -0.008236  0.013766  0.000257
375  -0.009787  0.019151  0.000463
376  0.003904  0.002531  0.000022
377  -0.008794  0.017087  0.000369
378  0.009535  0.018594  0.000437
379  0.020104  0.006126  0.000442
380  0.003659  0.003616  0.000026
381  -0.008539  0.000210  0.000073
382  0.005897  0.012491  0.000191
383  -0.011615  0.003849  0.000150
384  -0.003045  0.010630  0.000122
385  0.013193  0.005146  0.000201
386  -0.002266  0.012685  0.000166
387  0.014431  0.018736  0.000559
388  0.003116  -0.006384  0.000050
389  0.002356  0.027494  0.000761
390  0.002696  0.000078  0.000007
391  0.002902  0.017082  0.000300
392  0.005388  -0.004908  0.000053
393  0.018996  0.010851  0.000479
394  -0.003650  0.000508  0.000014
395  0.015349  -0.006420  0.000277
396  0.005926  0.022758  0.000553
397  0.009363  0.029908  0.000982
398  -0.004548  0.012883  0.000187
399  0.002912  0.004470  0.000028
400  0.008018  0.016877  0.000349
401  -0.001128  -0.006895  0.000049
402  -0.009048  -0.006620  0.000126
403  0.002305  0.017969  0.000328
404  0.000116  0.019780  0.000391
405  -0.003136  0.014083  0.000208
406  0.011038  0.027759  0.000892
407  -0.002599  0.009329  0.000094
408  0.018647  0.012754  0.000510
409  0.004701  0.002888  0.000030
410  0.007134  0.008112  0.000117
411  -0.001131  0.008022  0.000066
412  -0.007534  0.005696  0.000089
413  -0.008367  0.014077  0.000268
414  0.006466  -0.009136  0.000125
415  0.022131  0.001441  0.000492
416  -0.009142  0.010986  0.000204
417  0.006615  -0.016669  0.000322
418  -0.007290  0.014770  0.000271
419  -0.011322  0.025186  0.000763
420  0.005899  0.014421  0.000243
421  -0.014258  -0.003091  0.000213
422  0.013063  0.015373  0.000407
423  0.002063  0.003400  0.000016
424  0.004339  0.004315  0.000037
425  -0.008373  0.007026  0.000119
426  -0.000028  0.021909  0.000480
427  0.005505  0.007592  0.000088
428  -0.019224  0.023094  0.000903
429  0.006971  -0.002073  0.000053
430  -0.010403  0.015409  0.000346
431  0.008457  -0.001929  0.000075
432  0.002837  0.027627  0.000771
433  0.003669  0.019717  0.000402
434  0.005963  -0.000632  0.000036
435  0.014205  0.012013  0.000346
436  0.007453  0.015318  0.000290
437  0.007801  0.023453  0.000611
438  0.005114  0.016080  0.000285
439  0.004918  0.018575  0.000369
440  0.020208  0.000985  0.000409
441  0.000596  0.001725  0.000003
442  -0.017241  0.024955  0.000920
443  0.011582  0.013264  0.000310
444  0.002405  0.014304  0.000210
445  0.012039  0.012721  0.000307
446  0.002949  -0.002319  0.000014
447  0.005147  0.009928  0.000125
448  -0.014081  -0.000228  0.000198
449  0.008217  0.009801  0.000164
450  0.013242  0.020185  0.000583
451  -0.002467  0.018887  0.000363
452  -0.004461  0.006977  0.000069
453  -0.005514  0.028804  0.000860
454  0.021037  0.006056  0.000479
455  0.005465  -0.000417  0.000030
456  0.004382  0.008761  0.000096
457  -0.010232  0.007230  0.000157
458  -0.003863  0.006336  0.000055
459  0.003735  -0.005323  0.000042
460  -0.005799  -0.017382  0.000336
461  0.001672  0.006256  0.000042
462  0.003320  0.004262  0.000029
463  0.004480  0.006725  0.000065
464  0.018370  0.008889  0.000416
465  0.015356  -0.011366  0.000365
466  0.002764  0.019171  0.000375
467  0.009396  0.013880  0.000281
468  -0.022205  0.020503  0.000913
469  -0.000330  0.006468  0.000042
470  -0.005759  0.009388  0.000121
471  -0.012906  -0.001771  0.000170
472  0.011598  0.017260  0.000432
473  0.015705  0.027851  0.001022
474  -0.005244  0.008160  0.000094
475  0.007788  0.011781  0.000199
476  0.012402  0.014847  0.000374
477  0.000502  -0.001018  0.000001
478  0.023157  -0.001831  0.000540
479  -0.011413  -0.002782  0.000138
480  -0.003907  0.021761  0.000489
481  0.003876  -0.002016  0.000019
482  -0.018947  -0.017086  0.000651
483  -0.006503  0.014467  0.000252
484  -0.014573  0.004228  0.000230
485  0.004749  0.011199  0.000148
486  -0.019887  -0.003794  0.000410
487  0.028563  0.006664  0.000860
488  -0.006200  0.012856  0.000204
489  0.011710  0.011827  0.000277
490  0.005113  0.015682  0.000272
491  -0.001864  -0.000260  0.000004
492  -0.006475  0.005666  0.000074
493  0.014929  -0.013167  0.000396
494  -0.008298  0.012361  0.000222
495  -0.007553  0.021437  0.000517
496  -0.015139  0.024949  0.000852
497  -0.003953  -0.001608  0.000018
498  -0.006736  0.010314  0.000152
499  0.006185  0.003695  0.000052
500  0.009113  0.023145  0.000619
501  -0.000586  0.008447  0.000072
502  -0.001128  0.002249  0.000006
503  -0.003785  0.015035  0.000240
504  0.005945  0.010618  0.000148
505  -0.012568  0.012248  0.000308
506  0.015302  0.016487  0.000506
507  -0.012154  -0.004404  0.000167
508  0.022695  0.030689  0.001457
509  0.003813  0.011139  0.000139
510  0.007705  0.013288  0.000236
511  0.023316  -0.003884  0.000559
512  0.000714  0.014462  0.000210
513  -0.001551  0.032822  0.001080
514  -0.007822  0.011071  0.000184
515  -0.002280  0.023283  0.000547
516  0.008107  0.025092  0.000695
517  0.004900  0.016174  0.000286
518  0.016194  -0.017218  0.000559
519  0.002585  0.004505  0.000027
520  0.004599  0.013605  0.000206
521  -0.006960  -0.004047  0.000065
522  0.001539  0.015639  0.000247
523  0.002807  -0.001731  0.000011
524  0.003649  0.020936  0.000452
525  0.002024  0.021184  0.000453
526  0.005197  -0.002140  0.000032
527  0.007970  0.022516  0.000570
528  0.003793  0.010765  0.000130
529  0.001674  0.041090  0.001691
530  0.007112  0.014578  0.000263
531  0.002546  0.014984  0.000231
532  0.007693  0.023008  0.000589
533  -0.004852  -0.011456  0.000155
534  -0.007377  -0.004892  0.000078
535  0.006349  0.010756  0.000156
536  0.012666  0.029743  0.001045
537  0.002419  0.010263  0.000111
538  0.013084  0.021215  0.000621
539  0.012664  0.012473  0.000316
540  -0.008057  -0.002291  0.000070
541  -0.004021  0.006486  0.000058
542  0.012149  0.005986  0.000183
543  0.001218  0.008111  0.000067
544  -0.002939  0.040271  0.001630
545  -0.000025  0.003906  0.000015
546  0.002498  0.019976  0.000405
547  -0.018912  0.007785  0.000418
548  0.009281  0.021093  0.000531
549  0.002418  0.013652  0.000192
550  0.006317  0.013659  0.000226
551  -0.017263  0.016908  0.000584
552  -0.012090  0.002934  0.000155
553  0.007288  0.019463  0.000432
554  0.001510  0.032667  0.001069
555  0.024799  0.008523  0.000688
556  0.011775  -0.003471  0.000151
557  0.002588  0.008328  0.000076
558  0.007473  0.037266  0.001445
559  0.024912  0.002737  0.000628
560  -0.005146  0.020337  0.000440
561  0.014878  0.018578  0.000566
562  -0.002612  -0.001212  0.000008
563  -0.010182  0.017931  0.000425
564  0.011811  0.017485  0.000445
565  0.015800  0.018028  0.000575
566  -0.013738  0.008500  0.000261
567  0.023584  0.006703  0.000601
568  -0.000963  0.004392  0.000020
569  0.029784  0.020635  0.001313
570  0.009305  0.009850  0.000184
571  -0.004864  0.014836  0.000244
572  0.007099  -0.010433  0.000159
573  0.027115  0.021729  0.001207
574  0.022211  -0.001985  0.000497
575  -0.003485  0.007027  0.000062
576  0.006264  0.006325  0.000079
577  0.001937  0.013071  0.000175
578  -0.005889  0.030950  0.000993
579  0.017293  0.026129  0.000982
580  -0.003963  0.008618  0.000090
581  -0.002954  0.021809  0.000484
582  0.013938  0.003367  0.000206
583  -0.020046  -0.006041  0.000438
584  0.012067  -0.000331  0.000146
585  -0.004353  0.007479  0.000075
586  0.002523  0.007355  0.000060
587  0.024013  0.016474  0.000848
588  0.004309  0.022141  0.000509
589  -0.010949  -0.000041  0.000120
590  0.002583  0.010113  0.000109
591  0.007319  -0.001482  0.000056
592  0.006448  0.005122  0.000068
593  -0.007885  0.006654  0.000106
594  -0.015311  0.028910  0.001070
595  -0.002384  0.006715  0.000051
596  -0.002605  -0.004998  0.000032
597  0.007006  0.013623  0.000235
598  0.025488  0.029033  0.001493
599  -0.005070  0.008365  0.000096
600  0.009420  0.012114  0.000235
601  0.014478  0.008851  0.000288
602  0.002006  -0.001374  0.000006
603  -0.001061  0.024439  0.000598
604  0.011044  0.003672  0.000135
605  -0.023136  0.026932  0.001261
606  0.019005  0.008185  0.000428
607  0.004912  0.018184  0.000355
608  0.005225  0.016579  0.000302
609  0.036301  0.036423  0.002644
610  0.020809  0.024794  0.001048
611  0.003798  0.017307  0.000314
612  0.007487  -0.006014  0.000092
613  0.007187  0.009798  0.000148
614  0.018061  -0.007123  0.000377
615  0.011390  -0.002133  0.000134
616  -0.015476  0.011880  0.000381
617  -0.000735  0.014888  0.000222
618  0.013222  -0.001070  0.000176
619  0.009218  -0.012537  0.000242
620  0.016219  0.027392  0.001013
621  -0.011739  0.004001  0.000154
622  0.007513  0.013074  0.000227
623  0.008641  -0.012911  0.000241
624  0.009624  0.012460  0.000248
625  -0.024280  0.007316  0.000643
626  0.007240  0.013805  0.000243
627  0.022958  0.010764  0.000643
628  0.019050  0.015167  0.000593
629  -0.001555  0.004240  0.000020
630  0.026487  0.012609  0.000861
631  -0.008711  0.007814  0.000137
632  -0.024542  0.005899  0.000637
633  -0.007637  -0.002637  0.000065
634  0.032277  0.013798  0.001232
635  0.005279  0.006515  0.000070
636  0.016805  0.014333  0.000488
637  0.016347  0.015321  0.000502
638  0.007422  -0.007481  0.000111
639  -0.001404  -0.019655  0.000388
640  -0.003364  0.019368  0.000386
641  0.007805  0.026727  0.000775
642  0.004935  0.007480  0.000080
643  0.018176  0.020018  0.000731
644  0.018697  0.007267  0.000402
645  -0.029812  0.047490  0.003144
646  0.011564  0.007449  0.000189
647  0.011018  0.020688  0.000549
648  0.020986  0.033139  0.001539
649  -0.000213  -0.006119  0.000037
650  -0.016547  0.001625  0.000276
651  0.006509  0.004674  0.000064
652  0.015027  0.003538  0.000238
653  0.021516  0.023839  0.001031
654  0.007960  0.023286  0.000606
655  0.013412  0.036259  0.001495
656  0.006316  -0.016834  0.000323
657  0.007100  0.014601  0.000264
658  0.012360  0.005546  0.000184
659  0.000439  -0.017205  0.000296
660  0.017530  0.021291  0.000761
661  0.006088  0.000908  0.000038
662  0.004960  0.017014  0.000314
663  -0.013448  0.016395  0.000450
664  -0.015113  0.002693  0.000236
665  0.015031  0.013759  0.000415
666  0.010045  0.002896  0.000109
667  -0.003182  0.033959  0.001163
668  0.004449  0.023608  0.000577
669  0.006667  0.012916  0.000211
670  0.011899  0.042406  0.001940
671  0.009196  0.009520  0.000175
672  -0.009166  0.015643  0.000329
673  -0.017983  0.000633  0.000324
674  0.010946  0.013600  0.000305
675  0.006589  -0.002487  0.000050
676  0.016277  0.014948  0.000488
677  0.018601  0.012782  0.000509
678  0.010367  0.010840  0.000225
679  0.007782  0.014984  0.000285
680  0.023500  0.018810  0.000906
681  0.017176  -0.005642  0.000327
682  0.018666  0.017306  0.000648
683  -0.009833  -0.000327  0.000097
684  0.011976  0.021279  0.000596
685  -0.000990  -0.000211  0.000001
686  0.013626  -0.007323  0.000239
687  0.016485  0.011671  0.000408
688  -0.000625  0.025826  0.000667
689  -0.000249  0.007330  0.000054
690  -0.018264  -0.014300  0.000538
691  0.005746  0.000237  0.000033
692  -0.029512  -0.000619  0.000871
693  -0.005051  0.005761  0.000059
694  0.010059  0.011741  0.000239
695  0.021473  -0.013277  0.000637
696  -0.013689  0.017955  0.000510
697  0.038141  0.004511  0.001475
698  0.001944  0.000760  0.000004
699  0.019995  0.032948  0.001485
700  0.004022  0.017173  0.000311
701  0.013735  0.014049  0.000386
702  0.001781  0.005006  0.000028
703  -0.007372  0.018419  0.000394
704  -0.007764  -0.006949  0.000109
705  0.006024  0.029467  0.000905
706  -0.002904  0.007171  0.000060
707  0.015369  0.002785  0.000244
708  -0.006651  0.025709  0.000705
709  -0.006329  0.012270  0.000191
710  0.042568  -0.003405  0.001824
711  0.004868  -0.006896  0.000071
712  0.019169  0.013356  0.000546
713  0.022484  0.036555  0.001842
714  -0.004697  0.010825  0.000139
715  0.032809  0.000350  0.001077
716  0.025479  0.013785  0.000839
717  -0.002559  0.008144  0.000073
718  -0.000096  0.015523  0.000241
719  -0.002408  0.000382  0.000006
720  0.002704  0.043746  0.001921
721  0.026586  -0.009743  0.000802
722  0.013646  0.006474  0.000228
723  -0.002260  0.002430  0.000011
724  0.021811  0.010561  0.000587
725  0.000282  0.024260  0.000589
726  -0.013898  0.010452  0.000302
727  -0.010333  0.003223  0.000117
728  -0.007645  0.005962  0.000094
729  0.010582  0.004827  0.000135
730  0.030704  0.028183  0.001737
731  0.005808  0.024597  0.000639
732  0.027752  0.002943  0.000779
733  0.005839  -0.014807  0.000253
734  0.004878  0.013703  0.000212
735  0.028415  0.028213  0.001603
736  0.019328  0.016727  0.000653
737  0.020296  0.023264  0.000953
738  -0.001796  0.011948  0.000146
739  0.018198  0.036527  0.001665
740  0.017887  0.012453  0.000475
741  0.007065  0.004323  0.000069
742  -0.008062  0.003629  0.000078
743  0.019095  -0.012806  0.000529
744  0.019317  0.036718  0.001721
745  0.011982  0.004088  0.000160
746  0.025894  0.024526  0.001272
747  0.019303  0.026013  0.001049
748  -0.011033  -0.000569  0.000122
749  0.003427  -0.026774  0.000729
750  0.020306  0.012838  0.000577
751  0.010237  0.003127  0.000115
752  0.002873  0.011374  0.000138
753  0.010992  0.011417  0.000251
754  0.007600  0.023452  0.000608
755  0.026726  0.009929  0.000813
756  0.011386  -0.005294  0.000158
757  0.018586  0.043985  0.002280
758  0.025492  0.029851  0.001541
759  0.013539  0.031165  0.001155
760  0.053152  -0.011187  0.002950
761  0.008810  0.013035  0.000248
762  0.003768  0.019962  0.000413
763  0.025200  0.022598  0.001146
764  0.007993  0.019791  0.000456
765  0.010490  0.014147  0.000310
766  0.013674  -0.013125  0.000359
767  0.026131  0.020323  0.001096
768  0.003987  -0.006358  0.000056
769  0.007744  -0.018399  0.000399
770  0.023760  0.013027  0.000734
771  0.040589  0.050884  0.004237
772  0.019085  -0.005931  0.000399
773  0.007520  0.034947  0.001278
774  0.040260  0.045140  0.003659
775  -0.006090  0.006520  0.000080
776  0.019827  0.021413  0.000852
777  -0.008558  0.017429  0.000377
778  0.009922  0.004792  0.000121
779  0.009103  0.026489  0.000785
780  -0.002536  0.007487  0.000062
781  0.026486  0.005179  0.000728
782  -0.006260  -0.012084  0.000185
783  0.030024  0.003071  0.000911
784  0.016157  0.021365  0.000718
785  0.000264  -0.015506  0.000241
786  0.054310  0.017942  0.003271
787  0.046319  0.012273  0.002296
788  0.011387  0.031104  0.001097
789  -0.003889  0.014458  0.000224
790  0.004691  0.002605  0.000029
791  -0.014172  0.031515  0.001194
792  0.004209  0.015228  0.000250
793  0.036170  0.007729  0.001368
794  0.024089  -0.006465  0.000622
795  0.003058  0.037353  0.001405
796  0.049021  0.004316  0.002422
797  -0.007691  -0.009636  0.000152
798  0.007231  0.025515  0.000703
799  0.004028  0.012468  0.000172
800  0.050770  -0.026169  0.003262
801  0.016992  0.019819  0.000681
802  -0.013620  0.016600  0.000461
803  0.014822  -0.001832  0.000223
804  0.041027  0.008146  0.001750
805  0.021662  0.021159  0.000917
806  0.003091  0.035496  0.001270
807  -0.009059  0.002765  0.000090
808  0.015980  0.033354  0.001368
809  0.043002  0.018633  0.002196
810  0.016190  0.016648  0.000539
811  -0.029293  0.004990  0.000883
812  -0.018001  0.028191  0.001119
813  0.007559  -0.000941  0.000058
814  -0.008245  0.023544  0.000622
815  0.000120  0.013653  0.000186
816  0.037204  -0.002559  0.001391
817  -0.014738  0.011372  0.000347
818  0.012336  0.011505  0.000285
819  0.031746  -0.000539  0.001008
820  0.013016  0.026985  0.000898
821  0.010721  0.007912  0.000178
822  0.030423  0.032435  0.001978
823  0.016367  0.025370  0.000911
824  0.026788  0.006297  0.000757
825  0.041149  0.027235  0.002435
826  0.002650  0.034764  0.001216
827  0.030854  0.066547  0.005380
828  0.010626  0.008328  0.000182
829  0.015573  0.027517  0.001000
830  -0.014740  -0.006039  0.000254
831  -0.011871  0.007877  0.000203
832  -0.023913  0.021608  0.001039
833  0.039137  0.012234  0.001681
834  -0.000801  -0.022923  0.000526
835  0.035608  0.032676  0.002336
836  0.021212  -0.009063  0.000532
837  0.013473  0.048367  0.002521
838  0.010414  0.031515  0.001102
839  0.034752  0.005962  0.001243
840  0.005576  0.038009  0.001476
841  0.011005  0.026413  0.000819
842  0.029054  -0.005133  0.000870
843  0.005845  0.018851  0.000390
844  0.045315  0.017036  0.002344
845  0.050118  -0.009440  0.002601
846  0.024874  0.013259  0.000795
847  0.000241  -0.047616  0.002267
848  0.020292  0.021573  0.000877
849  0.063901  0.030562  0.005017
850  0.017317  -0.006754  0.000345
851  -0.006271  0.041692  0.001778
852  0.019786  -0.006642  0.000436
853  -0.009249  0.030897  0.001040
854  0.023893  0.022980  0.001099
855  0.015161  0.019776  0.000621
856  0.015957  0.013612  0.000440
857  0.038557  0.035930  0.002778
858  0.021604  -0.015429  0.000705
859  0.023639  0.035280  0.001804
860  -0.013341  0.004061  0.000194
861  0.025071  0.006536  0.000671
862  -0.014865  0.036090  0.001523
863  -0.010801  0.024229  0.000704
864  -0.010179  0.015549  0.000345
865  0.009555  -0.009561  0.000183
866  0.044642  0.018403  0.002332
867  0.059462  0.008580  0.003609
868  0.012393  0.018158  0.000483
869  0.010327  -0.013631  0.000292
870  0.003991  -0.006427  0.000057
871  0.047518  0.022090  0.002746
872  0.054139  0.034918  0.004150
873  -0.001258  0.017490  0.000307
874  0.045998  0.001907  0.002119
875  -0.004743  0.018957  0.000382
876  0.077557  0.034977  0.007238
877  0.038661  0.006932  0.001543
878  0.024739  -0.005500  0.000642
879  0.027090  -0.011069  0.000856
880  0.031463  0.022254  0.001485
881  0.009745  0.053954  0.003006
882  0.032878  0.001598  0.001083
883  0.031044  0.041715  0.002704
884  0.005132  0.001901  0.000030
885  -0.002549  -0.012847  0.000172
886  0.038599  -0.025992  0.002166
887  0.047731  0.038621  0.003770
888  0.043454  -0.001811  0.001892
889  0.013023  0.041553  0.001896
890  0.019645  0.059924  0.003977
891  0.022552  0.033644  0.001641
892  0.086439  0.035325  0.008720
893  0.024115  0.045748  0.002674
894  0.002997  0.017857  0.000328
895  0.040825  0.037270  0.003056
896  0.006238  0.050070  0.002546
897  0.034708  0.023218  0.001744
898  -0.029637  0.027310  0.001624
899  0.008949  0.034025  0.001238
900  0.014231  0.028005  0.000987
901  -0.020089  0.007936  0.000467
902  0.022570  -0.027033  0.001240
903  0.076899  -0.029223  0.006767
904  0.045885  0.021847  0.002583
905  0.035816  0.010786  0.001399
906  -0.014937  0.042285  0.002011
907  0.019974  0.065010  0.004625
908  -0.020832  0.070240  0.005368
909  0.058095  0.010313  0.003481
910  0.004768  0.021495  0.000485
911  0.008923  0.037246  0.001467
912  0.066183  -0.035877  0.005667
913  0.023682  0.027817  0.001335
914  0.021300  0.008939  0.000534
915  0.036143  0.042784  0.003137
916  -0.008545  -0.005615  0.000105
917  0.040597  -0.026556  0.002353
918  0.038293  0.031604  0.002465
919  0.034913  0.019296  0.001591
920  -0.024157  0.006699  0.000628
921  0.001130  -0.015850  0.000252
922  0.042154  0.034685  0.002980
923  -0.046304  0.036505  0.003477
924  0.045332  0.033603  0.003184
925  0.005231  -0.025567  0.000681
926  0.026462  -0.049333  0.003134
927  0.025168  0.028204  0.001429
928  0.024340  0.011421  0.000723
929  0.031211  0.043370  0.002855
930  0.050697  0.024930  0.003192
931  0.035944  0.025900  0.001963
932  0.048131  0.000319  0.002317
933  0.032063  0.083386  0.007981
934  0.064113  0.019159  0.004477
935  0.020816  0.048037  0.002741
936  0.034454  0.010847  0.001305
937  0.044972  0.080795  0.008550
938  0.029906  0.010668  0.001008
939  0.047114  0.045258  0.004268
940  -0.006335  0.050387  0.002579
941  -0.000623  0.047294  0.002237
942  0.025481  0.020271  0.001060
943  0.016048  -0.050398  0.002797
944  0.037314  0.008376  0.001462
945  0.011111  -0.041620  0.001856
946  0.016123  0.026985  0.000988
947  0.013471  0.046658  0.002358
948  0.089911  -0.002260  0.008089
949  0.015144  -0.011928  0.000372
950  0.047913  0.058465  0.005714
951  0.002151  0.009635  0.000097
952  0.015363  0.035520  0.001498
953  0.005778  0.015040  0.000260
954  0.044693  0.017229  0.002294
955  0.031418  0.031589  0.001985
956  -0.019280  0.021879  0.000850
957  0.018183  -0.019112  0.000696
958  0.017126  0.013005  0.000462
959  0.075196  -0.019919  0.006051
960  0.029116  0.082194  0.007604
961  -0.012571  0.048922  0.002551
962  0.042788  -0.012404  0.001985
963  0.087952  0.096859  0.017117
964  -0.015394  0.003299  0.000248
965  0.000352  0.069496  0.004830
966  -0.018257  0.108271  0.012056
967  0.018599  0.036367  0.001668
968  0.068479  0.071758  0.009839
969  0.047554  0.026650  0.002972
970  0.025192  0.044964  0.002656
971  0.002653  0.057803  0.003348
972  -0.012597  0.004019  0.000175
973  -0.056731  0.053431  0.006073
974  0.071781  -0.013163  0.005326
975  -0.003632  0.018335  0.000349
976  0.045842  -0.035618  0.003370
977  0.042814  0.030754  0.002779
978  0.020879  0.056858  0.003669
979  -0.002946  -0.009395  0.000097
980  0.091476  -0.002541  0.008374
981  0.010371  0.028468  0.000918
982  0.050297  -0.008154  0.002596
983  0.054082  0.089439  0.010924
984  0.013651  0.127336  0.016401
985  0.045706  0.103732  0.012849
986  0.092886  0.064876  0.012837
987  0.039655  0.033022  0.002663
988  0.084292  0.048987  0.009505
989  0.042062  0.069146  0.006550
990  0.067806  0.049244  0.007023
991  0.045196  0.043628  0.003946
992  0.101478  0.050229  0.012821
993  0.007585  0.140209  0.019716
994  0.010332  0.019487  0.000487
995  -0.035899  -0.006410  0.001330
996  0.053808  0.059009  0.006377
997  0.066199  0.041334  0.006091
998  0.132676  0.111907  0.030126
999  0.021557  0.185716  0.034955
1000  0.003631  0.029116  0.000861
1001  0.024202  -0.015309  0.000820
1002  0.009033  -0.011929  0.000224
1003  -0.013911  0.061785  0.004011
1004  0.101940  0.033913  0.011542
1005  -0.020191  0.077091  0.006351
1006  -0.104835  -0.028366  0.011795
1007  0.043052  0.006200  0.001892
1008  0.027609  0.114642  0.013905
1009  0.104742  0.001352  0.010973
1010  -0.070859  0.106380  0.016338
1011  0.045481  -0.001637  0.002071
1012  0.001749  0.191052  0.036504
1013  0.110010  -0.003458  0.012114
1014  -0.125839  0.065860  0.020173
1015  0.060376  -0.045664  0.005730
1016  -0.055847  0.167248  0.031091
1017  -0.035518  0.078269  0.007388
1018  0.014110  0.033510  0.001322
1019  -0.136269  -0.063593  0.022613
1020  0.085936  -0.090933  0.015654
1021  0.195886  -0.164721  0.065504
1022  0.022938  -0.057258  0.003805
1023  -0.031673  0.011833  0.001143
1024  0.198029  0.150978  0.062010
1025  0.111310  -0.024899  0.013010
1026  -0.061386  0.135951  0.022251
1027  0.161796  -0.115196  0.039448
1028  -0.013108  0.144118  0.020942
1029  0.090802  0.016717  0.008525
1030  0.026610  -0.165851  0.028215
1031  -0.018815  0.215043  0.046597
1032  -0.009751  0.069042  0.004862
1033  -0.084803  0.011901  0.007333
1034  -0.009286  -0.152114  0.023225
1035  0.183302  -0.042834  0.035435
1036  -0.016779  0.277491  0.077283
1037  -0.065764  0.025162  0.004958
1038  0.065732  0.102371  0.014801
1039  -0.025112  0.174505  0.031083
1040  0.267011  -0.223028  0.121036
1041  -0.113885  0.112309  0.025583
1042  0.149384  -0.038619  0.023807
1043  0.069023  0.098507  0.014468
1044  -0.160294  -0.115098  0.038942
1045  -0.006760  -0.026162  0.000730
1046  0.262599  -0.132022  0.086388
1047  0.173514  -0.069672  0.034961
1048  0.355536  0.001566  0.126408
1049  0.154428  0.185784  0.058364
1050  -0.305786  0.093095  0.102172
1051  0.364226  0.228081  0.184682
1052  -0.169412  0.051772  0.031381
1053  0.199037  -0.294146  0.126138
1054  0.179472  0.252363  0.095897
1055  -0.074315  -0.050061  0.008029
1056  0.079520  0.044261  0.008283
1057  0.343787  0.100666  0.128323
1058  0.137001  0.136151  0.037306
1059  -0.166854  0.520038  0.298280
1060  -0.011750  0.097417  0.009628
1061  -0.368121  0.353048  0.260156
1062  0.059722  0.298420  0.092621
1063  0.043791  -0.059239  0.005427
1064  -0.281720  0.026487  0.080068
1065  0.032854  0.440224  0.194877
1066  0.076073  -0.177861  0.037422
1067  0.029389  0.201444  0.041443
1068  0.087549  -0.119091  0.021848
1069  0.106175  0.329433  0.119799
1070  0.103197  -0.201613  0.051297
1071  -0.065818  0.388949  0.155613
1072  -0.311460  -0.044420  0.098981
1073  -0.109284  -0.283045  0.092057
1074  -0.233203  0.214427  0.100363
1075  -0.054272  0.285224  0.084298
1076  -0.233930  -0.231218  0.108185
1077  0.057824  -0.222160  0.052699
1078  0.683791  0.271490  0.541277
1079  -0.174357  0.109718  0.042439
1080  0.189543  -0.296344  0.123746
1081  0.342954  0.104319  0.128500
1082  0.108548  0.318717  0.113363
1083  0.255447  0.222668  0.114834
1084  -0.006232  0.248207  0.061645
1085  0.172144  0.669390  0.477717
1086  -0.259212  0.427170  0.249665
1087  0.045213  -0.530106  0.283056
1088  -0.157803  -0.133767  0.042795
1089  0.349542  0.216792  0.169179
1090  -0.466959  -0.151913  0.241128
1091  0.209270  -0.461403  0.256687
1092  0.324419  0.535313  0.391807
1093  -0.198895  -0.722260  0.561218
1094  0.499389  0.050742  0.251965
1095  0.239942  -0.004477  0.057592
1096  0.064154  0.145751  0.025359
1097  -0.178929  -0.250469  0.094750
1098  0.448707  0.339365  0.316507
1099  0.081598  -0.041436  0.008375
1100  0.531766  -0.117316  0.296538
1101  0.387777  -0.110676  0.162620
1102  0.137989  0.173095  0.049003
1103  0.859931  0.075324  0.745154
1104  1.124644  0.122244  1.279767
1105  0.556822  0.055892  0.313175
1106  -0.064406  0.693331  0.484857
1107  0.143885  0.307700  0.115382
1108  -0.024200  0.151065  0.023406
1109  -0.243311  -0.369202  0.195510
1110  -0.083606  0.763393  0.589758
1111  -0.183252  -0.510152  0.293836
1112  -0.025073  0.070073  0.005539
1113  0.031288  0.184365  0.034969
1114  -0.010749  -0.356358  0.127106
1115  0.245417  0.140375  0.079935
1116  -0.037995  0.666722  0.445962
1117  -0.009680  -0.195651  0.038373
1118  0.672526  0.103561  0.463016
1119  0.703190  0.409039  0.661790
1120  0.051307  0.324371  0.107849
1121  0.330287  0.641212  0.520243
1122  0.310934  0.602555  0.459753
1123  -0.459862  0.125100  0.227123
1124  -0.344354  0.018035  0.118905
1125  -0.133341  0.155487  0.041956
1126  -0.059383  0.053408  0.006379
1127  0.209564  0.454878  0.250831
1128  0.267126  -0.614247  0.448656
1129  0.601899  0.705341  0.859789
1130  -0.611820  0.425979  0.555781
1131  -0.421008  0.414905  0.349394
1132  0.043098  -0.241006  0.059941
1133  -0.143572  0.383401  0.167609
1134  0.042780  -0.625141  0.392631
1135  0.495084  0.417372  0.419308
1136  0.133698  0.800861  0.659253
1137  -0.084819  -0.148311  0.029190
1138  0.245104  -0.570785  0.385871
1139  0.582184  -0.393342  0.493656
1140  0.778202  0.479899  0.835901
1141  -0.322058  -0.362521  0.235143
1142  -0.657467  0.209278  0.476060
1143  -0.247303  0.243836  0.120615
1144  0.242969  -0.297543  0.147566
1145  -0.247748  -0.379688  0.205542
1146  0.741346  -0.026154  0.550278
1147  0.033861  -0.258449  0.067942
1148  -0.145244  -0.356861  0.148446
1149  -0.119166  0.410557  0.182757
1150  0.941286  -0.255864  0.951486
1151  0.545211  0.309084  0.392788
1152  -0.012832  0.829568  0.688347
1153  -0.394217  1.807006  3.420677
1154  -0.642188  -0.237585  0.468852
1155  0.080522  -0.382616  0.152879
1156  -0.730325  -0.245611  0.593700
1157  1.322257  0.610855  2.121509
1158  -0.102212  -0.437728  0.202053
1159  -0.456704  0.065081  0.212814
1160  1.304440  -0.540504  1.993707
1161  0.029615  0.334877  0.113019
1162  0.623625  0.489017  0.628045
1163  0.303646  0.154073  0.115939
1164  -0.608534  0.712691  0.878243
1165  0.271942  -0.814298  0.737034
1166  -0.509069  -0.262763  0.328196
1167  -0.493568  0.174959  0.274220
1168  0.049757  -1.790911  3.209838
1169  -1.026961  1.226422  2.558759
1170  -0.793167  -0.763210  1.211604
1171  0.797059  -0.760002  1.212907
1172  -0.015784  0.300476  0.090535
1173  -0.130836  0.768507  0.607722
1174  0.627249  -0.827572  1.078316
1175  0.198589  -0.207352  0.082432
1176  -0.149437  -0.380070  0.166785
1177  -0.986605  1.019922  2.013631
1178  0.098282  -0.133893  0.027587
1179  -0.315022  -1.150151  1.422086
1180  -0.669189  0.120480  0.462330
1181  0.531104  -0.217943  0.329571
1182  -0.260039  0.359721  0.197019
1183  0.387491  -0.691494  0.628314
1184  -0.483404  0.254875  0.298640
1185  -0.663407  -0.198516  0.479518
1186  0.389957  0.804587  0.799426
1187  0.237280  -0.366276  0.190460
1188  0.832288  0.427002  0.875034
1189  -0.008889  -0.970783  0.942499
1190  -0.094795  0.017930  0.009308
1191  -0.492135  0.730836  0.776318
1192  0.042963  -0.885780  0.786453
1193  -0.104951  -0.309881  0.107041
1194  -0.404913  0.108422  0.175710
1195  -0.221010  0.184172  0.082765
1196  -0.666891  0.640181  0.854575
1197  0.237043  0.853083  0.783941
1198  -0.156657  -1.025660  1.076519
1199  0.575455  0.395348  0.487449
1200  0.389583  1.513199  2.441545
1201  0.084665  -0.513033  0.270371
1202  0.872057  0.720273  1.279276
1203  -0.426911  0.077468  0.188254
1204  0.398881  0.183798  0.192888
1205  0.514350  -0.767602  0.853768
1206  0.130435  0.613824  0.393793
1207  0.426378  0.558285  0.493481
1208  0.419222  0.602145  0.538326
1209  0.419720  -0.216715  0.223130
1210  0.601449  0.089237  0.369704
1211  0.699866  0.942113  1.377389
1212  0.113598  -0.530263  0.294084
1213  0.221903  -0.066683  0.053688
1214  -0.201732  0.142475  0.060995
1215  -0.417340  -0.144682  0.195105
1216  -0.117796  -0.263159  0.083129
1217  -0.311728  -0.676462  0.554776
1218  -0.163860  -0.527790  0.305413
1219  1.257423  0.245802  1.641530
1220  0.309212  -0.112192  0.108199
1221  1.008724  0.030685  1.018466
1222  0.846057  -0.427047  0.898181
1223  0.134536  0.040205  0.019716
1224  0.193936  0.231838  0.091360
1225  -0.527440  -0.417625  0.452603
1226  0.849894  -0.239830  0.779839
1227  -0.752904  0.026774  0.567581
1228  0.327234  -1.051690  1.213134
1229  0.480581  -0.076991  0.236886
1230  0.055517  -0.079577  0.009415
1231  -0.828058  -0.680591  1.148885
1232  0.667411  -0.776657  1.048633
1233  1.141258  -0.166988  1.330354
1234  -0.412966  0.126812  0.186622
1235  0.205121  0.088202  0.049854
1236  0.025842  0.272083  0.074697
1237  -0.155887  -0.472079  0.247159
1238  -0.417455  0.156417  0.198735
1239  -0.173747  -0.616383  0.410116
1240  0.483866  0.207569  0.277211
1241  -0.490094  0.257166  0.306327
1242  -0.731357  -0.764083  1.118706
1243  -0.700328  0.205941  0.532871
1244  0.189634  -0.533103  0.320160
1245  0.222300  0.297162  0.137722
1246  0.793169  -0.647021  1.047753
1247  -0.313310  -0.323349  0.202718
1248  -0.126707  -0.109269  0.027994
1249  -0.411847  0.131543  0.186922
1250  0.061832  -0.752727  0.570422
1251  -0.743270  -0.127591  0.568730
1252  -0.318969  0.167269  0.129720
1253  0.011891  -0.363116  0.131994
1254  -0.011603  -0.299886  0.090066
1255  -0.733962  0.131507  0.555994
1256  0.414668  0.279902  0.250295
1257  -0.280897  -0.080793  0.085431
1258  -0.821161  0.796331  1.308449
1259  0.344026  0.085815  0.125718
1260  0.427300  -0.147383  0.204307
1261  0.284480  0.167413  0.108956
1262  0.158792  -0.002643  0.025222
1263  0.326613  -0.774588  0.706663
1264  -0.546470  0.405826  0.463324
1265  -0.119764  0.212224  0.059382
1266  -0.348810  0.130367  0.138664
1267  -0.311706  0.662416  0.535956
1268  0.129738  -0.579305  0.352426
1269  0.178632  -0.396108  0.188811
1270  -0.305743  -0.183342  0.127093
1271  0.053006  0.192474  0.039856
1272  -0.046481  -0.231589  0.055794
1273  -0.354476  0.179380  0.157831
1274  -0.142905  0.134045  0.038390
1275  0.234831  0.459684  0.266455
1276  0.660318  -0.435909  0.626036
1277  -0.163965  -0.165922  0.054414
1278  -0.421154  -0.071281  0.182452
1279  0.008390  0.145704  0.021300
1280  -0.252264  -0.789295  0.686624
1281  -0.021805  0.099546  0.010385
1282  -0.078456  0.181057  0.038937
1283  -0.139529  -0.486300  0.255956
1284  0.208986  -0.000299  0.043675
1285  -0.291575  -0.204477  0.126827
1286  -0.328932  0.091253  0.116523
1287  -0.099355  -0.156620  0.034401
1288  -0.330699  0.020546  0.109784
1289  0.053864  0.229539  0.055590
1290  0.137686  -0.043744  0.020871
1291  0.292128  -0.234780  0.140460
1292  -0.109227  -0.031230  0.012906
1293  -0.239556  0.093984  0.066220
1294  -0.200810  -0.034743  0.041532
1295  -0.006674  -0.142190  0.020263
1296  -0.037579  -0.153374  0.024936
1297  -0.352404  -0.177748  0.155783
1298  -0.334400  0.183158  0.145370
1299  0.049154  0.207244  0.045366
1300  -0.105221  -0.022767  0.011590
1301  -0.252786  0.038369  0.065373
1302  0.128314  0.302235  0.107811
1303  0.377968  -0.114109  0.155881
1304  -0.076093  -0.408830  0.172932
1305  -0.052919  0.044672  0.004796
1306  0.135292  0.249978  0.080793
1307  -0.168639  -0.090154  0.036567
1308  -0.340082  -0.078165  0.121765
1309  -0.262671  0.124249  0.084434
1310  -0.156104  -0.089757  0.032425
1311  -0.125490  0.105091  0.026792
1312  -0.172222  -0.092596  0.038235
1313  0.199795  0.067490  0.044473
1314  -0.217817  -0.037044  0.048816
1315  -0.038372  0.050627  0.004035
1316  -0.028959  -0.104693  0.011799
1317  -0.005378  -0.129176  0.016715
1318  -0.166835  -0.027502  0.028590
1319  -0.060214  -0.025001  0.004251
1320  0.009008  -0.045294  0.002133
1321  -0.104080  0.048059  0.013142
1322  -0.106864  -0.140121  0.031054
1323  -0.041099  0.120961  0.016321
1324  -0.024822  0.040609  0.002265
1325  0.018489  -0.008288  0.000411
1326  -0.096371  -0.058093  0.012662
1327  -0.030459  0.030556  0.001861
1328  -0.257630  0.054042  0.069294
1329  -0.037321  0.008192  0.001460
1330  -0.003856  -0.090617  0.008226
1331  -0.218795  0.027901  0.048650
1332  0.078066  0.063833  0.010169
1333  -0.242380  0.024179  0.059332
1334  -0.233943  -0.010362  0.054837
1335  -0.009040  0.153074  0.023514
1336  0.095293  -0.039768  0.010662
1337  0.119543  -0.001174  0.014292
1338  -0.067326  -0.316575  0.104752
1339  -0.101944  0.152788  0.033737
1340  0.080272  0.001073  0.006445
1341  -0.143390  0.125438  0.036295
1342  0.064346  0.112282  0.016748
1343  -0.021902  -0.107138  0.011958
1344  -0.152791  -0.004235  0.023363
1345  0.117039  0.151774  0.036734
1346  0.032991  -0.146705  0.022611
1347  -0.181801  -0.179112  0.065133
1348  -0.147800  0.020468  0.022264
1349  -0.118765  0.112227  0.026700
1350  0.105239  0.109144  0.022988
1351  0.106037  0.021826  0.011720
1352  -0.000876  -0.054243  0.002943
1353  0.059538  -0.052918  0.006345
1354  -0.143553  -0.003238  0.020618
1355  -0.012878  0.085468  0.007471
1356  -0.011550  -0.044711  0.002132
1357  -0.079296  0.001195  0.006289
1358  -0.093847  0.028545  0.009622
1359  -0.105327  -0.012579  0.011252
1360  0.006791  -0.018753  0.000398
1361  -0.032629  -0.069632  0.005913
1362  -0.104588  -0.073515  0.016343
1363  -0.091952  0.020373  0.008870
1364  0.014834  0.004222  0.000238
1365  -0.119066  0.027271  0.014920
1366  -0.069626  0.014451  0.005057
1367  -0.034130  0.059132  0.004661
1368  -0.057296  0.003989  0.003299
1369  -0.110129  -0.077586  0.018148
1370  -0.071093  0.038654  0.006548
1371  -0.083702  -0.032407  0.008056
1372  -0.001440  0.104206  0.010861
1373  0.044103  0.071912  0.007116
1374  -0.072423  0.023219  0.005784
1375  0.005218  0.033200  0.001129
1376  0.040802  -0.060336  0.005305
1377  -0.026377  -0.034198  0.001865
1378  0.003828  0.098639  0.009744
1379  -0.046721  0.001743  0.002186
1380  0.010185  0.027401  0.000855
1381  -0.049899  -0.037361  0.003886
1382  -0.039904  0.054648  0.004579
1383  -0.036499  0.004442  0.001352
1384  -0.010514  -0.033612  0.001240
1385  -0.044936  -0.049613  0.004481
1386  -0.012102  0.010331  0.000253
1387  -0.102551  0.034749  0.011724
1388  0.003107  0.006812  0.000056
1389  -0.024030  0.069626  0.005425
1390  -0.015136  -0.014679  0.000445
1391  -0.029350  -0.060805  0.004559
1392  0.003337  -0.015817  0.000261
1393  -0.062736  0.015836  0.004187
1394  -0.005771  0.002673  0.000040
1395  -0.045431  0.022227  0.002558
1396  -0.073981  0.027570  0.006233
1397  -0.038766  -0.003857  0.001518
1398  0.051110  0.026346  0.003306
1399  0.014267  0.011392  0.000333
1400  -0.079441  0.008461  0.006383
1401  0.000295  0.022558  0.000509
1402  -0.053918  0.020879  0.003343
1403  -0.025949  0.027136  0.001410
1404  -0.095491  0.011228  0.009245
1405  -0.025583  0.013846  0.000846
1406  -0.055165  0.033528  0.004167
1407  -0.056100  -0.011754  0.003285
1408  -0.025073  -0.021224  0.001079
1409  0.018979  -0.043698  0.002270
1410  -0.002980  0.001850  0.000012
1411  0.000407  -0.038795  0.001505
1412  -0.022610  -0.017069  0.000803
1413  -0.046833  0.046689  0.004373
1414  -0.095762  0.052496  0.011926
1415  -0.009466  0.017710  0.000403
1416  0.004087  -0.010085  0.000118
1417  -0.036954  0.013888  0.001558
1418  0.045214  0.005796  0.002078
1419  -0.020850  -0.005874  0.000469
1420  -0.010213  -0.024638  0.000711
1421  -0.032747  0.013387  0.001252
1422  -0.009249  -0.016153  0.000346
1423  0.007443  -0.029204  0.000908
1424  -0.023787  0.000328  0.000566
1425  -0.010905  -0.039539  0.001682
1426  -0.044583  0.037908  0.003425
1427  -0.070047  -0.021448  0.005367
1428  -0.003705  0.021390  0.000471
1429  -0.109172  0.040980  0.013598
1430  -0.031785  -0.020476  0.001430
1431  -0.015640  -0.035900  0.001533
1432  -0.021527  -0.031623  0.001463
1433  -0.034750  -0.009639  0.001300
1434  -0.035946  -0.013997  0.001488
1435  -0.025474  0.012919  0.000816
1436  -0.034506  0.032191  0.002227
1437  -0.027205  0.048346  0.003077
1438  -0.034885  -0.045854  0.003320
1439  -0.042400  0.031135  0.002767
1440  0.005691  0.001147  0.000034
1441  -0.038888  0.003172  0.001522
1442  -0.020834  -0.013896  0.000627
1443  -0.051647  0.044551  0.004652
1444  -0.030501  -0.014754  0.001148
1445  0.016656  0.009126  0.000361
1446  -0.024607  0.014389  0.000813
1447  -0.052889  0.002387  0.002803
1448  -0.024929  -0.032725  0.001692
1449  -0.038003  -0.037730  0.002868
1450  -0.015811  0.001916  0.000254
1451  -0.028126  -0.020452  0.001209
1452  -0.064886  -0.031842  0.005224
1453  -0.012725  -0.001596  0.000164
1454  0.010452  0.016300  0.000375
1455  -0.010247  -0.015821  0.000355
1456  -0.014564  0.013046  0.000382
1457  -0.021755  -0.032962  0.001560
1458  -0.049998  0.032001  0.003524
1459  -0.070267  0.022891  0.005461
1460  -0.013331  -0.004023  0.000194
1461  -0.018609  0.016901  0.000632
1462  -0.021125  0.023105  0.000980
1463  -0.001992  -0.004311  0.000023
1464  -0.027615  0.014402  0.000970
1465  0.003359  -0.032506  0.001068
1466  -0.017603  -0.002889  0.000318
1467  -0.030512  0.015542  0.001173
1468  -0.058558  -0.033314  0.004539
1469  0.004561  -0.004494  0.000041
1470  -0.012202  0.016053  0.000407
1471  -0.026335  0.033750  0.001833
1472  -0.025496  0.012931  0.000817
1473  0.000507  0.027160  0.000738
1474  -0.001895  0.042476  0.001808
1475  -0.032991  0.006746  0.001134
1476  -0.057157  -0.018252  0.003600
1477  -0.038264  0.039082  0.002992
1478  -0.042960  -0.014326  0.002051
1479  -0.036262  0.018160  0.001645
1480  0.000475  -0.015492  0.000240
1481  -0.038673  0.028422  0.002303
1482  -0.027688  0.003912  0.000782
1483  0.014648  0.021117  0.000660
1484  -0.015890  -0.003974  0.000268
1485  -0.067527  0.018815  0.004914
1486  -0.017268  0.007419  0.000353
1487  -0.015957  -0.007104  0.000305
1488  -0.036505  -0.003404  0.001344
1489  -0.033279  0.036246  0.002421
1490  -0.057596  0.065458  0.007602
1491  -0.003798  -0.002603  0.000021
1492  -0.014209  -0.038822  0.001709
1493  -0.057589  0.016315  0.003583
1494  0.021756  0.019807  0.000866
1495  -0.043912  0.024057  0.002507
1496  -0.002359  0.038549  0.001492
1497  -0.021076  -0.009873  0.000542
1498  -0.027575  0.011894  0.000902
1499  -0.030612  0.021178  0.001386
1500  -0.020666  -0.011718  0.000564
1501  -0.063190  0.011658  0.004129
1502  -0.016850  0.005611  0.000315
1503  -0.018526  0.019536  0.000725
1504  -0.041226  -0.016160  0.001961
1505  0.008588  0.031670  0.001077
1506  -0.011084  0.034967  0.001346
1507  -0.042234  -0.017976  0.002107
1508  -0.016654  -0.024595  0.000882
1509  0.000635  0.012074  0.000146
1510  -0.015258  -0.013192  0.000407
1511  -0.028580  0.014019  0.001013
1512  -0.040104  0.013755  0.001798
1513  -0.016831  0.017238  0.000580
1514  0.019703  -0.023146  0.000924
1515  -0.037454  -0.032409  0.002453
1516  -0.008787  0.051050  0.002683
1517  -0.011308  -0.017195  0.000424
1518  -0.013565  0.012965  0.000352
1519  -0.005339  -0.011540  0.000162
1520  -0.031112  0.011116  0.001092
1521  -0.042390  0.008767  0.001874
1522  -0.027909  -0.005350  0.000808
1523  -0.004329  0.030416  0.000944
1524  0.009022  0.015427  0.000319
1525  -0.047838  0.001249  0.002290
1526  -0.004752  0.003564  0.000035
1527  -0.043940  0.005613  0.001962
1528  -0.053108  -0.012106  0.002967
1529  -0.031762  0.004629  0.001030
1530  0.007202  0.032003  0.001076
1531  -0.019299  0.009301  0.000459
1532  -0.023242  0.036556  0.001877
1533  -0.004248  -0.005073  0.000044
1534  -0.021616  0.013061  0.000638
1535  -0.004830  0.022522  0.000531
1536  -0.031680  0.006041  0.001040
1537  -0.034354  0.012445  0.001335
1538  -0.001479  0.005861  0.000037
1539  -0.027536  0.024560  0.001361
1540  0.018398  -0.013273  0.000515
1541  -0.082523  0.023070  0.007342
1542  -0.025535  0.013359  0.000831
1543  -0.005719  0.030999  0.000994
1544  -0.047642  0.016816  0.002553
1545  -0.001133  0.000193  0.000001
1546  -0.005685  -0.025566  0.000686
1547  -0.003380  0.014873  0.000233
1548  -0.011159  -0.013490  0.000307
1549  -0.006875  -0.002721  0.000055
1550  -0.048942  0.039405  0.003948
1551  -0.019857  0.032914  0.001478
1552  0.002719  -0.001538  0.000010
1553  -0.015238  -0.011813  0.000372
1554  0.010963  0.027187  0.000859
1555  0.009337  -0.014049  0.000285
1556  -0.028154  -0.004960  0.000817
1557  -0.021995  -0.012076  0.000630
1558  -0.038775  0.039084  0.003031
1559  -0.030881  -0.004484  0.000974
1560  -0.009461  -0.008738  0.000166
1561  -0.012245  -0.004205  0.000168
1562  -0.009419  -0.009416  0.000177
1563  -0.064700  -0.005331  0.004215
1564  -0.025868  -0.009329  0.000756
1565  -0.023681  0.006937  0.000609
1566  -0.058333  0.025984  0.004078
1567  -0.005069  0.028817  0.000856
1568  0.017205  -0.007256  0.000349
1569  -0.013142  -0.015662  0.000418
1570  -0.035910  0.014835  0.001510
1571  0.006512  0.003892  0.000058
1572  -0.025274  0.011352  0.000768
1573  -0.023858  0.027067  0.001302
1574  -0.000584  0.002208  0.000005
1575  -0.016813  -0.003624  0.000296
1576  -0.022040  0.018482  0.000827
1577  -0.006132  0.031754  0.001046
1578  -0.036113  0.008272  0.001373
1579  -0.008271  -0.000630  0.000069
1580  -0.024705  -0.004564  0.000631
1581  0.018384  0.018567  0.000683
1582  -0.003265  0.012162  0.000159
1583  -0.023661  0.017712  0.000874
1584  -0.014299  -0.013594  0.000389
1585  -0.001105  0.018361  0.000338
1586  0.028287  -0.000405  0.000800
1587  -0.005434  0.006361  0.000070
1588  -0.013911  -0.024091  0.000774
1589  -0.021550  0.013126  0.000637
1590  -0.020537  0.032689  0.001490
1591  0.003288  0.023556  0.000566
1592  -0.023253  -0.003757  0.000555
1593  -0.014316  0.046465  0.002364
1594  0.005906  0.012346  0.000187
1595  -0.048699  0.006634  0.002416
1596  0.006518  0.005906  0.000077
1597  -0.020092  0.008216  0.000471
1598  -0.006915  -0.007167  0.000099
1599  -0.003639  -0.003010  0.000022
1600  0.007470  0.003197  0.000066
1601  -0.029738  0.010229  0.000989
1602  -0.004162  0.010496  0.000127
1603  -0.009737  -0.007873  0.000157
1604  -0.003990  -0.017885  0.000336
1605  -0.025579  0.005273  0.000682
1606  -0.035930  0.042553  0.003102
1607  -0.027215  0.012873  0.000906
1608  -0.035840  0.014960  0.001508
1609  -0.038942  0.006371  0.001557
1610  0.013250  0.003479  0.000188
1611  -0.025286  0.013806  0.000830
1612  -0.012377  0.003262  0.000164
1613  0.002589  -0.002460  0.000013
1614  -0.019165  -0.009509  0.000458
1615  -0.015433  0.020186  0.000646
1616  -0.025395  -0.003762  0.000659
1617  -0.016908  0.051472  0.002935
1618  -0.015138  0.000881  0.000230
1619  -0.011485  0.020305  0.000544
1620  -0.025856  0.007999  0.000733
1621  0.012741  -0.003235  0.000173
1622  0.023186  0.003788  0.000552
1623  -0.005056  0.005154  0.000052
1624  -0.018825  -0.002714  0.000362
1625  -0.014401  0.016745  0.000488
1626  -0.024410  -0.007875  0.000658
1627  -0.019551  -0.009471  0.000472
1628  -0.034557  0.025285  0.001834
1629  -0.008406  0.022146  0.000561
1630  -0.012492  -0.014473  0.000366
1631  -0.051224  -0.015043  0.002850
1632  -0.020088  0.005517  0.000434
1633  -0.016480  0.002705  0.000279
1634  -0.022273  0.005742  0.000529
1635  -0.034219  -0.006436  0.001212
1636  -0.024724  0.011401  0.000741
1637  -0.017357  0.022683  0.000816
1638  -0.003580  0.014813  0.000232
1639  -0.032578  0.000894  0.001062
1640  -0.012089  -0.039863  0.001735
1641  -0.010186  0.023932  0.000677
1642  -0.026352  -0.024265  0.001283
1643  -0.019302  0.010973  0.000493
1644  -0.014130  0.027710  0.000967
1645  -0.026290  0.041937  0.002450
1646  -0.010215  -0.009794  0.000200
1647  -0.024606  0.011040  0.000727
1648  -0.015336  0.002388  0.000241
1649  -0.019475  -0.017115  0.000672
1650  -0.013189  0.006331  0.000214
1651  -0.015405  0.006112  0.000275
1652  -0.007020  0.022187  0.000542
1653  0.014073  -0.017302  0.000497
1654  -0.021307  0.001304  0.000456
1655  -0.023490  -0.001131  0.000553
1656  -0.059002  0.002140  0.003486
1657  0.013412  -0.003401  0.000191
1658  -0.002723  0.016618  0.000284
1659  -0.002771  -0.021024  0.000450
1660  0.004963  0.005878  0.000059
1661  -0.009417  0.004092  0.000105
1662  -0.018878  0.017136  0.000650
1663  -0.014314  0.004121  0.000222
1664  -0.017483  0.008126  0.000372
1665  -0.024660  0.022638  0.001121
1666  0.000004  0.006630  0.000044
1667  -0.008816  -0.018494  0.000420
1668  -0.024530  0.004392  0.000621
1669  0.021213  0.022185  0.000942
1670  -0.006814  -0.003566  0.000059
1671  -0.037984  0.032473  0.002497
1672  -0.013224  0.002962  0.000184
1673  -0.016813  0.025462  0.000931
1674  -0.016506  0.002109  0.000277
1675  0.001508  0.017578  0.000311
1676  -0.005616  0.015865  0.000283
1677  -0.019908  -0.013290  0.000573
1678  -0.010872  0.020499  0.000538
1679  -0.006128  0.009155  0.000121
1680  -0.005435  0.026426  0.000728
1681  -0.027071  0.015553  0.000975
1682  -0.000927  -0.012250  0.000151
1683  -0.018259  -0.015712  0.000580
1684  0.004885  0.028789  0.000853
1685  -0.014369  0.030896  0.001161
1686  -0.010578  0.007692  0.000171
1687  -0.011287  0.026564  0.000833
1688  0.000294  0.000835  0.000001
1689  -0.024781  -0.002670  0.000621
1690  -0.032942  0.019623  0.001470
1691  0.003522  0.012299  0.000164
1692  -0.013561  -0.016922  0.000470
1693  -0.029533  0.029958  0.001770
1694  -0.014064  0.000629  0.000198
1695  -0.015455  0.011512  0.000371
1696  -0.031740  -0.014796  0.001226
1697  -0.017567  0.016463  0.000580
1698  -0.026813  0.024031  0.001296
1699  -0.001686  -0.007361  0.000057
1700  -0.018752  0.008025  0.000416
1701  -0.012211  -0.001497  0.000151
1702  -0.002148  0.020922  0.000442
1703  -0.017733  0.021459  0.000775
1704  0.021413  0.018104  0.000786
1705  0.001976  -0.019163  0.000371
1706  -0.010862  0.002995  0.000127
1707  -0.035801  0.033142  0.002380
1708  -0.002477  0.015415  0.000244
1709  -0.022957  0.009581  0.000619
1710  0.006049  0.008345  0.000106
1711  -0.025248  0.004469  0.000657
1712  -0.003354  0.017896  0.000332
1713  -0.013710  0.021680  0.000658
1714  -0.005795  0.026826  0.000753
1715  -0.011074  0.017234  0.000420
1716  0.012728  0.014316  0.000367
1717  -0.006027  0.010854  0.000154
1718  0.025079  0.049912  0.003120
1719  -0.017527  0.004686  0.000329
1720  0.003243  -0.002124  0.000015
1721  0.007937  0.001795  0.000066
1722  -0.022320  0.009511  0.000589
1723  0.000744  0.022732  0.000517
1724  -0.020219  -0.000192  0.000409
1725  -0.011710  -0.021122  0.000583
1726  -0.011452  0.002292  0.000136
1727  -0.038040  0.012105  0.001594
1728  -0.014232  0.008131  0.000269
1729  -0.013946  -0.009625  0.000287
1730  -0.026373  0.003613  0.000709
1731  -0.002124  0.004069  0.000021
1732  -0.007538  -0.026465  0.000757
1733  -0.003005  0.022536  0.000517
1734  -0.021926  0.006083  0.000518
1735  0.002836  0.031787  0.001018
1736  -0.002555  0.022246  0.000501
1737  -0.015132  -0.002680  0.000236
1738  -0.002559  -0.013785  0.000197
1739  -0.006578  0.026997  0.000772
1740  0.014400  0.002906  0.000216
1741  0.012233  0.008159  0.000216
1742  -0.016380  -0.004191  0.000286
1743  -0.027455  -0.002591  0.000760
1744  -0.027137  0.001975  0.000740
1745  -0.009472  0.002906  0.000098
1746  -0.009108  0.019059  0.000446
1747  -0.017962  0.036732  0.001672
1748  -0.020112  -0.000300  0.000405
1749  -0.016372  0.017247  0.000565
1750  -0.005116  0.020306  0.000438
1751  -0.014505  0.020218  0.000619
1752  -0.028865  0.011738  0.000971
1753  0.010974  0.009312  0.000207
1754  -0.019856  -0.004184  0.000412
1755  -0.001357  0.022461  0.000506
1756  -0.015913  0.016371  0.000521
1757  -0.021975  0.023452  0.001033
1758  -0.028569  0.034559  0.002011
1759  -0.011979  0.012687  0.000304
1760  0.002270  0.010176  0.000109
1761  0.010801  0.004603  0.000138
1762  -0.013659  0.010859  0.000304
1763  0.018270  0.020053  0.000736
1764  -0.007117  0.007891  0.000113
1765  -0.004558  -0.009087  0.000103
1766  -0.005510  0.002289  0.000036
1767  -0.006825  0.011430  0.000177
1768  0.002041  0.020853  0.000439
1769  -0.026957  -0.001317  0.000728
1770  -0.009939  -0.005111  0.000125
1771  -0.014152  0.000003  0.000200
1772  0.003070  0.032412  0.001060
1773  -0.023537  0.006128  0.000592
1774  -0.001576  -0.013169  0.000176
1775  -0.024007  0.027990  0.001360
1776  -0.023284  0.023006  0.001071
1777  -0.018104  0.019965  0.000726
1778  -0.012997  0.003264  0.000180
1779  -0.011581  0.018370  0.000472
1780  0.007339  -0.005331  0.000082
1781  0.006839  -0.005496  0.000077
1782  -0.009852  0.006637  0.000141
1783  -0.037664  0.032859  0.002498
1784  -0.004591  0.008201  0.000088
1785  -0.016633  0.018366  0.000614
1786  -0.018160  0.012056  0.000475
1787  0.007507  0.002693  0.000064
1788  0.008055  0.010925  0.000184
1789  -0.014569  -0.010466  0.000322
1790  -0.023353  0.008117  0.000611
1791  -0.008822  0.002789  0.000086
1792  -0.021969  0.011166  0.000607
1793  -0.020957  0.000992  0.000440
1794  -0.009545  -0.028900  0.000926
1795  -0.009191  0.017889  0.000404
1796  -0.023170  0.004383  0.000556
1797  -0.018440  0.007495  0.000396
1798  0.011216  0.029234  0.000980
1799  0.003486  0.005450  0.000042
1800  -0.007836  0.020616  0.000486
1801  -0.027347  0.014741  0.000965
1802  -0.014287  -0.004118  0.000221
1803  -0.016073  -0.001694  0.000261
1804  -0.023783  0.008615  0.000640
1805  0.002218  0.028155  0.000798
1806  -0.007889  0.006201  0.000101
1807  -0.003383  0.016387  0.000280
1808  0.000093  0.021129  0.000446
1809  -0.023908  -0.007609  0.000629
1810  -0.000114  0.011765  0.000138
1811  0.002994  -0.003072  0.000018
1812  0.008412  0.006122  0.000108
1813  -0.009964  0.004207  0.000117
1814  -0.033032  0.000348  0.001091
1815  -0.007170  0.007297  0.000105
1816  -0.019189  -0.005042  0.000394
1817  -0.011290  -0.011555  0.000261
1818  -0.006589  0.008557  0.000117
1819  -0.021676  -0.010182  0.000574
1820  0.001020  0.018812  0.000355
1821  0.008146  0.014264  0.000270
1822  -0.003016  0.018021  0.000334
1823  -0.031295  0.016676  0.001257
1824  -0.016006  0.011796  0.000395
1825  -0.026512  -0.007833  0.000764
1826  -0.018847  0.007931  0.000418
1827  -0.016110  0.002970  0.000268
1828  0.001841  -0.000392  0.000004
1829  -0.012780  0.004160  0.000181
1830  -0.011442  0.037042  0.001503
1831  -0.013681  0.006059  0.000224
1832  -0.003298  0.029823  0.000900
1833  -0.013358  -0.007038  0.000228
1834  0.001367  0.029543  0.000875
1835  -0.021646  0.021943  0.000950
1836  -0.005879  0.003389  0.000046
1837  0.015136  0.004203  0.000247
1838  -0.010365  0.015630  0.000352
1839  -0.000216  0.025959  0.000674
1840  -0.007316  0.013824  0.000245
1841  -0.000835  0.022183  0.000493
1842  0.000665  0.009015  0.000082
1843  -0.018896  0.001421  0.000359
1844  -0.027367  0.016679  0.001027
1845  0.000432  0.003495  0.000012
1846  -0.021701  -0.001496  0.000473
1847  -0.009469  0.005020  0.000115
1848  -0.008207  -0.012402  0.000221
1849  -0.000893  0.007509  0.000057
1850  -0.020059  0.007474  0.000458
1851  -0.005862  0.010805  0.000151
1852  0.001769  0.014774  0.000221
1853  -0.017098  0.023628  0.000851
1854  -0.006354  -0.003274  0.000051
1855  -0.002285  0.020340  0.000419
1856  -0.018682  -0.006558  0.000392
1857  -0.005746  0.003726  0.000047
1858  -0.008797  0.010430  0.000186
1859  -0.037731  -0.003143  0.001434
1860  -0.024212  0.018731  0.000937
1861  -0.008694  -0.012083  0.000222
1862  -0.009256  -0.005581  0.000117
1863  -0.006149  0.008663  0.000113
1864  -0.019656  -0.004316  0.000405
1865  -0.019365  0.010646  0.000488
1866  -0.006003  0.012268  0.000187
1867  -0.006554  0.005755  0.000076
1868  -0.005349  0.024779  0.000643
1869  0.013216  0.005650  0.000207
1870  -0.030846  0.001748  0.000955
1871  -0.020783  0.001780  0.000435
1872  -0.009455  0.015725  0.000337
1873  -0.020649  0.003470  0.000438
1874  0.005058  0.021539  0.000490
1875  -0.006139  0.022542  0.000546
1876  -0.016835  0.014092  0.000482
1877  -0.011744  0.011917  0.000280
1878  -0.000978  0.005804  0.000035
1879  -0.006567  -0.006280  0.000083
1880  0.004710  0.002876  0.000030
1881  -0.032132  0.003629  0.001046
1882  -0.018042  0.013196  0.000500
1883  -0.011994  0.007661  0.000203
1884  -0.017042  -0.010589  0.000403
1885  -0.000827  0.030535  0.000933
1886  -0.018796  0.007033  0.000403
1887  -0.005373  0.019946  0.000427
1888  -0.007804  0.002437  0.000067
1889  0.002725  -0.008107  0.000073
1890  -0.023614  0.012719  0.000719
1891  -0.013359  0.002056  0.000183
1892  -0.000039  0.002366  0.000006
1893  0.004212  0.016264  0.000282
1894  -0.019328  0.011276  0.000501
1895  0.004706  -0.008275  0.000091
1896  -0.007877  0.020106  0.000466
1897  -0.024377  0.015208  0.000826
1898  -0.024078  0.018023  0.000905
1899  -0.010593  0.004370  0.000131
1900  -0.015373  0.008950  0.000316
1901  0.008056  0.011868  0.000206
1902  0.006122  0.013016  0.000207
1903  -0.003115  0.007233  0.000062
1904  -0.012182  -0.011783  0.000287
1905  -0.016743  0.001464  0.000282
1906  -0.005837  0.029943  0.000931
1907  -0.015474  0.006909  0.000287
1908  0.014752  0.004914  0.000242
1909  -0.006816  -0.020664  0.000473
1910  0.003701  0.032490  0.001069
1911  -0.012901  0.009172  0.000251
1912  0.006116  0.017403  0.000340
1913  0.008506  0.005948  0.000108
1914  -0.003443  0.018693  0.000361
1915  -0.020247  0.025345  0.001052
1916  -0.012705  0.008196  0.000229
1917  -0.012500  0.015763  0.000405
1918  -0.002292  0.005150  0.000032
1919  -0.006365  0.008829  0.000118
1920  0.015539  -0.009270  0.000327
1921  -0.007987  -0.000225  0.000064
1922  -0.013796  0.020686  0.000618
1923  -0.007099  -0.004889  0.000074
1924  -0.012392  0.005017  0.000179
1925  -0.004791  0.001161  0.000024
1926  -0.013742  0.011513  0.000321
1927  -0.012007  0.010676  0.000258
1928  -0.002724  0.001806  0.000011
1929  -0.010612  0.021270  0.000565
1930  0.003865  0.007273  0.000068
1931  -0.028700  0.022534  0.001331
1932  -0.000569  0.014411  0.000208
1933  -0.012437  0.014447  0.000363
1934  -0.009379  0.007342  0.000142
1935  0.007988  -0.004716  0.000086
1936  0.002264  -0.005969  0.000041
1937  -0.010736  0.019084  0.000479
1938  -0.004922  0.024937  0.000646
1939  -0.007075  0.006251  0.000089
1940  -0.010422  0.009281  0.000195
1941  -0.001092  0.014799  0.000220
1942  -0.007113  -0.001669  0.000053
1943  -0.008867  -0.005646  0.000110
1944  -0.000310  0.019610  0.000385
1945  0.001598  0.007172  0.000054
1946  -0.024859  0.010887  0.000736
1947  -0.005942  -0.003301  0.000046
1948  -0.013062  0.008278  0.000239
1949  -0.006108  -0.005775  0.000071
1950  -0.004963  0.015535  0.000266
1951  -0.015085  -0.000536  0.000228
1952  -0.004995  0.007637  0.000083
1953  -0.020884  -0.005833  0.000470
1954  -0.012054  -0.001898  0.000149
1955  -0.007801  0.021167  0.000509
1956  -0.018072  0.018103  0.000654
1957  0.006042  0.025687  0.000696
1958  0.013447  0.015601  0.000424
1959  -0.003390  0.009655  0.000105
1960  -0.021795  0.017221  0.000772
1961  0.006980  0.011445  0.000180
1962  -0.018785  0.001729  0.000356
1963  0.000006  0.018801  0.000353
1964  -0.004796  -0.009416  0.000112
1965  -0.013211  0.006348  0.000215
1966  -0.002557  0.016283  0.000272
1967  -0.008154  0.018005  0.000391
1968  -0.011997  -0.000862  0.000145
1969  0.005421  0.028431  0.000838
1970  -0.003039  -0.001758  0.000012
1971  -0.013650  0.038608  0.001677
1972  -0.002425  0.009865  0.000103
1973  -0.007731  0.007286  0.000113
1974  0.016137  0.011060  0.000383
1975  -0.010064  0.024475  0.000700
1976  0.000530  0.015677  0.000246
1977  -0.004643  -0.004384  0.000041
1978  -0.001805  0.006710  0.000048
1979  -0.007385  0.006939  0.000103
1980  -0.026314  -0.002232  0.000697
1981  -0.011610  0.017337  0.000435
1982  0.002198  -0.002262  0.000010
1983  -0.006799  0.001713  0.000049
1984  0.003591  0.011213  0.000139
1985  0.009712  -0.011196  0.000220
1986  0.001365  0.015739  0.000250
1987  -0.011407  -0.002878  0.000138
1988  -0.007911  0.010499  0.000173
1989  -0.015970  0.027161  0.000993
1990  -0.011258  0.003514  0.000139
1991  0.007793  -0.000012  0.000061
1992  -0.009134  0.008424  0.000154
1993  0.002859  0.017973  0.000331
1994  -0.001761  0.012334  0.000155
1995  -0.005935  0.001834  0.000039
1996  -0.020994  -0.005290  0.000469
1997  -0.004598  0.002747  0.000029
1998  0.004935  0.006574  0.000068
1999  -0.010283  0.005851  0.000140
2000  -0.021400  0.022726  0.000974
2001  -0.000650  -0.000674  0.000001
2002  -0.008409  0.014140  0.000271
2003  -0.007381  0.018053  0.000380
2004  -0.000247  0.009207  0.000085
2005  -0.023416  0.002533  0.000555
2006  -0.003408  0.019392  0.000388
2007  -0.011788  -0.014394  0.000346
2008  -0.011783  0.021915  0.000619
2009  -0.009568  0.008878  0.000170
2010  -0.011946  0.002545  0.000149
2011  -0.033611  0.025788  0.001795
2012  -0.012537  0.017173  0.000452
2013  0.000329  0.001452  0.000002
2014  0.013435  0.018164  0.000510
2015  -0.006828  0.011631  0.000182
2016  0.004913  0.028322  0.000826
2017  0.005828  0.015531  0.000275
2018  0.000594  -0.002955  0.000009
2019  -0.004084  0.009910  0.000115
2020  0.005690  0.020213  0.000441
2021  0.003527  0.010276  0.000118
2022  -0.020197  0.008821  0.000486
2023  0.010163  0.001487  0.000105
2024  -0.003884  0.007843  0.000077
2025  0.001860  0.019288  0.000375
2026  -0.014999  0.009982  0.000325
2027  0.010532  -0.005883  0.000146
2028  -0.014115  0.007707  0.000259
2029  -0.015920  0.018171  0.000584
2030  -0.009028  0.015472  0.000321
2031  -0.006776  0.005406  0.000075
2032  -0.010645  0.015379  0.000350
2033  0.008169  0.002152  0.000071
2034  0.009733  -0.002255  0.000100
2035  -0.004187  0.011578  0.000152
2036  -0.032328  0.019152  0.001412
2037  -0.002663  0.009181  0.000091
2038  -0.015533  0.016984  0.000530
2039  -0.010540  0.005473  0.000141
2040  0.003110  0.013797  0.000200
2041  0.008678  0.020202  0.000483
2042  -0.003476  -0.012833  0.000177
2043  -0.021216  0.004043  0.000466
2044  0.003482  0.001443  0.000014
2045  -0.019615  0.006660  0.000429
2046  -0.004577  0.000369  0.000021
2047  -0.002468  -0.024295  0.000596
