0  0.026540  -0.009221  0.000789
1  -0.000414  -0.061328  0.003761
2  -0.001652  -0.012631  0.000162
3  0.077290  -0.042264  0.007760
4  -0.089260  -0.026572  0.008673
5  0.000111  0.006200  0.000038
6  -0.014832  -0.018312  0.000555
7  0.019913  -0.021713  0.000868
8  0.005517  -0.021250  0.000482
9  -0.110608  0.063318  0.016243
10  0.003878  -0.034064  0.001175
11  0.054304  0.075855  0.008703
12  0.025366  0.027378  0.001393
13  -0.020532  -0.010281  0.000527
14  0.015532  -0.020327  0.000654
15  -0.084348  0.041557  0.008842
16  0.014681  -0.020605  0.000640
17  -0.059861  0.004967  0.003608
18  -0.058004  0.011001  0.003486
19  -0.001653  0.026233  0.000691
20  0.008788  0.037940  0.001517
21  0.003595  -0.051230  0.002637
22  0.055675  0.000319  0.003100
23  -0.034758  -0.030722  0.002152
24  0.003948  -0.029045  0.000859
25  0.030848  0.070828  0.005968
26  -0.020957  -0.023453  0.000989
27  0.036008  -0.023629  0.001855
28  0.019447  -0.065653  0.004689
29  -0.075440  -0.009287  0.005777
30  0.022387  -0.023940  0.001074
31  -0.084250  0.017131  0.007391
32  -0.071675  -0.011234  0.005264
33  0.051725  0.032750  0.003748
34  -0.037439  -0.010002  0.001502
35  0.085589  -0.033478  0.008446
36  -0.026509  0.041014  0.002385
37  0.046444  0.053611  0.005031
38  0.008890  0.046663  0.002256
39  -0.048901  -0.030951  0.003349
40  0.013431  0.021149  0.000628
41  0.005325  0.063874  0.004108
42  -0.002276  0.054497  0.002975
43  -0.015367  -0.025587  0.000891
44  0.007763  -0.006632  0.000104
45  0.036131  -0.061496  0.005087
46  -0.012567  0.031298  0.001137
47  0.046595  0.021446  0.002631
48  0.043171  -0.052051  0.004573
49  0.009344  -0.056848  0.003319
50  0.004546  0.022673  0.000535
51  -0.039235  -0.010221  0.001644
52  0.053929  0.014424  0.003116
53  0.014680  -0.069689  0.005072
54  -0.030374  -0.055680  0.004023
55  -0.057932  -0.053057  0.006171
56  -0.067257  -0.003537  0.004536
57  -0.033520  0.050693  0.003693
58  0.005582  0.027922  0.000811
59  -0.024215  0.001932  0.000590
60  -0.031994  0.010122  0.001126
61  0.044878  0.008620  0.002088
62  -0.014794  -0.021987  0.000702
63  -0.007381  0.051540  0.002711
64  -0.028031  0.043821  0.002706
65  -0.047048  0.020462  0.002632
66  -0.004984  0.035827  0.001308
67  -0.058232  0.015897  0.003644
68  0.008448  0.006953  0.000120
69  -0.024412  0.023019  0.001126
70  -0.055163  -0.017455  0.003348
71  0.010176  0.009128  0.000187
72  0.064247  -0.007077  0.004178
73  -0.007234  0.042999  0.001901
74  0.038154  -0.039258  0.002997
75  -0.006565  -0.032577  0.001104
76  0.026442  -0.002256  0.000704
77  0.012481  -0.023047  0.000687
78  0.007030  0.057283  0.003331
79  0.005753  0.080855  0.006571
80  -0.053663  -0.011665  0.003016
81  0.019854  -0.009998  0.000494
82  0.013252  0.016637  0.000452
83  0.094058  -0.015762  0.009095
84  0.040161  -0.054142  0.004544
85  0.016029  -0.013965  0.000452
86  0.027125  0.017148  0.001030
87  0.005857  0.024743  0.000647
88  0.027156  0.037455  0.002140
89  -0.017055  -0.022035  0.000776
90  -0.041847  -0.002117  0.001756
91  -0.042973  -0.002744  0.001854
92  -0.041301  0.017159  0.002000
93  -0.013872  0.067731  0.004780
94  -0.064185  -0.015283  0.004353
95  0.006166  0.005616  0.000070
96  0.036928  -0.079121  0.007624
97  0.040329  -0.027337  0.002374
98  -0.013025  -0.059980  0.003767
99  0.032347  -0.032978  0.002134
100  -0.005476  0.037724  0.001453
101  -0.039902  0.005997  0.001628
102  -0.015550  -0.001927  0.000246
103  0.027098  0.006657  0.000779
104  -0.015944  -0.042289  0.002043
105  -0.023800  -0.008658  0.000641
106  -0.050739  0.043593  0.004475
107  0.024590  -0.010611  0.000717
108  -0.014150  -0.002242  0.000205
109  -0.002275  -0.033791  0.001147
110  -0.001162  0.039447  0.001557
111  0.050075  0.090753  0.010744
112  0.025853  -0.016852  0.000952
113  -0.007367  0.009132  0.000138
114  0.020484  -0.069786  0.005290
115  0.067581  0.027173  0.005306
116  -0.095342  -0.007567  0.009147
117  0.035122  0.006908  0.001281
118  -0.011161  -0.059180  0.003627
119  -0.053506  0.048545  0.005220
120  0.024951  0.021578  0.001088
121  -0.006725  -0.014929  0.000268
122  -0.004306  0.050693  0.002588
123  -0.011841  0.007532  0.000197
124  -0.030065  -0.041174  0.002599
125  -0.014313  -0.006297  0.000245
126  0.011002  0.019993  0.000521
127  -0.067188  0.016881  0.004799
128  -0.005633  0.066552  0.004461
129  -0.037915  -0.021197  0.001887
130  0.001691  0.001080  0.000004
131  -0.008515  -0.018320  0.000408
132  -0.026454  -0.028232  0.001497
133  -0.048168  -0.084393  0.009442
134  0.008116  0.009673  0.000159
135  -0.025980  -0.029443  0.001542
136  -0.046729  -0.045499  0.004254
137  0.012841  -0.037310  0.001557
138  -0.038430  0.002555  0.001483
139  0.009523  0.023335  0.000635
140  -0.031315  0.015585  0.001224
141  -0.056144  -0.032524  0.004210
142  0.028607  -0.011437  0.000949
143  0.029257  0.058638  0.004294
144  -0.055733  0.060467  0.006762
145  -0.004189  0.026019  0.000695
146  -0.020807  0.006263  0.000472
147  0.008359  -0.058552  0.003498
148  -0.050373  -0.027622  0.003300
149  0.034689  -0.045016  0.003230
150  0.018197  -0.016559  0.000605
151  0.006811  0.024975  0.000670
152  0.009468  -0.008903  0.000169
153  -0.014399  0.004164  0.000225
154  0.021243  0.007818  0.000512
155  0.054411  -0.031806  0.003972
156  -0.012079  0.007256  0.000199
157  0.009558  -0.016853  0.000375
158  0.042422  -0.002783  0.001807
159  0.017585  -0.028079  0.001098
160  0.062261  -0.033522  0.005000
161  -0.061883  0.014532  0.004041
162  -0.046067  0.020839  0.002556
163  -0.022474  0.095591  0.009643
164  -0.046382  -0.041781  0.003897
165  -0.002780  -0.056714  0.003224
166  -0.058722  0.001095  0.003449
167  -0.024976  0.013586  0.000808
168  0.010192  -0.018744  0.000455
169  -0.029838  0.011951  0.001033
170  0.026320  0.009795  0.000789
171  0.028779  0.004975  0.000853
172  0.038189  -0.047249  0.003691
173  0.019974  0.064212  0.004522
174  -0.083199  0.015744  0.007170
175  0.041122  -0.044080  0.003634
176  -0.016608  -0.024146  0.000859
177  -0.018623  -0.009532  0.000438
178  -0.010145  -0.005379  0.000132
179  -0.022350  -0.043443  0.002387
180  -0.023786  -0.020477  0.000985
181  0.038014  0.005594  0.001476
182  -0.014335  -0.022650  0.000719
183  0.034614  0.033965  0.002352
184  0.028176  -0.055090  0.003829
185  -0.046882  0.065608  0.006502
186  0.034772  0.042401  0.003007
187  -0.016585  0.001788  0.000278
188  -0.027434  0.052209  0.003478
189  -0.011148  -0.059744  0.003694
190  0.037538  0.003014  0.001418
191  -0.024872  -0.024890  0.001238
192  -0.032178  -0.015525  0.001276
193  -0.006987  0.000947  0.000050
194  -0.063840  -0.013188  0.004249
195  0.042479  0.027493  0.002560
196  -0.072579  -0.016812  0.005550
197  -0.022515  -0.030661  0.001447
198  -0.023275  -0.041780  0.002287
199  0.036678  -0.040878  0.003016
200  -0.056262  -0.010384  0.003273
201  -0.032484  -0.002780  0.001063
202  -0.007498  -0.022371  0.000557
203  -0.035842  0.026135  0.001968
204  0.019407  -0.048989  0.002777
205  0.008741  0.040258  0.001697
206  0.013101  -0.029855  0.001063
207  0.006967  -0.015184  0.000279
208  -0.006126  0.010504  0.000148
209  -0.017351  0.002803  0.000309
210  -0.045045  -0.001915  0.002033
211  0.033085  -0.047207  0.003323
212  0.040922  -0.008498  0.001747
213  -0.027711  -0.052805  0.003556
214  -0.000926  0.062922  0.003960
215  0.009991  -0.004243  0.000118
216  -0.028539  0.019176  0.001182
217  -0.012600  0.103111  0.010791
218  0.052594  0.053736  0.005654
219  0.005265  -0.044160  0.001978
220  -0.011909  0.023588  0.000698
221  -0.021788  0.037044  0.001847
222  -0.045124  -0.014298  0.002241
223  -0.073631  -0.012555  0.005579
224  0.012269  -0.038509  0.001633
225  0.012797  -0.027315  0.000910
226  0.018185  0.010933  0.000450
227  0.068977  -0.015074  0.004985
228  -0.047345  0.063121  0.006226
229  -0.024585  0.025853  0.001273
230  0.000161  -0.007943  0.000063
231  -0.002477  0.036018  0.001303
232  -0.017098  -0.069096  0.005067
233  0.022710  -0.036748  0.001866
234  -0.006701  0.033562  0.001171
235  0.007142  -0.038925  0.001566
236  0.064230  -0.045555  0.006201
237  0.033083  0.003873  0.001109
238  -0.029776  0.022931  0.001412
239  0.002244  0.017534  0.000312
240  0.009351  0.004743  0.000110
241  0.037092  -0.043672  0.003283
242  0.009529  0.021849  0.000568
243  -0.048549  -0.011008  0.002478
244  0.019355  0.024181  0.000959
245  -0.012868  0.010340  0.000272
246  0.028960  0.030566  0.001773
247  0.021880  0.009176  0.000563
248  0.041644  -0.027659  0.002499
249  -0.037588  0.016486  0.001685
250  -0.064219  0.017423  0.004428
251  0.054705  -0.051962  0.005693
252  0.001857  0.066116  0.004375
253  -0.031323  -0.041072  0.002668
254  0.089227  0.032442  0.009014
255  -0.015711  0.008473  0.000319
256  -0.038413  -0.002459  0.001482
257  0.004256  0.008711  0.000094
258  -0.001491  -0.016568  0.000277
259  -0.004146  -0.006762  0.000063
260  -0.004647  -0.013742  0.000210
261  -0.013882  0.021842  0.000670
262  -0.002251  0.029112  0.000853
263  -0.038176  -0.029312  0.002317
264  0.005762  -0.005891  0.000068
265  -0.018241  -0.018918  0.000691
266  -0.012422  0.010953  0.000274
267  -0.015519  -0.027442  0.000994
268  -0.021788  -0.010505  0.000585
269  -0.041459  -0.001034  0.001720
270  0.062396  -0.011563  0.004027
271  -0.008571  0.011407  0.000204
272  -0.038115  -0.021331  0.001908
273  0.023350  0.008634  0.000620
274  0.010228  0.042844  0.001940
275  -0.011447  0.049025  0.002534
276  0.054791  0.002598  0.003009
277  -0.000267  -0.051418  0.002644
278  0.043319  -0.009353  0.001964
279  0.031269  0.043700  0.002887
280  -0.021663  0.039337  0.002017
281  -0.013817  -0.023413  0.000739
282  0.060350  -0.005158  0.003669
283  -0.010362  -0.004076  0.000124
284  0.070797  0.004893  0.005036
285  -0.013150  -0.038662  0.001668
286  0.002211  -0.044361  0.001973
287  -0.032042  -0.013378  0.001206
288  -0.039648  -0.045982  0.003686
289  0.013993  -0.037096  0.001572
290  0.030493  0.005714  0.000962
291  -0.002329  0.001654  0.000008
292  0.044410  -0.022513  0.002479
293  -0.066651  -0.035245  0.005685
294  0.030844  -0.015539  0.001193
295  0.077832  -0.026790  0.006776
296  -0.050282  -0.004089  0.002545
297  0.017597  0.013582  0.000494
298  -0.048411  0.013870  0.002536
299  -0.060612  -0.039587  0.005241
300  -0.004951  0.044125  0.001972
301  0.017754  -0.045730  0.002406
302  -0.052345  -0.010966  0.002860
303  0.060557  -0.040368  0.005297
304  -0.059002  0.004876  0.003505
305  -0.026489  -0.019973  0.001101
306  -0.019614  0.068928  0.005136
307  0.018539  0.067599  0.004913
308  -0.005755  0.034843  0.001247
309  -0.029875  -0.010670  0.001006
310  0.038587  -0.053155  0.004314
311  0.001665  0.014661  0.000218
312  0.042484  -0.018376  0.002143
313  -0.004732  0.030111  0.000929
314  0.005721  -0.022298  0.000530
315  -0.036003  -0.019059  0.001659
316  -0.005394  0.037890  0.001465
317  -0.019792  -0.009470  0.000481
318  -0.035506  -0.008868  0.001339
319  0.049482  -0.062613  0.006369
320  -0.007969  0.026242  0.000752
321  -0.011111  0.009676  0.000217
322  0.020404  0.067734  0.005004
323  -0.025234  -0.036324  0.001956
324  0.065254  -0.043482  0.006149
325  -0.012837  0.057044  0.003419
326  -0.028740  -0.018154  0.001156
327  -0.001970  0.014056  0.000201
328  0.004350  -0.009762  0.000114
329  -0.057798  0.031305  0.004321
330  0.021107  -0.081031  0.007012
331  -0.003786  -0.023627  0.000573
332  -0.016353  -0.025999  0.000943
333  0.002809  -0.018572  0.000353
334  -0.033025  -0.003156  0.001101
335  -0.034559  0.042520  0.003002
336  0.040168  -0.045663  0.003699
337  0.004620  -0.010272  0.000127
338  0.015384  -0.051529  0.002892
339  -0.068911  0.009174  0.004833
340  0.047163  -0.015196  0.002455
341  0.000943  -0.041827  0.001750
342  -0.022489  0.010581  0.000618
343  0.021065  0.023934  0.001017
344  -0.019183  -0.010741  0.000483
345  -0.066753  0.018275  0.004790
346  -0.020541  0.065261  0.004681
347  0.033098  0.019285  0.001467
348  -0.004618  0.004666  0.000043
349  -0.039132  -0.003271  0.001542
350  0.024693  -0.019038  0.000972
351  -0.027258  0.070865  0.005765
352  -0.017439  0.013629  0.000490
353  -0.022193  0.012903  0.000659
354  -0.002575  0.034947  0.001228
355  -0.019512  -0.019855  0.000775
356  -0.002340  -0.046346  0.002153
357  -0.011909  -0.015972  0.000397
358  -0.015193  -0.031876  0.001247
359  -0.008739  -0.010760  0.000192
360  -0.050810  -0.008046  0.002646
361  -0.022721  -0.040678  0.002171
362  0.003919  -0.037236  0.001402
363  -0.044295  0.068879  0.006706
364  -0.025808  -0.003116  0.000676
365  -0.039483  0.013863  0.001751
366  0.005592  -0.016973  0.000319
367  0.037440  0.020562  0.001825
368  0.061832  -0.020263  0.004234
369  0.018685  0.001908  0.000353
370  -0.005656  0.035801  0.001314
371  0.003182  -0.042071  0.001780
372  0.002879  0.026735  0.000723
373  -0.047614  -0.019189  0.002635
374  -0.014135  -0.041858  0.001952
375  0.037033  -0.011231  0.001498
376  0.014354  0.008477  0.000278
377  -0.036168  0.043634  0.003212
378  0.046593  0.024209  0.002757
379  -0.012421  -0.000101  0.000154
380  0.006309  -0.013778  0.000230
381  -0.029950  0.019414  0.001274
382  -0.036770  0.012029  0.001497
383  -0.001951  -0.068949  0.004758
384  0.030685  0.023972  0.001516
385  -0.005120  0.060267  0.003658
386  0.026958  -0.032409  0.001777
387  0.000453  0.001868  0.000004
388  0.023355  0.006473  0.000587
389  -0.048143  0.043230  0.004187
390  -0.008796  -0.053006  0.002887
391  0.052327  -0.019545  0.003120
392  0.040119  -0.056624  0.004816
393  0.004186  -0.081364  0.006638
394  -0.002305  -0.013975  0.000201
395  0.007074  0.015674  0.000296
396  -0.071135  -0.034471  0.006248
397  0.064441  -0.049056  0.006559
398  -0.013421  -0.009413  0.000269
399  -0.021741  0.013279  0.000649
400  0.061865  -0.071988  0.009009
401  0.030521  -0.016395  0.001200
402  -0.032207  0.021494  0.001499
403  0.002349  0.007481  0.000061
404  -0.040288  -0.009274  0.001709
405  -0.041187  0.085584  0.009021
406  -0.027552  -0.042744  0.002586
407  0.003282  -0.051711  0.002685
408  0.025899  0.024593  0.001276
409  -0.032534  -0.002799  0.001066
410  -0.007262  -0.038808  0.001559
411  -0.013703  0.012315  0.000339
412  0.035234  0.014339  0.001447
413  -0.076258  0.021615  0.006283
414  0.012528  -0.045892  0.002263
415  0.021181  0.001747  0.000452
416  0.008242  -0.030634  0.001006
417  -0.016751  -0.008002  0.000345
418  -0.028536  -0.047803  0.003099
419  -0.023543  0.025363  0.001198
420  -0.015429  0.042350  0.002032
421  -0.042235  -0.001873  0.001787
422  0.039068  -0.027215  0.002267
423  -0.004310  -0.007180  0.000070
424  0.034715  0.008602  0.001279
425  0.015931  0.037005  0.001623
426  -0.016942  -0.020221  0.000696
427  -0.041056  0.009897  0.001784
428  -0.054343  0.034098  0.004116
429  0.009999  0.005400  0.000129
430  -0.001393  0.046563  0.002170
431  -0.009013  0.011885  0.000222
432  -0.024899  0.029248  0.001475
433  0.030481  -0.016937  0.001216
434  -0.072566  0.008389  0.005336
435  -0.044947  -0.032142  0.003053
436  -0.031864  0.024264  0.001604
437  -0.016136  0.053698  0.003144
438  -0.000152  0.020113  0.000405
439  0.025779  0.022163  0.001156
440  0.034605  -0.033008  0.002287
441  -0.032987  0.004655  0.001110
442  0.047948  -0.009421  0.002388
443  0.016751  0.000294  0.000281
444  0.033807  -0.013359  0.001321
445  -0.005687  0.019706  0.000421
446  -0.024706  -0.016779  0.000892
447  -0.033279  0.010458  0.001217
448  -0.007938  -0.070359  0.005013
449  0.035015  0.064719  0.005415
450  -0.071829  0.038386  0.006633
451  -0.005632  -0.000264  0.000032
452  0.069633  -0.012789  0.005012
453  -0.005515  -0.004392  0.000050
454  -0.061732  -0.001651  0.003814
455  0.005657  -0.021209  0.000482
456  0.021192  -0.030433  0.001375
457  0.016754  0.085769  0.007637
458  -0.061053  -0.029174  0.004579
459  -0.029051  -0.088953  0.008757
460  -0.046411  -0.041431  0.003871
461  0.030366  0.000239  0.000922
462  -0.016614  0.003856  0.000291
463  -0.002553  -0.033244  0.001112
464  0.019436  0.016885  0.000663
465  0.003054  -0.019587  0.000393
466  0.015998  0.045659  0.002341
467  -0.018534  0.003745  0.000358
468  0.016782  0.028447  0.001091
469  0.031371  -0.023988  0.001560
470  -0.039331  0.041125  0.003238
471  0.067291  0.081707  0.011204
472  0.026732  -0.016500  0.000987
473  0.038123  -0.036451  0.002782
474  -0.031895  -0.013216  0.001192
475  -0.011113  0.059344  0.003645
476  -0.028540  0.018209  0.001146
477  0.051946  -0.003995  0.002714
478  0.069347  0.042179  0.006588
479  0.030301  0.033527  0.002042
480  0.030709  -0.007687  0.001002
481  -0.037435  -0.054417  0.004363
482  -0.023153  0.017392  0.000839
483  0.009167  0.003657  0.000097
484  -0.021886  -0.016071  0.000737
485  0.002300  0.012624  0.000165
486  0.030940  0.027170  0.001695
487  -0.034236  -0.014983  0.001397
488  0.027896  -0.033048  0.001870
489  -0.006923  -0.065653  0.004358
490  -0.019991  -0.027014  0.001129
491  0.057098  0.017799  0.003577
492  0.029066  -0.029921  0.001740
493  -0.042428  -0.006161  0.001838
494  0.025928  -0.052905  0.003471
495  0.059744  0.010498  0.003680
496  0.002633  0.004754  0.000030
497  0.034593  0.025529  0.001848
498  -0.015079  -0.021865  0.000705
499  0.009790  0.008180  0.000163
500  0.007481  -0.006298  0.000096
501  0.005271  0.052619  0.002797
502  -0.014413  -0.017482  0.000513
503  0.014256  -0.017001  0.000492
504  -0.034664  0.024683  0.001811
505  0.018656  -0.029679  0.001229
506  -0.034300  0.058277  0.004573
507  0.006265  0.039866  0.001629
508  -0.059618  -0.026296  0.004246
509  -0.042166  -0.044224  0.003734
510  -0.002740  -0.082315  0.006783
511  -0.060389  -0.015308  0.003881
512  -0.033474  0.004787  0.001143
513  -0.018378  -0.016728  0.000618
514  0.029840  0.018868  0.001246
515  0.128297  -0.038202  0.017920
516  0.035396  0.000379  0.001253
517  0.026577  -0.039882  0.002297
518  -0.004971  -0.005673  0.000057
519  0.000404  0.025488  0.000650
520  0.037996  -0.022394  0.001945
521  -0.016420  0.024192  0.000855
522  -0.072690  0.008207  0.005351
523  -0.004362  0.031431  0.001007
524  0.024956  0.026812  0.001342
525  -0.008625  0.007251  0.000127
526  0.030930  -0.038039  0.002404
527  -0.022678  -0.013829  0.000706
528  -0.035568  -0.027905  0.002044
529  -0.002980  -0.019522  0.000390
530  -0.033512  -0.007819  0.001184
531  0.033988  -0.017091  0.001447
532  0.006278  -0.018104  0.000367
533  -0.009092  -0.043026  0.001934
534  -0.004414  0.054207  0.002958
535  0.029932  0.044126  0.002843
536  -0.044257  -0.011331  0.002087
537  0.029358  0.021255  0.001314
538  -0.018839  -0.039871  0.001945
539  -0.051803  -0.011655  0.002819
540  -0.036716  0.054318  0.004298
541  0.014744  -0.012647  0.000377
542  -0.032967  -0.005355  0.001115
543  -0.028038  0.000020  0.000786
544  0.018744  -0.013183  0.000525
545  -0.023503  0.083650  0.007550
546  0.027212  -0.016013  0.000997
547  0.060321  -0.029764  0.004525
548  -0.026983  0.022802  0.001248
549  -0.020631  -0.038120  0.001879
550  -0.036968  0.011224  0.001493
551  -0.010604  0.010838  0.000230
552  0.020458  0.039286  0.001962
553  -0.024431  0.023565  0.001152
554  -0.037767  -0.040210  0.003043
555  -0.006628  -0.030471  0.000972
556  0.002994  -0.033080  0.001103
557  0.029531  0.079927  0.007260
558  -0.035961  -0.023411  0.001841
559  -0.011704  0.033344  0.001249
560  0.090656  0.051931  0.010915
561  0.012993  -0.000910  0.000170
562  0.031904  0.025425  0.001664
563  -0.003058  -0.004000  0.000025
564  -0.051350  0.028773  0.003465
565  -0.017608  0.043797  0.002228
566  -0.001868  0.030774  0.000951
567  -0.036959  0.004075  0.001383
568  -0.003521  -0.008008  0.000077
569  -0.022514  -0.030695  0.001449
570  -0.024642  0.040383  0.002238
571  0.005442  0.019830  0.000423
572  0.001313  -0.004681  0.000024
573  0.010840  0.019925  0.000514
574  0.005689  -0.065411  0.004311
575  0.008054  0.003091  0.000074
576  0.006005  0.065146  0.004280
577  0.024903  0.003955  0.000636
578  -0.084096  -0.004380  0.007091
579  -0.046169  0.025026  0.002758
580  0.055084  -0.011437  0.003165
581  0.005653  0.048711  0.002405
582  0.047770  0.077603  0.008304
583  -0.004731  -0.025427  0.000669
584  0.000558  0.004406  0.000020
585  0.000764  -0.012269  0.000151
586  0.016917  0.005389  0.000315
587  -0.036956  -0.006905  0.001413
588  0.007217  0.029782  0.000939
589  0.016260  -0.006941  0.000313
590  -0.045333  0.025770  0.002719
591  0.017883  0.023026  0.000850
592  0.031395  -0.028752  0.001812
593  -0.015789  -0.039718  0.001827
594  -0.062157  -0.007190  0.003915
595  -0.001220  -0.015727  0.000249
596  -0.042643  0.001587  0.001821
597  -0.041428  -0.015285  0.001950
598  0.053862  -0.030805  0.003850
599  -0.020182  -0.006555  0.000450
600  -0.011830  0.012483  0.000296
601  -0.018825  -0.017489  0.000660
602  0.016441  0.004620  0.000292
603  -0.012259  -0.015308  0.000385
604  -0.005189  0.051498  0.002679
605  0.010150  0.008901  0.000182
606  -0.016786  0.032119  0.001313
607  -0.082132  0.050793  0.009326
608  0.068132  -0.036718  0.005990
609  0.046460  -0.012428  0.002313
610  -0.033280  0.007917  0.001170
611  0.023328  -0.004784  0.000567
612  0.016548  -0.034403  0.001457
613  0.061948  0.000503  0.003838
614  -0.021127  -0.021529  0.000910
615  -0.002572  0.031549  0.001002
616  0.038525  -0.037424  0.002885
617  -0.025751  0.049930  0.003156
618  0.033973  -0.013861  0.001346
619  -0.017762  0.036984  0.001683
620  -0.038849  0.027392  0.002260
621  0.046135  0.052451  0.004880
622  -0.045632  0.020312  0.002495
623  -0.029618  0.033903  0.002027
624  -0.016073  0.034767  0.001467
625  -0.030687  0.034464  0.002130
626  -0.072899  0.003235  0.005325
627  -0.003445  -0.001436  0.000014
628  -0.005303  -0.008112  0.000094
629  -0.029851  0.046015  0.003008
630  -0.035644  0.037751  0.002696
631  -0.074951  -0.034705  0.006822
632  0.007909  -0.015675  0.000308
633  -0.039009  0.062027  0.005369
634  -0.046788  -0.052172  0.004911
635  -0.005172  0.014389  0.000234
636  0.022295  -0.030814  0.001447
637  -0.001557  -0.017153  0.000297
638  -0.037522  -0.007085  0.001458
639  -0.045756  -0.012047  0.002239
640  -0.009458  -0.017481  0.000395
641  0.003088  -0.042228  0.001793
642  -0.000268  -0.019886  0.000396
643  0.033502  0.005031  0.001148
644  -0.032029  -0.026291  0.001717
645  0.047085  -0.005539  0.002248
646  -0.009434  0.037818  0.001519
647  0.014263  0.017692  0.000516
648  0.046219  -0.000198  0.002136
649  -0.057684  0.084699  0.010501
650  0.024028  0.038007  0.002022
651  0.014879  -0.051968  0.002922
652  0.060712  0.000910  0.003687
653  -0.090589  -0.021386  0.008664
654  0.024073  0.000824  0.000580
655  -0.037737  -0.056414  0.004607
656  0.030627  -0.029203  0.001791
657  -0.004670  -0.074983  0.005644
658  0.019289  -0.005198  0.000399
659  -0.044720  0.035938  0.003291
660  -0.043216  0.022187  0.002360
661  0.010958  -0.025872  0.000789
662  -0.015360  0.075910  0.005998
663  0.020287  -0.025353  0.001054
664  0.083254  0.027882  0.007709
665  -0.029368  0.052838  0.003654
666  0.029765  -0.054707  0.003879
667  0.005561  -0.040547  0.001675
668  0.034448  0.074532  0.006742
669  -0.026736  -0.000686  0.000715
670  -0.008150  -0.011472  0.000198
671  0.023057  -0.016017  0.000788
672  -0.004922  0.040608  0.001673
673  0.009268  0.007085  0.000136
674  -0.039940  0.019686  0.001983
675  0.020531  0.060360  0.004065
676  0.047632  -0.000635  0.002269
677  0.008933  0.064546  0.004246
678  0.020372  -0.060865  0.004120
679  0.006422  0.023311  0.000585
680  -0.012628  0.105756  0.011344
681  -0.045485  0.004963  0.002094
682  0.017249  0.015494  0.000538
683  0.032740  -0.024791  0.001687
684  0.045917  -0.004237  0.002126
685  -0.040511  -0.011880  0.001782
686  0.019684  -0.003821  0.000402
687  0.021600  -0.018433  0.000806
688  -0.017651  0.057325  0.003598
689  -0.059416  -0.000233  0.003530
690  0.003834  0.069086  0.004788
691  -0.003317  0.005425  0.000040
692  -0.065211  0.007509  0.004309
693  0.106367  0.019407  0.011691
694  0.066283  -0.017755  0.004709
695  0.061150  0.003368  0.003751
696  0.072178  0.013779  0.005399
697  0.018674  0.066301  0.004745
698  0.020576  0.051973  0.003125
699  0.021845  0.044755  0.002480
700  -0.026678  0.027087  0.001445
701  0.044482  -0.005592  0.002010
702  -0.024784  0.055433  0.003687
703  -0.033326  0.008258  0.001179
704  0.013177  0.020663  0.000601
705  -0.014265  -0.025795  0.000869
706  0.006388  0.006715  0.000086
707  0.028522  -0.007816  0.000875
708  0.007547  -0.002686  0.000064
709  0.022853  -0.037028  0.001893
710  0.025490  -0.000935  0.000651
711  0.031489  -0.005429  0.001021
712  0.019554  -0.020299  0.000794
713  0.060331  -0.026481  0.004341
714  -0.007127  0.005079  0.000077
715  -0.053936  -0.034853  0.004124
716  -0.005615  0.008660  0.000107
717  0.026094  0.054762  0.003680
718  -0.020491  -0.024992  0.001044
719  0.003488  0.050090  0.002521
720  -0.009575  -0.049412  0.002533
721  -0.009763  -0.010061  0.000197
722  0.003578  -0.003654  0.000026
723  0.021926  -0.057269  0.003760
724  0.048511  0.020485  0.002773
725  0.030425  0.023688  0.001487
726  -0.084681  0.046841  0.009365
727  -0.008347  -0.026327  0.000763
728  -0.039782  -0.007715  0.001642
729  0.043220  -0.052006  0.004573
730  -0.023285  -0.037092  0.001918
731  0.067758  0.046569  0.006760
732  0.025665  0.032446  0.001711
733  0.030804  0.035302  0.002195
734  -0.045796  -0.031239  0.003073
735  -0.033122  0.013156  0.001270
736  -0.017548  -0.067745  0.004897
737  -0.034997  -0.028414  0.002032
738  0.024205  0.037923  0.002024
739  0.042289  0.024272  0.002378
740  -0.006227  0.032591  0.001101
741  0.052194  -0.007933  0.002787
742  0.013241  0.036577  0.001513
743  0.000964  0.054202  0.002939
744  0.024193  0.027691  0.001352
745  0.015870  -0.001572  0.000254
746  0.056520  -0.082788  0.010048
747  0.008447  0.024146  0.000654
748  0.041995  0.041898  0.003519
749  -0.005804  0.021722  0.000506
750  -0.082144  -0.006763  0.006793
751  -0.081612  0.015787  0.006910
752  0.006129  -0.001664  0.000040
753  0.071150  -0.003957  0.005078
754  -0.027108  -0.021183  0.001184
755  -0.021846  -0.019931  0.000874
756  -0.024840  -0.033895  0.001766
757  0.008767  0.009730  0.000172
758  0.058046  -0.039002  0.004890
759  0.015191  0.016200  0.000493
760  -0.030305  0.009192  0.001003
761  -0.027895  0.025806  0.001444
762  -0.019729  -0.003505  0.000402
763  0.039447  0.060149  0.005174
764  -0.096554  0.074425  0.014862
765  0.010076  -0.003145  0.000111
766  0.007491  0.028675  0.000878
767  -0.006754  0.000630  0.000046
768  -0.033228  -0.067499  0.005660
769  -0.050278  0.045046  0.004557
770  0.000475  0.002812  0.000008
771  0.030998  0.001709  0.000964
772  -0.059702  -0.033980  0.004719
773  0.002176  -0.051582  0.002665
774  0.011916  -0.032778  0.001216
775  0.017185  -0.001185  0.000297
776  -0.024938  -0.040199  0.002238
777  -0.062532  0.077283  0.009883
778  0.001955  -0.000787  0.000004
779  -0.033917  0.024633  0.001757
780  -0.046930  -0.031151  0.003173
781  -0.073725  0.019907  0.005832
782  0.007859  0.048746  0.002438
783  -0.003266  -0.005891  0.000045
784  0.017220  -0.043116  0.002156
785  -0.040231  0.003144  0.001628
786  0.061062  0.004574  0.003749
787  0.059161  -0.076852  0.009406
788  0.042876  0.031116  0.002807
789  -0.017644  0.007516  0.000368
790  -0.026409  -0.044639  0.002690
791  0.036099  0.049074  0.003711
792  -0.070277  0.032974  0.006026
793  -0.041195  0.038990  0.003217
794  -0.092438  0.046569  0.010713
795  0.000734  -0.003215  0.000011
796  -0.114627  0.047869  0.015431
797  0.008574  -0.041266  0.001776
798  -0.042848  -0.027767  0.002607
799  0.072717  0.011245  0.005414
800  -0.096987  0.025003  0.010032
801  -0.006220  0.022115  0.000528
802  0.062834  0.031468  0.004938
803  0.085424  -0.006075  0.007334
804  -0.056799  -0.031600  0.004225
805  0.019683  0.041807  0.002135
806  -0.065251  0.035597  0.005525
807  -0.012354  0.007725  0.000212
808  0.001360  0.049468  0.002449
809  -0.038928  0.005161  0.001542
810  0.035354  0.070297  0.006192
811  -0.020847  0.045139  0.002472
812  -0.021098  0.006536  0.000488
813  -0.046339  0.017999  0.002471
814  -0.011981  0.047242  0.002375
815  -0.051224  0.004657  0.002646
816  -0.001663  0.006578  0.000046
817  0.032191  0.013653  0.001223
818  0.030095  -0.007250  0.000958
819  0.008696  -0.023599  0.000633
820  0.030901  -0.051453  0.003602
821  -0.085586  -0.024029  0.007902
822  0.015347  0.029859  0.001127
823  0.036272  -0.007656  0.001374
824  0.084958  0.018804  0.007571
825  0.016734  -0.045917  0.002388
826  0.000173  0.104476  0.010915
827  -0.002878  -0.051228  0.002633
828  -0.067257  0.007040  0.004573
829  -0.043094  -0.019888  0.002253
830  -0.020612  -0.013112  0.000597
831  0.010293  -0.088325  0.007907
832  -0.012085  -0.046392  0.002298
833  -0.024909  0.054100  0.003547
834  -0.037505  0.030427  0.002332
835  0.018393  -0.056606  0.003543
836  0.070881  0.053876  0.007927
837  -0.038764  -0.040839  0.003170
838  0.006494  -0.014095  0.000241
839  0.051962  -0.037542  0.004109
840  0.019181  -0.070167  0.005291
841  -0.029253  0.034324  0.002034
842  0.102434  0.051904  0.013187
843  0.049652  -0.031105  0.003433
844  0.012204  -0.042372  0.001944
845  0.034244  0.080099  0.007588
846  -0.035842  -0.016173  0.001546
847  0.014627  0.049256  0.002640
848  -0.048065  -0.007073  0.002360
849  -0.046871  0.060952  0.005912
850  -0.049857  -0.007858  0.002547
851  0.000099  -0.060307  0.003637
852  -0.054921  0.004384  0.003036
853  -0.071220  0.108518  0.016849
854  0.063398  0.010472  0.004129
855  -0.065300  -0.023931  0.004837
856  -0.023042  0.015472  0.000770
857  0.048265  -0.089169  0.010281
858  0.003496  0.072192  0.005224
859  -0.034692  -0.009675  0.001297
860  0.066208  0.059277  0.007897
861  -0.012759  0.056620  0.003369
862  0.023812  0.063372  0.004583
863  -0.005338  -0.011889  0.000170
864  0.049129  -0.008638  0.002488
865  -0.023857  -0.012640  0.000729
866  0.027869  0.061709  0.004585
867  -0.021189  0.001764  0.000452
868  0.115996  0.009906  0.013553
869  0.000573  -0.005006  0.000025
870  0.019493  0.049583  0.002838
871  0.038446  0.010343  0.001585
872  -0.168889  0.051371  0.031163
873  -0.020767  -0.030788  0.001379
874  0.001927  0.100948  0.010194
875  -0.117857  0.018888  0.014247
876  -0.022956  0.053800  0.003421
877  -0.013575  -0.072059  0.005377
878  -0.065728  -0.001717  0.004323
879  -0.032632  -0.085721  0.008413
880  0.059618  -0.086638  0.011060
881  0.009697  0.012876  0.000260
882  -0.002327  0.006681  0.000050
883  -0.014680  0.022249  0.000710
884  0.017479  -0.005154  0.000332
885  -0.078813  0.011121  0.006335
886  0.004914  -0.033553  0.001150
887  -0.002145  -0.045488  0.002074
888  0.070341  -0.054091  0.007874
889  0.042875  -0.018067  0.002165
890  -0.006989  -0.016808  0.000331
891  -0.087302  -0.046410  0.009776
892  0.004286  -0.082984  0.006905
893  -0.015486  -0.031903  0.001258
894  0.018567  0.005218  0.000372
895  0.104463  0.014745  0.011130
896  -0.061039  0.033893  0.004875
897  -0.008985  0.026566  0.000786
898  -0.006644  0.067767  0.004637
899  0.065418  0.009290  0.004366
900  0.037695  0.006359  0.001461
901  -0.046212  -0.020282  0.002547
902  -0.051320  0.146828  0.024192
903  0.011750  0.009761  0.000233
904  -0.036934  -0.014749  0.001582
905  -0.019364  0.035596  0.001642
906  0.062522  0.002952  0.003918
907  -0.008841  0.016818  0.000361
908  -0.021050  0.000616  0.000443
909  0.091211  -0.007051  0.008369
910  0.054228  0.032718  0.004011
911  -0.023756  -0.090367  0.008730
912  -0.018139  -0.031566  0.001325
913  0.029035  0.074821  0.006441
914  0.021666  -0.137486  0.019372
915  0.051510  0.042197  0.004434
916  0.000315  -0.013862  0.000192
917  0.006107  -0.026593  0.000744
918  0.030913  -0.025617  0.001612
919  0.019547  -0.007696  0.000441
920  0.004737  -0.074896  0.005632
921  -0.099921  -0.130856  0.027107
922  -0.043846  0.014552  0.002134
923  -0.005707  -0.089654  0.008070
924  -0.023963  0.034820  0.001787
925  0.003383  0.016979  0.000300
926  -0.058615  0.026231  0.004124
927  -0.052579  -0.029676  0.003645
928  -0.054763  -0.030298  0.003917
929  0.077103  0.069409  0.010762
930  0.000693  0.027504  0.000757
931  -0.054905  -0.000455  0.003015
932  -0.002440  -0.026299  0.000698
933  -0.034180  -0.002239  0.001173
934  0.113247  0.062949  0.016787
935  -0.020431  0.132715  0.018031
936  -0.097766  0.118747  0.023659
937  0.111858  0.159166  0.037846
938  0.043001  0.002740  0.001857
939  -0.072070  0.026561  0.005900
940  -0.106432  0.049564  0.013784
941  -0.012214  -0.065580  0.004450
942  0.023833  0.088469  0.008395
943  0.003022  -0.006448  0.000051
944  -0.023656  -0.079488  0.006878
945  0.027501  -0.066746  0.005211
946  -0.070225  0.081370  0.011553
947  -0.059962  0.035541  0.004859
948  0.093392  -0.015739  0.008970
949  0.087178  -0.089885  0.015679
950  -0.012178  0.029093  0.000995
951  -0.025580  0.088377  0.008465
952  0.003452  0.077678  0.006046
953  -0.084970  -0.031659  0.008222
954  -0.032779  0.022442  0.001578
955  0.022109  -0.053723  0.003375
956  0.035571  -0.016618  0.001541
957  0.010552  0.050990  0.002711
958  -0.008185  0.043294  0.001941
959  -0.050745  0.003407  0.002587
960  0.011013  0.093854  0.008930
961  0.012739  0.044802  0.002170
962  0.039629  0.080158  0.007996
963  0.033813  0.080672  0.007651
964  -0.034693  -0.011760  0.001342
965  -0.042365  -0.003593  0.001808
966  0.003705  0.105960  0.011241
967  0.040090  0.002843  0.001615
968  -0.002580  -0.029243  0.000862
969  0.018690  -0.020134  0.000755
970  -0.020049  -0.022798  0.000922
971  0.001241  -0.109883  0.012076
972  -0.017079  0.030389  0.001215
973  0.043972  0.041924  0.003691
974  -0.056666  -0.091520  0.011587
975  -0.052855  0.008926  0.002873
976  -0.096562  0.052012  0.012030
977  -0.022592  -0.173158  0.030494
978  0.115996  -0.029675  0.014336
979  -0.055624  -0.036528  0.004428
980  0.073929  0.023496  0.006018
981  0.038037  -0.036054  0.002747
982  -0.031510  -0.044713  0.002992
983  -0.027851  -0.040867  0.002446
984  -0.154407  -0.084533  0.030988
985  0.053472  -0.053462  0.005717
986  0.010682  -0.047293  0.002351
987  0.070899  0.125251  0.020715
988  -0.042854  -0.023043  0.002367
989  -0.174004  -0.043679  0.032185
990  0.036522  0.011556  0.001467
991  0.037661  -0.023952  0.001992
992  -0.065301  -0.027018  0.004994
993  -0.074019  0.003328  0.005490
994  0.077964  -0.037627  0.007494
995  0.026668  -0.012016  0.000856
996  0.019399  0.005308  0.000405
997  -0.211340  -0.200494  0.084863
998  0.088161  0.067289  0.012300
999  -0.077173  0.074850  0.011558
1000  -0.074957  0.015481  0.005858
1001  -0.079478  0.007845  0.006378
1002  -0.011808  -0.118748  0.014240
1003  0.033152  -0.010324  0.001206
1004  0.160159  -0.146155  0.047012
1005  0.038945  0.142137  0.021720
1006  -0.012310  -0.066003  0.004508
1007  0.097940  -0.059279  0.013106
1008  -0.050722  0.051508  0.005226
1009  -0.014777  -0.022098  0.000707
1010  -0.097383  -0.033007  0.010573
1011  0.070745  0.055278  0.008061
1012  0.050236  0.019471  0.002903
1013  0.034093  0.011262  0.001289
1014  0.022468  0.202589  0.041547
1015  0.007032  -0.033720  0.001186
1016  0.055988  0.072209  0.008349
1017  0.011213  0.024574  0.000730
1018  -0.057092  0.006207  0.003298
1019  0.015569  0.034059  0.001402
1020  -0.072595  0.006949  0.005318
1021  -0.056385  -0.143762  0.023847
1022  -0.065387  -0.075223  0.009934
1023  -0.025394  0.095380  0.009742
1024  0.064022  0.010113  0.004201
1025  0.011849  -0.030412  0.001065
1026  -0.087591  -0.037241  0.009059
1027  -0.061051  0.157301  0.028471
1028  0.066446  -0.064210  0.008538
1029  -0.051649  -0.180548  0.035265
1030  0.151506  -0.125446  0.038691
1031  0.082461  0.058040  0.010168
1032  0.063961  -0.001111  0.004092
1033  0.005535  -0.135750  0.018459
1034  0.134038  -0.028351  0.018770
1035  -0.130796  0.190109  0.053249
1036  -0.147986  0.106673  0.033279
1037  0.100615  -0.074019  0.015602
1038  0.070528  -0.007827  0.005035
1039  -0.167906  0.184085  0.062080
1040  -0.103337  0.129273  0.027390
1041  0.030518  0.099385  0.010809
1042  0.003332  0.088517  0.007846
1043  0.024203  -0.156463  0.025066
1044  -0.009282  -0.097406  0.009574
1045  0.140026  0.062452  0.023508
1046  0.198237  0.007279  0.039351
1047  -0.019643  -0.048940  0.002781
1048  -0.000395  0.086160  0.007424
1049  -0.020528  0.226977  0.051940
1050  0.147878  0.051620  0.024533
1051  0.007643  -0.008703  0.000134
1052  0.027322  0.173160  0.030731
1053  -0.071588  0.086516  0.012610
1054  -0.002409  -0.116277  0.013526
1055  -0.032736  0.064297  0.005206
1056  -0.092055  0.051737  0.011151
1057  0.063204  0.058480  0.007415
1058  -0.004200  0.027577  0.000778
1059  -0.109758  0.221619  0.061162
1060  -0.150965  -0.058384  0.026199
1061  0.053846  -0.064160  0.007016
1062  -0.185928  0.203160  0.075843
1063  -0.028684  0.006792  0.000869
1064  -0.126915  -0.163698  0.042905
1065  0.104124  -0.108494  0.022613
1066  0.102395  -0.018451  0.010825
1067  0.195224  0.006114  0.038150
1068  -0.024358  0.098396  0.010275
1069  -0.035708  0.080443  0.007746
1070  -0.055337  -0.133761  0.020954
1071  -0.067438  0.131881  0.021940
1072  0.044290  -0.018267  0.002295
1073  0.006859  0.072829  0.005351
1074  -0.048636  0.204553  0.044208
1075  -0.085105  0.071998  0.012427
1076  -0.048069  -0.005164  0.002337
1077  -0.035339  0.165847  0.028754
1078  -0.155365  0.122758  0.039208
1079  -0.154439  0.034631  0.025051
1080  -0.107597  0.057345  0.014866
1081  0.099103  0.059500  0.013362
1082  0.022432  0.077688  0.006539
1083  0.087150  -0.324609  0.112966
1084  0.265453  0.037457  0.071868
1085  -0.042515  0.098171  0.011445
1086  -0.026611  0.004427  0.000728
1087  -0.140768  -0.239621  0.077234
1088  0.154142  -0.028239  0.024557
1089  0.058262  0.045752  0.005488
1090  0.178700  -0.071780  0.037086
1091  -0.027437  -0.002628  0.000760
1092  0.137122  -0.065161  0.023049
1093  0.175538  -0.052150  0.033533
1094  0.173510  -0.005438  0.030135
1095  0.002159  0.224432  0.050374
1096  -0.282877  0.071123  0.085078
1097  -0.160257  -0.083983  0.032735
1098  0.008108  -0.016441  0.000336
1099  -0.013915  0.130861  0.017318
1100  0.128902  -0.130815  0.033728
1101  0.024819  -0.104344  0.011504
1102  -0.035187  -0.016381  0.001506
1103  -0.224391  -0.092970  0.058995
1104  -0.031826  -0.076933  0.006932
1105  -0.164508  0.006735  0.027108
1106  -0.078014  -0.251263  0.069219
1107  -0.093894  0.013623  0.009002
1108  -0.098229  0.058287  0.013046
1109  -0.034324  -0.253583  0.065482
1110  0.078893  -0.055135  0.009264
1111  -0.132438  0.135520  0.035906
1112  -0.033348  -0.103990  0.011926
1113  0.208937  0.015402  0.043892
1114  0.038900  -0.039423  0.003067
1115  0.068726  0.212713  0.049970
1116  0.126899  -0.081031  0.022669
1117  -0.133908  0.041524  0.019656
1118  0.099745  -0.162534  0.036366
1119  -0.107109  0.293367  0.097537
1120  -0.170030  -0.054897  0.031924
1121  -0.105546  -0.227990  0.063119
1122  0.117638  -0.193077  0.051117
1123  0.072068  -0.002725  0.005201
1124  0.111194  0.175628  0.043209
1125  -0.207817  -0.038323  0.044657
1126  -0.085565  -0.116593  0.020915
1127  -0.078853  0.076801  0.012116
1128  -0.107134  0.056710  0.014694
1129  0.237136  0.157047  0.080897
1130  0.245539  0.097388  0.069774
1131  0.037718  0.141440  0.021428
1132  -0.118286  -0.272727  0.088371
1133  -0.151070  0.209421  0.066679
1134  0.050427  0.036897  0.003904
1135  -0.150532  -0.074740  0.028246
1136  -0.102963  -0.178640  0.042514
1137  0.061075  0.040579  0.005377
1138  0.228613  -0.224762  0.102782
1139  0.029098  0.147301  0.022544
1140  0.118005  0.162690  0.040393
1141  0.001814  -0.059153  0.003502
1142  0.191671  0.004475  0.036758
1143  -0.089275  -0.131381  0.025231
1144  0.077260  0.257551  0.072302
1145  0.099188  0.020194  0.010246
1146  -0.153019  -0.131564  0.040724
1147  -0.081608  -0.086447  0.014133
1148  0.171921  -0.125314  0.045261
1149  0.401835  0.214003  0.207268
1150  0.075580  0.021195  0.006162
1151  -0.262806  -0.171205  0.098378
1152  -0.373218  0.087764  0.146994
1153  -0.013702  -0.018164  0.000518
1154  -0.075769  0.095489  0.014859
1155  -0.015569  0.139833  0.019796
1156  -0.207104  0.105145  0.053948
1157  0.084499  0.040689  0.008796
1158  -0.008886  0.081523  0.006725
1159  0.201670  -0.000566  0.040671
1160  -0.001325  -0.038551  0.001488
1161  -0.068397  0.174311  0.035063
1162  0.005155  0.132298  0.017529
1163  -0.161311  0.270561  0.099225
1164  0.212370  -0.154295  0.068908
1165  0.018100  -0.412794  0.170727
1166  0.052373  0.276181  0.079019
1167  -0.178449  0.091836  0.040278
1168  0.258184  -0.100196  0.076698
1169  0.063137  0.005800  0.004020
1170  0.061140  -0.273157  0.078353
1171  0.199038  -0.078363  0.045757
1172  0.315245  0.250762  0.162261
1173  -0.127779  -0.006449  0.016369
1174  0.063837  -0.048892  0.006466
1175  0.107545  0.222104  0.060896
1176  -0.288076  -0.219147  0.131013
1177  -0.168396  0.282297  0.108049
1178  0.515622  0.082536  0.272678
1179  0.142148  0.103070  0.030829
1180  0.039208  0.134563  0.019645
1181  -0.306383  0.289383  0.177613
1182  0.089333  0.001028  0.007981
1183  -0.233677  0.175967  0.085569
1184  -0.103065  -0.292515  0.096188
1185  0.191273  -0.172041  0.066183
1186  0.210547  -0.160469  0.070080
1187  -0.021122  0.088588  0.008294
1188  -0.249311  0.331716  0.172191
1189  0.142952  -0.236251  0.076250
1190  0.132187  -0.078020  0.023560
1191  -0.031398  0.226844  0.052444
1192  0.121407  -0.028318  0.015542
1193  -0.117729  -0.041765  0.015604
1194  0.186627  -0.035064  0.036059
1195  0.156448  0.333191  0.135492
1196  -0.238276  0.242854  0.115753
1197  -0.172251  0.031575  0.030668
1198  -0.211250  0.265646  0.115194
1199  0.235642  0.019992  0.055927
1200  0.162597  0.040593  0.028085
1201  0.012774  -0.136403  0.018769
1202  -0.175565  -0.087898  0.038549
1203  -0.127845  0.327386  0.123526
1204  -0.093115  -0.216304  0.055458
1205  0.179969  -0.142436  0.052677
1206  -0.136086  0.146762  0.040058
1207  -0.201272  0.284593  0.121504
1208  -0.343857  -0.145166  0.139311
1209  -0.324052  -0.437346  0.296281
1210  0.138100  0.065229  0.023327
1211  -0.048759  -0.038580  0.003866
1212  -0.058407  0.410521  0.171939
1213  0.202328  0.490640  0.281664
1214  -0.130376  -0.040477  0.018636
1215  -0.107617  0.388913  0.162835
1216  -0.622892  0.125123  0.403651
1217  0.153908  -0.114926  0.036896
1218  -0.049297  0.266196  0.073291
1219  0.215327  0.038943  0.047882
1220  0.105713  -0.294386  0.097838
1221  0.019892  0.078493  0.006557
1222  -0.146618  -0.256225  0.087148
1223  -0.441927  0.081461  0.201935
1224  -0.215516  -0.310834  0.143065
1225  -0.067438  -0.103134  0.015185
1226  0.060900  0.269739  0.076468
1227  -0.037817  0.180161  0.033888
1228  0.052332  -0.024530  0.003340
1229  -0.295048  -0.120391  0.101548
1230  -0.432892  -0.281287  0.266518
1231  -0.061856  0.504785  0.258634
1232  -0.053720  -0.246236  0.063518
1233  -0.100740  -0.085504  0.017459
1234  0.366683  0.542944  0.429244
1235  -0.132479  0.078292  0.023680
1236  0.282966  0.119220  0.094283
1237  -0.144847  0.249580  0.083271
1238  -0.183228  -0.025758  0.034236
1239  -0.233601  0.123690  0.069868
1240  -0.084001  0.170678  0.036187
1241  -0.178836  0.071444  0.037087
1242  -0.122203  0.369598  0.151536
1243  -0.479593  -0.034199  0.231179
1244  0.492787  -0.359362  0.371981
1245  -0.320859  0.182194  0.136145
1246  0.158582  0.135975  0.043637
1247  0.133232  -0.003622  0.017764
1248  0.001550  -0.286967  0.082352
1249  0.301994  0.625946  0.483009
1250  0.221438  0.115027  0.062266
1251  0.295642  0.047836  0.089692
1252  -0.152854  0.115553  0.036717
1253  0.183339  0.605050  0.399698
1254  -0.297329  0.205026  0.130440
1255  -0.345018  0.221962  0.168305
1256  0.053319  -0.422431  0.181291
1257  -0.426581  -0.087647  0.189653
1258  0.302867  0.160199  0.117392
1259  -0.020610  -0.114247  0.013477
1260  0.404128  0.209650  0.207273
1261  0.146435  0.246749  0.082328
1262  -0.337372  -0.012135  0.113967
1263  0.486437  -0.273885  0.311635
1264  -0.297827  0.285907  0.170444
1265  -0.077204  0.588156  0.351887
1266  0.122627  -0.305822  0.108565
1267  -0.013289  0.119735  0.014513
1268  -0.547539  -0.261254  0.368053
1269  0.401681  0.211538  0.206096
1270  -0.364315  -0.114632  0.145866
1271  0.295646  -0.108430  0.099164
1272  0.084085  0.396304  0.164127
1273  0.051687  -0.120489  0.017189
1274  -0.109870  -0.365414  0.145599
1275  0.245357  -0.233378  0.114665
1276  -0.011106  -0.377191  0.142397
1277  0.007455  0.152692  0.023371
1278  -0.051190  -0.135314  0.020930
1279  0.289072  -0.390823  0.236305
1280  -0.265857  0.160921  0.096576
1281  0.284796  -0.069025  0.085873
1282  0.130187  -0.334070  0.128552
1283  -0.108891  -0.177586  0.043394
1284  0.011061  -0.254846  0.065069
1285  -0.166953  0.208882  0.071505
1286  -0.131330  0.259342  0.084506
1287  -0.276503  -0.166242  0.104090
1288  -0.080273  -0.141418  0.026443
1289  0.071531  -0.011747  0.005255
1290  0.395105  -0.129157  0.172790
1291  -0.155050  -0.018845  0.024396
1292  -0.080291  0.060728  0.010135
1293  -0.082506  -0.054221  0.009747
1294  0.339564  -0.120701  0.129872
1295  0.199428  0.393770  0.194826
1296  0.010558  0.351356  0.123562
1297  -0.216699  -0.191703  0.083708
1298  -0.118033  -0.766996  0.602214
1299  0.236145  -0.299469  0.145446
1300  0.080319  0.117560  0.020271
1301  -0.484873  -0.158629  0.260265
1302  0.454396  0.078119  0.212578
1303  -0.257610  0.094393  0.075273
1304  -0.415335  0.051592  0.175165
1305  -0.216430  -0.329008  0.155088
1306  -0.424165  0.241694  0.238332
1307  -0.185370  -0.005072  0.034388
1308  -0.105773  -0.183110  0.044717
1309  -0.382357  -0.317069  0.246729
1310  0.161067  -0.095550  0.035072
1311  -0.035022  0.043431  0.003113
1312  -0.042458  0.113696  0.014729
1313  0.341469  -0.370121  0.253591
1314  0.026709  -0.293269  0.086720
1315  0.112311  -0.188138  0.048010
1316  0.195127  -0.009549  0.038166
1317  -0.017002  0.618849  0.383263
1318  0.065502  -0.185755  0.038795
1319  -0.469564  0.071494  0.225602
1320  -0.481200  -0.013917  0.231747
1321  -0.179635  -0.450192  0.234941
1322  0.367261  -0.174623  0.165374
1323  -0.014129  -0.086762  0.007727
1324  0.390396  0.105887  0.163621
1325  -0.575967  -0.082544  0.338551
1326  -0.017456  -0.309724  0.096234
1327  0.168371  0.283542  0.108745
1328  -0.239823  0.059258  0.061026
1329  0.174690  0.370130  0.167513
1330  -0.064596  0.012827  0.004337
1331  0.093783  0.217047  0.055905
1332  0.668616  0.159258  0.472410
1333  -0.527663  -0.054253  0.281372
1334  -0.218645  -0.220757  0.096539
1335  -0.416592  -0.181759  0.206585
1336  -0.026582  -0.745079  0.555849
1337  -0.177401  0.168374  0.059821
1338  0.173955  0.048162  0.032580
1339  0.264279  0.323981  0.174807
1340  0.470224  0.021579  0.221577
1341  -0.421082  0.313043  0.275306
1342  0.452942  0.011001  0.205277
1343  0.114830  0.323045  0.117544
1344  0.210885  0.502512  0.296991
1345  0.001577  -0.079871  0.006382
1346  0.065737  -0.644243  0.419370
1347  -0.431596  0.421574  0.364000
1348  0.093651  -0.129510  0.025543
1349  -0.324916  0.491182  0.346831
1350  0.158958  0.186268  0.059964
1351  0.090639  0.213325  0.053723
1352  0.539343  0.404973  0.454893
1353  -0.533237  -0.469899  0.505148
1354  -0.112401  -0.157965  0.037587
1355  -0.214934  0.254712  0.111075
1356  -0.132097  0.649180  0.438885
1357  0.150225  -0.435445  0.212180
1358  0.278772  -0.150336  0.100315
1359  0.317944  -0.040241  0.102708
1360  0.271236  -0.144189  0.094359
1361  0.252764  0.341145  0.180270
1362  -0.085261  -0.243118  0.066376
1363  0.520468  0.418002  0.445612
1364  0.169379  -0.104149  0.039536
1365  -0.301729  0.137663  0.109991
1366  -0.748997  -0.558044  0.872409
1367  0.187373  0.930808  0.901513
1368  -0.015649  0.057099  0.003505
1369  0.365506  0.289862  0.217615
1370  -0.441644  0.504277  0.449345
1371  -0.164606  -0.117458  0.040891
1372  0.253705  0.439643  0.257652
1373  -0.396472  -0.259592  0.224578
1374  -0.360835  0.325959  0.236451
1375  0.162061  -0.091366  0.034612
1376  0.072423  -0.193469  0.042675
1377  -0.640571  0.027800  0.411104
1378  -0.303011  0.214239  0.137714
1379  0.131375  0.052642  0.020030
1380  0.487214  -0.033098  0.238473
1381  0.249365  -0.003604  0.062196
1382  -0.065257  0.266032  0.075032
1383  0.428385  -0.217479  0.230811
1384  -0.289941  0.647065  0.502759
1385  -0.240110  -0.107150  0.069134
1386  0.107189  0.396384  0.168610
1387  0.052372  -0.099494  0.012642
1388  -0.096704  -0.191625  0.046072
1389  0.114769  -0.033901  0.014321
1390  0.078052  -0.127863  0.022441
1391  -0.157660  -0.039485  0.026416
1392  0.028532  0.082883  0.007684
1393  0.165599  0.056807  0.030650
1394  -0.049245  -0.733086  0.539840
1395  0.127448  0.440652  0.210417
1396  -0.319713  -0.201751  0.142920
1397  -0.354664  -0.177867  0.157423
1398  0.227210  0.762926  0.633680
1399  -0.124368  -0.465894  0.232524
1400  -0.205711  -0.078897  0.048542
1401  -0.714132  -0.238109  0.566681
1402  0.571839  0.468884  0.546852
1403  -0.133065  0.298093  0.106566
1404  0.102119  0.351459  0.133952
1405  -0.347901  -0.070875  0.126058
1406  -0.046330  -0.389862  0.154139
1407  -0.406871  -0.134737  0.183698
1408  -0.208383  0.433632  0.231460
1409  -0.386849  0.039740  0.151231
1410  0.279899  -0.388341  0.229153
1411  0.248040  -0.450467  0.264444
1412  -0.100145  0.218356  0.057708
1413  0.422426  -1.034408  1.248444
1414  0.765253  -0.403769  0.748642
1415  0.572838  -0.262050  0.396814
1416  0.362001  -0.293331  0.217088
1417  -0.383325  0.351429  0.270440
1418  -0.220530  0.729423  0.580691
1419  -0.066895  0.624365  0.394307
1420  -0.037577  0.088786  0.009295
1421  -0.303463  0.369750  0.228805
1422  -0.424530  0.127821  0.196564
1423  -0.106273  -0.464208  0.226783
1424  -0.534023  0.341340  0.401694
1425  0.733007  0.070985  0.542338
1426  0.536651  -0.335003  0.400221
1427  0.339963  -0.621970  0.502421
1428  0.053768  0.327433  0.110104
1429  -0.029122  0.038424  0.002325
1430  -0.018934  0.455107  0.207481
1431  0.552771  -0.208854  0.349176
1432  0.251005  0.316728  0.163320
1433  0.279332  0.633091  0.478830
1434  -0.156635  0.389233  0.176037
1435  0.442875  -0.375412  0.337072
1436  -0.284866  -0.294034  0.167605
1437  0.018940  0.205879  0.042745
1438  0.345735  -0.430280  0.304674
1439  -0.087985  -0.611098  0.381182
1440  0.256479  0.522914  0.339221
1441  0.327683  -0.747779  0.666550
1442  0.629931  -0.153863  0.420487
1443  -0.360532  -0.646733  0.548247
1444  -0.164536  0.327056  0.134038
1445  -0.465207  -0.094119  0.225276
1446  0.216523  -0.588537  0.393258
1447  -0.090304  0.269438  0.080752
1448  -0.044395  -0.655311  0.431403
1449  0.306946  -0.148064  0.116139
1450  -0.060145  0.145198  0.024700
1451  -0.101911  -0.736017  0.552106
1452  0.254322  0.326122  0.171035
1453  0.264385  0.030899  0.070854
1454  0.732981  -0.411260  0.706395
1455  -0.177252  0.005582  0.031449
1456  -0.285703  -0.384010  0.229089
1457  -0.001056  0.218878  0.047909
1458  -0.345315  0.252881  0.183192
1459  -0.179616  -0.333553  0.143519
1460  0.308374  -0.009894  0.095192
1461  0.142911  -0.168252  0.048732
1462  0.184759  0.275640  0.110113
1463  -0.008009  0.092005  0.008529
1464  -0.156194  -0.386740  0.173965
1465  -0.278755  -0.498753  0.326459
1466  0.109442  -0.039085  0.013505
1467  -0.207359  -0.363844  0.175380
1468  -0.232589  -0.051510  0.056751
1469  0.382831  -0.197275  0.185477
1470  0.608131  0.335921  0.482666
1471  -0.091014  0.095047  0.017318
1472  -0.581863  0.054355  0.341519
1473  -0.391335  0.279162  0.231074
1474  -0.292114  -0.226430  0.136601
1475  -0.129744  0.362189  0.148014
1476  -0.409006  -0.462516  0.381207
1477  -0.405996  -0.424569  0.345092
1478  -0.479960  0.191612  0.267077
1479  0.102489  0.055630  0.013599
1480  0.305567  -0.697792  0.580285
1481  -0.187472  0.073306  0.040520
1482  -0.012238  -0.423623  0.179606
1483  -0.157855  -0.062895  0.028874
1484  -0.297732  -0.185899  0.123203
1485  0.894338  0.566275  1.120508
1486  0.099409  -0.354220  0.135354
1487  -0.549463  0.032585  0.302971
1488  0.141682  -0.002903  0.020082
1489  0.230271  -0.341011  0.169313
1490  -0.188739  0.600578  0.396316
1491  0.079080  -0.382796  0.152787
1492  1.070156  -0.963874  2.074287
1493  -0.058650  -0.151762  0.026471
1494  -0.418887  0.181310  0.208339
1495  0.079450  -0.045828  0.008413
1496  -0.137432  0.005614  0.018919
1497  0.491597  0.381397  0.387131
1498  0.521389  0.328060  0.379470
1499  -0.543012  -0.167958  0.323072
1500  0.076368  -0.355333  0.132094
1501  -0.133087  -0.019172  0.018080
1502  0.186007  -0.007406  0.034653
1503  0.160385  0.184610  0.059804
1504  -0.373664  -0.041101  0.141314
1505  -0.515471  0.250960  0.328691
1506  0.192860  0.122589  0.052223
1507  -0.084253  -0.044169  0.009050
1508  0.259085  0.171608  0.096575
1509  0.065199  -0.010287  0.004357
1510  -0.304743  -0.183822  0.126659
1511  0.298057  -0.309402  0.184568
1512  0.216214  -0.043062  0.048603
1513  0.060845  -0.926589  0.862269
1514  0.017279  -0.088801  0.008184
1515  0.498650  -0.377814  0.391395
1516  -0.152973  -0.450928  0.226737
1517  0.076041  0.382225  0.151878
1518  0.045802  0.284654  0.083126
1519  -0.280113  0.290304  0.162740
1520  0.481733  0.061755  0.235880
1521  0.016547  -0.298923  0.089629
1522  -0.142540  -0.074058  0.025802
1523  0.098409  0.358393  0.138129
1524  -0.019632  0.366549  0.134744
1525  -0.275034  -0.321841  0.179225
1526  -0.462596  -0.004022  0.214011
1527  0.620776  0.108170  0.397064
1528  0.380185  0.061809  0.148361
1529  -0.094454  -0.598839  0.367530
1530  0.816233  -0.548842  0.967463
1531  0.206539  0.120311  0.057133
1532  0.008280  0.159521  0.025515
1533  0.095391  -0.109593  0.021110
1534  0.198577  -0.403858  0.202534
1535  -0.576272  0.264659  0.402134
1536  0.126548  -0.107351  0.027539
1537  -0.432095  -0.130342  0.203695
1538  -0.024829  0.441323  0.195383
1539  0.077147  0.175731  0.036833
1540  -0.116341  -0.370173  0.150563
1541  0.321308  0.059339  0.106760
1542  0.772767  -0.355109  0.723272
1543  -0.078239  -0.453219  0.211529
1544  -0.304073  0.668964  0.539973
1545  0.076895  0.240009  0.063517
1546  0.206657  -0.201170  0.083177
1547  -0.131808  0.223062  0.067130
1548  0.072625  -0.056561  0.008473
1549  -0.363961  -0.158381  0.157552
1550  0.043517  -0.343496  0.119883
1551  -0.078564  0.498621  0.254795
1552  0.271935  0.100747  0.084098
1553  0.436242  -0.136863  0.209038
1554  0.251014  -0.284052  0.143693
1555  0.104265  0.186672  0.045718
1556  -0.226754  0.726128  0.578680
1557  -0.278738  -0.074097  0.083185
1558  0.226744  -0.354723  0.177241
1559  0.203949  0.446163  0.240656
1560  0.110977  -0.646019  0.429657
1561  -0.019881  -0.266505  0.071420
1562  -0.163382  -0.176068  0.057694
1563  -0.017261  -0.273993  0.075370
1564  -0.386516  -0.259701  0.216839
1565  -0.010146  0.349303  0.122116
1566  0.134091  0.411765  0.187531
1567  -0.221164  -0.246627  0.109738
1568  0.158448  -0.224656  0.075576
1569  0.184937  0.788766  0.656353
1570  0.430983  -0.021285  0.186199
1571  -0.012813  -0.114517  0.013278
1572  0.150588  -0.199981  0.062669
1573  0.108633  -0.004911  0.011825
1574  -0.136224  -0.427897  0.201653
1575  -0.437424  -0.031896  0.192357
1576  -0.392432  -0.036921  0.155366
1577  -0.081395  0.213348  0.052143
1578  0.217419  -0.258803  0.114250
1579  0.111473  -0.349510  0.134584
1580  -0.246480  0.092703  0.069346
1581  0.027687  0.093745  0.009555
1582  -0.114848  0.602668  0.376399
1583  0.356771  0.182955  0.160758
1584  0.313539  0.084119  0.105383
1585  0.245059  0.095267  0.069130
1586  -0.583136  0.065427  0.344329
1587  0.062196  0.163648  0.030649
1588  -0.093246  -0.092008  0.017160
1589  0.320441  -0.166626  0.130447
1590  -0.365856  0.582870  0.473588
1591  0.215663  -0.493083  0.289642
1592  -0.391264  -0.031290  0.154067
1593  0.031212  -0.133239  0.018727
1594  0.165950  -0.418292  0.202507
1595  0.030169  0.255151  0.066012
1596  0.107443  -0.059209  0.015050
1597  0.121171  -0.558600  0.326717
1598  -0.246385  0.755351  0.631260
1599  -0.020879  -0.276582  0.076933
1600  0.043420  0.441182  0.196527
1601  0.053102  -0.041399  0.004534
1602  0.019258  0.032073  0.001400
1603  0.417252  -0.066028  0.178459
1604  -0.002996  -0.054711  0.003002
1605  -0.035130  0.233260  0.055644
1606  -0.341249  -0.277153  0.193264
1607  -0.325167  -0.038681  0.107230
1608  0.660662  0.075537  0.442180
1609  -0.592104  0.337434  0.464449
1610  -0.113857  0.781723  0.624055
1611  0.139091  0.079391  0.025649
1612  0.037632  0.291502  0.086390
1613  -0.183908  -0.004302  0.033841
1614  -0.488164  0.008679  0.238379
1615  -0.044508  0.434748  0.190987
1616  -0.114249  -0.326429  0.119609
1617  0.148051  -0.011017  0.022041
1618  -0.188910  -0.178987  0.067724
1619  0.367948  0.063148  0.139373
1620  0.143873  -0.065642  0.025008
1621  -0.047960  -0.592483  0.353336
1622  0.045794  -0.065967  0.006449
1623  0.150160  -0.072251  0.027768
1624  -0.081314  0.406182  0.171596
1625  -0.273356  0.271684  0.148535
1626  -0.013302  -0.170930  0.029394
1627  -0.004383  -0.262504  0.068927
1628  0.192998  0.023689  0.037809
1629  -0.093536  -0.065839  0.013084
1630  -0.053672  0.037927  0.004319
1631  -0.331051  -0.203932  0.151183
1632  -0.143960  -0.421562  0.198439
1633  -0.195144  0.012257  0.038231
1634  -0.015547  -0.257434  0.066514
1635  -0.089041  0.025437  0.008575
1636  -0.120877  -0.350813  0.137681
1637  -0.154072  0.219297  0.071829
1638  -0.172604  0.097725  0.039342
1639  0.215942  -0.118103  0.060579
1640  -0.298526  -0.106561  0.100473
1641  -0.022197  0.085649  0.007828
1642  0.261887  0.049916  0.071076
1643  -0.311352  -0.092113  0.105425
1644  -0.348693  -0.487295  0.359043
1645  0.218413  0.000722  0.047705
1646  -0.155683  -0.274221  0.099434
1647  0.209527  0.155327  0.068028
1648  0.045148  0.101833  0.012408
1649  -0.434729  -0.174709  0.219512
1650  -0.276236  0.199687  0.116181
1651  -0.210809  0.086396  0.051904
1652  0.260612  0.428255  0.251321
1653  0.083468  0.115022  0.020197
1654  0.004238  -0.188045  0.035379
1655  0.373835  0.123632  0.155038
1656  -0.189902  -0.319467  0.138122
1657  -0.049595  -0.323937  0.107395
1658  -0.354903  0.059276  0.129470
1659  -0.078552  -0.019224  0.006540
1660  0.294469  -0.054360  0.089667
1661  -0.010837  -0.041016  0.001800
1662  -0.186818  0.029919  0.035796
1663  -0.215437  -0.134936  0.064621
1664  -0.021583  0.167916  0.028662
1665  -0.095641  0.074709  0.014729
1666  0.379462  -0.114916  0.157197
1667  -0.446183  -0.290258  0.283329
1668  0.358696  0.367346  0.263606
1669  0.190387  0.004519  0.036267
1670  0.154187  0.018859  0.024129
1671  -0.116277  -0.124044  0.028907
1672  -0.096721  -0.125357  0.025069
1673  -0.078479  0.064223  0.010284
1674  -0.041660  -0.010167  0.001839
1675  -0.127266  0.187280  0.051270
1676  -0.239889  -0.109554  0.069549
1677  0.348492  -0.259579  0.188828
1678  -0.233165  0.221217  0.103303
1679  0.155265  0.108917  0.035970
1680  -0.183464  0.169938  0.062538
1681  -0.054552  0.044402  0.004947
1682  0.124781  -0.175550  0.046388
1683  -0.083844  -0.274238  0.082236
1684  -0.058910  0.200331  0.043603
1685  0.050377  0.226346  0.053771
1686  0.025926  0.123052  0.015814
1687  0.175970  -0.152516  0.054227
1688  -0.099142  -0.011414  0.009959
1689  0.067106  0.075635  0.010224
1690  0.202173  -0.023726  0.041437
1691  0.155045  -0.004960  0.024064
1692  0.086861  0.001213  0.007546
1693  -0.247486  -0.227358  0.112941
1694  -0.210939  0.015547  0.044737
1695  0.127910  0.148906  0.038534
1696  0.209932  -0.019866  0.044466
1697  0.120192  -0.175849  0.045369
1698  -0.140779  0.001355  0.019820
1699  0.001755  0.066078  0.004369
1700  -0.109778  0.364670  0.145035
1701  -0.161394  0.009619  0.026140
1702  -0.188811  0.007620  0.035708
1703  0.158462  0.118527  0.039159
1704  0.199669  -0.117876  0.053763
1705  0.108649  -0.120332  0.026284
1706  0.060606  -0.184503  0.037714
1707  0.143019  -0.158989  0.045732
1708  0.293713  -0.030777  0.087214
1709  0.397884  0.095253  0.167385
1710  0.061060  -0.146969  0.025328
1711  0.168436  -0.172682  0.058190
1712  -0.098294  -0.103158  0.020303
1713  0.207213  -0.192178  0.079870
1714  0.061568  -0.159598  0.029262
1715  -0.116417  0.081535  0.020201
1716  0.107102  -0.067619  0.016043
1717  -0.009181  -0.062472  0.003987
1718  -0.074543  -0.262803  0.074622
1719  -0.113427  -0.213846  0.058596
1720  -0.439184  -0.067658  0.197460
1721  -0.189110  0.055581  0.038852
1722  0.023625  0.022260  0.001054
1723  -0.194762  0.202237  0.078832
1724  0.064576  0.006392  0.004211
1725  -0.161618  -0.004565  0.026141
1726  -0.002271  0.012844  0.000170
1727  0.141041  0.112137  0.032467
1728  0.063193  -0.023269  0.004535
1729  -0.115473  -0.077832  0.019392
1730  -0.040864  -0.328692  0.109708
1731  0.046987  -0.053414  0.005061
1732  0.036499  0.157315  0.026080
1733  -0.091607  -0.063207  0.012387
1734  -0.120922  -0.248344  0.076297
1735  -0.001371  0.052147  0.002721
1736  -0.341936  -0.100523  0.127025
1737  0.044807  0.166407  0.029699
1738  0.039770  -0.065776  0.005908
1739  0.076090  0.054757  0.008788
1740  -0.121725  -0.008073  0.014882
1741  -0.102463  -0.043483  0.012389
1742  0.167675  0.151944  0.051202
1743  -0.022105  -0.139524  0.019956
1744  0.151871  -0.133923  0.041000
1745  0.017267  0.028491  0.001110
1746  -0.042486  0.215992  0.048458
1747  -0.007643  0.174459  0.030494
1748  0.092328  0.156855  0.033128
1749  -0.079640  0.022126  0.006832
1750  -0.085006  -0.239409  0.064543
1751  0.193311  0.074642  0.042940
1752  -0.211736  0.020930  0.045270
1753  0.103454  0.180997  0.043463
1754  0.231816  -0.265255  0.124099
1755  -0.204856  0.028256  0.042765
1756  -0.150808  -0.034303  0.023920
1757  -0.133557  -0.110748  0.030102
1758  0.122709  0.050685  0.017626
1759  0.109237  0.007530  0.011990
1760  0.009975  0.230205  0.053094
1761  0.152526  0.060121  0.026879
1762  0.183139  0.064741  0.037731
1763  0.126041  -0.041279  0.017590
1764  -0.036622  0.065677  0.005655
1765  -0.276132  0.034597  0.077446
1766  -0.044128  0.102846  0.012525
1767  0.071931  -0.019772  0.005565
1768  -0.316644  -0.087601  0.107937
1769  0.096586  0.146337  0.030743
1770  0.126108  0.153542  0.039479
1771  0.085660  -0.126441  0.023325
1772  -0.053823  -0.182275  0.036121
1773  0.026817  0.207032  0.043581
1774  0.027216  -0.026540  0.001445
1775  -0.221977  0.095369  0.058369
1776  -0.087359  0.111793  0.020129
1777  0.113593  0.004518  0.012924
1778  -0.077473  0.144479  0.026876
1779  0.156372  0.033202  0.025555
1780  -0.151740  0.091367  0.031373
1781  0.002555  -0.037277  0.001396
1782  -0.041767  -0.212856  0.047052
1783  0.045027  0.105305  0.013117
1784  -0.095548  0.082980  0.016015
1785  -0.249754  0.164148  0.089322
1786  -0.107970  0.066784  0.016118
1787  -0.177326  -0.007862  0.031506
1788  0.067554  0.005028  0.004589
1789  -0.192740  -0.172378  0.066863
1790  0.007362  -0.117055  0.013756
1791  -0.086274  -0.145589  0.028639
1792  -0.193887  -0.070953  0.042627
1793  0.102978  -0.011203  0.010730
1794  0.074263  0.052583  0.008280
1795  -0.123975  -0.302809  0.107063
1796  -0.068224  -0.040331  0.006281
1797  -0.151613  -0.177143  0.054366
1798  -0.071721  -0.023644  0.005703
1799  -0.020531  0.024125  0.001004
1800  0.043165  0.224033  0.052054
1801  -0.059250  -0.028227  0.004307
1802  0.019540  -0.075244  0.006043
1803  0.037588  0.191258  0.037992
1804  0.211992  0.056678  0.048153
1805  -0.003796  0.105939  0.011238
1806  0.119157  -0.067446  0.018747
1807  -0.093085  0.104848  0.019658
1808  0.192536  -0.044435  0.039045
1809  -0.080436  -0.125551  0.022233
1810  -0.070900  0.045017  0.007053
1811  -0.016475  0.187016  0.035246
1812  0.048664  -0.103778  0.013138
1813  -0.056240  -0.070976  0.008201
1814  -0.127750  -0.033947  0.017473
1815  0.123951  0.002985  0.015373
1816  0.048587  0.068364  0.007034
1817  -0.029968  0.068371  0.005573
1818  0.001646  0.268275  0.071974
1819  -0.042279  -0.032361  0.002835
1820  0.146450  0.004253  0.021466
1821  0.103396  -0.059577  0.014240
1822  0.036025  -0.026114  0.001980
1823  0.155596  0.048578  0.026570
1824  -0.074252  0.065798  0.009843
1825  0.027831  0.001562  0.000777
1826  -0.125085  0.160484  0.041401
1827  0.139608  0.062814  0.023436
1828  0.000419  0.007507  0.000057
1829  0.178253  0.011685  0.031911
1830  -0.053705  -0.115016  0.016113
1831  0.068009  -0.072203  0.009838
1832  0.191476  0.123989  0.052037
1833  -0.084454  0.106827  0.018545
1834  -0.009871  -0.018306  0.000433
1835  -0.026052  -0.048666  0.003047
1836  0.007189  -0.089586  0.008077
1837  0.003333  -0.027727  0.000780
1838  -0.030725  0.058949  0.004419
1839  0.011259  -0.093174  0.008808
1840  -0.021448  0.155943  0.024778
1841  0.271683  -0.074503  0.079362
1842  -0.068178  -0.104769  0.015625
1843  -0.189594  0.004550  0.035967
1844  0.094975  0.077220  0.014983
1845  0.069641  -0.029587  0.005725
1846  -0.058928  0.094442  0.012392
1847  0.058479  -0.026716  0.004134
1848  0.046821  -0.175295  0.032921
1849  -0.029175  0.009366  0.000939
1850  -0.029325  0.088838  0.008752
1851  -0.012170  0.229810  0.052961
1852  -0.139425  0.045281  0.021490
1853  0.232649  0.097328  0.063598
1854  -0.133794  -0.127940  0.034270
1855  -0.040635  -0.248252  0.063280
1856  -0.145121  -0.074001  0.026536
1857  -0.036892  0.198215  0.040650
1858  0.170846  0.039658  0.030761
1859  -0.071179  0.036760  0.006418
1860  0.015640  -0.144345  0.021080
1861  -0.065622  -0.037090  0.005682
1862  -0.053787  -0.087840  0.010609
1863  0.072169  -0.133633  0.023066
1864  0.024749  0.029268  0.001469
1865  0.032723  0.002817  0.001079
1866  -0.067844  0.064005  0.008699
1867  0.165753  -0.083005  0.034364
1868  -0.100680  0.040588  0.011784
1869  0.123761  -0.014174  0.015518
1870  -0.024955  0.114045  0.013629
1871  0.047084  -0.075593  0.007931
1872  -0.003213  0.026559  0.000716
1873  0.197884  -0.034687  0.040361
1874  0.132483  -0.012948  0.017719
1875  0.129803  -0.027421  0.017601
1876  0.115941  -0.069061  0.018212
1877  -0.031641  0.033630  0.002132
1878  -0.068253  -0.122334  0.019624
1879  -0.055106  -0.074895  0.008646
1880  -0.133681  0.034226  0.019042
1881  0.073232  -0.001926  0.005367
1882  -0.042780  0.072501  0.007086
1883  0.021443  0.007468  0.000516
1884  -0.018415  0.060582  0.004009
1885  -0.017256  0.100675  0.010433
1886  -0.079550  -0.025091  0.006958
1887  -0.013782  -0.073928  0.005655
1888  -0.026679  -0.085723  0.008060
1889  -0.022023  -0.091974  0.008944
1890  -0.016310  -0.083665  0.007266
1891  0.033919  0.123463  0.016394
1892  0.025494  0.040392  0.002281
1893  -0.090510  0.023586  0.008748
1894  -0.110528  -0.068753  0.016943
1895  -0.100474  0.094295  0.018986
1896  -0.142064  0.144395  0.041032
1897  0.014702  0.140617  0.019989
1898  0.013029  -0.041578  0.001898
1899  -0.047519  0.066961  0.006742
1900  0.000854  0.013668  0.000188
1901  -0.075860  -0.051541  0.008411
1902  0.003424  0.058715  0.003459
1903  0.073786  0.034734  0.006651
1904  0.018426  -0.021233  0.000790
1905  -0.062074  0.078719  0.010050
1906  0.043927  0.049739  0.004404
1907  0.038073  0.015316  0.001684
1908  0.007218  -0.007373  0.000106
1909  0.002505  0.056351  0.003182
1910  -0.059114  -0.054788  0.006496
1911  0.006860  0.077663  0.006079
1912  0.012288  -0.047936  0.002449
1913  -0.004563  0.082899  0.006893
1914  -0.012235  0.072894  0.005463
1915  0.071355  -0.001620  0.005094
1916  0.006346  -0.066485  0.004461
1917  0.092946  0.051496  0.011291
1918  -0.023641  -0.023138  0.001094
1919  0.068032  -0.023485  0.005180
1920  -0.051497  -0.057463  0.005954
1921  -0.082544  -0.029363  0.007676
1922  0.081591  0.039524  0.008219
1923  0.115062  0.028230  0.014036
1924  0.005260  0.006273  0.000067
1925  0.048253  0.001589  0.002331
1926  0.015721  -0.014373  0.000454
1927  -0.019078  -0.052625  0.003133
1928  -0.158882  0.065938  0.029591
1929  0.070257  -0.077769  0.010984
1930  -0.054006  0.077870  0.008980
1931  0.065151  0.036709  0.005592
1932  0.004389  -0.019937  0.000417
1933  0.011353  -0.085036  0.007360
1934  -0.041011  -0.026966  0.002409
1935  0.008597  0.029880  0.000967
1936  0.042755  0.038049  0.003276
1937  0.015305  0.005188  0.000261
1938  -0.016362  -0.060391  0.003915
1939  0.109134  -0.015847  0.012161
1940  -0.016403  -0.020788  0.000701
1941  -0.074039  0.002269  0.005487
1942  0.032237  -0.080869  0.007579
1943  0.003941  0.072301  0.005243
1944  0.016892  0.010116  0.000388
1945  0.049479  -0.088471  0.010275
1946  0.018106  0.004982  0.000353
1947  0.004141  0.012693  0.000178
1948  -0.024806  0.007961  0.000679
1949  0.017627  -0.082325  0.007088
1950  0.008317  0.024374  0.000663
1951  -0.031548  -0.038668  0.002490
1952  0.001211  0.049793  0.002481
1953  0.038104  0.064239  0.005579
1954  0.028269  -0.056256  0.003964
1955  0.073939  0.016324  0.005733
1956  -0.017531  0.009565  0.000399
1957  -0.038366  -0.051863  0.004162
1958  -0.030809  -0.107843  0.012579
1959  -0.026586  0.017820  0.001024
1960  -0.017945  -0.026103  0.001003
1961  0.073792  -0.030241  0.006360
1962  0.066582  0.013498  0.004615
1963  0.020360  0.061989  0.004257
1964  0.023790  0.047336  0.002807
1965  -0.003801  -0.016618  0.000291
1966  -0.025736  0.060118  0.004277
1967  0.045574  0.023197  0.002615
1968  -0.047995  0.082179  0.009057
1969  0.019056  -0.036629  0.001705
1970  -0.047062  0.012233  0.002365
1971  0.047620  -0.033006  0.003357
1972  0.059812  0.082353  0.010359
1973  0.008289  0.038334  0.001538
1974  -0.018567  -0.043766  0.002260
1975  0.012404  0.068173  0.004801
1976  0.061834  0.032865  0.004904
1977  0.016037  0.007508  0.000314
1978  -0.052025  -0.022659  0.003220
1979  -0.060554  -0.100962  0.013860
1980  -0.010847  -0.057404  0.003413
1981  0.001605  -0.008223  0.000070
1982  -0.002673  -0.003348  0.000018
1983  -0.006446  0.007894  0.000104
1984  0.002336  0.047662  0.002277
1985  0.106987  0.027253  0.012189
1986  -0.035591  -0.003122  0.001276
1987  0.044928  -0.063969  0.006111
1988  0.060095  0.039817  0.005197
1989  0.045144  0.006107  0.002075
1990  0.009016  0.031970  0.001103
1991  -0.053272  0.027753  0.003608
1992  -0.028682  -0.019329  0.001196
1993  -0.012698  -0.117213  0.013900
1994  -0.013204  0.016037  0.000432
1995  0.093770  -0.029608  0.009669
1996  -0.051369  -0.053080  0.005456
1997  -0.055613  0.028570  0.003909
1998  0.024138  -0.058715  0.004030
1999  -0.060088  -0.028988  0.004451
2000  -0.019785  -0.006498  0.000434
2001  0.111991  -0.048079  0.014854
2002  0.044634  0.013100  0.002164
2003  0.050469  0.019530  0.002929
2004  -0.011453  0.059085  0.003622
2005  0.012074  -0.004798  0.000169
2006  -0.044637  -0.013546  0.002176
2007  0.005000  -0.014408  0.000233
2008  0.004232  -0.000634  0.000018
2009  0.008503  0.060963  0.003789
2010  0.028787  0.027075  0.001562
2011  -0.008197  -0.025184  0.000701
2012  0.080008  -0.082139  0.013148
2013  0.035739  -0.019327  0.001651
2014  0.109222  0.011382  0.012059
2015  0.000380  0.025226  0.000636
2016  -0.025037  -0.042154  0.002404
2017  -0.071698  0.093289  0.013843
2018  -0.028163  0.001134  0.000794
2019  -0.060816  0.024309  0.004290
2020  0.006878  -0.010307  0.000154
2021  0.016048  0.027354  0.001006
2022  0.056349  0.044394  0.005146
2023  0.045661  0.037991  0.003528
2024  0.069999  -0.010912  0.005019
2025  0.077795  -0.032716  0.007122
2026  -0.025309  0.018687  0.000990
2027  0.042880  0.085553  0.009158
2028  0.050726  0.029410  0.003438
2029  0.017353  0.046527  0.002466
2030  0.067930  -0.026277  0.005305
2031  -0.031832  -0.006803  0.001060
2032  0.011071  -0.042088  0.001894
2033  0.032013  0.016255  0.001289
2034  0.056335  0.015978  0.003429
2035  0.036438  0.005476  0.001358
2036  -0.021786  -0.001954  0.000478
2037  -0.017882  -0.012299  0.000471
2038  0.054698  0.030575  0.003927
2039  0.074135  0.036552  0.006832
2040  -0.034438  0.030015  0.002087
2041  0.013376  -0.059701  0.003743
2042  -0.005469  0.005183  0.000057
2043  0.029858  0.074273  0.006408
2044  0.011133  0.074556  0.005683
2045  0.001722  -0.019115  0.000368
2046  -0.019627  0.043455  0.002274
2047  -0.011441  0.078489  0.006291
