0  -0.017900  0.001220  0.000322
1  0.015175  -0.016003  0.000486
2  0.005288  0.020595  0.000452
3  0.007323  0.007657  0.000112
4  -0.002490  0.000027  0.000006
5  -0.001001  0.013907  0.000194
6  -0.005728  0.009505  0.000123
7  -0.002313  -0.006615  0.000049
8  0.012412  0.007513  0.000210
9  -0.018309  0.010179  0.000439
10  -0.011920  0.019319  0.000515
11  -0.004838  -0.003990  0.000039
12  0.007041  -0.001103  0.000051
13  0.005175  0.007904  0.000089
14  0.019048  0.004512  0.000383
15  -0.003763  0.029468  0.000882
16  0.000350  -0.000483  0.000000
17  -0.001153  0.005177  0.000028
18  0.013478  -0.007496  0.000238
19  -0.005615  0.001232  0.000033
20  -0.012098  -0.003195  0.000157
21  -0.007292  -0.004085  0.000070
22  -0.005470  0.009475  0.000120
23  0.013642  -0.020158  0.000592
24  0.018715  -0.012503  0.000507
25  0.004458  0.007373  0.000074
26  0.013113  0.010259  0.000277
27  -0.001491  -0.017023  0.000292
28  0.040589  -0.010067  0.001749
29  0.017257  -0.001289  0.000299
30  0.004253  -0.003792  0.000032
31  -0.004992  0.017449  0.000329
32  0.001926  -0.005740  0.000037
33  -0.008158  -0.001112  0.000068
34  -0.002043  -0.017582  0.000313
35  0.002596  0.003831  0.000021
36  0.026567  0.012785  0.000869
37  -0.006633  0.015818  0.000294
38  0.011031  -0.007477  0.000178
39  0.002463  -0.024299  0.000596
40  0.010467  0.011980  0.000253
41  0.008302  0.020115  0.000474
42  -0.002308  -0.004604  0.000027
43  -0.003045  0.012279  0.000160
44  -0.004341  0.033042  0.001111
45  0.027823  0.026857  0.001495
46  0.035963  0.009228  0.001378
47  0.021296  -0.000122  0.000454
48  0.001027  0.002054  0.000005
49  0.010353  -0.004247  0.000125
50  -0.005318  -0.011866  0.000169
51  0.001562  -0.009907  0.000101
52  0.001788  0.000595  0.000004
53  -0.008328  0.003657  0.000083
54  0.004876  0.006224  0.000063
55  -0.003108  -0.020127  0.000415
56  -0.020091  -0.009015  0.000485
57  0.005965  -0.009828  0.000132
58  -0.025914  -0.006706  0.000717
59  -0.001201  -0.020343  0.000415
60  0.019704  0.008867  0.000467
61  0.001940  -0.004514  0.000024
62  -0.001611  0.003813  0.000017
63  0.009114  -0.001401  0.000085
64  0.010962  -0.004955  0.000145
65  -0.001130  0.005934  0.000036
66  -0.000069  -0.026029  0.000678
67  0.020939  -0.013822  0.000629
68  0.001352  -0.001669  0.000005
69  0.006871  0.016349  0.000314
70  -0.027452  0.017683  0.001066
71  -0.006001  -0.015481  0.000276
72  -0.010265  0.005205  0.000132
73  -0.000658  0.008848  0.000079
74  -0.003380  -0.007030  0.000061
75  0.002848  -0.009009  0.000089
76  -0.008376  -0.004637  0.000092
77  -0.024669  -0.011842  0.000749
78  0.021112  -0.008515  0.000518
79  -0.009286  -0.000569  0.000087
80  -0.013212  -0.003198  0.000185
81  0.011080  0.025461  0.000771
82  0.007497  -0.009352  0.000144
83  0.004286  -0.002472  0.000024
84  -0.014949  -0.005102  0.000250
85  0.006305  0.006998  0.000089
86  0.000146  -0.007429  0.000055
87  -0.012881  -0.007011  0.000215
88  -0.004804  -0.016920  0.000309
89  0.014469  0.018909  0.000567
90  0.009614  0.000515  0.000093
91  -0.001669  -0.004782  0.000026
92  0.015726  -0.017720  0.000561
93  0.000477  0.001274  0.000002
94  -0.015702  0.003000  0.000256
95  0.014844  -0.005061  0.000246
96  -0.003974  0.004448  0.000036
97  0.014391  0.012362  0.000360
98  0.032960  0.009263  0.001172
99  -0.009749  -0.009123  0.000178
100  0.029390  0.014009  0.001060
101  -0.001679  -0.013641  0.000189
102  -0.008877  -0.020911  0.000516
103  0.019678  0.003093  0.000397
104  -0.020819  -0.018468  0.000774
105  -0.016670  -0.003243  0.000288
106  0.021453  -0.018320  0.000796
107  0.010712  -0.010345  0.000222
108  0.022710  0.008919  0.000595
109  0.016146  -0.004754  0.000283
110  -0.002667  -0.010650  0.000121
111  0.007607  -0.004238  0.000076
112  0.008728  -0.010623  0.000189
113  0.001121  -0.008113  0.000067
114  0.014742  -0.001677  0.000220
115  0.032342  0.021741  0.001519
116  -0.016107  -0.010678  0.000373
117  0.000517  0.009127  0.000084
118  0.021307  -0.005989  0.000490
119  -0.023437  -0.012302  0.000701
120  -0.016531  -0.005702  0.000306
121  0.005289  0.019765  0.000419
122  0.011961  -0.003385  0.000155
123  -0.017266  0.006256  0.000337
124  -0.004211  -0.013344  0.000196
125  -0.023666  -0.012769  0.000723
126  0.009456  0.005909  0.000124
127  -0.002174  -0.010144  0.000108
128  -0.004046  0.027338  0.000764
129  -0.010774  -0.007411  0.000171
130  -0.011322  -0.003212  0.000138
131  -0.010603  0.014583  0.000325
132  -0.018023  0.013011  0.000494
133  0.004207  0.020839  0.000452
134  -0.023465  0.003307  0.000562
135  0.007100  0.000664  0.000051
136  -0.016395  0.003447  0.000281
137  -0.005590  0.008760  0.000108
138  0.012048  -0.008957  0.000225
139  -0.016300  0.015869  0.000518
140  -0.004653  0.005308  0.000050
141  0.008025  0.001557  0.000067
142  0.000830  -0.007152  0.000052
143  0.010035  -0.007533  0.000157
144  0.012053  0.003969  0.000161
145  0.002783  -0.012469  0.000163
146  0.010991  -0.017943  0.000443
147  -0.008628  -0.021279  0.000527
148  -0.014849  0.034198  0.001390
149  -0.005408  0.020440  0.000447
150  0.003148  -0.014466  0.000219
151  0.023617  -0.024358  0.001151
152  -0.001492  -0.012688  0.000163
153  0.020517  -0.002798  0.000429
154  0.003467  -0.021775  0.000486
155  -0.013780  -0.010337  0.000297
156  -0.019362  0.029416  0.001240
157  0.013500  -0.011553  0.000316
158  -0.003702  0.015270  0.000247
159  -0.006798  -0.011969  0.000189
160  0.003792  -0.014679  0.000230
161  0.001740  0.025945  0.000676
162  0.001884  -0.005484  0.000034
163  -0.003501  -0.013453  0.000193
164  -0.011056  0.010495  0.000232
165  0.014980  0.000345  0.000225
166  0.031897  -0.028476  0.001828
167  -0.003774  0.010101  0.000116
168  -0.007379  -0.002408  0.000060
169  -0.003616  0.001639  0.000016
170  -0.014898  -0.006971  0.000271
171  -0.001860  0.013919  0.000197
172  0.010648  -0.014678  0.000329
173  0.003129  -0.021939  0.000491
174  -0.009077  0.003939  0.000098
175  0.005830  0.005068  0.000060
176  -0.017604  -0.008034  0.000374
177  -0.013294  0.001392  0.000179
178  -0.024185  0.000260  0.000585
179  0.015428  -0.000984  0.000239
180  -0.019756  -0.003555  0.000403
181  -0.001307  -0.005732  0.000035
182  -0.002509  -0.001527  0.000009
183  -0.003611  0.006986  0.000062
184  0.014713  -0.017475  0.000522
185  -0.000499  0.013449  0.000181
186  0.001078  -0.013748  0.000190
187  -0.015582  0.019845  0.000637
188  -0.000058  0.019579  0.000383
189  -0.009842  -0.004439  0.000117
190  0.006011  0.010041  0.000137
191  0.004565  -0.004866  0.000045
192  0.014611  -0.012698  0.000375
193  -0.004860  0.015485  0.000263
194  0.013855  -0.005700  0.000224
195  0.019947  0.027948  0.001179
196  -0.004042  0.000023  0.000016
197  -0.015355  -0.015823  0.000486
198  0.005517  -0.012701  0.000192
199  0.007328  -0.000993  0.000055
200  0.013472  0.014206  0.000383
201  -0.021524  -0.019671  0.000850
202  0.008240  -0.025636  0.000725
203  0.004227  0.002292  0.000023
204  -0.023680  -0.010442  0.000670
205  0.005639  -0.014391  0.000239
206  0.009972  -0.017485  0.000405
207  0.004126  0.014928  0.000240
208  0.001985  -0.018245  0.000337
209  -0.003996  -0.011250  0.000143
210  0.000265  0.019470  0.000379
211  -0.010762  -0.019748  0.000506
212  -0.016020  0.019200  0.000625
213  0.002345  0.001021  0.000007
214  -0.000295  -0.002781  0.000008
215  0.020466  -0.002547  0.000425
216  -0.009609  -0.030002  0.000992
217  0.010527  0.020197  0.000519
218  -0.004553  0.003406  0.000032
219  -0.001542  -0.020946  0.000441
220  0.002572  -0.008235  0.000074
221  -0.001809  0.002612  0.000010
222  -0.008084  0.013135  0.000238
223  0.000162  0.002111  0.000004
224  -0.009907  -0.008953  0.000178
225  -0.011717  -0.002185  0.000142
226  -0.001906  0.000269  0.000004
227  0.008450  -0.012454  0.000227
228  -0.011807  0.033182  0.001240
229  -0.016522  0.010712  0.000388
230  0.011974  0.027261  0.000887
231  -0.011147  -0.005419  0.000154
232  -0.000276  0.011880  0.000141
233  0.006673  0.007789  0.000105
234  -0.007581  -0.015640  0.000302
235  -0.004229  0.003714  0.000032
236  -0.001285  -0.013543  0.000185
237  0.004627  -0.018698  0.000371
238  0.001251  0.025994  0.000677
239  0.001056  0.006904  0.000049
240  -0.021578  -0.013419  0.000646
241  0.010747  0.011296  0.000243
242  0.014139  0.000071  0.000200
243  0.026622  0.001361  0.000711
244  0.001299  0.015174  0.000232
245  -0.016209  -0.001521  0.000265
246  0.025524  0.011772  0.000790
247  0.017945  -0.004550  0.000343
248  0.016355  0.004404  0.000287
249  -0.003157  0.009971  0.000109
250  0.000467  -0.008050  0.000065
251  -0.010074  0.016404  0.000371
252  -0.021183  -0.006109  0.000486
253  0.001942  -0.014260  0.000207
254  0.011613  0.022396  0.000636
255  0.004836  -0.021941  0.000505
256  -0.017660  0.015506  0.000552
257  0.001641  -0.006555  0.000046
258  0.003611  -0.001093  0.000014
259  0.013807  0.006143  0.000228
260  0.013166  0.012512  0.000330
261  -0.015059  -0.003221  0.000237
262  0.009457  0.004923  0.000114
263  0.026498  -0.004473  0.000722
264  -0.016862  -0.003269  0.000295
265  -0.020959  0.004588  0.000460
266  -0.002862  0.006828  0.000055
267  -0.014038  -0.001221  0.000199
268  -0.033934  0.000870  0.001152
269  -0.002358  -0.003477  0.000018
270  -0.015342  -0.000559  0.000236
271  0.014628  0.000627  0.000214
272  0.040918  -0.001215  0.001676
273  -0.009480  -0.001712  0.000093
274  0.011651  0.028171  0.000929
275  0.011388  0.006045  0.000166
276  0.015221  -0.013429  0.000412
277  -0.004372  0.009098  0.000102
278  0.009102  -0.010193  0.000187
279  0.027162  0.007633  0.000796
280  -0.022190  0.000167  0.000492
281  0.000923  -0.004478  0.000021
282  -0.001696  0.006012  0.000039
283  0.016847  -0.021381  0.000741
284  -0.000455  0.002162  0.000005
285  0.001049  -0.020746  0.000431
286  -0.004514  0.001811  0.000024
287  0.011289  0.003038  0.000137
288  -0.010344  -0.007887  0.000169
289  -0.003014  -0.019068  0.000373
290  0.006285  -0.008514  0.000112
291  0.022257  -0.001701  0.000498
292  0.003289  -0.022550  0.000519
293  -0.004711  0.004775  0.000045
294  -0.001406  0.020857  0.000437
295  0.013775  -0.006775  0.000236
296  0.008328  0.002619  0.000076
297  0.008507  0.015298  0.000306
298  -0.015760  -0.022760  0.000766
299  0.006243  0.001526  0.000041
300  0.012472  -0.003958  0.000171
301  0.012168  -0.025827  0.000815
302  -0.014727  0.009059  0.000299
303  0.009706  0.012274  0.000245
304  0.018125  -0.007806  0.000389
305  0.010954  -0.007498  0.000176
306  0.028451  -0.021621  0.001277
307  0.016358  0.015476  0.000507
308  0.020014  0.010089  0.000502
309  -0.007659  0.003147  0.000069
310  -0.011502  0.010652  0.000246
311  -0.009603  -0.004914  0.000116
312  -0.032092  0.004244  0.001048
313  -0.018540  -0.003019  0.000353
314  0.008386  -0.001574  0.000073
315  -0.001328  0.001632  0.000004
316  -0.017667  0.002677  0.000319
317  -0.010536  -0.028202  0.000906
318  0.001701  -0.013164  0.000176
319  -0.017013  -0.013720  0.000478
320  0.015540  -0.037937  0.001681
321  -0.001056  -0.018393  0.000339
322  0.013140  0.015052  0.000399
323  0.009555  0.000190  0.000091
324  0.019785  0.006165  0.000429
325  0.023617  0.003584  0.000571
326  0.007555  -0.005811  0.000091
327  0.001624  -0.011442  0.000134
328  -0.021627  -0.013509  0.000650
329  -0.009006  -0.018133  0.000410
330  -0.023534  -0.009097  0.000637
331  -0.021189  -0.021178  0.000898
332  0.001618  -0.007411  0.000058
333  -0.016650  0.020936  0.000716
334  0.018796  -0.004509  0.000374
335  0.005481  -0.009142  0.000114
336  -0.021143  -0.007734  0.000507
337  -0.014313  0.001044  0.000206
338  0.010413  -0.030613  0.001046
339  -0.003041  -0.004566  0.000030
340  0.016941  0.003568  0.000300
341  -0.009634  -0.001062  0.000094
342  0.001882  -0.013168  0.000177
343  0.007465  -0.033511  0.001179
344  0.009264  0.025200  0.000721
345  -0.006039  0.005222  0.000064
346  -0.002338  -0.002466  0.000012
347  0.010143  0.001191  0.000104
348  -0.008220  -0.010385  0.000175
349  -0.026756  -0.006724  0.000761
350  -0.004204  -0.016552  0.000292
351  -0.003152  -0.013165  0.000183
352  0.004558  0.006547  0.000064
353  0.025643  -0.016387  0.000926
354  -0.018701  0.016851  0.000634
355  -0.004940  0.004811  0.000048
356  0.012165  -0.001387  0.000150
357  0.009084  0.007485  0.000139
358  -0.009226  0.022071  0.000572
359  -0.007627  0.000395  0.000058
360  -0.002370  -0.021937  0.000487
361  0.004509  -0.013628  0.000206
362  -0.010375  -0.010430  0.000216
363  -0.007335  0.017399  0.000357
364  -0.006196  -0.008354  0.000108
365  -0.018032  -0.016064  0.000583
366  0.011220  -0.005317  0.000154
367  0.011147  -0.014113  0.000323
368  -0.016004  -0.015617  0.000500
369  0.006267  0.004314  0.000058
370  0.011612  -0.022570  0.000644
371  -0.011562  -0.010413  0.000242
372  -0.001093  -0.004983  0.000026
373  -0.001046  0.020053  0.000403
374  0.005342  -0.025342  0.000671
375  0.005613  0.000994  0.000032
376  -0.008414  -0.024052  0.000649
377  0.009771  0.006468  0.000137
378  -0.001824  0.016130  0.000263
379  -0.011558  -0.000103  0.000134
380  -0.004231  -0.015386  0.000255
381  0.017953  -0.011977  0.000466
382  0.019613  -0.011539  0.000518
383  0.006519  0.003899  0.000058
384  0.018721  0.018912  0.000708
385  0.013117  -0.010604  0.000284
386  0.007417  -0.036604  0.001395
387  0.013878  0.005368  0.000221
388  0.015115  -0.012162  0.000376
389  0.007957  0.004652  0.000085
390  -0.009997  -0.002550  0.000106
391  -0.018622  -0.011767  0.000485
392  0.002245  0.017544  0.000313
393  0.015293  -0.013533  0.000417
394  0.014662  -0.012908  0.000382
395  -0.007556  -0.009232  0.000142
396  -0.012428  -0.017433  0.000458
397  0.005855  -0.022066  0.000521
398  -0.008150  -0.017920  0.000388
399  -0.011777  0.004811  0.000162
400  -0.014852  0.022148  0.000711
401  0.019535  0.001511  0.000384
402  0.002047  -0.002729  0.000012
403  0.001260  -0.012870  0.000167
404  -0.017983  0.022426  0.000826
405  -0.008397  0.002765  0.000078
406  0.004360  -0.034107  0.001182
407  -0.005972  0.021513  0.000498
408  0.008280  0.003366  0.000080
409  0.021446  -0.008048  0.000525
410  -0.012932  -0.014807  0.000386
411  -0.009810  -0.028169  0.000890
412  0.000288  0.001372  0.000002
413  -0.035553  0.017507  0.001570
414  -0.015540  -0.011357  0.000370
415  -0.016387  -0.002971  0.000277
416  0.011859  0.010154  0.000244
417  0.001060  -0.003207  0.000011
418  -0.007549  -0.006828  0.000104
419  -0.042154  0.006360  0.001817
420  -0.010965  -0.018472  0.000461
421  0.013537  0.004368  0.000202
422  0.011951  -0.011344  0.000272
423  0.020378  0.013209  0.000590
424  0.024648  -0.018604  0.000954
425  0.002927  0.013102  0.000180
426  -0.001913  0.018183  0.000334
427  0.015827  0.023127  0.000785
428  -0.014389  -0.005182  0.000234
429  0.011338  -0.009476  0.000218
430  -0.008894  -0.005028  0.000104
431  0.026425  0.025143  0.001330
432  -0.011552  -0.004620  0.000155
433  0.018714  -0.006122  0.000388
434  -0.014515  0.000165  0.000211
435  -0.004288  0.000450  0.000019
436  0.003052  -0.008333  0.000079
437  -0.017140  -0.010814  0.000411
438  -0.006339  0.001478  0.000042
439  -0.001378  0.012260  0.000152
440  0.000029  -0.007041  0.000050
441  -0.003886  -0.022129  0.000505
442  0.017821  -0.010865  0.000436
443  0.005491  -0.007925  0.000093
444  -0.010871  0.007251  0.000171
445  -0.008035  -0.005076  0.000090
446  0.007303  -0.003196  0.000064
447  -0.026618  -0.002225  0.000713
448  -0.012756  -0.018998  0.000524
449  -0.000627  0.005145  0.000027
450  0.002907  -0.000873  0.000009
451  0.003662  -0.003580  0.000026
452  0.003675  -0.015184  0.000244
453  -0.005119  -0.016094  0.000285
454  0.000513  0.007340  0.000054
455  -0.006494  0.028377  0.000847
456  -0.006670  0.001041  0.000046
457  0.011702  0.004348  0.000156
458  -0.005972  -0.019835  0.000429
459  -0.000171  0.011891  0.000141
460  -0.034923  0.003174  0.001230
461  -0.002645  0.016422  0.000277
462  0.012131  0.026980  0.000875
463  0.001859  -0.027127  0.000739
464  0.005029  -0.012091  0.000171
465  0.003401  -0.037004  0.001381
466  -0.006563  -0.019718  0.000432
467  -0.007937  -0.003107  0.000073
468  0.023959  0.006303  0.000614
469  0.017434  0.002975  0.000313
470  -0.011535  -0.009871  0.000230
471  -0.002690  -0.002991  0.000016
472  -0.011396  0.005596  0.000161
473  0.012669  -0.002889  0.000169
474  0.003507  0.008356  0.000082
475  -0.004445  -0.021828  0.000496
476  -0.011083  -0.003399  0.000134
477  0.012909  0.009193  0.000251
478  -0.004448  0.012939  0.000187
479  -0.015246  -0.015156  0.000462
480  0.014300  0.008984  0.000285
481  0.006294  -0.024665  0.000648
482  0.021923  -0.004058  0.000497
483  -0.035532  -0.005470  0.001292
484  0.014896  0.002249  0.000227
485  -0.002707  -0.004450  0.000027
486  -0.000165  0.005198  0.000027
487  0.019288  -0.016670  0.000650
488  0.006283  -0.023940  0.000613
489  -0.003632  -0.015508  0.000254
490  0.011895  0.004465  0.000161
491  0.000974  0.011092  0.000124
492  -0.020517  -0.003235  0.000431
493  0.014472  -0.016657  0.000487
494  -0.008731  0.001406  0.000078
495  0.018879  -0.020671  0.000784
496  -0.011395  0.002437  0.000136
497  -0.021162  -0.002352  0.000453
498  0.006664  -0.018856  0.000400
499  0.002616  0.011668  0.000143
500  0.004448  0.006546  0.000063
501  -0.012819  0.023615  0.000722
502  0.011188  -0.004948  0.000150
503  0.013552  -0.007165  0.000235
504  -0.022164  0.004756  0.000514
505  0.008268  -0.022442  0.000572
506  0.013733  0.005864  0.000223
507  -0.017297  0.012302  0.000451
508  0.005764  0.019277  0.000405
509  0.010449  -0.012946  0.000277
510  0.012277  0.017599  0.000460
511  0.001387  0.005607  0.000033
512  -0.004707  0.019368  0.000397
513  -0.006244  -0.001475  0.000041
514  -0.000301  0.005156  0.000027
515  -0.010740  -0.012926  0.000282
516  0.000506  -0.009737  0.000095
517  -0.016560  0.004840  0.000298
518  -0.009427  -0.003701  0.000103
519  0.013459  -0.004893  0.000205
520  -0.019996  -0.000136  0.000400
521  -0.014316  -0.016191  0.000467
522  0.005394  -0.025391  0.000674
523  -0.001737  -0.004504  0.000023
524  -0.005918  -0.012079  0.000181
525  -0.004883  -0.009257  0.000110
526  0.004665  -0.018509  0.000364
527  -0.019831  -0.006704  0.000438
528  0.008647  -0.007445  0.000130
529  0.001692  -0.009077  0.000085
530  -0.013873  -0.003001  0.000201
531  -0.034479  0.009648  0.001282
532  -0.006375  -0.014929  0.000264
533  0.010109  0.022067  0.000589
534  0.009117  0.001769  0.000086
535  -0.019585  0.003270  0.000394
536  -0.018340  0.019080  0.000700
537  0.004994  0.016697  0.000304
538  0.010966  0.004932  0.000145
539  -0.003487  0.003667  0.000026
540  -0.026781  0.011901  0.000859
541  0.000005  -0.015861  0.000252
542  0.003620  0.014741  0.000230
543  0.012915  0.024750  0.000779
544  0.004936  0.009906  0.000122
545  0.022717  -0.015116  0.000745
546  0.000641  0.007688  0.000060
547  -0.005857  -0.006215  0.000073
548  0.013304  0.016761  0.000458
549  -0.010850  -0.027281  0.000862
550  0.019985  -0.010431  0.000508
551  0.009987  -0.011821  0.000239
552  0.008391  -0.010083  0.000172
553  0.008698  0.005899  0.000110
554  0.012392  -0.001529  0.000156
555  -0.024557  0.006944  0.000651
556  0.001943  0.004680  0.000026
557  0.012725  0.023151  0.000698
558  -0.009887  -0.005950  0.000133
559  0.012459  0.009198  0.000240
560  -0.018086  -0.012526  0.000484
561  0.017670  0.004926  0.000336
562  0.002036  -0.010330  0.000111
563  -0.024689  0.020452  0.001028
564  0.013688  -0.000997  0.000188
565  -0.005930  -0.006129  0.000073
566  -0.012224  0.008831  0.000227
567  -0.008852  -0.002368  0.000084
568  0.009554  -0.010470  0.000201
569  -0.006942  0.023103  0.000582
570  0.006464  -0.007922  0.000105
571  0.011350  0.024071  0.000708
572  0.003691  0.027458  0.000768
573  0.028184  0.010567  0.000906
574  -0.000038  -0.011483  0.000132
575  -0.032798  0.001705  0.001079
576  0.026517  -0.017320  0.001003
577  -0.003175  0.030455  0.000938
578  -0.011372  -0.004923  0.000154
579  0.003961  -0.009914  0.000114
580  0.000156  0.018688  0.000349
581  -0.005799  -0.000906  0.000034
582  0.009701  -0.023889  0.000665
583  0.020120  -0.015448  0.000643
584  0.016695  -0.001113  0.000280
585  0.000544  -0.021781  0.000475
586  -0.016547  0.000134  0.000274
587  0.007607  -0.018192  0.000389
588  0.008380  0.001148  0.000072
589  0.003269  0.006194  0.000049
590  -0.005624  0.027124  0.000767
591  0.024122  0.014792  0.000801
592  0.011163  0.025444  0.000772
593  -0.010900  -0.021993  0.000603
594  0.023471  -0.007372  0.000605
595  -0.008491  0.003781  0.000086
596  0.011447  0.001717  0.000134
597  0.017241  -0.000342  0.000297
598  0.022697  0.000620  0.000516
599  -0.026957  -0.000892  0.000727
600  -0.023229  -0.005231  0.000567
601  0.011478  -0.003285  0.000143
602  -0.002963  0.003509  0.000021
603  -0.006873  -0.014906  0.000269
604  0.026130  -0.014066  0.000881
605  0.007351  0.002823  0.000062
606  0.013762  0.005205  0.000216
607  -0.009689  0.006422  0.000135
608  0.017175  0.024133  0.000877
609  -0.008158  0.016049  0.000324
610  -0.014041  -0.022123  0.000687
611  0.012444  0.026260  0.000844
612  -0.009635  0.008406  0.000163
613  -0.008682  0.000447  0.000076
614  0.008145  -0.004848  0.000090
615  -0.003626  0.020176  0.000420
616  -0.007594  -0.009012  0.000139
617  0.006177  -0.016841  0.000322
618  0.013594  -0.034445  0.001371
619  0.036806  0.002525  0.001361
620  -0.003327  -0.016849  0.000295
621  -0.005566  0.007428  0.000086
622  -0.021522  -0.029925  0.001359
623  0.010130  -0.004867  0.000126
624  -0.024328  -0.036114  0.001896
625  -0.026377  0.000244  0.000696
626  -0.023436  0.000564  0.000550
627  0.001598  0.014794  0.000221
628  0.017169  0.014927  0.000518
629  -0.005353  -0.005924  0.000064
630  0.005338  -0.004589  0.000050
631  -0.017656  -0.008001  0.000376
632  0.011728  -0.001549  0.000140
633  -0.021736  -0.031074  0.001438
634  -0.005404  -0.007169  0.000081
635  -0.006904  0.004518  0.000068
636  0.007828  -0.020234  0.000471
637  0.013460  0.003727  0.000195
638  -0.002912  -0.019480  0.000388
639  0.004016  -0.014758  0.000234
640  0.019065  0.018028  0.000688
641  -0.016987  -0.004965  0.000313
642  0.001934  0.015361  0.000240
643  0.023685  -0.022580  0.001071
644  0.008918  0.015115  0.000308
645  -0.011365  0.010963  0.000249
646  0.026966  0.002563  0.000734
647  -0.036764  -0.008708  0.001427
648  0.008322  -0.030236  0.000983
649  -0.008022  -0.016793  0.000346
650  0.016250  0.000109  0.000264
651  0.003281  -0.001938  0.000015
652  0.021651  -0.016024  0.000726
653  0.038586  0.015527  0.001730
654  -0.009753  -0.002036  0.000099
655  -0.003194  0.013025  0.000180
656  -0.004788  -0.024315  0.000614
657  0.020112  -0.025139  0.001036
658  -0.012312  -0.003742  0.000166
659  0.015612  -0.008658  0.000319
660  -0.005845  -0.016388  0.000303
661  0.017646  -0.005759  0.000345
662  0.000660  0.013659  0.000187
663  -0.020647  -0.009727  0.000521
664  -0.012882  -0.000841  0.000167
665  -0.014871  -0.001978  0.000225
666  -0.001302  -0.020383  0.000417
667  -0.007227  -0.018002  0.000376
668  0.015851  -0.051399  0.002893
669  0.012671  -0.001366  0.000162
670  -0.033337  -0.022254  0.001607
671  0.025500  -0.025150  0.001283
672  -0.001339  0.002855  0.000010
673  -0.008921  -0.021706  0.000551
674  -0.033689  -0.001355  0.001137
675  0.016606  0.001395  0.000278
676  -0.007620  -0.015644  0.000303
677  0.003038  -0.007459  0.000065
678  -0.018851  -0.013306  0.000532
679  0.027150  -0.024118  0.001319
680  0.017295  0.000262  0.000299
681  -0.026121  0.006999  0.000731
682  -0.002237  -0.013725  0.000193
683  -0.021564  0.008979  0.000546
684  -0.007041  -0.016046  0.000307
685  0.013427  0.022719  0.000696
686  -0.001879  0.028413  0.000811
687  -0.018786  -0.023088  0.000886
688  0.007414  -0.006154  0.000093
689  -0.000585  -0.006568  0.000043
690  -0.007075  -0.011202  0.000176
691  -0.006335  -0.003990  0.000056
692  -0.040905  -0.004336  0.001692
693  0.000772  0.000988  0.000002
694  -0.000099  0.017490  0.000306
695  -0.013232  0.003820  0.000190
696  0.005869  0.000660  0.000035
697  0.000062  -0.006214  0.000039
698  -0.008120  -0.004744  0.000088
699  -0.019795  -0.005698  0.000424
700  0.008561  -0.006999  0.000122
701  -0.010067  -0.003426  0.000113
702  -0.000485  0.004598  0.000021
703  -0.010770  0.017777  0.000432
704  -0.013078  0.006436  0.000212
705  0.006227  0.008261  0.000107
706  0.033364  0.040413  0.002746
707  0.000819  -0.015500  0.000241
708  -0.005377  -0.015529  0.000270
709  0.004336  -0.018466  0.000360
710  -0.008252  0.016547  0.000342
711  -0.059294  0.003588  0.003529
712  -0.022744  -0.006647  0.000561
713  -0.023819  -0.001420  0.000569
714  -0.008136  -0.017427  0.000370
715  -0.028992  -0.019946  0.001238
716  0.015637  -0.008857  0.000323
717  0.015152  0.001949  0.000233
718  -0.002346  -0.038886  0.001518
719  -0.008559  -0.004716  0.000096
720  0.004465  -0.005911  0.000055
721  0.012926  0.010342  0.000274
722  -0.021135  -0.020296  0.000859
723  0.001008  -0.002902  0.000009
724  -0.022960  0.018074  0.000854
725  -0.005867  0.019456  0.000413
726  0.024099  -0.009222  0.000666
727  0.005877  -0.005518  0.000065
728  0.000893  0.023911  0.000573
729  0.016293  -0.011061  0.000388
730  0.031919  -0.004591  0.001040
731  0.001805  -0.006495  0.000045
732  -0.010279  0.040397  0.001738
733  0.001280  0.022809  0.000522
734  0.015105  -0.010210  0.000332
735  -0.025620  0.019694  0.001044
736  0.030321  -0.004964  0.000944
737  -0.003001  0.005920  0.000044
738  0.014706  0.037477  0.001621
739  0.016060  0.025040  0.000885
740  -0.001820  -0.019264  0.000374
741  0.021478  0.011599  0.000596
742  -0.005657  -0.018854  0.000387
743  -0.029529  -0.001740  0.000875
744  0.014981  0.001526  0.000227
745  0.021500  0.027495  0.001218
746  -0.041747  -0.014353  0.001949
747  0.010281  -0.006334  0.000146
748  -0.001552  0.007031  0.000052
749  -0.007867  0.003053  0.000071
750  -0.017156  -0.007566  0.000352
751  0.005715  0.025684  0.000692
752  0.011605  -0.006686  0.000179
753  -0.007583  -0.025508  0.000708
754  -0.005607  -0.002124  0.000036
755  -0.029534  0.017147  0.001166
756  -0.010040  0.007804  0.000162
757  0.015285  -0.008922  0.000313
758  0.008795  0.035531  0.001340
759  0.005227  -0.000240  0.000027
760  -0.003926  0.018524  0.000359
761  -0.024020  -0.018075  0.000904
762  0.017618  -0.006949  0.000359
763  -0.017618  0.007134  0.000361
764  -0.029514  -0.030998  0.001832
765  -0.001666  -0.016627  0.000279
766  0.024489  -0.018875  0.000956
767  0.019904  0.007169  0.000448
768  0.021738  -0.016338  0.000739
769  0.016890  -0.025916  0.000957
770  0.002859  -0.021879  0.000487
771  0.000209  -0.010931  0.000120
772  0.003662  -0.023854  0.000582
773  0.004860  -0.003781  0.000038
774  0.021258  -0.016939  0.000739
775  0.013764  0.017589  0.000499
776  0.018395  0.013433  0.000519
777  -0.003980  -0.006060  0.000053
778  -0.032799  -0.004086  0.001092
779  -0.000912  -0.023094  0.000534
780  -0.006604  -0.025525  0.000695
781  0.008386  -0.031237  0.001046
782  0.023730  0.019266  0.000934
783  0.005427  -0.004622  0.000051
784  0.010769  0.002759  0.000124
785  -0.034621  0.007911  0.001261
786  -0.006810  0.004874  0.000070
787  0.011138  -0.033127  0.001221
788  -0.007628  -0.011893  0.000200
789  -0.011035  -0.014035  0.000319
790  0.013364  -0.000940  0.000179
791  -0.013919  -0.003305  0.000205
792  0.003988  -0.016151  0.000277
793  -0.021977  0.022256  0.000978
794  -0.002420  0.002318  0.000011
795  0.032104  0.011738  0.001168
796  -0.008638  0.002542  0.000081
797  -0.007324  -0.005478  0.000084
798  -0.012991  0.047846  0.002458
799  0.013958  0.015915  0.000448
800  0.000890  -0.029109  0.000848
801  -0.007120  -0.005909  0.000086
802  -0.019268  -0.006550  0.000414
803  -0.020101  -0.014604  0.000617
804  0.027163  0.036640  0.002080
805  0.018733  0.028835  0.001182
806  -0.031336  0.004888  0.001006
807  0.000655  0.023010  0.000530
808  -0.025607  -0.003112  0.000665
809  -0.043933  -0.045346  0.003986
810  0.006838  -0.016045  0.000304
811  -0.015458  -0.013188  0.000413
812  -0.027519  0.035742  0.002035
813  -0.004422  0.000540  0.000020
814  -0.042469  -0.014140  0.002004
815  -0.012494  -0.009689  0.000250
816  -0.027670  -0.002426  0.000772
817  -0.004204  -0.003167  0.000028
818  -0.001074  -0.045542  0.002075
819  0.009816  -0.003006  0.000105
820  -0.012256  -0.012910  0.000317
821  -0.021755  0.011924  0.000615
822  -0.019356  -0.038195  0.001833
823  -0.005119  -0.015145  0.000256
824  0.003652  0.015264  0.000246
825  -0.002729  0.020455  0.000426
826  0.009722  0.001585  0.000097
827  0.020094  -0.021257  0.000856
828  -0.007474  -0.016877  0.000341
829  -0.018339  0.011521  0.000469
830  -0.030031  0.023166  0.001439
831  -0.002223  0.023798  0.000571
832  -0.018903  0.017498  0.000664
833  -0.005074  0.023966  0.000600
834  0.013083  -0.018421  0.000511
835  0.011920  0.019364  0.000517
836  -0.005115  0.014572  0.000239
837  -0.000228  -0.034553  0.001194
838  0.015914  -0.005445  0.000283
839  0.008675  -0.024456  0.000673
840  -0.021736  -0.007365  0.000527
841  0.017889  0.017426  0.000624
842  -0.026892  -0.000042  0.000723
843  0.015248  -0.015178  0.000463
844  0.023747  0.041943  0.002323
845  0.010453  -0.006752  0.000155
846  -0.007292  0.001564  0.000056
847  0.007674  0.003551  0.000071
848  0.013140  0.009930  0.000271
849  0.021942  0.036236  0.001794
850  -0.022166  0.048707  0.002864
851  -0.010554  -0.020029  0.000513
852  0.006490  0.024724  0.000653
853  -0.061814  0.033908  0.004971
854  -0.004773  -0.013918  0.000216
855  -0.020152  -0.031204  0.001380
856  0.016550  -0.039403  0.001826
857  -0.026930  -0.004571  0.000746
858  0.002548  0.005026  0.000032
859  0.011211  0.031503  0.001118
860  -0.034111  -0.027166  0.001902
861  -0.000426  0.027535  0.000758
862  -0.001251  -0.037451  0.001404
863  -0.006536  0.012459  0.000198
864  -0.011437  0.032085  0.001160
865  -0.021695  -0.004270  0.000489
866  0.015858  -0.007923  0.000314
867  -0.017167  0.005705  0.000327
868  -0.014053  0.013896  0.000391
869  -0.023766  0.032968  0.001652
870  0.000797  -0.020264  0.000411
871  -0.032179  -0.001375  0.001037
872  -0.008218  0.036451  0.001396
873  0.028895  0.001066  0.000836
874  0.000282  -0.014928  0.000223
875  0.002220  -0.001922  0.000009
876  0.019320  0.017229  0.000670
877  -0.015335  -0.060365  0.003879
878  -0.008842  0.021147  0.000525
879  -0.008083  -0.022023  0.000550
880  -0.005243  -0.007204  0.000079
881  -0.023404  0.008986  0.000629
882  0.020376  -0.010584  0.000527
883  -0.033898  0.014174  0.001350
884  0.004417  0.028256  0.000818
885  0.002154  0.011514  0.000137
886  0.007960  0.015958  0.000318
887  0.015252  -0.039642  0.001804
888  0.032009  -0.023027  0.001555
889  -0.030410  -0.013367  0.001103
890  -0.039814  0.026394  0.002282
891  -0.006451  -0.014328  0.000247
892  0.038330  -0.019769  0.001860
893  0.029374  0.042736  0.002689
894  -0.008376  -0.032028  0.001096
895  0.021305  0.045736  0.002546
896  -0.021206  0.008604  0.000524
897  -0.013933  -0.024599  0.000799
898  -0.002043  0.024216  0.000591
899  0.005502  -0.002143  0.000035
900  0.008608  -0.031545  0.001069
901  0.023521  -0.080960  0.007108
902  0.014491  -0.009646  0.000303
903  0.055349  0.001978  0.003067
904  0.008228  0.017779  0.000384
905  -0.011516  -0.028470  0.000943
906  -0.001385  0.022139  0.000492
907  0.022176  0.013373  0.000671
908  -0.045411  -0.021917  0.002542
909  0.004004  -0.010868  0.000134
910  0.001129  0.031094  0.000968
911  -0.038769  -0.012999  0.001672
912  0.024479  -0.011959  0.000742
913  -0.003150  -0.030326  0.000930
914  0.006175  -0.018477  0.000380
915  0.021703  -0.008274  0.000539
916  -0.005668  -0.000620  0.000033
917  0.003504  -0.019496  0.000392
918  0.000640  -0.010977  0.000121
919  -0.058566  0.042273  0.005217
920  -0.034357  -0.007360  0.001235
921  0.001404  -0.065140  0.004245
922  0.001192  0.027260  0.000745
923  -0.031858  -0.058634  0.004453
924  -0.001725  -0.035236  0.001245
925  0.014769  0.052214  0.002944
926  0.003322  -0.015114  0.000239
927  -0.034711  0.015079  0.001432
928  -0.025095  -0.014112  0.000829
929  0.020237  -0.011484  0.000541
930  -0.008947  -0.055259  0.003134
931  -0.037379  0.007380  0.001452
932  0.043870  -0.007771  0.001985
933  -0.005622  -0.012248  0.000182
934  0.005525  -0.007598  0.000088
935  0.030852  -0.033196  0.002054
936  -0.011535  0.045744  0.002226
937  0.024249  0.011479  0.000720
938  0.008353  0.014689  0.000286
939  0.017620  0.038037  0.001757
940  -0.027066  0.002321  0.000738
941  -0.013980  -0.050824  0.002779
942  0.041547  -0.012753  0.001889
943  -0.031937  0.012048  0.001165
944  -0.014996  0.005088  0.000251
945  0.044115  0.079434  0.008256
946  -0.024129  0.007834  0.000644
947  -0.067722  -0.010098  0.004688
948  -0.013149  0.002857  0.000181
949  0.037475  0.009786  0.001500
950  -0.007091  -0.034080  0.001212
951  -0.036021  0.006399  0.001338
952  -0.015494  -0.060579  0.003910
953  -0.018220  -0.015442  0.000570
954  -0.048977  0.000583  0.002399
955  -0.055551  0.010498  0.003196
956  -0.011155  -0.011390  0.000254
957  -0.004081  0.044533  0.002000
958  0.004185  -0.015325  0.000252
959  0.017474  0.035004  0.001531
960  -0.014555  -0.004201  0.000230
961  0.014426  0.012538  0.000365
962  0.056991  -0.003973  0.003264
963  -0.001680  0.001242  0.000004
964  -0.076255  0.016213  0.006078
965  -0.028656  0.006673  0.000866
966  -0.097584  0.070969  0.014559
967  0.013439  0.064822  0.004383
968  -0.039137  -0.034482  0.002721
969  -0.036279  -0.009645  0.001409
970  0.005732  -0.003864  0.000048
971  -0.111868  -0.028978  0.013354
972  -0.054928  -0.021703  0.003488
973  -0.016144  -0.044210  0.002215
974  0.016841  -0.026119  0.000966
975  0.003672  -0.032830  0.001091
976  -0.013290  0.022246  0.000672
977  -0.048301  0.024983  0.002957
978  0.001242  0.008876  0.000080
979  0.002187  -0.035603  0.001272
980  0.063871  0.007510  0.004136
981  -0.020898  0.058846  0.003900
982  -0.025028  -0.035566  0.001891
983  -0.000329  -0.066346  0.004402
984  -0.023732  -0.037183  0.001946
985  -0.020415  0.102921  0.011009
986  0.011908  0.074081  0.005630
987  -0.051755  0.005343  0.002707
988  -0.039196  -0.005942  0.001572
989  -0.000116  0.018692  0.000349
990  0.028991  -0.047281  0.003076
991  0.061749  0.057434  0.007112
992  0.064210  0.030844  0.005074
993  -0.072685  -0.053583  0.008154
994  0.005455  -0.012910  0.000196
995  0.020438  0.036683  0.001763
996  -0.097678  0.011720  0.009678
997  -0.008711  -0.006758  0.000122
998  0.036455  0.070661  0.006322
999  -0.119910  -0.008496  0.014451
1000  0.000505  -0.048767  0.002378
1001  0.016842  0.061165  0.004025
1002  -0.050179  0.058528  0.005943
1003  -0.041076  0.006478  0.001729
1004  0.021332  -0.002161  0.000460
1005  -0.040098  0.031430  0.002596
1006  -0.024625  -0.045848  0.002708
1007  0.034084  -0.010134  0.001264
1008  -0.090976  0.074415  0.013814
1009  0.002916  0.098264  0.009664
1010  -0.048644  -0.088899  0.010269
1011  0.026985  -0.032325  0.001773
1012  -0.019058  -0.029691  0.001245
1013  0.021371  0.092421  0.008998
1014  -0.058081  -0.050344  0.005908
1015  -0.021697  0.004723  0.000493
1016  -0.077148  0.027669  0.006717
1017  -0.114152  0.030236  0.013945
1018  -0.070678  0.015015  0.005221
1019  -0.028751  -0.037380  0.002224
1020  -0.008260  -0.089540  0.008086
1021  0.062432  -0.004766  0.003920
1022  0.020595  0.058995  0.003905
1023  -0.079229  -0.053284  0.009116
1024  -0.053476  -0.029052  0.003704
1025  -0.051467  0.006339  0.002689
1026  -0.035727  -0.060666  0.004957
1027  -0.040788  -0.096839  0.011041
1028  0.036055  -0.006070  0.001337
1029  -0.019296  -0.009477  0.000462
1030  0.047661  -0.023465  0.002822
1031  -0.026292  0.030710  0.001634
1032  -0.047060  -0.019499  0.002595
1033  -0.034034  0.029307  0.002017
1034  -0.066928  -0.030098  0.005385
1035  0.056577  -0.002864  0.003209
1036  -0.143270  0.035971  0.021820
1037  -0.003966  -0.125495  0.015765
1038  0.044876  0.107139  0.013493
1039  -0.129747  0.027365  0.017583
1040  -0.024773  -0.014339  0.000819
1041  -0.011023  -0.004110  0.000138
1042  -0.068857  -0.050356  0.007277
1043  0.019714  -0.041166  0.002083
1044  0.078514  -0.048644  0.008531
1045  -0.078223  0.027067  0.006851
1046  -0.001205  0.063175  0.003993
1047  -0.053632  0.042899  0.004717
1048  0.014076  -0.076511  0.006052
1049  -0.074293  -0.099115  0.015343
1050  -0.053041  0.026041  0.003491
1051  0.032878  0.002050  0.001085
1052  0.088091  -0.051461  0.010408
1053  -0.111153  0.028554  0.013170
1054  -0.052311  -0.066417  0.007148
1055  0.016644  0.003400  0.000289
1056  -0.008493  0.125394  0.015796
1057  -0.021375  -0.056463  0.003645
1058  0.042858  -0.052431  0.004586
1059  0.003120  -0.007781  0.000070
1060  -0.021668  -0.041314  0.002176
1061  -0.160420  0.001188  0.025736
1062  -0.041480  -0.005608  0.001752
1063  -0.079360  -0.072375  0.011536
1064  -0.011736  -0.037129  0.001516
1065  0.036329  -0.008517  0.001392
1066  0.168189  -0.075905  0.034049
1067  0.017677  0.001931  0.000316
1068  0.125505  0.016003  0.016008
1069  -0.021723  0.094867  0.009472
1070  0.004721  0.102158  0.010458
1071  -0.136409  0.096706  0.027959
1072  -0.067228  0.001047  0.004521
1073  -0.151287  -0.032689  0.023956
1074  0.045275  0.018196  0.002381
1075  -0.112435  -0.069975  0.017538
1076  -0.001496  -0.109797  0.012058
1077  -0.051585  0.058260  0.006055
1078  -0.111404  0.024418  0.013007
1079  0.084762  -0.044753  0.009187
1080  0.000258  -0.187137  0.035020
1081  -0.007308  0.079912  0.006439
1082  0.002007  0.095560  0.009136
1083  -0.077841  0.133695  0.023934
1084  -0.089353  -0.066212  0.012368
1085  0.109646  -0.060519  0.015685
1086  -0.027983  -0.169862  0.029636
1087  -0.025688  0.102193  0.011103
1088  -0.113820  -0.187794  0.048222
1089  0.222523  -0.034319  0.050694
1090  -0.042700  0.012068  0.001969
1091  0.137873  0.116154  0.032501
1092  -0.105685  0.251206  0.074274
1093  -0.160129  0.087736  0.033339
1094  -0.077335  -0.139363  0.025403
1095  0.068611  0.047728  0.006985
1096  -0.086662  -0.050837  0.010095
1097  -0.034476  -0.169196  0.029816
1098  -0.228215  0.118238  0.066062
1099  -0.041046  -0.098825  0.011451
1100  0.149289  0.110651  0.034531
1101  -0.025980  -0.191553  0.037367
1102  -0.250475  -0.163669  0.089525
1103  0.054643  0.088004  0.010731
1104  -0.044718  0.013190  0.002174
1105  0.025498  -0.036591  0.001989
1106  0.267867  -0.010041  0.071854
1107  -0.126313  0.159680  0.041453
1108  -0.344926  0.147651  0.140775
1109  -0.255279  -0.273305  0.139863
1110  -0.135221  -0.115540  0.031634
1111  0.143928  0.117233  0.034459
1112  -0.029605  -0.186107  0.035512
1113  -0.035003  0.029026  0.002068
1114  0.052524  -0.120203  0.017207
1115  -0.090102  -0.106579  0.019477
1116  -0.177221  -0.007484  0.031463
1117  0.056681  -0.052928  0.006014
1118  -0.012804  0.073878  0.005622
1119  -0.213261  -0.023956  0.046054
1120  -0.304680  -0.012575  0.092988
1121  -0.178176  -0.459076  0.242498
1122  0.105432  0.204584  0.052971
1123  0.054442  -0.320523  0.105699
1124  -0.037953  0.008606  0.001514
1125  0.063087  -0.038416  0.005456
1126  -0.020315  -0.247871  0.061853
1127  -0.371105  0.002211  0.137724
1128  0.002127  -0.270832  0.073354
1129  0.208400  -0.273062  0.117993
1130  0.164615  0.286326  0.109081
1131  -0.107158  0.156914  0.036105
1132  -0.060430  -0.169697  0.032449
1133  0.287376  -0.182903  0.116038
1134  -0.199778  0.393440  0.194707
1135  0.019437  -0.010707  0.000492
1136  0.011736  0.112206  0.012728
1137  0.029025  0.057166  0.004110
1138  0.114204  0.538795  0.303343
1139  -0.179145  -0.414262  0.203706
1140  -0.264147  0.121235  0.084472
1141  -0.003444  -0.225154  0.050706
1142  0.091748  -0.039599  0.009986
1143  -0.187335  -0.211990  0.080034
1144  -0.071743  -0.124477  0.020641
1145  -0.426837  0.297195  0.270515
1146  -0.249837  0.142547  0.082738
1147  -0.013083  -0.327619  0.107505
1148  -0.660197  -0.193834  0.473431
1149  -0.039353  -0.237764  0.058080
1150  0.118535  0.000783  0.014051
1151  0.281360  -0.042836  0.080998
1152  -0.326308  -0.220714  0.155191
1153  -0.677774  0.387978  0.609904
1154  0.072843  -0.037474  0.006710
1155  0.117382  0.292300  0.099218
1156  -0.654054  0.346488  0.547841
1157  -0.092495  -0.712816  0.516662
1158  -0.181717  0.257489  0.099321
1159  -0.315313  -0.685019  0.568673
1160  0.471767  -0.221273  0.271526
1161  0.177308  0.010772  0.031554
1162  -0.844241  -0.187784  0.748005
1163  0.580477  -0.309882  0.432980
1164  -0.255048  -0.031138  0.066019
1165  -0.161086  0.645499  0.442617
1166  0.247286  0.110735  0.073413
1167  -0.521064  0.127185  0.287684
1168  -0.279936  -0.473221  0.302302
1169  0.229103  -0.542588  0.346891
1170  -0.049715  0.288124  0.085487
1171  0.353216  0.284171  0.205514
1172  0.020628  -0.304185  0.092954
1173  0.125892  -0.316951  0.116307
1174  0.103026  0.205617  0.052893
1175  0.321152  0.013403  0.103319
1176  -0.021468  -0.212211  0.045495
1177  -0.097004  -0.010857  0.009528
1178  0.233255  -0.337617  0.168393
1179  0.368246  -0.203676  0.177089
1180  0.141558  -0.501128  0.271168
1181  0.458903  -0.067214  0.215109
1182  0.419768  -0.054594  0.179186
1183  -0.069418  0.513656  0.268662
1184  -0.276149  -0.176645  0.107462
1185  0.324160  0.195704  0.143380
1186  -0.269353  0.016043  0.072808
1187  -0.292087  0.062378  0.089206
1188  0.226144  -0.219818  0.099461
1189  0.422909  -0.305225  0.272014
1190  0.442144  -0.343128  0.313229
1191  -0.777632  -0.000769  0.604712
1192  -0.683116  -0.434805  0.655703
1193  -0.108682  -0.323703  0.116595
1194  0.401371  -0.545831  0.459030
1195  0.307312  0.209107  0.138167
1196  0.501909  -0.354701  0.377725
1197  0.884232  -0.238291  0.838649
1198  0.125335  0.081852  0.022409
1199  -0.292946  0.051219  0.088441
1200  -0.056367  -0.404962  0.167172
1201  0.902784  0.419096  0.990660
1202  -0.392171  0.568670  0.477183
1203  -0.063221  0.320027  0.106415
1204  0.316701  -0.104499  0.111219
1205  0.091204  0.374482  0.148555
1206  -0.436169  -0.196227  0.228748
1207  0.017376  0.357949  0.128429
1208  -0.032806  0.515394  0.266707
1209  -0.389356  -0.232743  0.205768
1210  0.532103  -0.056403  0.286315
1211  -1.181028  -0.438268  1.586905
1212  0.081821  -0.225209  0.057414
1213  0.092105  -0.232905  0.062728
1214  0.488043  -0.772300  0.834633
1215  -0.766555  0.290422  0.671952
1216  -0.699800  0.200397  0.529879
1217  -0.322728  0.012565  0.104311
1218  -0.069814  0.904381  0.822779
1219  0.096049  -0.239634  0.066650
1220  -0.185541  -0.385256  0.182848
1221  -0.018104  -0.538830  0.290665
1222  0.416757  0.144795  0.194652
1223  0.312370  -0.297087  0.185836
1224  0.406499  0.906520  0.987020
1225  0.109349  -0.153687  0.035577
1226  0.353840  -0.250197  0.187801
1227  0.758182  0.292170  0.660204
1228  0.297815  1.139737  1.387693
1229  -0.397832  -0.487859  0.396277
1230  0.244459  -0.502443  0.312209
1231  0.432315  0.138353  0.206038
1232  -0.019594  0.063993  0.004479
1233  0.313001  -0.278219  0.175376
1234  -0.581930  -1.015839  1.370572
1235  1.651343  -0.027263  2.727678
1236  -0.428212  -0.069404  0.188183
1237  0.938071  -0.106446  0.891309
1238  -0.597282  0.791743  0.983602
1239  -0.641576  -0.179594  0.443874
1240  -0.448265  -0.014696  0.201158
1241  -0.216720  -0.353516  0.171941
1242  -0.215690  -0.772796  0.643735
1243  1.328533  0.704283  2.261013
1244  0.188654  0.161845  0.061784
1245  0.805086  0.892900  1.445434
1246  -0.379347  0.068544  0.148603
1247  1.081233  -0.226102  1.220186
1248  0.545797  -0.209371  0.341731
1249  0.115589  -0.861886  0.756209
1250  0.435705  -0.763852  0.773309
1251  0.021255  0.654019  0.428193
1252  0.308074  0.616894  0.475467
1253  0.284820  0.253762  0.145518
1254  -0.360594  1.610514  2.723783
1255  -0.317188  -0.429467  0.285050
1256  -0.108609  -1.667210  2.791384
1257  -0.471554  0.086181  0.229790
1258  0.691825  -0.215170  0.524919
1259  0.100569  -0.301892  0.101253
1260  -0.053949  -0.925786  0.859990
1261  0.296643  0.773762  0.686706
1262  1.045844  1.136721  2.385923
1263  1.011808  0.571923  1.350852
1264  0.491181  -0.549799  0.543538
1265  0.918885  -0.689144  1.319269
1266  -0.305813  0.050792  0.096101
1267  0.547606  0.694425  0.782098
1268  0.220188  -0.820640  0.721933
1269  -0.038873  -0.649145  0.422901
1270  0.583944  0.117419  0.354778
1271  0.206439  -0.651427  0.466974
1272  0.271532  0.687227  0.546011
1273  -0.229782  0.430180  0.237855
1274  0.267258  0.648174  0.491556
1275  0.110194  -0.388385  0.162986
1276  0.860842  -0.471731  0.963580
1277  0.183787  0.657534  0.466128
1278  -0.122536  -0.975530  0.966674
1279  0.245443  0.702119  0.553214
1280  0.866282  -0.610906  1.123651
1281  0.015373  0.523160  0.273933
1282  -0.336240  0.766957  0.701280
1283  -0.207275  -0.675664  0.499485
1284  -0.203486  0.245043  0.101452
1285  -0.038012  -0.189796  0.037467
1286  -0.711825  0.717618  1.021670
1287  -0.644998  -0.103542  0.426743
1288  0.453651  -1.412432  2.200762
1289  -0.536739  0.251040  0.351110
1290  -0.050248  -0.307249  0.096927
1291  0.138594  -0.588109  0.365081
1292  -0.553514  -0.339058  0.421338
1293  -0.294454  0.524328  0.361623
1294  0.141704  1.078714  1.183704
1295  0.266066  -0.330908  0.180291
1296  -0.042314  -0.520895  0.273123
1297  0.386497  0.476779  0.376698
1298  0.485392  -0.189835  0.271643
1299  0.202296  -0.308320  0.135984
1300  -0.604150  0.113503  0.377881
1301  -0.840966  -0.556738  1.017182
1302  -0.204153  0.502955  0.294642
1303  -0.593427  -0.138751  0.371408
1304  -0.378233  -0.318845  0.244722
1305  -0.087166  0.241051  0.065703
1306  0.769324  0.024056  0.592438
1307  -0.446263  0.121296  0.213864
1308  -0.041580  1.074037  1.155283
1309  -0.448535  -0.005961  0.201219
1310  -0.406131  -0.916842  1.005541
1311  -0.560054  -0.036630  0.315002
1312  0.000648  0.429985  0.184887
1313  -0.289378  0.558498  0.395660
1314  0.501816  -0.004110  0.251837
1315  0.203241  0.014312  0.041512
1316  0.055327  0.101785  0.013421
1317  -0.352167  0.476449  0.351025
1318  -0.233003  0.058623  0.057727
1319  0.271264  -0.121019  0.088230
1320  -0.534197  0.106576  0.296724
1321  -0.272084  0.542395  0.368222
1322  0.907698  0.262330  0.892732
1323  0.729437  -0.488417  0.770629
1324  -0.174166  0.613148  0.406285
1325  0.613165  0.231017  0.429340
1326  -0.029896  -0.375954  0.142235
1327  0.234442  -0.366443  0.189243
1328  0.154108  0.320387  0.126397
1329  -0.556804  -0.386719  0.459582
1330  -0.420601  0.163847  0.203751
1331  -0.164852  0.346937  0.147541
1332  -0.072225  0.144286  0.026035
1333  -0.501736  0.098986  0.261537
1334  0.035271  0.608492  0.371506
1335  0.012362  0.741562  0.550067
1336  0.267831  0.305412  0.165010
1337  0.113922  0.502128  0.265111
1338  0.360283  -0.058944  0.133278
1339  -0.025891  0.322932  0.104956
1340  -0.343098  0.556529  0.427440
1341  0.294550  0.277920  0.163999
1342  0.366758  -0.047433  0.136761
1343  0.526453  -0.461576  0.490205
1344  0.263133  0.068228  0.073894
1345  0.012163  0.390937  0.152980
1346  0.819174  -0.116570  0.684634
1347  -0.228672  0.305536  0.145643
1348  0.234144  -0.289251  0.138489
1349  -0.019347  -0.209537  0.044280
1350  -0.529849  -0.200524  0.320950
1351  -0.504392  0.095105  0.263457
1352  -0.001091  0.114827  0.013186
1353  -0.085852  0.227042  0.058919
1354  -0.109355  0.196410  0.050536
1355  0.187253  0.479693  0.265170
1356  0.380433  -0.282672  0.224633
1357  0.092705  -0.108474  0.020361
1358  -0.433872  0.586122  0.531784
1359  -0.338800  0.052879  0.117581
1360  0.355911  -0.227529  0.178442
1361  -0.167893  0.780025  0.636628
1362  -0.223505  -0.527626  0.328343
1363  -0.017898  -0.224145  0.050561
1364  -0.128797  -0.067237  0.021109
1365  0.319074  0.006058  0.101845
1366  -0.178379  0.028927  0.032656
1367  -0.299169  0.054821  0.092507
1368  0.397481  -0.107552  0.169559
1369  -0.268324  -0.163699  0.098795
1370  0.013377  0.162372  0.026544
1371  -0.331784  -0.022900  0.110605
1372  -0.678150  0.188795  0.495531
1373  0.396187  -0.091904  0.165411
1374  -0.383876  -0.107446  0.158906
1375  0.103617  0.132016  0.028165
1376  0.182379  -0.218852  0.081158
1377  -0.089216  -0.405941  0.172748
1378  -0.307556  0.187819  0.129866
1379  0.166373  0.187702  0.062912
1380  0.008336  -0.116351  0.013607
1381  0.149183  0.299413  0.111903
1382  0.279466  -0.029327  0.078961
1383  -0.001077  -0.406630  0.165349
1384  0.059160  0.068611  0.008207
1385  -0.360397  -0.215266  0.176226
1386  0.176567  0.104002  0.041992
1387  0.012807  0.060785  0.003859
1388  -0.138467  -0.175526  0.049982
1389  -0.171163  0.152965  0.052695
1390  0.071000  0.047002  0.007250
1391  -0.137377  0.269235  0.091360
1392  0.077670  0.212141  0.051036
1393  0.060479  -0.130060  0.020573
1394  0.278734  0.089828  0.085762
1395  0.231292  -0.232458  0.107533
1396  -0.243795  -0.107424  0.070976
1397  0.181296  0.049736  0.035342
1398  0.186884  -0.413919  0.206254
1399  0.049490  0.187891  0.037752
1400  0.076233  -0.131194  0.023024
1401  0.516942  -0.019600  0.267613
1402  0.110230  -0.058587  0.015583
1403  -0.135567  -0.292777  0.104096
1404  0.074563  0.116727  0.019185
1405  0.124606  -0.025931  0.016199
1406  -0.055239  0.098185  0.012692
1407  0.056761  -0.185765  0.037730
1408  -0.046526  -0.119089  0.016347
1409  -0.064190  -0.206285  0.046674
1410  -0.096436  0.085978  0.016692
1411  -0.016038  -0.273347  0.074976
1412  -0.048373  -0.242654  0.061221
1413  0.004384  -0.040190  0.001634
1414  -0.062996  -0.073976  0.009441
1415  0.071492  0.035577  0.006377
1416  0.137094  0.149660  0.041193
1417  0.092573  -0.044697  0.010568
1418  0.139129  -0.080126  0.025777
1419  -0.110384  -0.089904  0.020267
1420  -0.081424  -0.095248  0.015702
1421  -0.154779  -0.058424  0.027370
1422  0.249164  0.023957  0.062656
1423  -0.035600  0.064543  0.005433
1424  -0.012527  0.017448  0.000461
1425  -0.141468  -0.171463  0.049412
1426  -0.107564  0.128370  0.028049
1427  -0.017205  -0.104444  0.011205
1428  -0.091494  -0.062751  0.012309
1429  -0.114360  0.157333  0.037832
1430  0.161777  0.037866  0.027606
1431  -0.084861  0.054268  0.010146
1432  -0.057083  0.147721  0.025080
1433  -0.096505  0.160248  0.034992
1434  -0.042707  -0.075059  0.007458
1435  -0.078890  0.068149  0.010868
1436  -0.067198  -0.113388  0.017372
1437  0.022701  0.051340  0.003151
1438  -0.072531  0.066492  0.009682
1439  0.018018  0.054099  0.003251
1440  -0.044253  -0.037480  0.003363
1441  -0.017752  -0.206516  0.042964
1442  -0.088199  0.034814  0.008991
1443  -0.095713  -0.027220  0.009902
1444  -0.103204  0.064542  0.014817
1445  0.045075  0.012941  0.002199
1446  0.044540  -0.093342  0.010697
1447  -0.168523  -0.037175  0.029782
1448  0.090289  -0.079913  0.014538
1449  -0.063742  0.096562  0.013387
1450  -0.070883  -0.014298  0.005229
1451  0.071060  0.154717  0.028987
1452  -0.020592  -0.073031  0.005758
1453  -0.091871  0.072500  0.013697
1454  -0.000537  0.144924  0.021003
1455  0.131166  0.001476  0.017207
1456  -0.061561  -0.033668  0.004923
1457  0.103785  0.073222  0.016133
1458  0.067715  0.024512  0.005186
1459  -0.101482  0.010114  0.010401
1460  -0.041342  0.147758  0.023542
1461  0.011721  0.097396  0.009623
1462  0.069176  0.000059  0.004785
1463  0.002885  0.121145  0.014684
1464  0.085308  0.045349  0.009334
1465  0.039948  0.014516  0.001807
1466  -0.011305  -0.012030  0.000273
1467  0.027140  -0.120604  0.015282
1468  -0.059284  0.052860  0.006309
1469  -0.027381  -0.053352  0.003596
1470  0.000546  0.065020  0.004228
1471  0.033298  0.062577  0.005025
1472  0.043780  -0.056571  0.005117
1473  0.109775  -0.071612  0.017179
1474  -0.021718  -0.015824  0.000722
1475  -0.152304  0.026698  0.023909
1476  -0.013813  0.074177  0.005693
1477  -0.012175  0.106663  0.011525
1478  0.046257  0.027940  0.002920
1479  0.079597  -0.042816  0.008169
1480  0.059289  0.017057  0.003806
1481  -0.012732  -0.039027  0.001685
1482  0.054222  0.055745  0.006048
1483  0.060508  -0.046151  0.005791
1484  0.017152  -0.082844  0.007157
1485  -0.080282  -0.056975  0.009691
1486  0.069837  -0.007781  0.004938
1487  0.039816  -0.053078  0.004403
1488  0.048160  0.024603  0.002925
1489  -0.019681  -0.004412  0.000407
1490  -0.082372  -0.016656  0.007063
1491  -0.009235  -0.004511  0.000106
1492  0.022904  -0.041910  0.002281
1493  -0.016914  0.057956  0.003645
1494  -0.025334  -0.003558  0.000654
1495  -0.040619  0.034615  0.002848
1496  -0.042677  0.051282  0.004451
1497  -0.053852  0.001861  0.002904
1498  -0.113418  0.051409  0.015507
1499  -0.002374  0.005747  0.000039
1500  0.018028  0.008617  0.000399
1501  0.013774  0.018512  0.000532
1502  -0.001083  -0.031770  0.001011
1503  -0.065905  0.040607  0.005992
1504  -0.041724  -0.012087  0.001887
1505  -0.030292  -0.024287  0.001507
1506  -0.017197  0.068174  0.004943
1507  -0.040782  0.029748  0.002548
1508  -0.002525  -0.011184  0.000131
1509  0.019761  -0.024682  0.001000
1510  -0.006326  0.015379  0.000277
1511  -0.020684  0.000636  0.000428
1512  -0.000768  -0.010598  0.000113
1513  0.000232  -0.026837  0.000720
1514  -0.005991  -0.026901  0.000760
1515  0.009984  -0.028621  0.000919
1516  -0.023415  -0.025414  0.001194
1517  -0.026125  -0.011096  0.000806
1518  -0.029655  0.059845  0.004461
1519  0.028569  0.050610  0.003378
1520  0.004998  -0.051784  0.002707
1521  -0.042070  0.053469  0.004629
1522  -0.086646  0.028826  0.008338
1523  -0.005786  -0.024309  0.000624
1524  0.017277  0.025521  0.000950
1525  -0.022160  -0.017800  0.000808
1526  -0.032854  0.033187  0.002181
1527  0.006369  0.049693  0.002510
1528  0.025372  -0.041583  0.002373
1529  -0.045461  -0.007677  0.002126
1530  0.014401  0.007455  0.000263
1531  0.033236  0.016305  0.001370
1532  -0.034109  0.006566  0.001207
1533  0.008971  0.028076  0.000869
1534  0.014295  0.028594  0.001022
1535  0.028867  0.043530  0.002728
1536  0.010650  0.029215  0.000967
1537  -0.038445  -0.011693  0.001615
1538  -0.003729  0.026781  0.000731
1539  -0.017314  -0.019076  0.000664
1540  0.032502  -0.021927  0.001537
1541  -0.027107  0.018177  0.001065
1542  0.029895  0.020375  0.001309
1543  -0.013795  -0.005558  0.000221
1544  -0.000914  -0.055544  0.003086
1545  -0.009045  0.025525  0.000733
1546  -0.008319  -0.008342  0.000139
1547  0.009441  -0.002329  0.000095
1548  0.021445  -0.064191  0.004580
1549  0.008829  -0.041033  0.001762
1550  -0.048978  0.040890  0.004071
1551  -0.019841  -0.012642  0.000553
1552  0.001098  -0.002969  0.000010
1553  -0.020546  -0.060142  0.004039
1554  0.024711  0.042578  0.002423
1555  0.025836  -0.000899  0.000668
1556  -0.015077  -0.057413  0.003524
1557  -0.009106  0.059964  0.003679
1558  -0.033386  0.068941  0.005867
1559  -0.000002  -0.043828  0.001921
1560  0.005176  -0.036299  0.001344
1561  -0.007638  -0.058376  0.003466
1562  -0.004480  -0.054862  0.003030
1563  -0.020601  0.018650  0.000772
1564  0.022533  -0.029531  0.001380
1565  0.000707  -0.002258  0.000006
1566  0.006221  0.014808  0.000258
1567  0.011932  0.002267  0.000148
1568  0.023011  -0.021133  0.000976
1569  -0.015480  0.003457  0.000252
1570  -0.028058  -0.022460  0.001292
1571  0.020324  0.036227  0.001725
1572  -0.022050  -0.020839  0.000920
1573  -0.040773  0.025615  0.002319
1574  -0.007524  -0.026316  0.000749
1575  -0.006678  -0.001557  0.000047
1576  -0.021486  0.037643  0.001879
1577  -0.030712  0.007353  0.000997
1578  -0.040572  0.016286  0.001911
1579  -0.064346  -0.014044  0.004338
1580  -0.014207  0.010992  0.000323
1581  -0.032499  0.030830  0.002007
1582  -0.038339  0.005574  0.001501
1583  0.014324  0.015781  0.000454
1584  -0.017884  0.018180  0.000650
1585  -0.014871  0.022806  0.000741
1586  0.019511  0.004952  0.000405
1587  0.005157  0.035685  0.001300
1588  0.000391  -0.048242  0.002327
1589  -0.027465  0.071751  0.005902
1590  0.000265  0.031842  0.001014
1591  0.003349  -0.021134  0.000458
1592  0.000733  0.041399  0.001714
1593  -0.011318  0.036522  0.001462
1594  0.021849  -0.010410  0.000586
1595  -0.001720  0.021252  0.000455
1596  0.057142  0.029668  0.004145
1597  0.029726  -0.020776  0.001315
1598  -0.046382  -0.007289  0.002204
1599  -0.029051  -0.004052  0.000860
1600  0.023818  -0.022591  0.001078
1601  0.014407  -0.007441  0.000263
1602  -0.003574  0.017452  0.000317
1603  0.044074  -0.045135  0.003980
1604  0.027120  -0.008703  0.000811
1605  -0.036759  0.030122  0.002259
1606  -0.018555  -0.027087  0.001078
1607  -0.010031  -0.011547  0.000234
1608  0.041981  0.040861  0.003432
1609  0.011094  0.012343  0.000275
1610  0.019341  -0.011903  0.000516
1611  0.000958  -0.005908  0.000036
1612  -0.006025  0.034028  0.001194
1613  0.001542  0.021031  0.000445
1614  0.012310  0.021489  0.000613
1615  -0.032619  0.006265  0.001103
1616  -0.019045  -0.010346  0.000470
1617  0.006486  0.017250  0.000340
1618  0.022357  -0.071458  0.005606
1619  -0.011026  0.007365  0.000176
1620  0.022478  -0.033312  0.001615
1621  -0.000075  -0.025598  0.000655
1622  -0.007480  -0.008308  0.000125
1623  -0.012545  -0.016536  0.000431
1624  -0.000758  0.003024  0.000010
1625  -0.039368  0.029071  0.002395
1626  -0.005699  0.014272  0.000236
1627  0.011982  0.001032  0.000145
1628  -0.001510  -0.033441  0.001121
1629  0.007151  -0.011631  0.000186
1630  -0.028744  0.028797  0.001655
1631  0.018277  -0.027387  0.001084
1632  -0.058865  0.009965  0.003564
1633  0.017585  -0.037351  0.001704
1634  -0.049994  -0.006815  0.002546
1635  0.003035  -0.009891  0.000107
1636  -0.020065  0.016149  0.000663
1637  -0.001828  0.010457  0.000113
1638  0.070003  0.031393  0.005886
1639  0.018171  -0.012623  0.000490
1640  -0.017012  -0.026555  0.000995
1641  0.009621  0.020133  0.000498
1642  0.003318  0.003824  0.000026
1643  -0.019393  0.016353  0.000644
1644  0.015782  -0.020790  0.000681
1645  -0.024538  0.035094  0.001834
1646  0.009044  0.011467  0.000213
1647  -0.004206  -0.033249  0.001123
1648  -0.040065  0.037128  0.002984
1649  -0.004129  -0.009245  0.000103
1650  0.038929  0.017739  0.001830
1651  0.051766  0.040124  0.004290
1652  0.030069  0.010790  0.001021
1653  -0.018449  -0.039136  0.001872
1654  0.028331  -0.039988  0.002402
1655  -0.004242  0.029796  0.000906
1656  -0.014224  0.008015  0.000267
1657  -0.016513  -0.017951  0.000595
1658  -0.005544  -0.014582  0.000243
1659  -0.006337  -0.025647  0.000698
1660  -0.003048  0.023079  0.000542
1661  0.000952  -0.022556  0.000510
1662  -0.003060  -0.058231  0.003400
1663  0.028284  -0.021953  0.001282
1664  -0.010162  -0.024332  0.000695
1665  0.009619  0.004492  0.000113
1666  -0.014773  -0.006683  0.000263
1667  -0.017136  0.016152  0.000555
1668  -0.002303  -0.016474  0.000277
1669  0.039127  0.030125  0.002438
1670  0.024043  0.002198  0.000583
1671  -0.029671  0.021392  0.001338
1672  0.016190  0.007285  0.000315
1673  -0.021819  0.017982  0.000799
1674  -0.017618  0.003129  0.000320
1675  0.017115  0.007487  0.000349
1676  -0.008994  -0.005176  0.000108
1677  0.000084  -0.000627  0.000000
1678  0.049360  -0.037330  0.003830
1679  -0.023194  0.014351  0.000744
1680  -0.007699  0.033758  0.001199
1681  -0.013832  0.036657  0.001535
1682  0.012356  0.029255  0.001009
1683  0.016857  -0.003225  0.000295
1684  0.006402  0.008891  0.000120
1685  -0.023078  0.027488  0.001288
1686  0.042600  -0.002095  0.001819
1687  0.017149  0.017557  0.000602
1688  -0.002843  -0.006292  0.000048
1689  -0.008027  0.028478  0.000875
1690  0.003767  0.032433  0.001066
1691  0.025556  0.000154  0.000653
1692  -0.006424  0.009635  0.000134
1693  0.001681  0.000246  0.000003
1694  0.002766  0.033129  0.001105
1695  0.013776  -0.014601  0.000403
1696  -0.013602  -0.023626  0.000743
1697  -0.020512  0.006296  0.000460
1698  -0.018305  -0.001190  0.000336
1699  0.014300  -0.011060  0.000327
1700  0.039063  0.025187  0.002160
1701  0.022109  -0.011030  0.000610
1702  0.000960  -0.019722  0.000390
1703  -0.012009  -0.017039  0.000435
1704  0.007589  -0.037442  0.001459
1705  -0.012462  -0.028522  0.000969
1706  0.019491  0.026139  0.001063
1707  -0.020109  -0.024808  0.001020
1708  -0.032427  0.039910  0.002644
1709  -0.001169  -0.005550  0.000032
1710  0.012510  -0.001480  0.000159
1711  -0.001514  0.020697  0.000431
1712  0.004502  0.015284  0.000254
1713  -0.010545  -0.021993  0.000595
1714  0.001354  0.019455  0.000380
1715  0.014752  0.044329  0.002183
1716  -0.010382  -0.001497  0.000110
1717  0.012007  0.045943  0.002255
1718  0.028854  0.007069  0.000883
1719  0.003095  0.025536  0.000662
1720  0.010212  -0.004829  0.000128
1721  -0.015091  0.010639  0.000341
1722  0.000546  -0.004795  0.000023
1723  0.004387  0.031158  0.000990
1724  -0.016436  0.015832  0.000521
1725  0.019109  -0.054948  0.003384
1726  -0.007835  -0.012204  0.000210
1727  0.007698  -0.004607  0.000080
1728  0.007968  -0.009435  0.000153
1729  -0.001825  0.006476  0.000045
1730  0.002902  -0.016156  0.000269
1731  0.027596  -0.009708  0.000856
1732  0.027422  -0.004370  0.000771
1733  0.000339  0.020356  0.000414
1734  0.011885  0.003844  0.000156
1735  0.004047  0.021032  0.000459
1736  0.022118  -0.012214  0.000638
1737  0.008333  0.005644  0.000101
1738  -0.008580  0.002575  0.000080
1739  -0.013869  0.036744  0.001542
1740  0.005138  -0.001097  0.000028
1741  0.043038  0.000395  0.001852
1742  0.025212  0.000863  0.000636
1743  0.027838  0.006759  0.000821
1744  -0.027561  0.001421  0.000762
1745  -0.002685  -0.016066  0.000265
1746  0.008647  0.000678  0.000075
1747  0.020131  0.023761  0.000970
1748  -0.037743  -0.015701  0.001671
1749  -0.004170  0.005145  0.000044
1750  0.004164  0.021793  0.000492
1751  -0.018851  0.037639  0.001772
1752  0.018915  0.004395  0.000377
1753  0.043610  0.003228  0.001912
1754  -0.010339  0.022621  0.000619
1755  0.014065  0.023452  0.000748
1756  0.010294  0.002741  0.000113
1757  -0.047662  0.033749  0.003411
1758  0.021507  0.002108  0.000467
1759  0.026384  -0.027359  0.001445
1760  -0.020663  0.021150  0.000874
1761  -0.018073  -0.012524  0.000483
1762  -0.007773  -0.004815  0.000084
1763  0.023115  0.002324  0.000540
1764  -0.035636  -0.000466  0.001270
1765  0.009695  -0.010853  0.000212
1766  0.038607  0.001165  0.001492
1767  0.003098  -0.030632  0.000948
1768  -0.049781  0.051291  0.005109
1769  0.022132  -0.016164  0.000751
1770  -0.024443  -0.004703  0.000620
1771  0.031795  -0.019531  0.001392
1772  -0.012319  0.040010  0.001753
1773  0.015581  0.008902  0.000322
1774  0.008524  -0.011659  0.000209
1775  -0.004207  0.013341  0.000196
1776  -0.022654  0.005588  0.000544
1777  -0.031632  0.003143  0.001010
1778  -0.021773  -0.009254  0.000560
1779  0.013271  -0.013921  0.000370
1780  0.011000  0.000482  0.000121
1781  -0.004092  0.025607  0.000672
1782  0.021037  -0.013743  0.000631
1783  -0.008538  0.020013  0.000473
1784  -0.017037  -0.004723  0.000313
1785  0.010522  0.016642  0.000388
1786  -0.034647  -0.007213  0.001252
1787  -0.001553  -0.000452  0.000003
1788  -0.015902  0.005095  0.000279
1789  -0.015488  0.016766  0.000521
1790  0.027137  0.005860  0.000771
1791  -0.009080  -0.000679  0.000083
1792  0.004281  0.049723  0.002491
1793  -0.030929  -0.003715  0.000970
1794  0.007823  0.005575  0.000092
1795  -0.022599  0.030666  0.001451
1796  0.017333  -0.013607  0.000486
1797  0.022560  0.048277  0.002840
1798  -0.010342  0.017532  0.000414
1799  -0.022827  0.018459  0.000862
1800  0.006291  0.024951  0.000662
1801  -0.034732  0.016286  0.001472
1802  -0.030852  -0.007319  0.001005
1803  0.012715  -0.003807  0.000176
1804  0.001953  0.017988  0.000327
1805  0.008875  0.015511  0.000319
1806  -0.012100  0.027338  0.000894
1807  0.024161  -0.004006  0.000600
1808  -0.025087  -0.011026  0.000751
1809  -0.016351  0.000918  0.000268
1810  -0.013586  -0.009023  0.000266
1811  0.022592  -0.007836  0.000572
1812  0.019497  0.018561  0.000725
1813  -0.022164  -0.008023  0.000556
1814  -0.020291  -0.002715  0.000419
1815  0.014454  0.037256  0.001597
1816  -0.014116  0.010827  0.000316
1817  -0.010687  0.005465  0.000144
1818  0.008021  -0.019974  0.000463
1819  0.008297  -0.004809  0.000092
1820  -0.015551  0.007524  0.000298
1821  0.019050  -0.007882  0.000425
1822  -0.017082  0.013258  0.000468
1823  -0.013817  0.015353  0.000427
1824  -0.040770  0.000876  0.001663
1825  0.004053  -0.005996  0.000052
1826  0.010663  0.013643  0.000300
1827  0.015639  -0.004776  0.000267
1828  0.016483  -0.026268  0.000962
1829  0.000304  -0.004136  0.000017
1830  0.026177  0.023854  0.001254
1831  0.026062  -0.003207  0.000689
1832  0.002066  0.010601  0.000117
1833  0.008286  0.000541  0.000069
1834  0.007635  0.006233  0.000097
1835  0.007453  0.008098  0.000121
1836  0.015392  0.024011  0.000813
1837  -0.013837  0.002382  0.000197
1838  0.001277  -0.005917  0.000037
1839  -0.002526  0.014016  0.000203
1840  0.009425  0.002319  0.000094
1841  0.024959  0.025339  0.001265
1842  0.007875  -0.014116  0.000261
1843  -0.007376  -0.025033  0.000681
1844  -0.001205  -0.010984  0.000122
1845  -0.001835  -0.007870  0.000065
1846  -0.016517  -0.008693  0.000348
1847  0.006804  -0.012135  0.000194
1848  0.001552  -0.014350  0.000208
1849  0.000574  0.007652  0.000059
1850  0.005013  -0.003791  0.000040
1851  -0.003934  -0.005568  0.000046
1852  0.005970  -0.000010  0.000036
1853  0.007291  0.007580  0.000111
1854  0.002354  -0.036356  0.001327
1855  0.007500  0.000551  0.000057
1856  -0.019572  0.033624  0.001514
1857  0.016180  0.009562  0.000353
1858  0.005479  -0.006858  0.000077
1859  -0.004284  -0.008367  0.000088
1860  -0.005023  0.018167  0.000355
1861  -0.002284  0.000453  0.000005
1862  -0.010765  -0.002161  0.000121
1863  0.007668  0.012363  0.000212
1864  0.000034  -0.009805  0.000096
1865  -0.049836  -0.008421  0.002555
1866  -0.019206  0.010722  0.000484
1867  -0.016956  0.019801  0.000680
1868  0.003728  -0.003172  0.000024
1869  0.035052  -0.024207  0.001815
1870  0.011649  -0.027024  0.000866
1871  -0.006272  -0.002529  0.000046
1872  0.005239  -0.008511  0.000100
1873  0.011102  0.013658  0.000310
1874  0.005809  0.010389  0.000142
1875  -0.035825  -0.012459  0.001439
1876  0.013628  0.016327  0.000452
1877  -0.020025  0.013086  0.000572
1878  0.001801  -0.024690  0.000613
1879  -0.005902  0.001945  0.000039
1880  -0.023772  0.018372  0.000903
1881  -0.011770  0.015837  0.000389
1882  -0.003489  -0.004604  0.000033
1883  -0.025587  -0.005042  0.000680
1884  0.032853  0.029819  0.001968
1885  -0.003997  0.003502  0.000028
1886  0.004988  0.011742  0.000163
1887  0.010331  0.020448  0.000525
1888  0.029400  0.014275  0.001068
1889  -0.015506  -0.045233  0.002286
1890  0.002842  -0.004971  0.000033
1891  -0.027430  -0.025858  0.001421
1892  0.004543  -0.009456  0.000110
1893  0.013004  0.035980  0.001464
1894  -0.013549  0.018526  0.000527
1895  0.002215  0.006929  0.000053
1896  0.004466  0.018809  0.000374
1897  0.016504  0.002908  0.000281
1898  -0.009062  0.011343  0.000211
1899  -0.030997  0.015248  0.001193
1900  0.001112  0.010729  0.000116
1901  -0.021297  -0.001933  0.000457
1902  0.010321  -0.007295  0.000160
1903  -0.003237  0.023694  0.000572
1904  -0.011137  -0.010379  0.000232
1905  0.015343  -0.014518  0.000446
1906  -0.022662  0.024884  0.001133
1907  0.017779  0.012651  0.000476
1908  0.023134  -0.020964  0.000975
1909  0.013792  -0.015214  0.000422
1910  0.022215  0.009258  0.000579
1911  0.013833  -0.010705  0.000306
1912  0.007800  0.025523  0.000712
1913  -0.012241  -0.000686  0.000150
1914  0.013781  0.029988  0.001089
1915  0.011977  0.006304  0.000183
1916  0.008988  0.018463  0.000422
1917  -0.004120  0.002925  0.000026
1918  0.009923  -0.028029  0.000884
1919  -0.003532  -0.014780  0.000231
1920  -0.017388  -0.029063  0.001147
1921  0.021852  -0.007889  0.000540
1922  -0.018421  0.003198  0.000350
1923  -0.005596  0.020239  0.000441
1924  0.018504  -0.035227  0.001583
1925  0.001056  0.009136  0.000085
1926  -0.002030  -0.009315  0.000091
1927  -0.013935  -0.010055  0.000295
1928  0.005228  -0.000042  0.000027
1929  -0.015408  -0.024753  0.000850
1930  0.013730  0.003205  0.000199
1931  -0.012608  0.013484  0.000341
1932  -0.006840  -0.002816  0.000055
1933  -0.031575  -0.005434  0.001027
1934  -0.003570  -0.031534  0.001007
1935  0.010798  0.024660  0.000725
1936  0.005378  0.009063  0.000111
1937  -0.006835  0.008798  0.000124
1938  -0.001328  0.003662  0.000015
1939  -0.000762  0.026920  0.000725
1940  0.002533  -0.010431  0.000115
1941  0.002009  -0.003603  0.000017
1942  -0.021013  -0.001976  0.000445
1943  0.002256  -0.017080  0.000297
1944  -0.014789  0.016378  0.000487
1945  0.014910  0.022326  0.000721
1946  0.012340  -0.010235  0.000257
1947  0.004025  0.006648  0.000060
1948  0.003624  0.011006  0.000134
1949  0.008378  -0.014478  0.000280
1950  0.031748  -0.003168  0.001018
1951  0.001172  -0.043440  0.001888
1952  0.009240  0.009610  0.000178
1953  0.004301  0.018756  0.000370
1954  -0.003173  0.013888  0.000203
1955  -0.002072  0.000487  0.000005
1956  0.009608  0.013142  0.000265
1957  -0.014132  -0.016745  0.000480
1958  0.011466  -0.004660  0.000153
1959  0.005443  0.014353  0.000236
1960  0.011465  -0.011735  0.000269
1961  -0.026573  0.000912  0.000707
1962  -0.003063  -0.030301  0.000928
1963  0.005106  0.003638  0.000039
1964  -0.000467  -0.002700  0.000008
1965  -0.002262  -0.011935  0.000148
1966  0.006965  0.009158  0.000132
1967  0.012618  -0.006542  0.000202
1968  -0.029291  -0.006584  0.000901
1969  -0.004725  -0.008455  0.000094
1970  -0.002985  0.002515  0.000015
1971  -0.035196  0.003157  0.001249
1972  0.007800  -0.006052  0.000097
1973  -0.013786  0.034969  0.001413
1974  -0.004508  0.009850  0.000117
1975  0.005908  0.007676  0.000094
1976  -0.014526  -0.022849  0.000733
1977  -0.015976  -0.025217  0.000891
1978  0.038447  0.015864  0.001730
1979  -0.017228  -0.000816  0.000297
1980  -0.013864  -0.018786  0.000545
1981  0.016687  0.001816  0.000282
1982  0.000730  -0.009068  0.000083
1983  0.006210  -0.003148  0.000048
1984  0.024726  0.002374  0.000617
1985  0.015884  0.023343  0.000797
1986  0.010471  0.016281  0.000375
1987  0.007845  -0.004786  0.000084
1988  -0.011074  -0.007418  0.000178
1989  0.001530  0.005828  0.000036
1990  0.006978  0.010834  0.000166
1991  0.017215  0.004689  0.000318
1992  -0.035952  -0.003500  0.001305
1993  -0.014905  0.019740  0.000612
1994  -0.024682  0.022008  0.001094
1995  0.008397  -0.002687  0.000078
1996  0.005834  0.025534  0.000686
1997  0.005957  -0.012960  0.000203
1998  -0.004551  0.010400  0.000129
1999  -0.015260  -0.005937  0.000268
2000  -0.009247  0.003487  0.000098
2001  0.002292  -0.022412  0.000508
2002  -0.006085  -0.024421  0.000633
2003  0.000373  0.008085  0.000066
2004  -0.017278  -0.002194  0.000303
2005  0.003816  0.003359  0.000026
2006  0.013586  0.035489  0.001444
2007  0.003366  -0.006038  0.000048
2008  -0.018719  -0.000196  0.000350
2009  0.005467  -0.007074  0.000080
2010  -0.021354  -0.004631  0.000477
2011  -0.004309  -0.028174  0.000812
2012  0.010595  -0.008061  0.000177
2013  -0.010685  0.001314  0.000116
2014  0.013384  -0.015340  0.000414
2015  -0.001713  -0.001124  0.000004
2016  0.007054  0.011568  0.000184
2017  -0.005272  -0.023394  0.000575
2018  0.018543  0.006803  0.000390
2019  0.005111  0.024633  0.000633
2020  0.010824  0.025448  0.000765
2021  -0.031396  0.003447  0.000998
2022  0.010487  -0.000161  0.000110
2023  0.015645  -0.014831  0.000465
2024  0.027132  0.000546  0.000736
2025  -0.016545  0.011326  0.000402
2026  0.019382  -0.005188  0.000403
2027  0.008413  -0.017289  0.000370
2028  -0.005171  -0.016783  0.000308
2029  -0.027475  -0.012193  0.000904
2030  -0.010201  -0.001457  0.000106
2031  -0.000695  -0.001881  0.000004
2032  0.005236  -0.006349  0.000068
2033  0.008446  0.003539  0.000084
2034  -0.005781  0.012149  0.000181
2035  0.019062  0.009719  0.000458
2036  -0.008592  -0.005234  0.000101
2037  -0.005398  -0.003736  0.000043
2038  -0.004773  0.016589  0.000298
2039  -0.002635  -0.017332  0.000307
2040  0.005329  0.001601  0.000031
2041  -0.008924  0.004296  0.000098
2042  -0.011117  -0.025166  0.000757
2043  0.014527  -0.006135  0.000249
2044  -0.009953  -0.012205  0.000248
2045  -0.017395  0.020966  0.000742
2046  -0.013388  -0.018154  0.000509
2047  0.020471  -0.010630  0.000532
