0  -0.000567  0.028260  0.000799
1  0.017748  -0.038008  0.001760
2  0.011538  0.054621  0.003117
3  0.038023  -0.013991  0.001641
4  -0.113841  -0.007163  0.013011
5  0.053589  0.009527  0.002963
6  -0.007264  0.016714  0.000332
7  -0.078077  -0.057647  0.009419
8  -0.025374  -0.010413  0.000752
9  0.037245  0.075291  0.007056
10  -0.028308  -0.136341  0.019390
11  0.013664  -0.061555  0.003976
12  -0.010976  0.033204  0.001223
13  -0.062087  -0.046228  0.005992
14  -0.040519  -0.035072  0.002872
15  -0.029082  0.027876  0.001623
16  -0.013294  -0.001114  0.000178
17  0.010223  0.013003  0.000274
18  0.003963  -0.068934  0.004768
19  -0.018658  -0.060151  0.003966
20  0.065051  -0.012576  0.004390
21  -0.036415  0.022239  0.001821
22  0.036461  -0.015796  0.001579
23  0.004268  0.061072  0.003748
24  -0.030806  -0.050256  0.003475
25  -0.017373  0.011880  0.000443
26  -0.036571  0.027708  0.002105
27  -0.020058  -0.029295  0.001261
28  0.016836  0.025634  0.000941
29  0.036693  0.008280  0.001415
30  -0.033910  0.057924  0.004505
31  -0.052513  -0.054858  0.005767
32  0.049396  0.006680  0.002485
33  -0.038660  -0.075812  0.007242
34  -0.068976  0.061933  0.008593
35  0.004816  0.074158  0.005523
36  -0.019419  -0.041488  0.002098
37  0.017670  0.042814  0.002145
38  0.014983  0.018921  0.000582
39  -0.030960  0.033229  0.002063
40  0.061112  0.089668  0.011775
41  0.026911  -0.066563  0.005155
42  0.040809  -0.016510  0.001938
43  0.063826  -0.056394  0.007254
44  0.003546  0.036172  0.001321
45  0.053598  -0.072628  0.008148
46  0.048569  -0.004738  0.002381
47  0.043893  0.016607  0.002202
48  0.035573  0.019552  0.001648
49  0.007943  0.038084  0.001513
50  0.057373  0.008464  0.003363
51  -0.044003  0.003207  0.001947
52  -0.020119  0.002963  0.000414
53  -0.035958  0.034933  0.002513
54  -0.016768  -0.015376  0.000518
55  -0.011531  -0.035692  0.001407
56  -0.036975  -0.055165  0.004410
57  -0.001985  0.037647  0.001421
58  -0.061123  -0.044720  0.005736
59  -0.009955  0.018629  0.000446
60  -0.054933  -0.066934  0.007498
61  0.097794  0.088438  0.017385
62  0.088409  0.006577  0.007859
63  -0.021969  0.109266  0.012422
64  -0.029352  0.037945  0.002301
65  0.055059  0.025074  0.003660
66  0.086490  -0.012535  0.007638
67  0.007293  -0.018200  0.000384
68  0.001226  -0.003112  0.000011
69  0.017305  0.007550  0.000356
70  0.052421  -0.022314  0.003246
71  0.011479  -0.000758  0.000132
72  -0.055680  0.015949  0.003355
73  -0.008779  -0.042728  0.001903
74  -0.041340  0.010636  0.001822
75  0.004618  0.044969  0.002044
76  -0.008563  -0.017608  0.000383
77  0.021331  -0.022885  0.000979
78  -0.081393  -0.000646  0.006625
79  -0.008157  -0.017760  0.000382
80  0.066654  0.023301  0.004986
81  0.060879  -0.005230  0.003734
82  -0.005305  -0.046441  0.002185
83  0.069716  -0.070106  0.009775
84  0.023601  -0.036861  0.001916
85  0.039149  0.051076  0.004141
86  0.073759  0.022891  0.005964
87  0.048958  0.083357  0.009345
88  -0.060258  0.018775  0.003984
89  0.026354  -0.040478  0.002333
90  0.003144  -0.001436  0.000012
91  0.059434  -0.011117  0.003656
92  -0.021235  0.036728  0.001800
93  0.021095  0.008929  0.000525
94  -0.052775  -0.015889  0.003038
95  -0.002829  -0.077760  0.006055
96  0.025026  -0.017928  0.000948
97  -0.008639  0.011457  0.000206
98  -0.005106  -0.031191  0.000999
99  0.011082  -0.018697  0.000472
100  0.034439  -0.001928  0.001190
101  -0.078781  -0.084558  0.013357
102  -0.047851  -0.028899  0.003125
103  0.021550  0.070176  0.005389
104  0.033610  -0.025189  0.001764
105  0.028088  -0.021490  0.001251
106  -0.026134  0.083999  0.007739
107  -0.063530  0.039189  0.005572
108  -0.027001  0.011803  0.000868
109  -0.032865  -0.029253  0.001936
110  -0.007285  0.032066  0.001081
111  0.077329  -0.007083  0.006030
112  0.016971  0.029397  0.001152
113  -0.000080  0.022183  0.000492
114  -0.017331  -0.064124  0.004412
115  -0.022547  0.015278  0.000742
116  0.035386  0.028172  0.002046
117  0.080235  0.038686  0.007934
118  0.036118  0.025759  0.001968
119  -0.033495  -0.071873  0.006288
120  0.016694  0.020193  0.000686
121  0.046916  0.018434  0.002541
122  -0.016304  -0.017959  0.000588
123  0.015448  -0.026936  0.000964
124  0.003311  0.012373  0.000164
125  0.041996  0.033193  0.002865
126  0.061427  -0.086288  0.011219
127  -0.117454  -0.012220  0.013945
128  0.045403  0.032156  0.003095
129  -0.000087  -0.010161  0.000103
130  -0.015047  0.087536  0.007889
131  -0.012920  -0.049704  0.002637
132  -0.008825  -0.070024  0.004981
133  0.015457  -0.033767  0.001379
134  0.017555  0.056602  0.003512
135  -0.020700  -0.023066  0.000961
136  -0.017268  -0.015676  0.000544
137  -0.012464  -0.036386  0.001479
138  -0.000986  0.029392  0.000865
139  -0.040482  -0.013130  0.001811
140  -0.007498  0.002249  0.000061
141  -0.065226  -0.028083  0.005043
142  0.049735  -0.038087  0.003924
143  0.013660  0.033539  0.001311
144  -0.040455  0.014291  0.001841
145  0.018907  -0.015554  0.000599
146  -0.037420  -0.002953  0.001409
147  0.064823  -0.022789  0.004721
148  -0.023738  -0.001615  0.000566
149  0.019751  0.047789  0.002674
150  -0.005666  -0.089717  0.008081
151  0.001316  -0.033691  0.001137
152  0.043952  0.007933  0.001995
153  0.036570  -0.014705  0.001554
154  0.057154  -0.015448  0.003505
155  0.008678  -0.003166  0.000085
156  -0.049356  -0.030732  0.003380
157  0.083737  -0.036194  0.008322
158  0.065154  0.075920  0.010009
159  0.015127  0.029684  0.001110
160  0.011724  -0.031111  0.001105
161  -0.031892  -0.047273  0.003252
162  0.031995  0.042242  0.002808
163  0.005772  0.030831  0.000984
164  0.024943  -0.025645  0.001280
165  -0.021679  0.000109  0.000470
166  -0.042270  -0.022927  0.002312
167  -0.009179  0.011259  0.000211
168  0.045682  -0.006385  0.002128
169  -0.000099  -0.089384  0.007989
170  0.055059  -0.022468  0.003536
171  0.008721  0.019186  0.000444
172  -0.038143  -0.004682  0.001477
173  -0.038886  -0.020071  0.001915
174  0.003111  -0.091604  0.008401
175  -0.001121  0.060413  0.003651
176  0.047281  -0.038473  0.003716
177  0.054708  -0.036825  0.004349
178  -0.005800  0.041599  0.001764
179  -0.022073  -0.014269  0.000691
180  -0.064950  0.023385  0.004765
181  -0.003202  0.095476  0.009126
182  -0.028569  0.026422  0.001514
183  0.013282  0.004477  0.000196
184  -0.013158  0.033100  0.001269
185  0.012100  -0.012656  0.000307
186  -0.040371  0.045568  0.003706
187  0.050663  0.056323  0.005739
188  -0.022561  -0.027783  0.001281
189  -0.005123  0.002321  0.000032
190  0.035644  -0.013634  0.001456
191  -0.006349  -0.034210  0.001211
192  -0.000361  0.034918  0.001219
193  -0.015384  0.004092  0.000253
194  0.035164  -0.030775  0.002184
195  -0.020660  -0.033207  0.001530
196  0.010755  0.001498  0.000118
197  0.004673  -0.038534  0.001507
198  0.020322  -0.036556  0.001749
199  0.012910  0.029890  0.001060
200  0.031779  0.010786  0.001126
201  0.038805  -0.015707  0.001753
202  0.042108  -0.033990  0.002928
203  0.058424  -0.047451  0.005665
204  -0.002362  -0.048058  0.002315
205  0.002161  0.064158  0.004121
206  0.062226  -0.074556  0.009431
207  -0.013721  0.013428  0.000369
208  0.031498  -0.006471  0.001034
209  -0.048570  -0.026208  0.003046
210  0.032941  0.019982  0.001484
211  0.015259  0.017498  0.000539
212  0.004856  0.000036  0.000024
213  0.075177  0.007451  0.005707
214  0.029558  -0.015819  0.001124
215  0.018850  -0.017248  0.000653
216  0.029318  -0.021064  0.001303
217  0.010483  0.005275  0.000138
218  0.010564  -0.019513  0.000492
219  -0.020788  0.009489  0.000522
220  0.016277  -0.005588  0.000296
221  0.076047  0.016108  0.006043
222  0.040566  0.003854  0.001660
223  -0.017289  0.016039  0.000556
224  0.021262  -0.073724  0.005887
225  -0.067325  -0.062348  0.008420
226  0.034380  0.048410  0.003526
227  -0.081821  0.023497  0.007247
228  -0.021642  -0.001676  0.000471
229  -0.056427  0.000332  0.003184
230  -0.016869  -0.031763  0.001293
231  0.028405  -0.027008  0.001536
232  -0.009329  -0.007309  0.000140
233  0.040000  -0.046943  0.003804
234  -0.031979  -0.029574  0.001897
235  -0.056786  -0.012883  0.003391
236  0.021845  0.016263  0.000742
237  0.006191  -0.014102  0.000237
238  0.018203  0.009029  0.000413
239  -0.013723  0.026514  0.000891
240  0.039301  -0.044163  0.003495
241  -0.003815  -0.012328  0.000167
242  0.012022  0.030885  0.001098
243  0.040706  0.079106  0.007915
244  0.006874  0.008520  0.000120
245  -0.007872  -0.032714  0.001132
246  0.042632  -0.016710  0.002097
247  -0.059529  0.003142  0.003554
248  0.032453  -0.001658  0.001056
249  -0.012985  -0.082232  0.006931
250  -0.081702  -0.019182  0.007043
251  0.017068  -0.014749  0.000509
252  -0.030566  0.017701  0.001248
253  0.035753  -0.062051  0.005129
254  0.048587  0.075465  0.008056
255  0.037172  0.023608  0.001939
256  0.010645  0.023024  0.000643
257  0.012990  -0.038887  0.001681
258  -0.061678  -0.066096  0.008173
259  0.062181  -0.002690  0.003874
260  0.070706  0.001764  0.005002
261  -0.044211  -0.030854  0.002907
262  -0.030139  -0.052375  0.003651
263  -0.028403  -0.016173  0.001068
264  0.037766  0.057504  0.004733
265  0.009773  -0.059494  0.003635
266  0.003833  -0.034719  0.001220
267  0.020882  -0.068604  0.005142
268  0.011574  -0.034406  0.001318
269  0.034610  0.036799  0.002552
270  -0.013642  0.011585  0.000320
271  -0.029330  -0.009389  0.000948
272  0.029238  0.020823  0.001288
273  0.048594  -0.009649  0.002454
274  0.013503  0.032765  0.001256
275  -0.030410  -0.006376  0.000965
276  -0.029951  0.036722  0.002246
277  -0.041436  -0.011577  0.001851
278  -0.019427  0.013318  0.000555
279  -0.091121  0.031524  0.009297
280  -0.014893  -0.078655  0.006408
281  0.026368  0.031260  0.001672
282  0.036874  0.032923  0.002444
283  -0.064324  0.047019  0.006348
284  0.034053  -0.015307  0.001394
285  0.035555  0.085511  0.008576
286  -0.029206  -0.030801  0.001802
287  0.008601  -0.019317  0.000447
288  0.062783  -0.011472  0.004073
289  0.017644  -0.008888  0.000390
290  -0.002211  -0.044538  0.001989
291  -0.003527  -0.001415  0.000014
292  0.002494  -0.059894  0.003593
293  0.002941  0.034894  0.001226
294  -0.019084  0.009706  0.000458
295  0.017515  -0.027364  0.001056
296  0.001213  0.008008  0.000066
297  -0.021822  -0.023882  0.001047
298  0.003889  0.008933  0.000095
299  -0.007594  0.051164  0.002675
300  0.060854  -0.012564  0.003861
301  0.008511  0.036866  0.001432
302  0.092243  0.041573  0.010237
303  -0.023311  0.014548  0.000755
304  0.046488  0.042158  0.003938
305  0.008186  -0.012559  0.000225
306  0.024877  -0.010166  0.000722
307  -0.033749  -0.048563  0.003497
308  0.012288  0.057937  0.003508
309  -0.007152  0.003675  0.000065
310  -0.055789  -0.012977  0.003281
311  0.026688  -0.054835  0.003719
312  -0.012540  0.027004  0.000886
313  -0.036902  -0.076219  0.007171
314  -0.006328  -0.008208  0.000107
315  -0.022753  -0.005901  0.000553
316  -0.028213  -0.021146  0.001243
317  0.071342  -0.025057  0.005718
318  -0.042262  -0.020727  0.002216
319  -0.000885  -0.011644  0.000136
320  0.005826  0.053997  0.002950
321  0.008259  -0.037234  0.001455
322  -0.010448  -0.011995  0.000253
323  0.048308  -0.007647  0.002392
324  -0.001865  -0.003057  0.000013
325  -0.035115  -0.066834  0.005700
326  -0.029383  -0.019039  0.001226
327  0.065564  -0.028063  0.005086
328  -0.040474  -0.049430  0.004081
329  -0.027639  -0.039818  0.002349
330  -0.005778  -0.040638  0.001685
331  0.000676  -0.010805  0.000117
332  -0.003447  -0.038801  0.001517
333  0.066731  0.008026  0.004517
334  -0.024686  0.006222  0.000648
335  -0.026636  -0.017362  0.001011
336  -0.065761  0.037924  0.005763
337  -0.023047  -0.010838  0.000649
338  -0.034073  0.044771  0.003165
339  0.030663  -0.020348  0.001354
340  0.019021  -0.016930  0.000648
341  0.008927  0.018463  0.000421
342  -0.014375  0.001014  0.000208
343  0.025113  -0.004567  0.000652
344  0.001077  -0.047068  0.002217
345  -0.042949  0.019439  0.002222
346  0.014940  -0.011224  0.000349
347  0.043885  0.005229  0.001953
348  0.089384  -0.011754  0.008128
349  0.005911  -0.026990  0.000763
350  0.014640  0.005852  0.000249
351  -0.012718  -0.093548  0.008913
352  -0.028180  -0.047679  0.003067
353  -0.014461  -0.028327  0.001012
354  0.013699  0.012597  0.000346
355  0.028959  -0.055385  0.003906
356  0.022262  0.035693  0.001770
357  0.020189  -0.009841  0.000504
358  0.032706  -0.023036  0.001600
359  -0.079844  -0.032919  0.007459
360  -0.009632  0.000711  0.000093
361  0.050791  -0.046525  0.004744
362  0.025188  0.035580  0.001900
363  -0.052867  -0.024919  0.003416
364  -0.009761  -0.034567  0.001290
365  0.015531  0.012898  0.000408
366  -0.013905  -0.087778  0.007898
367  0.038486  0.021656  0.001950
368  -0.031111  -0.023123  0.001503
369  0.032291  -0.017696  0.001356
370  0.014576  0.052444  0.002963
371  -0.009209  -0.005792  0.000118
372  0.042702  -0.009809  0.001920
373  0.022897  -0.065339  0.004794
374  0.065702  -0.012181  0.004465
375  0.023087  0.017766  0.000849
376  0.009960  -0.029081  0.000945
377  0.040652  0.007868  0.001715
378  -0.025754  0.004516  0.000684
379  -0.014771  -0.000914  0.000219
380  0.010194  -0.022236  0.000598
381  0.029761  0.011941  0.001028
382  -0.007227  -0.000474  0.000052
383  0.021981  -0.001531  0.000486
384  -0.030138  -0.028555  0.001724
385  0.016017  -0.018209  0.000588
386  0.063615  0.038252  0.005510
387  0.005916  -0.021294  0.000488
388  -0.000342  -0.021381  0.000457
389  0.015604  0.004849  0.000267
390  0.003387  0.004475  0.000031
391  0.003694  -0.033098  0.001109
392  -0.040051  0.060419  0.005255
393  0.013372  -0.036541  0.001514
394  0.010763  0.011377  0.000245
395  -0.026756  0.038933  0.002232
396  -0.025796  0.003105  0.000675
397  0.050629  -0.002070  0.002568
398  0.001849  0.027788  0.000776
399  0.011194  0.015554  0.000367
400  0.069093  0.035108  0.006006
401  -0.057227  -0.057517  0.006583
402  -0.039341  -0.064460  0.005703
403  -0.064865  0.035492  0.005467
404  0.055986  -0.013386  0.003314
405  0.033941  -0.070590  0.006135
406  0.030458  -0.021211  0.001378
407  0.018200  -0.030688  0.001273
408  -0.002875  -0.037325  0.001401
409  -0.008781  -0.030933  0.001034
410  0.033957  -0.009988  0.001253
411  -0.013353  0.047480  0.002433
412  0.000874  0.043874  0.001926
413  0.029127  -0.013099  0.001020
414  0.047773  0.045150  0.004321
415  -0.009411  0.015983  0.000344
416  0.056647  0.022714  0.003725
417  -0.004651  0.029659  0.000901
418  0.005628  -0.056344  0.003206
419  0.008332  -0.038069  0.001519
420  0.050909  -0.058656  0.006032
421  -0.041177  0.002833  0.001704
422  -0.006206  -0.044028  0.001977
423  -0.035304  0.017355  0.001548
424  0.044376  -0.006568  0.002012
425  -0.025468  -0.026537  0.001353
426  -0.031290  -0.034292  0.002155
427  -0.016391  0.020130  0.000674
428  -0.011037  -0.064054  0.004225
429  -0.062960  -0.047918  0.006260
430  0.034573  0.004730  0.001218
431  -0.000602  0.010373  0.000108
432  0.039136  -0.012869  0.001697
433  -0.005695  -0.048915  0.002425
434  0.002188  -0.049475  0.002453
435  0.020509  0.038248  0.001884
436  -0.046889  0.028245  0.002996
437  0.004765  -0.006915  0.000071
438  -0.041632  0.001787  0.001736
439  -0.090131  -0.000130  0.008124
440  -0.049069  -0.000615  0.002408
441  0.045494  -0.012745  0.002232
442  0.043132  0.029546  0.002733
443  -0.024860  0.022550  0.001127
444  0.013174  0.011644  0.000309
445  -0.005509  0.026866  0.000752
446  0.038557  -0.035232  0.002728
447  0.022384  0.007224  0.000553
448  0.072045  0.036975  0.006558
449  -0.080267  0.026617  0.007151
450  0.060533  0.061128  0.007401
451  -0.003724  -0.006904  0.000062
452  -0.029743  0.041976  0.002647
453  0.010613  -0.093624  0.008878
454  -0.034846  -0.015579  0.001457
455  -0.011673  0.025317  0.000777
456  -0.060953  0.021172  0.004164
457  0.013959  0.023154  0.000731
458  0.028584  -0.026715  0.001531
459  0.010917  0.014757  0.000337
460  -0.022211  0.013954  0.000688
461  0.001937  -0.056074  0.003148
462  0.008638  0.013141  0.000247
463  0.036647  -0.001499  0.001345
464  0.004997  -0.017484  0.000331
465  -0.023738  0.017492  0.000869
466  0.014817  -0.032791  0.001295
467  0.011454  -0.038213  0.001591
468  0.016612  0.016499  0.000548
469  0.068069  0.018449  0.004974
470  0.010919  -0.007153  0.000170
471  -0.024734  0.052071  0.003323
472  -0.010852  -0.079121  0.006378
473  0.031628  -0.048172  0.003321
474  -0.031538  0.049585  0.003453
475  -0.037577  -0.029191  0.002264
476  0.000464  0.014389  0.000207
477  0.000961  0.008492  0.000073
478  -0.067267  0.004692  0.004547
479  0.013635  -0.034812  0.001398
480  -0.076783  0.020659  0.006322
481  0.022610  0.078006  0.006596
482  -0.028720  0.012516  0.000982
483  0.035839  -0.002210  0.001289
484  0.057027  0.022676  0.003766
485  -0.044380  -0.042034  0.003736
486  -0.007120  0.005707  0.000083
487  -0.033187  0.016250  0.001365
488  0.064879  0.026404  0.004906
489  0.023738  -0.031999  0.001587
490  0.034810  -0.050529  0.003765
491  -0.036000  0.008340  0.001366
492  0.006934  0.033525  0.001172
493  0.010154  0.034154  0.001270
494  0.031774  0.047610  0.003276
495  0.045389  -0.003670  0.002074
496  0.018443  0.022890  0.000864
497  -0.039897  -0.005449  0.001621
498  -0.043434  0.007833  0.001948
499  -0.013938  -0.000939  0.000195
500  0.003765  0.019341  0.000388
501  -0.059456  -0.034835  0.004749
502  0.020928  -0.003148  0.000448
503  0.035193  0.003845  0.001253
504  -0.029593  0.003938  0.000891
505  -0.006585  0.042587  0.001857
506  -0.040304  -0.016056  0.001882
507  0.024497  0.082038  0.007330
508  0.011719  -0.063823  0.004211
509  0.080298  0.059973  0.010045
510  -0.028655  0.007600  0.000879
511  -0.038136  0.001450  0.001456
512  -0.023635  -0.005344  0.000587
513  0.033626  -0.057827  0.004475
514  -0.007700  0.016774  0.000341
515  -0.040095  0.029155  0.002458
516  0.003988  0.013555  0.000200
517  -0.006621  0.027497  0.000800
518  -0.007157  -0.056832  0.003281
519  0.009328  0.010441  0.000196
520  0.022633  -0.040674  0.002167
521  -0.018334  0.027909  0.001115
522  -0.028255  -0.006036  0.000835
523  0.001162  -0.041967  0.001763
524  -0.043182  0.011550  0.001998
525  0.021743  -0.054466  0.003439
526  -0.028375  -0.000562  0.000805
527  -0.000283  -0.059716  0.003566
528  0.053727  0.013004  0.003056
529  -0.026885  -0.027057  0.001455
530  -0.034096  -0.007003  0.001212
531  -0.003622  0.033328  0.001124
532  -0.012561  0.062583  0.004074
533  0.033579  0.034759  0.002336
534  -0.010440  -0.001634  0.000112
535  0.018786  -0.023195  0.000891
536  0.004183  -0.075420  0.005706
537  0.017283  -0.016616  0.000575
538  0.065448  -0.037480  0.005688
539  0.043006  -0.018385  0.002187
540  -0.038895  -0.013482  0.001695
541  -0.018735  0.006846  0.000398
542  0.034169  -0.014854  0.001388
543  -0.027437  0.013276  0.000929
544  0.083539  0.032048  0.008006
545  0.038489  -0.070504  0.006452
546  -0.015209  -0.006802  0.000278
547  0.015341  0.071703  0.005377
548  -0.017265  0.021824  0.000774
549  -0.011226  0.018819  0.000480
550  0.005303  0.010703  0.000143
551  -0.038951  -0.049745  0.003992
552  0.021842  0.005673  0.000509
553  -0.010201  -0.029320  0.000964
554  -0.003420  -0.047418  0.002260
555  0.034912  -0.002462  0.001225
556  -0.088685  0.013329  0.008043
557  -0.025038  0.020265  0.001038
558  -0.014582  -0.001337  0.000214
559  -0.007928  -0.010252  0.000168
560  0.021889  -0.024286  0.001069
561  0.006113  -0.083142  0.006950
562  0.011096  -0.035624  0.001392
563  -0.038919  -0.054195  0.004452
564  -0.003837  -0.052375  0.002758
565  -0.036066  -0.034519  0.002492
566  -0.003214  0.038360  0.001482
567  -0.037963  0.053365  0.004289
568  0.042818  0.017654  0.002145
569  0.002914  -0.009315  0.000095
570  -0.023211  -0.001664  0.000542
571  -0.005118  -0.037732  0.001450
572  -0.060970  -0.005169  0.003744
573  -0.009776  -0.025091  0.000725
574  0.012462  0.030018  0.001056
575  -0.020427  -0.002049  0.000421
576  -0.035187  -0.005751  0.001271
577  0.016881  0.002652  0.000292
578  -0.006692  -0.008536  0.000118
579  -0.001271  -0.016073  0.000260
580  0.057494  -0.017270  0.003604
581  0.017359  -0.057383  0.003594
582  0.027196  0.067312  0.005270
583  0.031843  -0.010553  0.001125
584  0.038695  -0.025517  0.002148
585  -0.068555  -0.052827  0.007491
586  -0.024516  -0.044632  0.002593
587  0.012803  0.010223  0.000268
588  -0.027742  0.014743  0.000987
589  0.024726  -0.027977  0.001394
590  -0.020242  -0.028487  0.001221
591  -0.033417  -0.040464  0.002754
592  -0.016656  -0.001792  0.000281
593  -0.008485  0.010968  0.000192
594  0.020589  -0.025071  0.001052
595  -0.028165  0.018251  0.001126
596  -0.030173  -0.052307  0.003646
597  0.036513  -0.022125  0.001823
598  0.002149  -0.015746  0.000253
599  0.023112  0.048350  0.002872
600  -0.047902  0.016261  0.002559
601  0.012946  0.040487  0.001807
602  -0.006335  0.019571  0.000423
603  0.043700  0.009355  0.001997
604  -0.008256  -0.027837  0.000843
605  0.037076  0.000141  0.001375
606  -0.026421  -0.000519  0.000698
607  -0.006203  0.003922  0.000054
608  -0.050987  0.010577  0.002712
609  0.057830  -0.046228  0.005481
610  -0.003870  -0.000539  0.000015
611  -0.028761  -0.022456  0.001331
612  0.086301  -0.034245  0.008621
613  0.033513  0.001540  0.001126
614  -0.009298  -0.035011  0.001312
615  -0.058293  -0.034707  0.004603
616  0.020389  -0.074311  0.005938
617  -0.014693  -0.009897  0.000314
618  0.010402  0.116501  0.013681
619  -0.007975  0.047217  0.002293
620  -0.013445  -0.016345  0.000448
621  -0.016245  0.012496  0.000420
622  -0.002367  -0.013821  0.000197
623  0.011679  0.001382  0.000138
624  0.092077  -0.080145  0.014901
625  0.012774  0.000134  0.000163
626  0.032003  -0.049876  0.003512
627  0.011592  -0.051116  0.002747
628  -0.017602  -0.080480  0.006787
629  -0.082578  -0.003283  0.006830
630  -0.045671  -0.025256  0.002724
631  0.006810  0.015535  0.000288
632  -0.004563  -0.014270  0.000224
633  -0.029746  -0.002197  0.000890
634  0.040775  -0.022569  0.002172
635  0.005746  -0.010766  0.000149
636  -0.012172  -0.018520  0.000491
637  -0.057047  -0.012537  0.003412
638  -0.021605  -0.022970  0.000994
639  0.017058  0.028254  0.001089
640  -0.015477  -0.005928  0.000275
641  -0.039569  -0.026897  0.002289
642  -0.006494  0.024099  0.000623
643  -0.013048  -0.002532  0.000177
644  0.071320  0.009143  0.005170
645  0.043898  0.027887  0.002705
646  -0.009120  -0.006684  0.000128
647  0.058055  0.041371  0.005082
648  0.009085  -0.041751  0.001826
649  0.035111  -0.060972  0.004950
650  0.034997  -0.000932  0.001226
651  -0.025398  0.016008  0.000901
652  -0.023724  0.001653  0.000566
653  -0.026750  0.023473  0.001267
654  0.065231  -0.003294  0.004266
655  -0.008113  -0.053374  0.002915
656  -0.002507  -0.015589  0.000249
657  0.034578  0.037498  0.002602
658  0.016145  -0.013226  0.000436
659  -0.034145  0.014051  0.001363
660  0.001197  0.046832  0.002195
661  0.032045  0.039948  0.002623
662  -0.031919  -0.022693  0.001534
663  -0.024016  0.020152  0.000983
664  0.094116  0.007183  0.008909
665  0.006763  -0.000815  0.000046
666  0.026205  0.033633  0.001818
667  0.027560  0.009218  0.000845
668  -0.003322  0.046213  0.002147
669  -0.013426  0.023653  0.000740
670  -0.004563  -0.053018  0.002832
671  0.012795  0.035456  0.001421
672  0.037821  -0.010749  0.001546
673  0.004281  0.011090  0.000141
674  -0.007961  -0.067946  0.004680
675  -0.028354  0.105711  0.011979
676  -0.051587  -0.024137  0.003244
677  0.073307  0.025132  0.006006
678  -0.030262  -0.012356  0.001068
679  -0.005747  -0.022783  0.000552
680  -0.030158  -0.017646  0.001221
681  0.003916  -0.049962  0.002512
682  -0.068460  -0.016601  0.004962
683  -0.034436  0.007402  0.001241
684  -0.020044  -0.028967  0.001241
685  0.036334  -0.038974  0.002839
686  -0.028101  -0.009241  0.000875
687  -0.019975  0.026549  0.001104
688  0.035184  -0.009562  0.001329
689  0.033476  0.020796  0.001553
690  0.006227  -0.044494  0.002019
691  -0.079337  0.016967  0.006582
692  0.023921  0.000885  0.000573
693  0.053668  0.002167  0.002885
694  -0.024316  0.047921  0.002888
695  -0.009512  0.030955  0.001049
696  0.006198  0.002431  0.000044
697  0.021061  -0.038518  0.001927
698  -0.009814  0.012189  0.000245
699  -0.061450  0.050966  0.006374
700  0.024112  0.053712  0.003466
701  -0.020072  -0.026194  0.001089
702  0.058118  -0.006445  0.003419
703  0.064056  0.013762  0.004293
704  -0.005951  0.033262  0.001142
705  -0.007227  -0.009359  0.000140
706  0.023735  0.029008  0.001405
707  0.009022  0.023032  0.000612
708  0.022942  -0.008475  0.000598
709  0.052106  -0.027516  0.003472
710  0.034316  0.013439  0.001358
711  0.034005  0.017799  0.001473
712  0.038293  -0.091006  0.009748
713  0.096321  -0.023707  0.009840
714  -0.044805  0.032496  0.003063
715  0.016101  -0.049087  0.002669
716  0.028304  -0.036191  0.002111
717  -0.014956  -0.012635  0.000383
718  -0.007459  -0.016683  0.000334
719  -0.028450  0.008479  0.000881
720  0.043944  -0.009717  0.002026
721  -0.001519  -0.007777  0.000063
722  -0.010289  -0.016344  0.000373
723  -0.021012  0.005127  0.000468
724  0.032437  -0.023848  0.001621
725  -0.003431  0.015987  0.000267
726  -0.008846  -0.012856  0.000244
727  -0.065954  0.061531  0.008136
728  0.023971  -0.000489  0.000575
729  -0.014268  -0.034348  0.001383
730  -0.027346  0.009084  0.000830
731  -0.041204  0.070936  0.006730
732  0.005820  -0.051425  0.002678
733  0.007364  0.009294  0.000141
734  0.025821  -0.044515  0.002648
735  -0.034114  -0.037542  0.002573
736  -0.018819  0.025121  0.000985
737  -0.021587  0.012101  0.000612
738  -0.043844  0.037445  0.003324
739  -0.005851  0.003444  0.000046
740  -0.016292  -0.060896  0.003974
741  0.006140  0.006862  0.000085
742  -0.000788  0.000692  0.000001
743  0.045643  -0.026931  0.002809
744  -0.025646  -0.011084  0.000781
745  0.023415  -0.014481  0.000758
746  -0.006506  -0.000081  0.000042
747  0.043555  0.021056  0.002340
748  0.001087  -0.074808  0.005597
749  0.023328  0.004382  0.000563
750  -0.037098  -0.056872  0.004611
751  -0.000884  -0.029905  0.000895
752  -0.039698  0.089681  0.009619
753  0.004687  -0.022922  0.000547
754  -0.054174  -0.008634  0.003009
755  0.040968  0.045180  0.003720
756  -0.079992  -0.002963  0.006408
757  -0.031090  0.001823  0.000970
758  0.043442  -0.039558  0.003452
759  0.063706  0.005437  0.004088
760  -0.065910  -0.044126  0.006291
761  0.011467  0.003391  0.000143
762  0.008065  -0.020382  0.000480
763  -0.043003  0.000676  0.001850
764  0.023793  -0.015591  0.000809
765  0.004663  -0.059390  0.003549
766  0.013658  -0.010174  0.000290
767  -0.069682  -0.058730  0.008305
768  -0.024718  0.010703  0.000726
769  -0.063042  0.047807  0.006260
770  -0.029585  -0.031004  0.001837
771  -0.001052  -0.027238  0.000743
772  -0.024597  -0.018450  0.000945
773  0.005312  -0.009410  0.000117
774  0.041303  -0.034716  0.002911
775  0.037682  -0.072382  0.006659
776  0.037012  -0.025155  0.002003
777  0.033160  -0.060941  0.004813
778  0.111064  -0.003534  0.012348
779  0.032262  -0.034437  0.002227
780  0.042595  -0.018630  0.002161
781  -0.040651  0.006773  0.001698
782  -0.041801  0.071670  0.006884
783  0.031307  -0.028529  0.001794
784  0.021363  0.016252  0.000721
785  -0.019392  -0.020037  0.000778
786  -0.061192  -0.015641  0.003989
787  0.037693  -0.074397  0.006956
788  0.023634  -0.047393  0.002805
789  -0.005736  -0.036427  0.001360
790  0.066559  -0.032909  0.005513
791  0.015762  0.012345  0.000401
792  -0.022688  -0.079282  0.006800
793  -0.015621  -0.007592  0.000302
794  -0.039872  0.034795  0.002800
795  0.005628  -0.004683  0.000054
796  -0.037017  -0.003587  0.001383
797  -0.032956  0.095369  0.010181
798  0.005931  0.042036  0.001802
799  0.020310  0.020039  0.000814
800  -0.007027  -0.018242  0.000382
801  -0.028038  -0.046984  0.002994
802  -0.036565  0.048710  0.003710
803  0.049440  0.000138  0.002444
804  -0.027047  -0.035008  0.001957
805  -0.021557  -0.034350  0.001645
806  0.029454  -0.016711  0.001147
807  0.067006  -0.043815  0.006410
808  0.052042  -0.105548  0.013849
809  -0.034349  -0.005486  0.001210
810  -0.057982  -0.012259  0.003512
811  -0.062680  -0.006315  0.003969
812  0.015977  0.068473  0.004944
813  -0.023837  -0.015583  0.000811
814  0.069350  0.015082  0.005037
815  0.002239  0.054192  0.002942
816  0.027704  -0.063597  0.004812
817  0.006517  -0.020352  0.000457
818  0.022429  0.062513  0.004411
819  0.007818  0.018812  0.000415
820  -0.063900  -0.029877  0.004976
821  0.086587  0.044783  0.009503
822  0.044552  -0.081398  0.008611
823  -0.055044  0.008910  0.003109
824  -0.006264  0.026480  0.000740
825  -0.009670  -0.041978  0.001856
826  0.024932  -0.005780  0.000655
827  -0.010979  -0.014105  0.000320
828  -0.048526  -0.091060  0.010647
829  0.000274  -0.024400  0.000595
830  0.006544  -0.002269  0.000048
831  -0.035182  -0.030808  0.002187
832  0.034713  -0.013924  0.001399
833  -0.012628  -0.007215  0.000212
834  0.018818  0.019626  0.000739
835  0.021439  -0.028593  0.001277
836  -0.026740  -0.027799  0.001488
837  0.025265  -0.041613  0.002370
838  -0.044930  0.044492  0.003998
839  0.061988  0.002928  0.003851
840  -0.003517  0.079020  0.006257
841  0.017049  0.011313  0.000419
842  0.029445  -0.002203  0.000872
843  -0.039641  -0.016932  0.001858
844  0.017751  0.039270  0.001857
845  -0.065942  0.034578  0.005544
846  0.035695  -0.014670  0.001489
847  -0.040447  -0.000335  0.001636
848  -0.032295  -0.004103  0.001060
849  0.000451  0.000765  0.000001
850  -0.024473  0.023935  0.001172
851  0.054491  0.023204  0.003508
852  0.007881  -0.083591  0.007050
853  0.050651  0.048267  0.004895
854  0.043495  0.066056  0.006255
855  -0.041481  -0.053689  0.004603
856  -0.038428  0.015560  0.001719
857  -0.010809  -0.044856  0.002129
858  -0.024307  0.005896  0.000626
859  0.029803  0.015804  0.001138
860  0.065980  0.023165  0.004890
861  0.023952  0.037361  0.001970
862  -0.027951  -0.002804  0.000789
863  0.031374  -0.057278  0.004265
864  0.092894  0.019905  0.009026
865  0.007352  0.018833  0.000409
866  0.081603  0.038304  0.008126
867  -0.118287  -0.036920  0.015355
868  0.069089  -0.000176  0.004773
869  -0.013473  0.039709  0.001758
870  -0.004593  0.026844  0.000742
871  0.023448  -0.010842  0.000667
872  -0.026545  0.016638  0.000981
873  -0.025626  -0.077930  0.006730
874  0.042337  -0.043332  0.003670
875  -0.019159  -0.015658  0.000612
876  0.049352  0.002804  0.002443
877  -0.058519  0.001007  0.003426
878  -0.049097  0.020179  0.002818
879  -0.071857  -0.049047  0.007569
880  -0.002875  -0.014103  0.000207
881  0.020421  0.047416  0.002665
882  -0.068063  0.034138  0.005798
883  0.053326  -0.019160  0.003211
884  0.027076  -0.035864  0.002019
885  -0.022081  0.015002  0.000713
886  0.125518  0.003462  0.015767
887  0.011271  0.006077  0.000164
888  -0.024167  0.071882  0.005751
889  0.014084  -0.037809  0.001628
890  -0.067384  -0.002353  0.004546
891  -0.025354  0.077261  0.006612
892  -0.021764  0.013984  0.000669
893  0.011213  0.016060  0.000384
894  0.040429  0.055639  0.004730
895  -0.002278  0.022757  0.000523
896  -0.066433  0.015869  0.004665
897  -0.013233  0.062065  0.004027
898  -0.014270  0.076181  0.006007
899  -0.009757  -0.009436  0.000184
900  -0.032274  0.077381  0.007029
901  0.077244  -0.022787  0.006486
902  0.079714  -0.058207  0.009742
903  -0.005657  0.025870  0.000701
904  -0.058489  0.005014  0.003446
905  0.014716  -0.025885  0.000887
906  0.016007  0.021340  0.000712
907  0.025720  -0.054577  0.003640
908  0.015814  -0.006755  0.000296
909  -0.069269  0.012981  0.004967
910  -0.044252  -0.046688  0.004138
911  0.070892  -0.034995  0.006250
912  0.049448  0.035285  0.003690
913  -0.020815  0.087920  0.008163
914  0.049162  -0.016699  0.002696
915  0.012240  -0.020814  0.000583
916  -0.065263  -0.036022  0.005557
917  0.087701  -0.037939  0.009131
918  -0.010093  0.009898  0.000200
919  0.047497  -0.018563  0.002601
920  -0.035439  0.021239  0.001707
921  0.067713  0.048153  0.006904
922  -0.009189  0.061548  0.003873
923  0.021814  0.051410  0.003119
924  -0.008208  -0.025338  0.000709
925  -0.031966  0.010159  0.001125
926  -0.010865  -0.001015  0.000119
927  0.029005  -0.006347  0.000882
928  -0.019519  0.030049  0.001284
929  -0.056472  -0.128431  0.019684
930  -0.020508  -0.064958  0.004640
931  0.070835  0.048094  0.007331
932  -0.026190  0.072802  0.005986
933  -0.096692  -0.062405  0.013244
934  0.007625  -0.021531  0.000522
935  -0.004000  0.000593  0.000016
936  -0.025545  -0.087073  0.008234
937  0.028110  0.054137  0.003721
938  -0.029589  0.031368  0.001859
939  0.018531  0.104650  0.011295
940  -0.103383  -0.005769  0.010721
941  -0.027769  -0.006050  0.000808
942  -0.030371  0.059223  0.004430
943  -0.051872  0.033350  0.003803
944  0.025362  0.027969  0.001426
945  -0.020783  0.005469  0.000462
946  0.033757  -0.005170  0.001166
947  -0.014767  -0.002178  0.000223
948  -0.049323  0.102727  0.012986
949  0.010388  -0.019650  0.000494
950  0.008818  -0.000379  0.000078
951  -0.007845  0.021362  0.000518
952  0.053442  0.040379  0.004487
953  -0.038534  0.012935  0.001652
954  -0.068463  -0.022314  0.005185
955  -0.054613  0.038133  0.004437
956  -0.052894  0.023875  0.003368
957  0.012224  -0.035136  0.001384
958  0.035453  0.044839  0.003267
959  0.047609  0.039720  0.003844
960  0.053015  0.070479  0.007778
961  0.041319  -0.059087  0.005199
962  -0.069705  -0.031304  0.005839
963  0.069495  0.023230  0.005369
964  0.043879  0.040578  0.003572
965  -0.035162  -0.016406  0.001506
966  -0.008050  -0.005030  0.000090
967  -0.011809  -0.024165  0.000723
968  0.016200  -0.004957  0.000287
969  0.139261  0.026398  0.020091
970  -0.032422  -0.058990  0.004531
971  -0.052665  -0.070044  0.007680
972  0.006040  0.047462  0.002289
973  0.006108  0.010183  0.000141
974  -0.045346  0.027754  0.002826
975  -0.056070  0.047432  0.005394
976  -0.014779  0.041409  0.001933
977  -0.081704  -0.078956  0.012910
978  0.106068  0.024448  0.011848
979  -0.005827  -0.010195  0.000138
980  -0.059539  0.122991  0.018672
981  -0.016145  -0.053920  0.003168
982  -0.045868  0.001800  0.002107
983  -0.031632  -0.044990  0.003025
984  0.043457  0.067047  0.006384
985  -0.025775  0.013045  0.000835
986  -0.001582  0.020308  0.000415
987  -0.061290  -0.068960  0.008512
988  -0.098287  -0.016919  0.009947
989  0.034741  0.099471  0.011101
990  -0.027773  -0.000385  0.000771
991  0.051392  0.035915  0.003931
992  0.003179  -0.024527  0.000612
993  0.020775  -0.008620  0.000506
994  -0.099701  -0.031239  0.010916
995  -0.029849  -0.004867  0.000915
996  0.023702  -0.021684  0.001032
997  0.069762  -0.017667  0.005179
998  -0.012433  -0.072826  0.005458
999  -0.106492  -0.026428  0.012039
1000  0.061629  -0.087272  0.011415
1001  0.076294  0.017733  0.006135
1002  -0.100640  -0.015832  0.010379
1003  -0.007425  0.013893  0.000248
1004  -0.007025  0.027782  0.000821
1005  0.034324  -0.040958  0.002856
1006  -0.066983  0.084669  0.011656
1007  -0.055673  -0.068671  0.007815
1008  -0.114854  0.004708  0.013214
1009  0.042517  -0.012134  0.001955
1010  0.069038  -0.041086  0.006454
1011  0.031307  0.039859  0.002569
1012  -0.050431  0.093893  0.011359
1013  -0.029465  -0.043898  0.002795
1014  -0.003344  0.023988  0.000587
1015  -0.007109  -0.119388  0.014304
1016  -0.012400  -0.060569  0.003822
1017  0.039912  -0.028191  0.002388
1018  0.128817  -0.115929  0.030034
1019  -0.053352  0.050781  0.005425
1020  -0.066217  -0.044447  0.006360
1021  -0.041838  0.044411  0.003723
1022  0.019382  0.080186  0.006806
1023  0.083988  -0.061914  0.010887
1024  -0.019266  0.041172  0.002066
1025  0.010369  -0.101369  0.010383
1026  -0.020627  -0.000091  0.000425
1027  0.035868  0.091057  0.009578
1028  0.071766  -0.042195  0.006931
1029  0.040383  0.015206  0.001862
1030  -0.002071  -0.006159  0.000042
1031  -0.100310  -0.024237  0.010650
1032  -0.030200  -0.084144  0.007992
1033  -0.030964  -0.024521  0.001560
1034  -0.044539  -0.030541  0.002916
1035  -0.030355  -0.011220  0.001047
1036  -0.019104  0.007088  0.000415
1037  -0.036882  0.006154  0.001398
1038  0.047080  -0.092724  0.010814
1039  -0.024677  -0.067708  0.005193
1040  -0.011399  -0.095906  0.009328
1041  0.127357  -0.014606  0.016433
1042  -0.011702  0.037118  0.001515
1043  0.098559  0.044814  0.011722
1044  0.009897  0.078604  0.006277
1045  -0.110717  0.082009  0.018984
1046  0.001879  -0.038364  0.001475
1047  0.026386  0.076722  0.006583
1048  0.091210  -0.037451  0.009722
1049  -0.067305  -0.057078  0.007788
1050  -0.133772  0.087467  0.025545
1051  -0.053901  0.143141  0.023395
1052  -0.061398  -0.018383  0.004108
1053  -0.039851  -0.009740  0.001683
1054  -0.061411  -0.008533  0.003844
1055  -0.129668  -0.047498  0.019070
1056  0.056966  -0.049551  0.005700
1057  -0.182200  -0.040732  0.034856
1058  0.082832  0.037221  0.008247
1059  0.123327  -0.096681  0.024557
1060  -0.047386  0.027470  0.003000
1061  -0.018693  0.015499  0.000590
1062  0.010879  -0.114338  0.013191
1063  0.014803  0.119189  0.014425
1064  0.021647  0.069584  0.005311
1065  0.038970  0.112590  0.014195
1066  0.034064  -0.069604  0.006005
1067  0.053306  0.067071  0.007340
1068  0.021422  0.097012  0.009870
1069  0.124435  -0.015809  0.015734
1070  0.103141  0.025603  0.011294
1071  -0.035466  -0.015341  0.001493
1072  -0.048060  -0.034338  0.003489
1073  -0.113970  -0.113516  0.025875
1074  0.030920  -0.015138  0.001185
1075  -0.004068  0.026617  0.000725
1076  -0.050370  -0.053608  0.005411
1077  -0.071898  0.033485  0.006291
1078  0.064448  -0.070465  0.009119
1079  -0.000844  -0.080743  0.006520
1080  0.122042  -0.128049  0.031291
1081  -0.022421  -0.122533  0.015517
1082  0.094547  -0.208720  0.052503
1083  0.058777  0.039790  0.005038
1084  -0.053664  -0.057669  0.006206
1085  0.013652  0.000051  0.000186
1086  0.010285  -0.056437  0.003291
1087  0.144122  -0.039666  0.022344
1088  -0.098155  0.078533  0.015802
1089  -0.094265  -0.010241  0.008991
1090  0.036907  0.005317  0.001390
1091  -0.020828  0.096726  0.009790
1092  0.087511  -0.025286  0.008298
1093  0.065727  0.042843  0.006156
1094  -0.059710  0.124212  0.018994
1095  -0.076711  -0.069291  0.010686
1096  -0.153569  -0.162310  0.049928
1097  0.102907  -0.063580  0.014632
1098  0.015936  -0.134218  0.018268
1099  0.037607  0.236817  0.057497
1100  0.010542  0.073442  0.005505
1101  -0.010818  0.009761  0.000212
1102  0.032452  -0.196875  0.039813
1103  -0.099317  -0.079285  0.016150
1104  0.096821  0.096953  0.018774
1105  0.049064  0.089904  0.010490
1106  0.110393  0.198591  0.051625
1107  -0.043305  0.071516  0.006990
1108  -0.046575  -0.009080  0.002252
1109  0.034199  -0.043347  0.003049
1110  0.134151  0.189366  0.053856
1111  0.026079  0.002747  0.000688
1112  0.108979  -0.114908  0.025080
1113  -0.074372  -0.075039  0.011162
1114  0.154657  0.019566  0.024302
1115  -0.043504  -0.034808  0.003104
1116  0.120363  0.249914  0.076944
1117  0.139853  0.033337  0.020670
1118  0.071197  0.177088  0.036429
1119  -0.052308  -0.109789  0.014790
1120  -0.138536  -0.030824  0.020142
1121  -0.113739  -0.139049  0.032271
1122  -0.008341  0.099109  0.009892
1123  -0.143102  -0.128470  0.036983
1124  -0.136197  -0.181584  0.051522
1125  0.049271  0.048082  0.004740
1126  0.062431  0.080918  0.010445
1127  -0.038846  0.053658  0.004388
1128  -0.173508  0.012794  0.030269
1129  -0.061490  -0.022243  0.004276
1130  0.064209  0.098741  0.013872
1131  -0.115107  0.118987  0.027407
1132  0.043571  -0.124899  0.017498
1133  -0.005487  -0.101354  0.010303
1134  -0.049047  -0.163277  0.029065
1135  -0.066007  -0.055789  0.007469
1136  -0.148735  0.019644  0.022508
1137  0.002846  -0.067284  0.004535
1138  -0.038646  0.205560  0.043749
1139  0.152336  -0.147536  0.044973
1140  0.077573  0.104753  0.016991
1141  -0.114101  -0.070662  0.018012
1142  -0.038062  0.016336  0.001716
1143  0.229929  0.068607  0.057574
1144  0.125622  0.277764  0.092934
1145  -0.132570  -0.259240  0.084780
1146  0.045203  0.002009  0.002047
1147  0.132874  0.008482  0.017727
1148  -0.121564  -0.071810  0.019935
1149  0.111278  0.186616  0.047208
1150  -0.095604  0.154267  0.032939
1151  -0.075064  0.000123  0.005635
1152  0.058460  -0.046421  0.005573
1153  -0.008654  0.137998  0.019118
1154  0.031042  -0.026677  0.001675
1155  -0.119307  -0.105982  0.025466
1156  -0.153310  -0.006901  0.023552
1157  -0.005181  0.042341  0.001820
1158  -0.082020  -0.108277  0.018451
1159  -0.047808  -0.005437  0.002315
1160  0.230389  0.232088  0.106944
1161  0.154394  0.074422  0.029376
1162  -0.031820  0.184911  0.035204
1163  0.120578  0.267156  0.085911
1164  -0.235506  0.041602  0.057194
1165  -0.089418  -0.000694  0.007996
1166  -0.097450  -0.111550  0.021940
1167  -0.066494  0.208720  0.047986
1168  -0.236595  -0.079159  0.062243
1169  -0.044601  0.343109  0.119713
1170  0.010361  0.170053  0.029025
1171  -0.016903  -0.084632  0.007448
1172  0.016168  0.080874  0.006802
1173  0.066378  0.142414  0.024688
1174  0.190492  0.085455  0.043590
1175  0.052756  0.022511  0.003290
1176  -0.022340  0.063058  0.004475
1177  -0.035208  0.051182  0.003859
1178  -0.189388  0.081584  0.042524
1179  -0.069090  -0.116534  0.018354
1180  -0.086431  -0.046078  0.009593
1181  0.002285  -0.164071  0.026925
1182  -0.041424  0.134744  0.019872
1183  0.167505  -0.170266  0.057048
1184  0.052627  0.145004  0.023796
1185  0.119420  -0.148618  0.036348
1186  0.313561  0.042724  0.100146
1187  -0.097582  0.099810  0.019484
1188  0.133303  -0.237446  0.074150
1189  0.170220  0.143788  0.049650
1190  -0.181973  -0.003636  0.033127
1191  0.000872  0.054694  0.002992
1192  -0.108102  -0.173495  0.041787
1193  0.112498  -0.064030  0.016756
1194  -0.089906  -0.022338  0.008582
1195  -0.359618  -0.043259  0.131196
1196  -0.000725  -0.026074  0.000680
1197  -0.144282  0.061365  0.024583
1198  -0.065667  0.074462  0.009857
1199  0.155322  -0.024320  0.024716
1200  -0.060115  -0.051251  0.006240
1201  0.287026  -0.037876  0.083819
1202  -0.186575  -0.003171  0.034820
1203  -0.094538  -0.255940  0.074443
1204  -0.011546  -0.006511  0.000176
1205  -0.041910  0.046310  0.003901
1206  -0.228074  0.097545  0.061533
1207  -0.078094  -0.028191  0.006893
1208  -0.053286  0.138984  0.022156
1209  0.114575  0.057889  0.016479
1210  -0.040070  -0.190278  0.037811
1211  -0.049582  -0.092713  0.011054
1212  0.227378  -0.181340  0.084585
1213  -0.034926  -0.165847  0.028725
1214  0.009050  0.190532  0.036384
1215  -0.253630  0.037648  0.065745
1216  -0.306990  -0.215664  0.140754
1217  0.014392  -0.156658  0.024749
1218  -0.041672  -0.121177  0.016420
1219  0.079449  -0.152630  0.029608
1220  -0.186389  -0.003847  0.034756
1221  0.124385  -0.186238  0.050156
1222  0.059055  -0.123947  0.018850
1223  0.069888  -0.104917  0.015892
1224  -0.055925  -0.219604  0.051353
1225  0.007106  -0.076551  0.005910
1226  -0.137587  0.033933  0.020082
1227  -0.172037  -0.110171  0.041734
1228  0.087856  -0.198917  0.047287
1229  0.209224  0.112734  0.056484
1230  -0.074250  0.089432  0.013511
1231  -0.140172  -0.241756  0.078094
1232  0.081264  0.087494  0.014259
1233  -0.075206  0.199080  0.045289
1234  0.044797  -0.102713  0.012557
1235  0.102641  0.071130  0.015595
1236  -0.312148  0.157119  0.122123
1237  -0.068594  -0.144012  0.025445
1238  -0.222714  -0.123015  0.064734
1239  -0.089435  -0.044649  0.009992
1240  0.234819  -0.224383  0.105488
1241  0.032609  -0.187571  0.036246
1242  0.286784  0.167209  0.110204
1243  0.149516  -0.133457  0.040166
1244  -0.333522  0.191621  0.147956
1245  -0.180488  -0.291412  0.117497
1246  0.051468  -0.126977  0.018772
1247  -0.271244  0.076577  0.079438
1248  0.203563  -0.020142  0.041844
1249  -0.010821  0.223529  0.050082
1250  0.345060  0.157779  0.143960
1251  0.041409  -0.037321  0.003108
1252  -0.156298  -0.051369  0.027068
1253  0.462371  -0.056799  0.217013
1254  0.057137  0.075576  0.008976
1255  -0.016980  -0.036097  0.001591
1256  0.036567  -0.018516  0.001680
1257  -0.086447  -0.131801  0.024845
1258  0.005331  0.165589  0.027448
1259  -0.100952  -0.258745  0.077140
1260  0.051444  -0.012147  0.002794
1261  -0.113422  -0.155600  0.037076
1262  0.318752  0.110746  0.113868
1263  0.238345  0.166377  0.084490
1264  -0.071710  -0.097381  0.014625
1265  -0.189487  0.094886  0.044909
1266  -0.021312  0.075923  0.006219
1267  0.136963  0.396828  0.176231
1268  0.111104  0.203838  0.053894
1269  -0.005653  -0.062563  0.003946
1270  0.013158  -0.314411  0.099027
1271  -0.001198  0.188690  0.035605
1272  -0.179974  0.253297  0.096550
1273  0.110488  -0.050661  0.014774
1274  -0.362136  0.011275  0.131270
1275  0.066983  -0.024882  0.005106
1276  0.313057  0.128290  0.114463
1277  0.097815  0.014289  0.009772
1278  -0.432777  -0.078272  0.193422
1279  -0.033634  0.106451  0.012463
1280  0.493941  -0.128609  0.260518
1281  -0.096671  -0.262452  0.078226
1282  0.428861  0.084065  0.190988
1283  0.058312  0.066534  0.007827
1284  0.105935  0.169693  0.040018
1285  0.089349  0.084913  0.015194
1286  0.212288  0.052762  0.047850
1287  -0.116682  0.027455  0.014368
1288  0.261904  0.129325  0.085319
1289  -0.285699  0.597487  0.438615
1290  -0.309567  -0.606445  0.463608
1291  0.156032  0.074057  0.029830
1292  -0.328668  -0.005645  0.108054
1293  -0.106616  -0.068415  0.016048
1294  0.490357  0.002128  0.240454
1295  0.088225  0.065948  0.012133
1296  -0.236117  0.267475  0.127294
1297  0.250621  -0.024120  0.063393
1298  -0.129679  -0.139301  0.036221
1299  -0.475925  0.182468  0.259799
1300  0.043269  0.084351  0.008987
1301  0.141719  0.048654  0.022451
1302  -0.090825  0.270512  0.081426
1303  -0.293117  -0.089897  0.093999
1304  0.023882  -0.353700  0.125674
1305  0.207081  0.659824  0.478250
1306  -0.523905  -0.118255  0.288461
1307  0.272089  0.008306  0.074102
1308  0.101677  -0.247262  0.071477
1309  0.507221  -0.436541  0.447841
1310  -0.569001  -0.012199  0.323911
1311  -0.130985  0.320624  0.119957
1312  -0.406178  -0.149057  0.187198
1313  -0.111197  -0.099320  0.022229
1314  0.194794  -0.252221  0.101560
1315  -0.245355  -0.204328  0.101949
1316  0.056299  -0.332014  0.113403
1317  0.187543  -0.134517  0.053267
1318  -0.028148  -0.004590  0.000813
1319  0.389631  -0.208548  0.195305
1320  0.289070  0.279937  0.161926
1321  -0.435505  -0.040179  0.191279
1322  0.106358  0.161073  0.037256
1323  0.150642  0.028424  0.023501
1324  0.146769  0.167579  0.049624
1325  0.104944  -0.162283  0.037349
1326  -0.407744  -0.023485  0.166807
1327  -0.178854  0.051287  0.034619
1328  -0.405932  0.066335  0.169181
1329  -0.146193  0.282057  0.100928
1330  0.037461  0.527251  0.279397
1331  0.493311  0.163470  0.270078
1332  -0.023195  0.176200  0.031584
1333  -0.131928  -0.342536  0.134736
1334  -0.077604  0.060804  0.009719
1335  -0.201376  0.576572  0.372987
1336  0.081660  0.235990  0.062360
1337  0.320275  -0.135378  0.120903
1338  -0.365035  -0.523409  0.407208
1339  -0.106412  0.420503  0.188146
1340  0.056434  -0.024957  0.003808
1341  -0.607180  -0.167887  0.396854
1342  0.008597  -0.102966  0.010676
1343  0.329120  -0.241539  0.166661
1344  -0.103824  0.573257  0.339403
1345  0.092247  -0.026463  0.009210
1346  -0.071039  -0.201631  0.045702
1347  -0.096027  -0.167116  0.037149
1348  0.152510  0.039744  0.024839
1349  0.100280  -0.262054  0.078729
1350  -0.104675  0.471633  0.233395
1351  0.023281  -0.029007  0.001383
1352  -0.215685  -0.026490  0.047222
1353  -0.038464  0.163949  0.028359
1354  0.400836  -0.485279  0.396165
1355  0.057874  0.131569  0.020660
1356  0.091820  0.124159  0.023846
1357  -0.159523  -0.228758  0.077778
1358  -0.386924  0.125368  0.165427
1359  0.074322  0.165069  0.032772
1360  0.282372  0.072219  0.084950
1361  0.100895  0.118073  0.024121
1362  -0.056934  0.438843  0.195825
1363  -0.099863  0.211932  0.054888
1364  0.035135  -0.213308  0.046735
1365  -0.289596  0.295741  0.171328
1366  -0.123282  0.105811  0.026394
1367  0.323531  0.000417  0.104672
1368  -0.200707  0.107351  0.051808
1369  0.279915  -0.368586  0.214208
1370  -0.121524  -0.023248  0.015308
1371  0.158902  -0.237509  0.081660
1372  -0.151332  0.191823  0.059697
1373  0.278777  -0.298732  0.166957
1374  -0.243220  -0.176075  0.090158
1375  -0.066539  -0.189862  0.040475
1376  -0.104668  -0.662869  0.450351
1377  0.142064  -0.197838  0.059322
1378  0.135792  0.414165  0.189972
1379  -0.127403  0.142508  0.036540
1380  0.198895  0.453540  0.245258
1381  -0.070860  -0.521848  0.277347
1382  -0.958708  0.386998  1.068890
1383  -0.296650  -0.271938  0.161951
1384  -0.277502  -0.060039  0.080612
1385  -0.030907  -0.367156  0.135759
1386  -0.276478  -0.332747  0.187160
1387  -0.091653  0.088681  0.016265
1388  0.541131  -0.172733  0.322659
1389  0.172629  0.452454  0.234516
1390  -0.208139  0.268599  0.115468
1391  0.250869  -0.357416  0.190682
1392  -0.326476  0.333351  0.217710
1393  -0.139604  -0.236926  0.075623
1394  -0.127939  0.228737  0.068689
1395  0.077390  -0.480373  0.236748
1396  -0.491427  -0.057496  0.244806
1397  0.210099  -0.263782  0.113723
1398  -0.305133  -0.211714  0.137929
1399  -0.098956  -0.003301  0.009803
1400  0.299610  0.175116  0.120432
1401  -0.157340  -0.202011  0.065564
1402  0.320145  0.260780  0.170499
1403  0.183787  -0.172885  0.063667
1404  -0.106922  0.200738  0.051728
1405  -0.116727  0.227445  0.065356
1406  -0.101533  0.609531  0.381838
1407  -0.395714  -0.500218  0.406808
1408  -0.208875  0.046905  0.045829
1409  -0.011122  -0.114913  0.013329
1410  -0.034166  -0.435230  0.190593
1411  -0.370103  0.100751  0.147127
1412  -0.005997  -0.644985  0.416042
1413  -0.005358  -0.171019  0.029276
1414  -0.331364  -0.352649  0.234163
1415  -0.136937  0.327319  0.125889
1416  0.833350  0.031356  0.695455
1417  -0.053581  0.096704  0.012223
1418  0.370027  -0.335152  0.249248
1419  -0.029028  0.254430  0.065577
1420  -0.500287  -0.056404  0.253468
1421  -0.412347  -0.098531  0.179738
1422  0.059226  -0.225648  0.054425
1423  -0.136716  0.392046  0.172392
1424  -0.509951  -0.413366  0.430922
1425  -0.213970  0.038156  0.047239
1426  0.135474  -0.117935  0.032262
1427  0.061037  0.166583  0.031476
1428  -0.079052  0.161133  0.032213
1429  -0.645361  0.137498  0.435396
1430  -0.247158  0.102270  0.071546
1431  -0.328309  -0.262438  0.176660
1432  0.145239  -0.012085  0.021241
1433  -0.388012  0.605598  0.517302
1434  -0.251499  0.204366  0.105018
1435  -0.178441  -0.199172  0.071511
1436  -0.391869  -0.063051  0.157537
1437  0.547631  -0.595262  0.654236
1438  0.359076  0.334803  0.241029
1439  0.161525  -0.277200  0.102930
1440  -0.303597  0.551706  0.396550
1441  0.021691  -0.381535  0.146039
1442  0.444529  -0.007825  0.197667
1443  -0.227767  -0.251899  0.115331
1444  -0.151417  -0.026596  0.023634
1445  -0.657585  0.358059  0.560624
1446  -0.382531  0.058282  0.149727
1447  -0.094863  0.078478  0.015158
1448  -0.281007  -0.497897  0.326867
1449  -0.339255  0.232130  0.168979
1450  -0.126889  -0.072417  0.021345
1451  0.134953  0.348488  0.139656
1452  0.189447  -0.658323  0.469279
1453  -0.097287  0.149153  0.031711
1454  -0.410872  -0.299106  0.258280
1455  -0.394909  -0.122040  0.170847
1456  0.171193  0.214303  0.075233
1457  0.247292  0.103315  0.071828
1458  -0.216840  -0.391078  0.199962
1459  -0.267028  0.195241  0.109423
1460  0.474875  0.125794  0.241330
1461  0.047507  -0.349968  0.124735
1462  0.395955  0.759243  0.733230
1463  0.504835  0.070145  0.259779
1464  -0.039998  0.366787  0.136133
1465  -0.458938  -0.387949  0.361129
1466  -0.107026  0.108294  0.023182
1467  0.179541  -0.237257  0.088526
1468  0.450966  0.312433  0.300985
1469  0.123407  0.014380  0.015436
1470  -0.627097  0.026382  0.393947
1471  -0.053784  -0.303935  0.095269
1472  0.175937  0.114126  0.043979
1473  -0.106993  0.035357  0.012698
1474  -0.359968  -0.409208  0.297028
1475  0.162876  -0.023064  0.027061
1476  -0.264676  -0.725980  0.597101
1477  -0.273049  -0.186880  0.109480
1478  -0.070108  0.078986  0.011154
1479  -0.131473  -0.236606  0.073267
1480  -0.152499  0.326651  0.129957
1481  0.684900  -0.836481  1.168789
1482  0.014276  -0.052327  0.002942
1483  -0.145225  0.994264  1.009652
1484  -0.019355  -0.290018  0.084485
1485  -0.056210  -0.183873  0.036969
1486  -0.126626  0.419672  0.192158
1487  -0.277705  0.025174  0.077754
1488  0.374317  0.501631  0.391747
1489  -0.092374  0.076607  0.014401
1490  0.140604  0.489287  0.259171
1491  -0.229693  0.029737  0.053643
1492  0.488944  -0.226495  0.290367
1493  -0.364468  0.012529  0.132994
1494  -0.912301  -0.317271  0.932955
1495  -0.352486  0.099008  0.134049
1496  0.491812  -0.698237  0.729414
1497  -0.280844  0.148347  0.100880
1498  0.298672  -0.104030  0.100027
1499  0.493324  0.565588  0.563258
1500  0.336412  -0.084807  0.120365
1501  -0.288013  0.502069  0.335025
1502  -0.279739  0.239299  0.135518
1503  -0.299439  0.570945  0.415642
1504  -0.085575  -0.337408  0.121168
1505  -0.039077  0.457965  0.211259
1506  0.558910  0.005562  0.312411
1507  -0.386759  -0.086054  0.156988
1508  -0.456967  0.287870  0.291688
1509  0.750840  -0.136692  0.582445
1510  -0.154400  -0.092330  0.032364
1511  -0.093184  -0.265780  0.079322
1512  0.260253  -0.206430  0.110345
1513  -0.161357  0.355149  0.152167
1514  0.826302  0.258403  0.749547
1515  0.188554  -0.003701  0.035566
1516  0.424772  0.122309  0.195391
1517  -0.030917  -0.082748  0.007803
1518  -0.091585  -0.209781  0.052396
1519  -0.039927  -0.215117  0.047869
1520  0.256215  0.450671  0.268750
1521  0.256892  -0.246423  0.126718
1522  0.135243  -0.683414  0.485346
1523  -0.055135  -0.030400  0.003964
1524  0.063567  -0.760157  0.581879
1525  0.571169  -0.023196  0.326772
1526  0.600855  -0.352665  0.485400
1527  0.056773  -0.456213  0.211353
1528  -0.032596  -0.067601  0.005632
1529  -0.292047  -0.268430  0.157346
1530  -0.231903  -0.122871  0.068876
1531  -0.448527  0.256537  0.266987
1532  -0.264298  -0.548201  0.370378
1533  0.153093  0.071782  0.028590
1534  -0.084985  0.395715  0.163813
1535  -0.023442  0.222281  0.049958
1536  -0.409227  -0.498400  0.415869
1537  0.026077  0.247168  0.061772
1538  0.425303  0.096500  0.190195
1539  0.346875  -0.280090  0.198773
1540  0.220797  0.093655  0.057523
1541  -0.827887  0.185659  0.719867
1542  -0.508464  0.238972  0.315644
1543  0.002974  0.598869  0.358653
1544  0.748890  0.399661  0.720566
1545  0.202344  0.241804  0.099412
1546  -0.484386  -0.217503  0.281938
1547  -0.308819  0.058992  0.098849
1548  -0.217967  0.112922  0.060261
1549  0.358764  -0.284780  0.209811
1550  -0.053720  -0.116104  0.016366
1551  -0.421291  -0.158467  0.202598
1552  0.608443  -0.397747  0.528406
1553  -0.176544  0.002692  0.031175
1554  0.284423  0.123788  0.096220
1555  -0.343044  -0.246639  0.178510
1556  0.218735  -0.489388  0.287346
1557  -0.762554  -0.145762  0.602736
1558  -0.484234  -0.088433  0.242303
1559  -0.010164  -0.338867  0.114934
1560  0.424474  0.523307  0.454028
1561  -0.226245  -0.074204  0.056693
1562  0.335694  -0.377158  0.254939
1563  -0.135775  -0.134937  0.036643
1564  -0.866902  -0.291606  0.836554
1565  0.019498  0.202142  0.041242
1566  0.033854  0.392805  0.155442
1567  -0.259665  0.453495  0.273084
1568  -0.438596  -0.312360  0.289935
1569  -0.510779  -0.038500  0.262377
1570  0.461954  0.072770  0.218697
1571  -0.321990  0.518615  0.372640
1572  0.388565  0.011990  0.151126
1573  -0.160410  0.487229  0.263123
1574  0.261835  0.073786  0.074002
1575  0.187416  -0.153477  0.058680
1576  -0.191373  -0.509598  0.296314
1577  0.716590  -0.477355  0.741369
1578  -0.201509  0.079101  0.046863
1579  0.146003  0.149208  0.043580
1580  0.179884  -0.803238  0.677550
1581  -0.633434  0.229629  0.453968
1582  -0.015468  0.347131  0.120739
1583  0.385954  -0.306076  0.242643
1584  -0.406952  -0.073159  0.170962
1585  -0.472482  -0.222119  0.272576
1586  -0.226246  0.059650  0.054746
1587  0.528704  -0.154535  0.303409
1588  -0.721530  0.052625  0.523375
1589  0.093645  0.502717  0.261493
1590  0.012645  -0.026081  0.000840
1591  0.085266  -0.087476  0.014922
1592  0.066732  -0.466985  0.222528
1593  -0.299545  -0.205972  0.132152
1594  -0.541873  0.101646  0.303958
1595  -0.180683  -0.068873  0.037390
1596  0.319177  0.017786  0.102191
1597  0.222807  -0.186697  0.084499
1598  -0.073792  0.152009  0.028552
1599  -0.470403  0.415160  0.393637
1600  0.226025  -0.057547  0.054399
1601  -0.333832  0.105123  0.122495
1602  -0.454829  -0.255871  0.272339
1603  -0.145955  0.052974  0.024109
1604  0.036151  0.214419  0.047282
1605  -0.206658  0.237667  0.099193
1606  0.142151  -0.577343  0.353531
1607  -0.027728  -0.312881  0.098663
1608  -0.924629  -0.188378  0.890424
1609  -0.128540  0.694445  0.498776
1610  0.486989  -0.252102  0.300714
1611  0.105878  -0.152864  0.034578
1612  0.062033  -0.189468  0.039746
1613  0.046775  -0.155354  0.026323
1614  0.402787  0.013669  0.162424
1615  -0.076320  -0.331729  0.115869
1616  0.507986  -0.146787  0.279596
1617  -0.384990  0.453788  0.354140
1618  -0.176154  -0.068875  0.035774
1619  -0.572563  -0.047899  0.330123
1620  -0.784000  0.546992  0.913857
1621  0.192699  -0.066143  0.041508
1622  0.488130  -0.224839  0.288824
1623  -0.109255  0.569284  0.336021
1624  0.248928  0.006481  0.062007
1625  -0.004181  0.250681  0.062859
1626  -0.269630  -0.109958  0.084791
1627  -0.213117  -0.134436  0.063492
1628  -0.244134  -0.250489  0.122346
1629  -0.223176  0.182140  0.082982
1630  0.828963  -0.204467  0.728986
1631  0.217010  -0.515157  0.312480
1632  -0.438912  0.371888  0.330944
1633  -0.247206  0.021436  0.061570
1634  0.504524  -0.117535  0.268359
1635  -0.104238  -0.103835  0.021647
1636  -0.274465  0.374991  0.215949
1637  0.600197  -0.094487  0.369165
1638  -0.165119  0.078515  0.033429
1639  -0.341232  0.456263  0.324615
1640  -0.126689  0.207845  0.059250
1641  0.070313  0.280141  0.083423
1642  0.253127  0.163897  0.090935
1643  0.470565  0.046469  0.223591
1644  0.206852  0.330423  0.151967
1645  0.423026  -0.245104  0.239027
1646  0.087354  -0.022759  0.008149
1647  -0.074572  0.043086  0.007417
1648  -0.173278  -0.369331  0.166430
1649  -0.583470  -0.136268  0.359006
1650  -0.510142  0.027220  0.260986
1651  -0.194999  -0.200816  0.078352
1652  -0.095417  -0.260700  0.077069
1653  0.559823  -0.190353  0.349637
1654  0.077585  -0.586887  0.350455
1655  0.266630  -0.495062  0.316178
1656  -0.168619  -0.217094  0.075562
1657  -0.037245  0.398293  0.160025
1658  -0.154033  0.201919  0.064498
1659  -0.571802  0.318496  0.428397
1660  -0.122740  -0.246595  0.075874
1661  0.290420  0.226116  0.135472
1662  -0.166986  0.046146  0.030014
1663  -0.406277  0.385519  0.313685
1664  -0.133167  -0.116290  0.031257
1665  -0.602282  -0.445908  0.561578
1666  0.015266  -0.400781  0.160858
1667  0.018571  0.421899  0.178344
1668  0.370123  -0.024349  0.137584
1669  0.234206  0.160359  0.080567
1670  -0.125832  -0.088992  0.023753
1671  0.092599  0.478261  0.237308
1672  -0.167712  0.155447  0.052291
1673  0.301543  0.069836  0.095805
1674  -0.115891  0.063094  0.017411
1675  -0.009861  -0.464635  0.215983
1676  0.355968  0.064758  0.130907
1677  0.420388  0.015271  0.176959
1678  0.041952  0.077463  0.007760
1679  0.257518  0.300797  0.156794
1680  0.154476  0.004435  0.023883
1681  0.136907  0.355444  0.145084
1682  -0.270660  -0.065542  0.077553
1683  0.397392  0.190438  0.194187
1684  -0.120593  0.203806  0.056080
1685  -0.151911  0.120926  0.037700
1686  -0.077727  0.054394  0.009000
1687  0.199491  -0.268861  0.112082
1688  -0.325855  0.006645  0.106226
1689  -0.454845  -0.308710  0.302186
1690  -0.469828  0.245012  0.280769
1691  0.026616  0.235635  0.056232
1692  -0.012353  0.475466  0.226221
1693  0.445771  0.118436  0.212739
1694  0.036242  0.216593  0.048226
1695  0.131797  -0.224647  0.067837
1696  0.155962  0.130176  0.041270
1697  -0.374351  -0.257865  0.206633
1698  0.424770  -0.014311  0.180634
1699  0.022529  -0.343572  0.118550
1700  -0.010158  0.205936  0.042513
1701  -0.014480  0.193895  0.037805
1702  0.296411  -0.576742  0.420491
1703  0.258891  -0.309826  0.163017
1704  0.093933  0.293013  0.094680
1705  0.087000  0.076270  0.013386
1706  0.435209  -0.152879  0.212779
1707  -0.224544  -0.285910  0.132164
1708  -0.063466  0.205996  0.046462
1709  0.083316  -0.202676  0.048019
1710  -0.540908  0.151635  0.315574
1711  0.146184  -0.060148  0.024988
1712  -0.061743  0.038030  0.005259
1713  -0.120718  -0.048734  0.016948
1714  0.148350  -0.243744  0.081419
1715  0.134110  -0.088277  0.025778
1716  0.215067  -0.023791  0.046820
1717  0.146852  0.372968  0.160670
1718  0.437558  -0.057389  0.194751
1719  0.131235  0.154337  0.041042
1720  -0.025418  -0.259956  0.068223
1721  0.109909  -0.086974  0.019645
1722  -0.194885  0.262510  0.106892
1723  -0.224860  -0.245183  0.110677
1724  0.058413  0.076056  0.009197
1725  0.383441  -0.332585  0.257640
1726  0.161543  0.123810  0.041425
1727  -0.352742  0.375779  0.265637
1728  0.312447  0.324599  0.202988
1729  0.264248  -0.537101  0.358305
1730  -0.058214  0.112394  0.016021
1731  0.344259  -0.002928  0.118523
1732  -0.476070  -0.347900  0.347677
1733  0.173189  0.415395  0.202547
1734  0.417260  -0.323789  0.278945
1735  -0.157509  0.118668  0.038891
1736  0.122860  -0.328881  0.123257
1737  -0.393640  0.028484  0.155764
1738  0.062802  0.126817  0.020027
1739  -0.026267  0.085802  0.008052
1740  0.116353  -0.036105  0.014842
1741  -0.013315  0.151921  0.023257
1742  0.369173  0.087721  0.143983
1743  0.323293  0.150867  0.127279
1744  0.183620  -0.369043  0.169909
1745  -0.149259  -0.032333  0.023324
1746  0.368517  -0.062114  0.139663
1747  -0.036435  0.238891  0.058396
1748  0.124031  -0.156411  0.039848
1749  -0.031779  0.073424  0.006401
1750  0.122599  0.078067  0.021125
1751  -0.106609  -0.084212  0.018457
1752  -0.107155  -0.238094  0.068171
1753  0.076919  -0.034077  0.007078
1754  0.118478  -0.028583  0.014854
1755  0.080601  -0.064282  0.010629
1756  -0.310352  0.013405  0.096498
1757  -0.017501  -0.104790  0.011287
1758  0.099465  0.043072  0.011748
1759  0.029726  -0.124264  0.016325
1760  0.177211  -0.117513  0.045213
1761  -0.071618  -0.113443  0.017999
1762  0.129557  -0.028359  0.017589
1763  0.184891  -0.030699  0.035127
1764  -0.049957  -0.029463  0.003364
1765  0.103413  0.269677  0.083420
1766  0.078340  0.028859  0.006970
1767  0.109550  -0.293085  0.097900
1768  -0.200740  0.003401  0.040308
1769  0.096532  0.384989  0.157535
1770  -0.085278  -0.037528  0.008681
1771  0.166969  0.055730  0.030985
1772  -0.018385  -0.214138  0.046193
1773  0.093344  0.236195  0.064501
1774  0.064930  0.083246  0.011146
1775  -0.237612  0.169402  0.085156
1776  -0.142052  -0.101442  0.030469
1777  0.346014  0.114203  0.132768
1778  -0.206626  0.123727  0.058003
1779  0.001210  0.006156  0.000039
1780  0.100974  0.011873  0.010337
1781  0.175241  -0.200047  0.070728
1782  -0.040258  -0.320846  0.104563
1783  -0.212816  0.149960  0.067779
1784  -0.087441  0.032618  0.008710
1785  0.038779  -0.178861  0.033495
1786  0.134754  -0.078787  0.024366
1787  0.177738  -0.047974  0.033892
1788  -0.057599  -0.105403  0.014427
1789  0.138560  -0.173071  0.049152
1790  0.146688  0.119991  0.035915
1791  -0.077820  0.056675  0.009268
1792  0.180876  -0.011566  0.032850
1793  0.018066  -0.037659  0.001745
1794  -0.116506  0.312203  0.111044
1795  -0.034402  -0.139613  0.020675
1796  0.174367  0.237540  0.086829
1797  0.223935  -0.161519  0.076236
1798  -0.253269  0.014803  0.064364
1799  -0.210060  0.000467  0.044126
1800  -0.159833  -0.120861  0.040154
1801  0.272973  -0.043897  0.076441
1802  -0.044890  -0.135851  0.020471
1803  0.279142  0.033914  0.079070
1804  0.159919  0.275746  0.101610
1805  0.200850  0.025630  0.040998
1806  0.022848  -0.351109  0.123800
1807  0.012272  -0.014055  0.000348
1808  0.094936  0.101667  0.019349
1809  -0.143957  0.081322  0.027337
1810  0.030634  -0.209073  0.044650
1811  -0.151334  -0.108805  0.034740
1812  0.198480  0.046542  0.041560
1813  -0.170324  -0.289281  0.112693
1814  -0.135710  -0.116370  0.031959
1815  -0.068697  0.046822  0.006912
1816  0.108344  -0.098990  0.021537
1817  -0.168339  0.093994  0.037173
1818  0.200958  0.261035  0.108523
1819  -0.071735  0.084208  0.012237
1820  -0.092574  0.011008  0.008691
1821  -0.065138  0.041675  0.005980
1822  0.116919  -0.002829  0.013678
1823  0.038600  -0.105017  0.012519
1824  -0.007496  0.006748  0.000102
1825  -0.045897  -0.127678  0.018408
1826  -0.016836  -0.052534  0.003043
1827  -0.178535  -0.028586  0.032692
1828  0.113165  0.043427  0.014692
1829  0.039579  0.006421  0.001608
1830  0.195077  -0.064440  0.042208
1831  -0.016151  0.123204  0.015440
1832  0.137965  0.141752  0.039128
1833  -0.059411  -0.007474  0.003585
1834  -0.204066  0.146671  0.063155
1835  0.218924  0.089972  0.056023
1836  -0.298397  -0.040312  0.090666
1837  -0.022899  0.019891  0.000920
1838  0.020060  0.075327  0.006077
1839  -0.180939  0.032282  0.033781
1840  0.132318  0.146794  0.039056
1841  0.056668  0.052791  0.005998
1842  -0.277124  -0.266466  0.147801
1843  -0.021993  0.278190  0.077874
1844  0.122102  0.003718  0.014923
1845  -0.219097  -0.015147  0.048233
1846  0.099824  0.011612  0.010100
1847  -0.038985  0.075421  0.007208
1848  0.267461  -0.154258  0.095331
1849  -0.103957  -0.201328  0.051340
1850  -0.268482  0.062806  0.076027
1851  0.211556  -0.132756  0.062380
1852  0.185448  -0.177337  0.065840
1853  -0.016300  0.163940  0.027142
1854  0.018107  0.042130  0.002103
1855  0.154678  0.054573  0.026903
1856  -0.055908  0.132208  0.020605
1857  0.102119  0.029283  0.011286
1858  0.066070  -0.023091  0.004898
1859  -0.000331  -0.152073  0.023126
1860  -0.050448  -0.061089  0.006277
1861  0.024711  0.132871  0.018265
1862  -0.013521  0.027657  0.000948
1863  -0.066667  -0.006348  0.004485
1864  0.097798  0.132942  0.027238
1865  0.080892  0.093036  0.015199
1866  0.187980  -0.072493  0.040592
1867  0.030805  0.004324  0.000968
1868  -0.130791  -0.170774  0.046270
1869  0.121101  -0.026144  0.015349
1870  -0.124037  -0.024385  0.015980
1871  0.116709  0.155988  0.037953
1872  0.002473  -0.071780  0.005158
1873  0.193157  0.050698  0.039880
1874  -0.003842  -0.142814  0.020411
1875  -0.043487  0.150448  0.024526
1876  0.037217  -0.032891  0.002467
1877  -0.097314  0.146522  0.030939
1878  -0.009561  -0.092979  0.008737
1879  0.271764  0.143734  0.094515
1880  -0.005760  -0.016004  0.000289
1881  0.215242  0.227804  0.098224
1882  0.139890  0.062012  0.023415
1883  0.137223  -0.118646  0.032907
1884  -0.107885  0.115825  0.025055
1885  0.081491  -0.103077  0.017266
1886  -0.017008  0.007961  0.000353
1887  0.096920  0.168539  0.037799
1888  -0.029214  0.011547  0.000987
1889  -0.017147  0.007200  0.000346
1890  0.144567  0.237582  0.077345
1891  0.055362  0.243867  0.062536
1892  0.007261  -0.074657  0.005626
1893  0.150003  -0.236336  0.078356
1894  0.034847  0.037411  0.002614
1895  0.289984  0.180610  0.116711
1896  0.176746  -0.026685  0.031951
1897  -0.001114  0.011095  0.000124
1898  0.234626  -0.081708  0.061725
1899  0.028943  -0.047618  0.003105
1900  -0.176149  -0.213918  0.076789
1901  -0.055123  -0.120402  0.017535
1902  0.015467  0.158193  0.025264
1903  -0.180594  -0.135405  0.050949
1904  0.052787  0.018240  0.003119
1905  -0.037817  0.076732  0.007318
1906  0.069658  -0.067778  0.009446
1907  -0.053968  -0.106871  0.014334
1908  0.072217  -0.180446  0.037776
1909  -0.246334  0.070351  0.065630
1910  0.115317  -0.150099  0.035828
1911  -0.011486  0.021136  0.000579
1912  -0.054799  0.016786  0.003285
1913  -0.103056  0.044925  0.012639
1914  0.102814  0.045628  0.012653
1915  0.145332  0.051428  0.023766
1916  0.036151  0.066449  0.005722
1917  -0.045334  0.138922  0.021354
1918  -0.049277  0.152070  0.025553
1919  0.052119  0.143267  0.023242
1920  0.045908  0.177087  0.033467
1921  -0.092930  0.061118  0.012372
1922  -0.001756  -0.073587  0.005418
1923  -0.048726  0.182797  0.035789
1924  -0.127427  0.154464  0.040096
1925  0.025882  -0.053683  0.003552
1926  0.126943  -0.075218  0.021772
1927  0.053131  -0.032474  0.003877
1928  0.019991  -0.211567  0.045160
1929  0.011344  -0.119228  0.014344
1930  0.016981  -0.030302  0.001207
1931  0.024223  -0.002997  0.000596
1932  0.100715  -0.055122  0.013182
1933  0.044625  -0.028355  0.002795
1934  0.019402  0.012481  0.000532
1935  0.030454  -0.129654  0.017738
1936  -0.112236  0.265751  0.083221
1937  0.049403  -0.024297  0.003031
1938  0.010202  -0.194075  0.037769
1939  -0.036772  0.103522  0.012069
1940  0.084873  0.035542  0.008467
1941  0.052730  -0.135972  0.021269
1942  -0.023089  0.024559  0.001136
1943  0.067817  0.052895  0.007397
1944  0.023735  0.095249  0.009636
1945  -0.015648  -0.096968  0.009648
1946  0.070448  -0.144209  0.025759
1947  0.023443  -0.000089  0.000550
1948  -0.043519  -0.095314  0.010979
1949  -0.065219  -0.058308  0.007653
1950  0.080397  -0.087063  0.014044
1951  -0.039154  -0.109359  0.013492
1952  -0.073121  0.037551  0.006757
1953  0.072381  -0.055452  0.008314
1954  0.065040  0.181512  0.037177
1955  -0.040809  0.048132  0.003982
1956  0.178959  0.029816  0.032915
1957  -0.012770  -0.057825  0.003507
1958  -0.027298  -0.047436  0.002995
1959  -0.076367  0.049963  0.008328
1960  0.012333  0.048200  0.002475
1961  0.041537  -0.027450  0.002479
1962  0.148936  -0.004476  0.022202
1963  -0.037829  -0.005159  0.001458
1964  0.040542  0.104099  0.012480
1965  0.051865  0.126159  0.018606
1966  -0.031410  -0.122629  0.016024
1967  -0.095518  -0.004082  0.009140
1968  -0.057601  -0.062483  0.007222
1969  0.031037  -0.053467  0.003822
1970  -0.094339  -0.099595  0.018819
1971  0.026496  0.074566  0.006262
1972  -0.112213  -0.139563  0.032069
1973  -0.125048  0.031617  0.016637
1974  -0.122667  -0.026352  0.015742
1975  -0.004173  0.084585  0.007172
1976  -0.078535  0.107926  0.017816
1977  0.060500  0.025010  0.004286
1978  -0.066391  0.097890  0.013990
1979  0.095980  0.042190  0.010992
1980  -0.006252  -0.113488  0.012919
1981  0.048340  0.021098  0.002782
1982  -0.085984  -0.032406  0.008443
1983  0.033629  0.111748  0.013618
1984  -0.068037  0.001758  0.004632
1985  0.009717  0.041496  0.001816
1986  0.023630  -0.021656  0.001027
1987  -0.003468  0.039451  0.001568
1988  0.018249  -0.025693  0.000993
1989  0.100513  0.030839  0.011054
1990  -0.034922  0.005627  0.001251
1991  -0.002054  -0.171592  0.029448
1992  0.059467  0.076067  0.009322
1993  0.080188  -0.020749  0.006861
1994  0.043326  0.027884  0.002655
1995  0.072795  0.023507  0.005852
1996  0.019495  -0.084295  0.007486
1997  0.000648  -0.035305  0.001247
1998  0.033784  -0.007716  0.001201
1999  -0.042059  -0.072700  0.007054
2000  0.127068  -0.012298  0.016298
2001  -0.018094  -0.009061  0.000409
2002  -0.110513  -0.032511  0.013270
2003  -0.021972  -0.091950  0.008938
2004  -0.000954  -0.009882  0.000099
2005  -0.058968  -0.004827  0.003501
2006  0.029183  -0.023771  0.001417
2007  0.152727  0.036952  0.024691
2008  -0.043621  0.010100  0.002005
2009  -0.030100  0.128641  0.017454
2010  0.014083  0.039261  0.001740
2011  0.152093  -0.074636  0.028703
2012  -0.021781  -0.036939  0.001839
2013  -0.031605  -0.068130  0.005641
2014  0.053602  -0.002650  0.002880
2015  0.080491  -0.042904  0.008320
2016  0.043461  -0.008060  0.001954
2017  -0.092083  -0.101796  0.018842
2018  -0.009198  -0.083721  0.007094
2019  -0.007538  -0.046148  0.002187
2020  -0.036645  -0.057227  0.004618
2021  -0.007374  -0.033286  0.001162
2022  0.009618  0.009834  0.000189
2023  -0.007872  0.000353  0.000062
2024  0.036036  0.035018  0.002525
2025  -0.012529  -0.105822  0.011355
2026  -0.064014  0.074476  0.009645
2027  -0.113519  -0.002788  0.012894
2028  0.082116  -0.010401  0.006851
2029  -0.046864  -0.008470  0.002268
2030  0.018368  0.007775  0.000398
2031  0.005421  -0.083333  0.006974
2032  0.045870  0.035417  0.003358
2033  -0.068413  0.051618  0.007345
2034  -0.030789  0.036048  0.002247
2035  -0.002722  0.002991  0.000016
2036  0.140454  0.044341  0.021694
2037  -0.004187  0.002298  0.000023
2038  -0.076527  -0.107178  0.017343
2039  -0.008132  0.037881  0.001501
2040  0.010819  -0.021797  0.000592
2041  -0.011523  -0.059753  0.003703
2042  -0.031597  -0.010730  0.001113
2043  -0.012862  -0.033007  0.001255
2044  0.000662  -0.001481  0.000003
2045  0.024343  -0.005045  0.000618
2046  -0.028207  -0.010015  0.000896
2047  -0.019964  0.030691  0.001341
