0  -0.024670  -0.196454  0.039203
1  -0.056685  0.078165  0.009323
2  0.079513  0.056531  0.009518
3  -0.004744  0.096837  0.009400
4  -0.132182  -0.032605  0.018535
5  0.113040  -0.119657  0.027096
6  -0.040583  0.122886  0.016748
7  -0.001554  -0.125635  0.015787
8  0.029994  -0.135082  0.019147
9  0.030873  0.014206  0.001155
10  0.076995  -0.132980  0.023612
11  -0.048712  0.089468  0.010377
12  -0.036924  -0.028830  0.002195
13  0.088083  -0.129713  0.024584
14  -0.158282  -0.015079  0.025281
15  0.055509  -0.112085  0.015644
16  -0.066416  -0.076818  0.010312
17  -0.004792  0.003224  0.000033
18  -0.042485  0.054189  0.004741
19  0.017147  0.038657  0.001788
20  0.057919  0.144825  0.024329
21  0.017895  0.004961  0.000345
22  -0.071396  0.025564  0.005751
23  -0.020471  0.025854  0.001087
24  -0.044363  0.011275  0.002095
25  -0.000043  -0.018383  0.000338
26  -0.088804  0.029986  0.008785
27  0.074046  -0.015396  0.005720
28  -0.019033  0.084682  0.007533
29  -0.007788  -0.021536  0.000524
30  -0.100606  0.017295  0.010421
31  0.109004  0.014722  0.012098
32  0.023580  -0.014446  0.000765
33  0.012043  -0.038333  0.001614
34  0.036546  -0.039324  0.002882
35  0.091658  -0.142035  0.028575
36  -0.025326  -0.145303  0.021754
37  0.048749  -0.088009  0.010122
38  -0.048128  0.115406  0.015635
39  0.087581  -0.035265  0.008914
40  0.013850  0.082746  0.007039
41  0.073080  -0.101187  0.015579
42  -0.015552  0.016288  0.000507
43  0.021283  0.104003  0.011270
44  0.027971  -0.009908  0.000881
45  0.019704  0.055140  0.003429
46  -0.046758  -0.044354  0.004154
47  0.042013  -0.008943  0.001845
48  -0.034958  0.053130  0.004045
49  -0.008032  0.118083  0.014008
50  0.035964  0.036868  0.002653
51  -0.053933  0.015325  0.003144
52  0.029746  0.044692  0.002882
53  -0.053064  -0.061589  0.006609
54  0.071262  0.014189  0.005280
55  -0.075170  -0.005132  0.005677
56  0.057865  -0.086751  0.010874
57  -0.001578  -0.022173  0.000494
58  0.013017  -0.048370  0.002509
59  -0.060684  -0.020792  0.004115
60  0.005043  -0.009997  0.000125
61  0.010602  -0.010060  0.000214
62  0.001537  -0.040332  0.001629
63  -0.031931  -0.020687  0.001448
64  0.087110  -0.012396  0.007742
65  -0.016137  -0.001204  0.000262
66  0.013808  -0.010910  0.000310
67  -0.062945  0.018408  0.004301
68  0.082789  -0.060054  0.010461
69  -0.028264  -0.042758  0.002627
70  0.170400  -0.017918  0.029357
71  -0.017880  0.067017  0.004811
72  0.052436  -0.016484  0.003021
73  -0.060860  -0.076880  0.009614
74  0.006996  0.057049  0.003303
75  -0.020192  0.076353  0.006238
76  -0.015137  0.032196  0.001266
77  0.001347  0.001562  0.000004
78  -0.086952  0.022884  0.008084
79  0.003996  0.035960  0.001309
80  0.026859  -0.000565  0.000722
81  0.100565  -0.071145  0.015175
82  0.067279  -0.034299  0.005703
83  0.002351  0.056253  0.003170
84  0.055661  0.010825  0.003215
85  0.012253  0.030402  0.001074
86  -0.035246  0.004757  0.001265
87  0.003015  0.014796  0.000228
88  0.031470  -0.002713  0.000998
89  -0.068252  -0.004693  0.004680
90  -0.046780  -0.004772  0.002211
91  -0.035495  -0.071927  0.006433
92  -0.036757  0.064388  0.005497
93  0.027859  0.012246  0.000926
94  0.005944  -0.110654  0.012280
95  -0.001311  0.020113  0.000406
96  -0.032686  -0.023784  0.001634
97  -0.025570  0.033717  0.001791
98  0.054021  -0.018503  0.003261
99  -0.031731  0.054370  0.003963
100  -0.025388  0.014130  0.000844
101  -0.046619  0.034381  0.003355
102  0.027628  0.052638  0.003534
103  -0.081101  -0.022345  0.007077
104  0.029424  0.035277  0.002110
105  -0.065257  0.112128  0.016831
106  -0.028176  0.029877  0.001687
107  0.043823  0.017924  0.002242
108  -0.007503  0.005921  0.000091
109  0.003401  0.001938  0.000015
110  -0.036900  0.019033  0.001724
111  -0.026480  0.026374  0.001397
112  0.058482  -0.037568  0.004831
113  -0.033747  0.033730  0.002277
114  0.007949  -0.019787  0.000455
115  0.052878  0.001198  0.002798
116  -0.010963  0.064263  0.004250
117  0.020890  -0.012416  0.000591
118  -0.008194  -0.001615  0.000070
119  -0.040719  0.042331  0.003450
120  0.047623  -0.039980  0.003866
121  0.000669  -0.049609  0.002461
122  -0.054261  -0.045171  0.004985
123  0.047680  0.013048  0.002444
124  0.006048  -0.008439  0.000108
125  0.034474  0.007662  0.001247
126  -0.016990  0.008230  0.000356
127  0.014285  0.041884  0.001958
128  0.022357  0.037195  0.001883
129  0.001807  -0.001801  0.000007
130  0.018254  -0.037924  0.001771
131  -0.045879  0.060938  0.005818
132  0.006277  -0.002692  0.000047
133  0.065690  -0.061522  0.008100
134  -0.025438  0.082116  0.007390
135  0.002717  -0.084760  0.007192
136  0.045438  0.045901  0.004172
137  -0.031133  0.029171  0.001820
138  -0.026017  -0.025718  0.001338
139  0.040298  0.003998  0.001640
140  -0.031763  0.011691  0.001146
141  -0.002476  -0.073482  0.005406
142  -0.001851  -0.014071  0.000201
143  -0.001832  0.024719  0.000614
144  -0.057462  -0.005901  0.003337
145  0.027150  -0.014692  0.000953
146  -0.056343  0.006357  0.003215
147  -0.120396  0.000016  0.014495
148  -0.039014  0.057330  0.004809
149  0.112422  0.062926  0.016598
150  0.006224  -0.022993  0.000567
151  -0.044152  0.061154  0.005689
152  0.030420  -0.033355  0.002038
153  -0.073452  0.077910  0.011465
154  -0.034450  0.012554  0.001344
155  -0.072586  0.003046  0.005278
156  0.043314  -0.013461  0.002057
157  -0.083375  0.014498  0.007161
158  0.066534  0.029058  0.005271
159  -0.030737  0.017082  0.001237
160  0.001788  0.053829  0.002901
161  0.096414  -0.136271  0.027865
162  0.007426  0.020230  0.000464
163  0.083374  0.061693  0.010757
164  0.042272  -0.005044  0.001812
165  -0.022069  0.032380  0.001535
166  -0.099950  -0.016437  0.010260
167  -0.031138  0.013038  0.001140
168  0.029553  0.000683  0.000874
169  -0.029511  0.039001  0.002392
170  -0.013199  0.066003  0.004531
171  -0.006516  0.017514  0.000349
172  -0.041999  0.020668  0.002191
173  0.068628  -0.003387  0.004721
174  -0.009320  -0.049760  0.002563
175  -0.024560  0.036415  0.001929
176  0.111248  -0.076471  0.018224
177  0.065640  0.022711  0.004824
178  0.038124  0.077308  0.007430
179  -0.035537  0.040399  0.002895
180  0.034293  -0.063593  0.005220
181  0.000966  -0.040119  0.001610
182  -0.023582  0.056475  0.003745
183  0.024965  0.017761  0.000939
184  -0.017719  0.028557  0.001129
185  0.036619  -0.034960  0.002563
186  0.022121  -0.004719  0.000512
187  0.025855  0.032623  0.001733
188  -0.037221  0.005504  0.001416
189  -0.016480  0.027115  0.001007
190  0.023329  0.003245  0.000555
191  0.009680  -0.038010  0.001538
192  0.020146  0.029291  0.001264
193  0.050760  -0.010200  0.002681
194  0.020388  0.057754  0.003751
195  0.041847  -0.060734  0.005440
196  -0.014248  0.005887  0.000238
197  0.003902  -0.001498  0.000017
198  0.017960  -0.003811  0.000337
199  0.045276  0.046863  0.004246
200  -0.029438  -0.022964  0.001394
201  0.009879  0.088218  0.007880
202  0.021919  0.029533  0.001353
203  -0.029499  0.051050  0.003476
204  0.065132  -0.021203  0.004692
205  -0.052320  -0.012415  0.002891
206  -0.003851  -0.049249  0.002440
207  0.020681  -0.080258  0.006869
208  0.023038  0.017845  0.000849
209  -0.067741  -0.003286  0.004600
210  0.030198  -0.059958  0.004507
211  0.010805  0.086123  0.007534
212  0.098871  -0.018318  0.010111
213  -0.008674  -0.026502  0.000778
214  -0.011285  -0.013881  0.000320
215  0.019846  0.017332  0.000694
216  -0.006309  0.019485  0.000419
217  0.008848  0.041567  0.001806
218  0.006362  -0.010501  0.000151
219  0.009203  0.031631  0.001085
220  -0.002688  -0.006806  0.000054
221  0.057868  0.037255  0.004737
222  -0.049630  -0.038624  0.003955
223  -0.003180  0.045556  0.002085
224  0.031221  -0.054636  0.003960
225  -0.027213  -0.015437  0.000979
226  -0.041032  0.014676  0.001899
227  0.033319  0.027707  0.001878
228  -0.048922  0.090450  0.010575
229  -0.029848  -0.031282  0.001869
230  0.031044  -0.029288  0.001822
231  -0.003289  -0.029507  0.000881
232  -0.031657  -0.012556  0.001160
233  0.032389  0.001967  0.001053
234  -0.011081  0.016546  0.000397
235  0.010627  -0.037064  0.001487
236  0.023059  0.063004  0.004501
237  -0.047258  0.054817  0.005238
238  0.057896  0.037114  0.004729
239  0.019470  0.065986  0.004733
240  0.069830  0.043930  0.006806
241  0.000655  0.008192  0.000068
242  0.013246  0.077315  0.006153
243  -0.031514  -0.072889  0.006306
244  0.021638  0.007977  0.000532
245  0.024045  -0.043294  0.002453
246  -0.037784  0.025908  0.002099
247  -0.017651  -0.025613  0.000968
248  0.040151  0.026730  0.002327
249  -0.053614  0.015817  0.003125
250  0.014305  -0.062535  0.004115
251  -0.018974  0.029669  0.001240
252  0.009646  0.037348  0.001488
253  0.035092  0.038910  0.002745
254  0.008152  0.041492  0.001788
255  -0.003212  0.024052  0.000589
256  -0.048813  0.013395  0.002562
257  0.025255  0.032704  0.001707
258  -0.018258  -0.065394  0.004610
259  0.023439  0.006134  0.000587
260  0.053015  0.047622  0.005078
261  -0.040524  -0.011197  0.001768
262  -0.041060  0.004630  0.001707
263  -0.075292  0.005285  0.005697
264  -0.005076  0.014066  0.000224
265  0.085225  -0.021698  0.007734
266  0.042196  -0.017004  0.002070
267  0.031424  -0.019182  0.001355
268  -0.041597  0.037099  0.003107
269  -0.066301  0.033791  0.005538
270  0.018145  -0.021237  0.000780
271  0.017227  0.019282  0.000669
272  -0.039582  -0.043993  0.003502
273  0.047694  0.032396  0.003324
274  -0.027116  0.002665  0.000742
275  0.035031  -0.025865  0.001896
276  -0.030034  0.011438  0.001033
277  0.024067  0.075084  0.006217
278  0.041146  -0.009787  0.001789
279  -0.026323  0.026406  0.001390
280  0.046961  0.042900  0.004046
281  -0.013595  0.022376  0.000685
282  0.064437  0.012334  0.004304
283  -0.032337  0.034798  0.002257
284  0.034189  0.052207  0.003895
285  -0.051533  0.021670  0.003125
286  0.009420  0.009437  0.000178
287  0.016390  0.047519  0.002527
288  -0.058630  -0.000931  0.003438
289  -0.011888  0.077942  0.006216
290  0.044841  0.019805  0.002403
291  -0.041039  0.034661  0.002886
292  0.040205  0.075195  0.007271
293  -0.066414  0.005310  0.004439
294  -0.002256  -0.071519  0.005120
295  -0.013426  0.031353  0.001163
296  -0.009495  0.001360  0.000092
297  -0.025455  -0.029591  0.001524
298  0.021483  -0.030414  0.001387
299  0.017238  0.025546  0.000950
300  -0.106128  -0.002201  0.011268
301  -0.069219  0.046673  0.006970
302  -0.023013  0.027206  0.001270
303  0.041631  0.027951  0.002514
304  0.009908  -0.025543  0.000751
305  -0.043668  0.019270  0.002278
306  -0.082356  -0.050860  0.009369
307  0.001802  0.007432  0.000058
308  0.037061  0.009821  0.001470
309  0.058271  -0.033677  0.004530
310  0.005668  0.005355  0.000061
311  0.005821  -0.004632  0.000055
312  0.035766  0.030066  0.002183
313  0.030827  0.001901  0.000954
314  0.026164  0.010923  0.000804
315  0.016135  0.029167  0.001111
316  -0.026810  0.012919  0.000886
317  -0.028541  0.001800  0.000818
318  0.012920  0.042057  0.001936
319  0.020491  0.053176  0.003248
320  -0.045950  0.039358  0.003660
321  0.046332  0.036928  0.003510
322  -0.010967  -0.084993  0.007344
323  0.014859  -0.001225  0.000222
324  -0.023052  -0.019498  0.000912
325  0.032488  -0.037777  0.002483
326  -0.007546  -0.022513  0.000564
327  0.016043  0.078613  0.006437
328  -0.001629  -0.016225  0.000266
329  -0.024179  0.063358  0.004599
330  -0.006864  0.092649  0.008631
331  0.001971  0.018948  0.000363
332  -0.015549  0.044205  0.002196
333  0.006441  -0.020264  0.000452
334  0.024941  -0.043238  0.002492
335  0.003165  -0.017021  0.000300
336  0.005752  -0.006297  0.000073
337  0.031559  0.009520  0.001087
338  0.006546  -0.026480  0.000744
339  0.062606  0.006400  0.003960
340  0.029327  -0.029203  0.001713
341  -0.018439  -0.026695  0.001053
342  0.069961  0.011866  0.005035
343  -0.018978  0.045287  0.002411
344  0.068290  -0.029167  0.005514
345  0.018565  0.027882  0.001122
346  -0.016759  -0.003528  0.000293
347  0.009863  -0.048972  0.002496
348  0.024066  0.088614  0.008432
349  0.003516  -0.006882  0.000060
350  -0.003487  0.112933  0.012766
351  0.013207  -0.024390  0.000769
352  0.031469  0.005242  0.001018
353  -0.043119  -0.030174  0.002770
354  -0.055237  -0.005574  0.003082
355  0.025534  -0.021977  0.001135
356  -0.012286  0.031251  0.001128
357  -0.033993  0.009256  0.001241
358  -0.008203  -0.049056  0.002474
359  -0.022366  0.072855  0.005808
360  -0.013316  0.015262  0.000410
361  -0.001829  0.024785  0.000618
362  0.000305  0.023233  0.000540
363  0.052961  -0.032539  0.003864
364  0.024005  -0.015340  0.000812
365  0.053123  0.021889  0.003301
366  -0.024236  -0.047293  0.002824
367  -0.048433  -0.011920  0.002488
368  0.006855  0.055872  0.003169
369  -0.090352  0.013799  0.008354
370  -0.012001  -0.017794  0.000461
371  -0.019366  0.068035  0.005004
372  0.095032  0.039964  0.010628
373  0.002230  0.021118  0.000451
374  -0.042639  -0.013822  0.002009
375  -0.017901  -0.037347  0.001715
376  0.019184  -0.033462  0.001488
377  -0.026423  -0.011621  0.000833
378  -0.046032  0.000019  0.002119
379  -0.053802  0.015040  0.003121
380  -0.010609  -0.017232  0.000409
381  -0.050750  0.066766  0.007033
382  -0.018926  0.018925  0.000716
383  0.013569  -0.013937  0.000378
384  -0.078941  0.057230  0.009507
385  -0.034065  -0.003536  0.001173
386  -0.009352  0.020800  0.000520
387  -0.049678  0.075475  0.008164
388  -0.026875  0.000598  0.000723
389  0.018474  0.000807  0.000342
390  0.080792  -0.022625  0.007039
391  0.029132  0.044477  0.002827
392  0.009604  0.000985  0.000093
393  -0.013605  0.070022  0.005088
394  -0.001843  0.061112  0.003738
395  0.009289  -0.009219  0.000171
396  0.003097  -0.035460  0.001267
397  0.028533  -0.053511  0.003678
398  0.034816  -0.028516  0.002025
399  0.007526  -0.016202  0.000319
400  -0.009454  -0.021683  0.000560
401  -0.043241  0.000413  0.001870
402  0.062344  -0.017815  0.004204
403  -0.013370  -0.000423  0.000179
404  0.032197  0.028266  0.001836
405  -0.023397  -0.006124  0.000585
406  -0.047645  0.019517  0.002651
407  0.047504  0.049532  0.004710
408  -0.029243  -0.024074  0.001435
409  0.006942  0.030465  0.000976
410  0.009471  -0.000538  0.000090
411  -0.012054  0.002510  0.000152
412  0.022265  0.016823  0.000779
413  0.018687  -0.035524  0.001611
414  -0.002700  0.019958  0.000406
415  -0.051798  -0.000490  0.002683
416  -0.013995  -0.040939  0.001872
417  0.045675  0.004606  0.002107
418  -0.058543  0.031145  0.004397
419  0.052164  0.005013  0.002746
420  -0.037951  0.081447  0.008074
421  0.019936  -0.015521  0.000638
422  -0.002963  -0.000950  0.000010
423  0.048313  -0.040236  0.003953
424  0.000845  -0.008124  0.000067
425  -0.012098  0.011734  0.000284
426  -0.006219  -0.027166  0.000777
427  0.018877  -0.063778  0.004424
428  0.059195  0.022948  0.004031
429  0.019901  -0.043983  0.002331
430  0.032204  -0.002990  0.001046
431  -0.031542  -0.011611  0.001130
432  0.007289  0.037121  0.001431
433  0.009949  -0.020191  0.000507
434  0.019434  -0.006162  0.000416
435  -0.019866  0.068426  0.005077
436  -0.016031  0.004119  0.000274
437  -0.013604  -0.027163  0.000923
438  0.016737  -0.008417  0.000351
439  0.061773  0.001981  0.003820
440  0.008436  0.049014  0.002474
441  -0.052190  0.041243  0.004425
442  -0.055905  0.041516  0.004849
443  0.016360  0.010265  0.000373
444  0.061572  -0.008168  0.003858
445  0.006845  -0.013629  0.000233
446  -0.009720  0.016274  0.000359
447  0.020804  0.038640  0.001926
448  0.014872  0.007520  0.000278
449  -0.008230  -0.001052  0.000069
450  0.003579  0.041086  0.001701
451  -0.008752  -0.006976  0.000125
452  0.008661  0.056307  0.003245
453  0.015568  0.055720  0.003347
454  0.015946  -0.000456  0.000254
455  0.077141  0.000850  0.005951
456  0.038314  -0.019107  0.001833
457  -0.025485  0.005505  0.000680
458  -0.030886  -0.013940  0.001148
459  0.044736  -0.018899  0.002358
460  0.028270  -0.020184  0.001207
461  0.049942  0.030626  0.003432
462  0.021147  -0.060926  0.004159
463  0.024946  0.028423  0.001430
464  0.048241  -0.095643  0.011475
465  0.005176  0.026704  0.000740
466  0.031706  -0.008823  0.001083
467  0.004744  -0.039051  0.001548
468  0.038220  0.036780  0.002813
469  -0.020949  0.039108  0.001968
470  0.065260  -0.070612  0.009245
471  0.033715  0.004081  0.001153
472  0.090906  -0.023968  0.008838
473  -0.005010  -0.034733  0.001231
474  -0.017277  -0.047350  0.002541
475  0.017712  0.011174  0.000439
476  -0.037588  0.025237  0.002050
477  -0.006981  -0.037571  0.001460
478  0.055942  0.032289  0.004172
479  0.032169  0.064878  0.005244
480  0.000723  -0.065375  0.004274
481  0.012505  0.026425  0.000855
482  -0.046622  0.019813  0.002566
483  -0.043132  0.019243  0.002231
484  0.036536  0.067733  0.005923
485  0.049142  0.023883  0.002985
486  -0.010416  -0.020876  0.000544
487  -0.020391  -0.022006  0.000900
488  0.026516  -0.004358  0.000722
489  0.031893  0.010025  0.001118
490  0.024039  0.009904  0.000676
491  0.000206  -0.041616  0.001732
492  -0.006169  0.003001  0.000047
493  -0.027571  -0.049660  0.003226
494  -0.008813  0.015383  0.000314
495  -0.004886  0.031013  0.000986
496  0.040380  0.015531  0.001872
497  0.017288  -0.007124  0.000350
498  0.002263  -0.024613  0.000611
499  -0.022510  0.033798  0.001649
500  0.001279  0.035703  0.001276
501  0.011898  -0.034759  0.001350
502  0.006782  -0.036727  0.001395
503  0.001829  0.008270  0.000072
504  -0.039144  -0.000639  0.001533
505  0.018334  0.002656  0.000343
506  0.013099  -0.043743  0.002085
507  0.046629  -0.013981  0.002370
508  0.005437  -0.030302  0.000948
509  0.007676  0.031673  0.001062
510  0.057974  0.036452  0.004690
511  -0.020693  -0.077765  0.006476
512  0.064334  -0.014377  0.004346
513  0.102769  0.029123  0.011410
514  0.026411  0.007998  0.000762
515  0.022523  0.051903  0.003201
516  0.033107  0.009516  0.001187
517  -0.045209  -0.001111  0.002045
518  0.040227  -0.002854  0.001626
519  0.018514  -0.100819  0.010507
520  0.007704  0.091628  0.008455
521  -0.022069  0.025104  0.001117
522  0.013528  0.079203  0.006456
523  0.020817  0.000722  0.000434
524  -0.020036  0.023963  0.000976
525  0.047881  0.030826  0.003243
526  0.001612  0.028841  0.000834
527  0.009372  0.055225  0.003138
528  -0.061885  -0.036628  0.005171
529  0.065923  0.052327  0.007084
530  0.021124  0.011508  0.000579
531  0.027059  -0.023749  0.001296
532  -0.039821  -0.009159  0.001670
533  0.046994  -0.012776  0.002372
534  -0.007241  0.033667  0.001186
535  0.027242  0.036332  0.002062
536  0.002117  0.009002  0.000086
537  -0.060501  -0.012889  0.003827
538  0.033509  -0.028731  0.001948
539  -0.023288  0.019411  0.000919
540  0.033072  -0.021965  0.001576
541  0.006172  0.018689  0.000387
542  -0.006353  -0.027824  0.000815
543  -0.005249  -0.016894  0.000313
544  0.034815  -0.028825  0.002043
545  -0.021751  0.085629  0.007805
546  -0.015902  -0.007444  0.000308
547  0.001122  -0.010488  0.000111
548  0.003908  -0.002780  0.000023
549  -0.000750  0.060170  0.003621
550  0.028186  -0.028383  0.001600
551  0.000257  0.033308  0.001109
552  -0.040516  -0.047558  0.003903
553  -0.014211  -0.026215  0.000889
554  -0.032237  0.023871  0.001609
555  -0.018139  0.003456  0.000341
556  0.011973  -0.004804  0.000166
557  -0.009170  -0.047364  0.002327
558  0.000989  -0.033113  0.001097
559  -0.066643  -0.013097  0.004613
560  -0.011600  -0.013734  0.000323
561  0.046031  0.000444  0.002119
562  -0.016717  0.062988  0.004247
563  0.081958  0.015388  0.006954
564  0.003511  0.008861  0.000091
565  0.010737  -0.005236  0.000143
566  0.029111  0.068012  0.005473
567  -0.052282  0.023949  0.003307
568  -0.018525  0.068906  0.005091
569  0.061078  -0.023739  0.004294
570  0.035801  -0.015714  0.001529
571  0.026332  -0.027675  0.001459
572  0.052101  -0.035287  0.003960
573  -0.021602  -0.004316  0.000485
574  0.048224  0.078723  0.008523
575  0.027649  -0.000027  0.000764
576  0.027232  -0.016024  0.000998
577  -0.003451  0.006006  0.000048
578  0.051016  -0.050645  0.005167
579  0.021366  0.028804  0.001286
580  0.005918  -0.009916  0.000133
581  0.069666  -0.000947  0.004854
582  -0.077977  0.056438  0.009266
583  0.009783  0.016453  0.000366
584  0.045077  0.025794  0.002697
585  0.071385  0.026764  0.005812
586  0.077512  0.016858  0.006292
587  -0.010574  0.016672  0.000390
588  0.031082  -0.066056  0.005329
589  0.018388  0.005681  0.000370
590  -0.002305  -0.055897  0.003130
591  0.024459  0.026382  0.001294
592  -0.004288  -0.037802  0.001447
593  -0.005234  0.003799  0.000042
594  0.015753  -0.078801  0.006458
595  0.020999  -0.052853  0.003234
596  0.005339  0.028195  0.000823
597  0.003157  0.054577  0.002989
598  0.025097  -0.007467  0.000686
599  -0.009877  -0.012067  0.000243
600  0.030040  -0.054870  0.003913
601  -0.049453  -0.001902  0.002449
602  -0.008126  0.016590  0.000341
603  0.010527  -0.023564  0.000666
604  -0.005256  0.019210  0.000397
605  0.031663  -0.034068  0.002163
606  0.001481  -0.028824  0.000833
607  0.021315  -0.066457  0.004871
608  -0.001080  -0.017127  0.000294
609  0.045320  -0.022986  0.002582
610  -0.043150  -0.002594  0.001869
611  0.019304  -0.062486  0.004277
612  0.063526  0.031271  0.005013
613  -0.014879  0.012277  0.000372
614  0.021005  -0.034166  0.001609
615  -0.020454  0.035859  0.001704
616  0.020265  -0.013870  0.000603
617  0.056343  0.011007  0.003296
618  -0.037836  0.027220  0.002172
619  0.009273  0.027512  0.000843
620  -0.030893  -0.029682  0.001835
621  -0.011446  -0.030376  0.001054
622  -0.002634  0.013681  0.000194
623  0.025422  0.003236  0.000657
624  -0.015473  0.029875  0.001132
625  0.029579  0.001898  0.000878
626  0.046853  0.055141  0.005236
627  -0.023947  0.000751  0.000574
628  -0.007849  0.001860  0.000065
629  0.053940  0.013784  0.003100
630  0.067504  -0.041366  0.006268
631  0.014068  -0.005070  0.000224
632  0.034794  -0.000619  0.001211
633  -0.011215  -0.005822  0.000160
634  0.049131  0.018044  0.002739
635  -0.036470  0.006404  0.001371
636  0.020716  0.018396  0.000768
637  0.030234  -0.056279  0.004081
638  0.020358  0.027397  0.001165
639  -0.013789  0.055131  0.003230
640  -0.019135  -0.031891  0.001383
641  0.038819  0.017123  0.001800
642  -0.031596  -0.012115  0.001145
643  -0.040191  -0.049470  0.004063
644  -0.026018  0.021381  0.001134
645  -0.017850  0.002268  0.000324
646  -0.008341  0.051564  0.002728
647  -0.000741  -0.038376  0.001473
648  -0.074111  0.015473  0.005732
649  0.024428  -0.010180  0.000700
650  0.020779  0.009968  0.000531
651  0.031526  0.015861  0.001245
652  -0.005934  -0.036430  0.001362
653  -0.001191  -0.000319  0.000002
654  0.074639  -0.076431  0.011413
655  0.021315  0.072990  0.005782
656  -0.002895  0.040573  0.001655
657  0.085706  -0.007363  0.007400
658  0.045720  0.010370  0.002198
659  0.006244  0.010176  0.000143
660  0.049896  0.019201  0.002858
661  0.045859  0.010011  0.002203
662  0.031449  -0.018957  0.001348
663  0.014725  -0.017121  0.000510
664  -0.062303  0.076760  0.009774
665  -0.055564  -0.017678  0.003400
666  -0.045158  0.001479  0.002041
667  0.036366  0.019413  0.001699
668  -0.036701  -0.001712  0.001350
669  0.003363  -0.049276  0.002439
670  0.050707  0.059390  0.006098
671  0.020334  0.038039  0.001860
672  -0.006078  0.045694  0.002125
673  0.021697  0.039455  0.002027
674  0.033285  0.077472  0.007110
675  -0.038308  0.010591  0.001580
676  0.048759  0.029552  0.003251
677  0.033545  -0.016291  0.001391
678  0.035115  -0.003937  0.001249
679  -0.040891  -0.002229  0.001677
680  -0.012363  -0.061867  0.003980
681  0.070895  -0.004283  0.005044
682  -0.037106  0.026982  0.002105
683  -0.010464  -0.058974  0.003587
684  0.040397  -0.040058  0.003237
685  -0.000497  -0.013103  0.000172
686  -0.043037  -0.002455  0.001858
687  -0.069063  0.005377  0.004799
688  0.075696  0.019266  0.006101
689  -0.000869  0.028278  0.000800
690  0.002813  0.052386  0.002752
691  0.011834  0.005050  0.000166
692  -0.032256  0.061249  0.004792
693  0.050536  -0.032270  0.003595
694  0.000883  0.002646  0.000008
695  -0.012038  0.058533  0.003571
696  -0.014774  -0.039903  0.001811
697  0.011825  0.024478  0.000739
698  -0.038809  -0.018356  0.001843
699  -0.042680  -0.016794  0.002104
700  0.001545  -0.008189  0.000069
701  -0.044014  0.066187  0.006318
702  0.046986  -0.011668  0.002344
703  0.004729  -0.022213  0.000516
704  0.058841  0.024677  0.004071
705  -0.043943  0.007917  0.001994
706  0.024787  0.012816  0.000779
707  0.003318  -0.021301  0.000465
708  0.007470  0.013098  0.000227
709  0.005465  -0.011733  0.000168
710  0.000044  -0.033951  0.001153
711  -0.015378  -0.018764  0.000589
712  0.041520  0.021708  0.002195
713  -0.001741  -0.005852  0.000037
714  0.029778  0.057564  0.004200
715  -0.035654  0.031257  0.002248
716  -0.061326  0.046126  0.005888
717  -0.004090  0.012417  0.000171
718  0.035998  -0.009771  0.001391
719  -0.024010  -0.042408  0.002375
720  0.040264  0.055039  0.004650
721  0.009362  0.016307  0.000354
722  0.009159  0.009488  0.000174
723  0.001235  0.010776  0.000118
724  0.034982  0.045220  0.003269
725  -0.005058  -0.047953  0.002325
726  -0.024787  -0.040341  0.002242
727  0.061796  -0.002806  0.003827
728  0.003753  -0.011563  0.000148
729  -0.006175  -0.007223  0.000090
730  -0.017273  0.021374  0.000755
731  0.009080  0.017194  0.000378
732  -0.003329  -0.045730  0.002102
733  0.038848  0.007355  0.001563
734  -0.062122  -0.001675  0.003862
735  0.029603  -0.005776  0.000910
736  0.015691  -0.035623  0.001515
737  0.040749  -0.012835  0.001825
738  0.071779  -0.011737  0.005290
739  -0.035826  0.019017  0.001645
740  0.069542  0.010124  0.004939
741  -0.011686  0.045890  0.002242
742  -0.036948  0.047082  0.003582
743  -0.018363  0.050638  0.002901
744  0.025212  -0.031688  0.001640
745  0.000226  -0.016413  0.000269
746  0.026887  0.032349  0.001769
747  0.015812  0.005672  0.000282
748  0.051885  0.010513  0.002803
749  0.042488  0.070181  0.006731
750  -0.008847  -0.019576  0.000461
751  -0.043742  0.044662  0.003908
752  -0.007970  0.052636  0.002834
753  -0.007122  0.024355  0.000644
754  0.041130  0.046073  0.003814
755  0.037565  0.028240  0.002209
756  -0.009159  -0.004763  0.000107
757  -0.025442  -0.010561  0.000759
758  -0.000332  0.038637  0.001493
759  0.023697  -0.035100  0.001794
760  0.021514  -0.024956  0.001086
761  0.016925  0.047042  0.002499
762  -0.063372  -0.010365  0.004123
763  0.003466  0.032793  0.001087
764  0.029029  0.004042  0.000859
765  0.031043  -0.037390  0.002362
766  -0.109056  0.003182  0.011903
767  0.079204  -0.016866  0.006558
768  -0.010959  -0.043877  0.002045
769  -0.028108  -0.035410  0.002044
770  0.012736  -0.021807  0.000638
771  0.031889  0.000161  0.001017
772  0.009610  0.009018  0.000174
773  0.036544  -0.017319  0.001635
774  0.058971  0.006813  0.003524
775  0.054104  0.005951  0.002963
776  0.007278  -0.062944  0.004015
777  -0.015499  -0.023796  0.000806
778  -0.002139  -0.052859  0.002799
779  0.028432  -0.073359  0.006190
780  0.045183  -0.035925  0.003332
781  0.019759  -0.034130  0.001555
782  -0.004695  -0.039354  0.001571
783  -0.008028  -0.015865  0.000316
784  0.022995  -0.010211  0.000633
785  0.010529  -0.028533  0.000925
786  0.011079  0.009642  0.000216
787  0.053362  -0.018603  0.003194
788  -0.040712  0.005688  0.001690
789  0.005547  0.018279  0.000365
790  -0.006423  -0.008070  0.000106
791  0.046317  0.026771  0.002862
792  -0.032708  -0.036506  0.002403
793  -0.043553  0.020120  0.002302
794  -0.042134  -0.070528  0.006750
795  -0.060758  -0.031284  0.004670
796  0.000554  0.029207  0.000853
797  -0.010678  -0.044246  0.002072
798  -0.039736  -0.008075  0.001644
799  0.014216  -0.018582  0.000547
800  -0.018989  0.044019  0.002298
801  0.005885  -0.041830  0.001784
802  0.006610  0.013938  0.000238
803  -0.009683  0.038798  0.001599
804  0.008683  -0.020530  0.000497
805  0.003599  -0.041571  0.001741
806  0.039449  0.007978  0.001620
807  0.041288  0.014854  0.001925
808  0.060916  0.050781  0.006289
809  0.018546  0.048407  0.002687
810  -0.017923  0.011746  0.000459
811  -0.008160  0.050846  0.002652
812  0.046084  0.019293  0.002496
813  -0.024970  0.013638  0.000809
814  0.048169  0.054672  0.005309
815  0.032194  0.031787  0.002047
816  0.085788  0.097688  0.016903
817  -0.041814  0.020933  0.002187
818  -0.024147  0.022392  0.001084
819  -0.036823  -0.008488  0.001428
820  0.045331  -0.017956  0.002377
821  0.093902  0.029629  0.009696
822  0.041075  -0.026967  0.002414
823  0.004907  0.000105  0.000024
824  0.007839  -0.044122  0.002008
825  0.006764  0.028974  0.000885
826  -0.057655  0.006860  0.003371
827  -0.052094  -0.090715  0.010943
828  -0.010314  0.006076  0.000143
829  0.062136  0.046921  0.006063
830  0.017428  -0.059949  0.003898
831  0.017183  -0.074308  0.005817
832  0.050915  0.029886  0.003486
833  0.069218  0.042216  0.006573
834  -0.001283  -0.015918  0.000255
835  0.011342  -0.041921  0.001886
836  0.026304  0.030729  0.001636
837  -0.006302  -0.001917  0.000043
838  0.007381  0.036508  0.001387
839  -0.003701  0.021303  0.000468
840  0.041767  -0.054108  0.004672
841  0.043071  -0.030916  0.002811
842  0.000696  0.028930  0.000837
843  0.028110  -0.021322  0.001245
844  -0.015560  0.074727  0.005826
845  -0.031418  -0.021389  0.001445
846  -0.025591  -0.105584  0.011803
847  0.001686  -0.027612  0.000765
848  0.042324  -0.032086  0.002821
849  -0.050814  -0.030728  0.003526
850  0.012431  -0.000784  0.000155
851  -0.045677  -0.050536  0.004640
852  -0.027996  0.018423  0.001123
853  0.032597  -0.002881  0.001071
854  -0.036493  0.037581  0.002744
855  0.005607  0.044690  0.002029
856  -0.023900  0.030380  0.001494
857  0.034294  0.009413  0.001265
858  0.004938  0.025805  0.000690
859  0.011246  0.021435  0.000586
860  0.012573  -0.026125  0.000841
861  0.042388  -0.004145  0.001814
862  0.070386  0.021182  0.005403
863  -0.028409  -0.092659  0.009393
864  -0.011021  0.030191  0.001033
865  -0.007136  0.032668  0.001118
866  0.031002  0.057648  0.004284
867  -0.025909  0.032509  0.001728
868  0.011743  0.004889  0.000162
869  0.005075  0.009779  0.000121
870  0.046296  -0.089766  0.010201
871  0.004333  0.007754  0.000079
872  0.026149  -0.057939  0.004041
873  0.055935  -0.054763  0.006128
874  0.025030  0.013080  0.000798
875  0.026401  -0.018315  0.001032
876  -0.066397  -0.093724  0.013193
877  0.057637  -0.011130  0.003446
878  0.023520  0.036674  0.001898
879  0.028143  0.017652  0.001104
880  0.027640  -0.013026  0.000934
881  -0.003533  -0.015877  0.000265
882  -0.016930  -0.001543  0.000289
883  0.005135  -0.005870  0.000061
884  0.034433  0.035244  0.002428
885  -0.033812  0.005161  0.001170
886  0.050299  -0.060991  0.006250
887  -0.028519  -0.035035  0.002041
888  0.021300  -0.116460  0.014017
889  -0.000971  0.025612  0.000657
890  -0.003623  -0.002937  0.000022
891  -0.004707  -0.011267  0.000149
892  -0.000114  -0.025173  0.000634
893  -0.017387  0.023614  0.000860
894  0.020658  0.036123  0.001732
895  -0.082759  -0.010234  0.006954
896  -0.000656  -0.073049  0.005337
897  -0.099022  0.012034  0.009950
898  0.023498  -0.020912  0.000989
899  0.023217  0.020510  0.000960
900  -0.014491  0.011585  0.000344
901  -0.046853  0.033472  0.003316
902  0.037854  0.025370  0.002077
903  -0.028865  -0.080341  0.007288
904  -0.004774  -0.009332  0.000110
905  -0.016420  -0.024797  0.000885
906  0.002258  0.045040  0.002034
907  -0.062024  -0.009342  0.003934
908  0.039041  0.055762  0.004634
909  0.007176  0.014086  0.000250
910  0.038140  -0.012678  0.001615
911  -0.011816  -0.083012  0.007031
912  -0.072749  0.016941  0.005579
913  -0.025753  0.011588  0.000798
914  -0.024698  0.024449  0.001208
915  -0.023843  -0.010742  0.000684
916  -0.003553  0.016245  0.000277
917  0.025508  -0.093800  0.009449
918  0.033108  -0.054792  0.004098
919  0.026837  0.090603  0.008929
920  0.041094  0.029314  0.002548
921  -0.013399  -0.030437  0.001106
922  -0.053655  0.031388  0.003864
923  0.007406  0.048860  0.002442
924  -0.030014  -0.017311  0.001201
925  0.064552  -0.023107  0.004701
926  0.039237  0.019029  0.001902
927  -0.019507  -0.001817  0.000384
928  -0.030310  -0.015332  0.001154
929  0.051858  -0.072964  0.008013
930  0.033867  -0.016190  0.001409
931  0.092670  -0.077761  0.014635
932  -0.005817  0.025036  0.000661
933  0.019005  0.000467  0.000361
934  -0.026610  -0.020864  0.001143
935  -0.015556  -0.004187  0.000260
936  -0.033618  0.098452  0.010823
937  -0.017950  -0.008961  0.000402
938  -0.014903  0.014937  0.000445
939  0.027245  -0.073068  0.006081
940  -0.083419  -0.044433  0.008933
941  0.008625  -0.091421  0.008432
942  -0.004374  0.061682  0.003824
943  -0.058445  -0.008231  0.003484
944  0.018881  -0.012412  0.000511
945  0.046490  0.005304  0.002189
946  0.003733  0.033827  0.001158
947  0.025693  -0.048975  0.003059
948  0.005230  0.014890  0.000249
949  0.059701  -0.008172  0.003631
950  0.043570  0.020802  0.002331
951  -0.037724  -0.013871  0.001615
952  0.015181  0.041892  0.001985
953  -0.021135  0.002732  0.000454
954  -0.016830  -0.011773  0.000422
955  -0.051055  0.022945  0.003133
956  0.048794  -0.012393  0.002534
957  -0.013342  -0.035025  0.001405
958  -0.017185  -0.003232  0.000306
959  0.052634  0.041912  0.004527
960  0.065707  0.050109  0.006828
961  0.060783  -0.026670  0.004406
962  -0.044031  0.058208  0.005327
963  0.009119  0.029891  0.000977
964  0.020686  -0.077477  0.006431
965  0.055237  -0.022796  0.003571
966  0.018133  0.015715  0.000576
967  0.086153  -0.011949  0.007565
968  -0.023215  -0.032773  0.001613
969  0.064785  -0.049240  0.006622
970  0.028293  0.045203  0.002844
971  0.006287  0.002488  0.000046
972  0.030728  -0.056758  0.004166
973  -0.024693  -0.038434  0.002087
974  0.011397  0.010236  0.000235
975  0.023651  0.050429  0.003102
976  -0.039820  0.006823  0.001632
977  -0.022332  -0.004580  0.000520
978  0.019598  0.036526  0.001718
979  -0.015201  -0.007600  0.000289
980  0.026019  0.067913  0.005289
981  0.065809  -0.018130  0.004659
982  0.057483  -0.058776  0.006759
983  0.082362  0.029159  0.007634
984  -0.005386  -0.004049  0.000045
985  -0.034355  -0.015307  0.001415
986  -0.020004  -0.016815  0.000683
987  -0.069136  0.036465  0.006110
988  0.117124  -0.006414  0.013759
989  0.059222  -0.002385  0.003513
990  0.028254  -0.039351  0.002347
991  0.054979  -0.062122  0.006882
992  0.007759  -0.017626  0.000371
993  0.008732  -0.007341  0.000130
994  0.038915  -0.027864  0.002291
995  -0.067701  -0.020175  0.004990
996  0.119282  0.038327  0.015697
997  0.087411  -0.054601  0.010622
998  0.006605  -0.039268  0.001586
999  0.042828  0.017350  0.002135
1000  -0.033917  -0.034027  0.002308
1001  -0.000981  -0.000694  0.000001
1002  0.051827  -0.061322  0.006446
1003  -0.014703  -0.020102  0.000620
1004  0.015578  -0.000939  0.000244
1005  0.009243  0.022379  0.000586
1006  0.097891  -0.029172  0.010434
1007  0.036894  0.044537  0.003345
1008  0.012623  -0.078609  0.006339
1009  0.118679  -0.036807  0.015440
1010  0.067173  -0.010525  0.004623
1011  0.012732  0.035893  0.001450
1012  0.057934  0.015363  0.003592
1013  0.015424  -0.002009  0.000242
1014  0.003426  0.013670  0.000199
1015  0.010201  -0.066790  0.004565
1016  -0.010300  0.069636  0.004955
1017  0.078795  0.005439  0.006238
1018  0.025170  0.038204  0.002093
1019  0.089056  0.063738  0.011994
1020  0.058880  -0.014081  0.003665
1021  0.010252  -0.009455  0.000194
1022  -0.043793  -0.039952  0.003514
1023  0.021969  -0.003829  0.000497
1024  0.039335  0.038035  0.002994
1025  -0.032985  -0.043051  0.002941
1026  0.041829  0.035018  0.002976
1027  -0.026344  -0.018916  0.001052
1028  0.019515  0.036819  0.001736
1029  -0.042265  0.050468  0.004333
1030  0.057140  0.108326  0.015000
1031  0.046309  -0.093358  0.010860
1032  -0.060764  -0.032234  0.004731
1033  0.021302  0.039150  0.001987
1034  -0.010024  -0.075213  0.005758
1035  0.084228  -0.030476  0.008023
1036  -0.002054  -0.091678  0.008409
1037  -0.055895  0.071574  0.008247
1038  -0.073963  -0.002726  0.005478
1039  0.069597  -0.017763  0.005159
1040  -0.055682  -0.002491  0.003107
1041  0.039072  0.045432  0.003591
1042  -0.034641  0.009136  0.001283
1043  -0.103232  -0.100363  0.020730
1044  0.021579  0.080982  0.007024
1045  -0.058553  -0.031915  0.004447
1046  -0.001883  0.027843  0.000779
1047  -0.029808  -0.012248  0.001038
1048  -0.048002  0.005632  0.002336
1049  0.002843  -0.095251  0.009081
1050  0.008471  0.056583  0.003273
1051  -0.044850  0.050211  0.004533
1052  0.025010  -0.045458  0.002692
1053  -0.038433  -0.007594  0.001535
1054  0.090136  0.051894  0.010817
1055  -0.031585  0.066687  0.005445
1056  0.005092  -0.065692  0.004341
1057  -0.011802  -0.044827  0.002149
1058  -0.068804  -0.047442  0.006985
1059  0.053706  0.001834  0.002888
1060  -0.052133  0.013788  0.002908
1061  0.014810  -0.054571  0.003197
1062  -0.009937  0.006926  0.000147
1063  -0.001364  0.017586  0.000311
1064  -0.044914  -0.092716  0.010614
1065  0.080174  -0.065886  0.010769
1066  0.059169  -0.016637  0.003778
1067  -0.027981  -0.004577  0.000804
1068  -0.031275  -0.053860  0.003879
1069  0.022804  0.044763  0.002524
1070  0.052820  -0.041516  0.004514
1071  0.048865  0.049938  0.004882
1072  0.165645  0.089427  0.035435
1073  0.092106  0.065254  0.012742
1074  -0.015329  0.007175  0.000286
1075  0.129769  0.038172  0.018297
1076  0.015959  0.017302  0.000554
1077  0.048632  0.041467  0.004085
1078  0.080050  -0.045403  0.008469
1079  -0.019421  0.023096  0.000911
1080  -0.037476  0.021881  0.001883
1081  0.055021  0.014892  0.003249
1082  0.019256  -0.120343  0.014853
1083  -0.046996  -0.016236  0.002472
1084  -0.076524  0.023811  0.006423
1085  -0.056573  0.005803  0.003234
1086  -0.019955  -0.058835  0.003860
1087  0.047387  0.119765  0.016589
1088  0.014736  0.002414  0.000223
1089  0.063189  0.074759  0.009582
1090  -0.083394  0.021796  0.007430
1091  -0.002933  0.105342  0.011105
1092  0.029772  -0.028662  0.001708
1093  -0.118762  -0.056629  0.017311
1094  0.047724  0.035052  0.003506
1095  -0.009696  -0.012467  0.000249
1096  0.070657  -0.010153  0.005095
1097  -0.085147  0.034784  0.008460
1098  -0.010410  0.057763  0.003445
1099  -0.187150  -0.018367  0.035363
1100  0.029003  0.010912  0.000960
1101  0.025967  -0.169464  0.029392
1102  0.070284  0.124532  0.020448
1103  0.085618  0.003305  0.007341
1104  -0.009145  0.005450  0.000113
1105  0.021870  -0.029246  0.001334
1106  -0.049048  -0.063495  0.006437
1107  0.135629  -0.069354  0.023205
1108  0.014968  0.006174  0.000262
1109  0.144168  -0.053142  0.023609
1110  -0.015750  -0.068414  0.004929
1111  0.021068  0.100947  0.010634
1112  0.036838  -0.032254  0.002397
1113  0.028411  -0.085541  0.008124
1114  -0.027524  -0.030045  0.001660
1115  0.087842  -0.014655  0.007931
1116  -0.038202  0.064078  0.005565
1117  -0.137670  -0.000429  0.018953
1118  0.085688  -0.215031  0.053581
1119  -0.055021  -0.029526  0.003899
1120  -0.080743  -0.130802  0.023629
1121  0.092516  -0.108502  0.020332
1122  0.057550  0.019465  0.003691
1123  -0.081937  -0.025832  0.007381
1124  0.000053  0.030288  0.000917
1125  -0.136607  -0.087634  0.026341
1126  0.024436  -0.041183  0.002293
1127  -0.019004  0.029548  0.001234
1128  -0.001628  -0.055056  0.003034
1129  0.104750  0.027046  0.011704
1130  -0.051492  -0.018089  0.002979
1131  0.020556  -0.172004  0.030008
1132  0.113425  -0.015304  0.013099
1133  -0.046172  -0.066611  0.006569
1134  0.028592  0.077712  0.006857
1135  0.141878  0.062169  0.023994
1136  0.045813  -0.116229  0.015608
1137  -0.038594  0.032326  0.002534
1138  0.101260  0.010063  0.010355
1139  0.080505  0.080340  0.012936
1140  -0.068554  0.010382  0.004807
1141  0.008063  0.065882  0.004405
1142  0.098548  -0.086518  0.017197
1143  -0.021923  0.082366  0.007265
1144  0.028858  -0.023345  0.001378
1145  0.037379  0.023415  0.001945
1146  0.003240  0.086182  0.007438
1147  0.116544  0.054389  0.016541
1148  0.089657  0.155049  0.032079
1149  -0.016081  0.025918  0.000930
1150  0.089545  -0.016764  0.008299
1151  -0.008430  0.103809  0.010847
1152  -0.060697  -0.045940  0.005795
1153  -0.006572  -0.064283  0.004176
1154  0.009516  -0.005317  0.000119
1155  0.043825  -0.008115  0.001987
1156  -0.003002  0.058929  0.003482
1157  0.118142  -0.024067  0.014537
1158  -0.097019  -0.016551  0.009687
1159  -0.005617  0.169155  0.028645
1160  -0.077868  0.080781  0.012589
1161  0.011927  0.060999  0.003863
1162  -0.012873  -0.009596  0.000258
1163  -0.097476  0.018791  0.009855
1164  -0.021824  0.030253  0.001391
1165  -0.000062  0.013637  0.000186
1166  0.010061  -0.058148  0.003482
1167  -0.158220  -0.083525  0.032010
1168  0.010158  -0.008482  0.000175
1169  -0.052532  -0.052329  0.005498
1170  0.008699  0.041186  0.001772
1171  0.100206  -0.007627  0.010099
1172  -0.080733  0.026977  0.007246
1173  -0.127107  -0.001796  0.016159
1174  0.109178  -0.009676  0.012014
1175  -0.026238  -0.016739  0.000969
1176  0.093503  -0.251358  0.071924
1177  -0.033266  -0.150079  0.023630
1178  -0.110196  -0.108018  0.023811
1179  0.140914  -0.044585  0.021844
1180  -0.061341  -0.030469  0.004691
1181  0.095781  -0.074513  0.014726
1182  0.135813  -0.141379  0.038433
1183  -0.071483  -0.164316  0.032110
1184  0.021800  0.080351  0.006931
1185  0.228122  0.199131  0.091693
1186  0.106945  -0.173210  0.041439
1187  0.087657  0.079275  0.013968
1188  0.020618  0.151514  0.023382
1189  -0.010136  -0.038479  0.001583
1190  -0.074678  0.219622  0.053811
1191  -0.119562  0.016755  0.014576
1192  0.017571  0.004967  0.000333
1193  -0.088742  -0.050641  0.010440
1194  0.133817  0.134797  0.036077
1195  -0.073136  -0.018529  0.005692
1196  0.078658  -0.046255  0.008327
1197  -0.031083  0.043894  0.002893
1198  -0.052283  0.092585  0.011306
1199  0.035747  -0.067375  0.005817
1200  -0.034112  0.057036  0.004417
1201  0.014226  0.051842  0.002890
1202  0.009310  0.056241  0.003250
1203  0.151317  0.017884  0.023217
1204  -0.062354  0.045348  0.005944
1205  0.222655  0.151347  0.072481
1206  -0.017534  0.197368  0.039261
1207  -0.026516  0.044575  0.002690
1208  -0.072566  0.078814  0.011478
1209  -0.187056  0.014438  0.035199
1210  0.061375  -0.060563  0.007435
1211  -0.045824  -0.160614  0.027897
1212  -0.077850  0.068465  0.010748
1213  -0.009032  0.042997  0.001930
1214  -0.081078  -0.123587  0.021847
1215  0.047962  0.020323  0.002713
1216  0.065246  -0.097685  0.013799
1217  -0.005120  -0.167065  0.027937
1218  0.036855  0.088222  0.009141
1219  -0.025624  0.042928  0.002499
1220  0.121341  -0.102081  0.025144
1221  0.148121  -0.248642  0.083762
1222  0.172299  0.193683  0.067200
1223  -0.010321  -0.165673  0.027554
1224  0.113017  -0.036426  0.014100
1225  0.157164  -0.057282  0.027982
1226  0.137025  0.022064  0.019263
1227  0.140046  -0.098854  0.029385
1228  0.188437  0.188783  0.071147
1229  -0.007536  -0.086527  0.007544
1230  -0.206730  -0.022439  0.043241
1231  -0.147030  0.155101  0.045674
1232  -0.122283  0.055749  0.018061
1233  0.041673  -0.164704  0.028864
1234  -0.258735  0.165010  0.094172
1235  0.063171  0.070212  0.008920
1236  0.048844  -0.178955  0.034410
1237  0.228312  -0.088556  0.059968
1238  0.129181  -0.005209  0.016715
1239  -0.031688  -0.160131  0.026646
1240  0.075455  0.008178  0.005760
1241  -0.033458  -0.072054  0.006311
1242  0.144758  -0.051000  0.023556
1243  0.213458  0.111972  0.058102
1244  0.060657  0.105808  0.014874
1245  0.171584  -0.110126  0.041569
1246  -0.066419  0.179695  0.036702
1247  0.033378  0.122289  0.016069
1248  -0.090501  -0.146201  0.029565
1249  0.121982  -0.143883  0.035582
1250  -0.128934  0.036195  0.017934
1251  -0.071936  -0.059430  0.008707
1252  -0.024429  0.183681  0.034335
1253  -0.204758  0.034743  0.043133
1254  -0.121015  0.163642  0.041423
1255  0.051225  0.055485  0.005703
1256  0.159581  0.145638  0.046676
1257  0.135732  0.018764  0.018775
1258  0.015982  -0.088041  0.008007
1259  0.182872  0.196076  0.071888
1260  0.106502  -0.236506  0.067278
1261  0.018120  0.411720  0.169842
1262  -0.092762  0.086154  0.016027
1263  0.083948  -0.004817  0.007070
1264  0.014683  0.072198  0.005428
1265  0.136951  -0.139246  0.038145
1266  0.181933  0.239590  0.090503
1267  -0.164521  0.259121  0.094211
1268  -0.241028  0.172733  0.087931
1269  -0.001882  -0.050321  0.002536
1270  -0.089063  -0.302916  0.099690
1271  0.121453  -0.233561  0.069301
1272  0.041955  -0.001985  0.001764
1273  -0.092276  0.010362  0.008622
1274  0.091315  0.061351  0.012102
1275  0.046973  -0.187147  0.037231
1276  0.077029  0.071042  0.010980
1277  -0.070572  -0.106806  0.016388
1278  0.116381  -0.079323  0.019837
1279  0.089337  0.011793  0.008120
1280  -0.248083  -0.127849  0.077890
1281  0.169786  -0.117829  0.042711
1282  0.146706  0.239603  0.078932
1283  0.225557  -0.162381  0.077244
1284  0.130781  0.189668  0.053078
1285  -0.238715  0.137328  0.075844
1286  -0.037364  0.041890  0.003151
1287  0.110135  -0.005909  0.012165
1288  -0.017957  -0.133531  0.018153
1289  -0.077820  -0.114790  0.019233
1290  -0.092408  0.200079  0.048571
1291  -0.218763  -0.122152  0.062778
1292  0.022568  -0.153510  0.024075
1293  0.014485  -0.191279  0.036797
1294  -0.192267  -0.013329  0.037144
1295  0.213567  0.107438  0.057154
1296  -0.050825  -0.047997  0.004887
1297  -0.101542  0.202493  0.051314
1298  -0.070110  0.084026  0.011976
1299  0.064305  0.045036  0.006163
1300  -0.130554  0.000422  0.017044
1301  -0.142624  -0.142451  0.040634
1302  -0.014294  -0.024544  0.000807
1303  -0.063127  0.089218  0.011945
1304  0.181817  0.210727  0.077463
1305  -0.043762  0.040061  0.003520
1306  0.053526  -0.042821  0.004699
1307  -0.045464  0.220516  0.050694
1308  0.028597  0.152767  0.024155
1309  0.035538  -0.052320  0.004000
1310  0.183725  -0.043341  0.035633
1311  -0.120368  0.002332  0.014494
1312  -0.204266  -0.323155  0.146153
1313  -0.144050  -0.224721  0.071250
1314  0.012860  0.426200  0.181812
1315  0.215750  0.122029  0.061439
1316  0.118229  0.257944  0.080513
1317  0.053114  0.299290  0.092396
1318  0.252032  0.087259  0.071134
1319  -0.047544  0.042039  0.004028
1320  0.064920  0.187056  0.039204
1321  0.066846  -0.034351  0.005648
1322  -0.062294  -0.074369  0.009411
1323  0.181840  -0.087099  0.040652
1324  0.103699  -0.097237  0.020209
1325  -0.096483  0.124199  0.024734
1326  -0.150538  -0.215570  0.069132
1327  -0.041946  0.214827  0.047910
1328  0.087575  0.120695  0.022237
1329  -0.028975  0.022936  0.001366
1330  -0.161952  -0.014154  0.026429
1331  -0.171889  -0.039134  0.031077
1332  -0.261191  0.092381  0.076755
1333  -0.023597  -0.451288  0.204218
1334  -0.271352  0.053987  0.076547
1335  0.253301  0.051336  0.066797
1336  0.254891  -0.357141  0.192519
1337  0.466938  -0.041796  0.219778
1338  0.329497  -0.101903  0.118952
1339  -0.162644  -0.092880  0.035080
1340  0.105116  -0.023903  0.011621
1341  -0.115209  0.297185  0.101592
1342  0.278254  0.015873  0.077677
1343  0.042462  0.319098  0.103626
1344  0.100599  0.279854  0.088439
1345  -0.283882  0.089671  0.088630
1346  0.005525  -0.101337  0.010300
1347  0.285463  -0.140838  0.101324
1348  0.236123  -0.069537  0.060590
1349  0.322696  0.168302  0.132459
1350  -0.208961  0.018022  0.043989
1351  -0.362796  0.000921  0.131622
1352  -0.347043  0.144814  0.141410
1353  0.159823  0.036013  0.026840
1354  0.327193  -0.215090  0.153319
1355  0.058522  -0.032053  0.004452
1356  -0.382727  0.238650  0.203433
1357  -0.332373  -0.558134  0.421986
1358  -0.219183  0.131575  0.065353
1359  -0.005700  -0.324782  0.105516
1360  0.022053  0.003944  0.000502
1361  -0.094192  0.085947  0.016259
1362  0.259961  0.071832  0.072739
1363  -0.101452  0.092836  0.018911
1364  -0.038593  0.022077  0.001977
1365  0.171127  -0.427307  0.211876
1366  -0.152103  -0.064726  0.027325
1367  -0.060237  -0.238854  0.060680
1368  0.117328  -0.065439  0.018048
1369  -0.346265  0.317731  0.220852
1370  -0.104009  -0.215574  0.057290
1371  -0.045814  0.018678  0.002448
1372  -0.087989  -0.630840  0.405702
1373  0.067530  0.089656  0.012599
1374  -0.078420  -0.051529  0.008805
1375  -0.187373  0.059185  0.038612
1376  0.461558  0.143734  0.233695
1377  -0.434337  -0.259810  0.256150
1378  0.049009  -0.277836  0.079595
1379  0.083781  0.033301  0.008128
1380  0.024784  -0.060854  0.004317
1381  0.460135  -0.221544  0.260806
1382  0.295567  0.492542  0.329957
1383  0.243836  0.324198  0.164561
1384  0.118537  0.196668  0.052730
1385  0.045381  0.009840  0.002156
1386  0.048357  0.076580  0.008203
1387  -0.262173  -0.082560  0.075551
1388  -0.135724  0.232974  0.072698
1389  -0.130481  -0.137892  0.036040
1390  -0.301246  -0.041668  0.092485
1391  -0.137529  -0.095970  0.028124
1392  -0.396844  0.204110  0.199146
1393  -0.112082  0.062206  0.016432
1394  -0.020298  0.008610  0.000486
1395  -0.362793  -0.424300  0.311649
1396  -0.291649  0.038591  0.086549
1397  -0.001461  0.162405  0.026378
1398  0.611549  0.026904  0.374715
1399  0.472207  -0.151791  0.246020
1400  -0.255348  0.116516  0.078778
1401  -0.169330  -0.093637  0.037441
1402  -0.205525  0.414767  0.214272
1403  -0.009746  0.077784  0.006145
1404  -0.155976  0.045180  0.026370
1405  0.528261  0.388891  0.430296
1406  -0.032769  -0.006331  0.001114
1407  -0.098274  -0.223982  0.059826
1408  -0.240128  -0.053315  0.060504
1409  -0.186138  -0.256433  0.100405
1410  0.022929  -0.143915  0.021237
1411  0.009750  -0.048427  0.002440
1412  0.447116  -0.169703  0.228712
1413  -0.119352  -0.654087  0.442075
1414  0.492683  -0.116451  0.256297
1415  0.152457  0.164252  0.050222
1416  0.576194  0.279582  0.410166
1417  -0.281874  -0.314342  0.178264
1418  -0.155491  0.219350  0.072292
1419  0.046472  0.032093  0.003190
1420  -0.127961  -0.168142  0.044646
1421  0.043922  0.216531  0.048815
1422  0.273921  0.217623  0.122393
1423  -0.422040  0.252069  0.241656
1424  -0.050171  -0.032861  0.003597
1425  0.274103  -0.178696  0.107065
1426  -0.537152  -0.252759  0.352420
1427  -0.131190  -0.228050  0.069218
1428  0.173319  -0.324175  0.135129
1429  -0.286196  0.119102  0.096093
1430  -0.155217  -0.068853  0.028833
1431  -0.187220  0.203252  0.076363
1432  -0.042410  0.243044  0.060869
1433  0.035130  0.421588  0.178970
1434  -0.029066  -0.312512  0.098509
1435  -0.171952  0.093462  0.038302
1436  -0.099170  -0.487861  0.247843
1437  -0.021107  0.600031  0.360482
1438  0.128649  -0.038308  0.018018
1439  0.298195  0.004811  0.088943
1440  -0.016987  -0.347266  0.120882
1441  0.085097  0.002357  0.007247
1442  0.131329  -0.279245  0.095225
1443  -0.053414  -0.078098  0.008952
1444  0.356930  0.233366  0.181859
1445  -0.021193  -0.045798  0.002547
1446  -0.057000  -0.216713  0.050214
1447  0.615641  -0.669934  0.827826
1448  0.653367  -0.506351  0.683280
1449  -0.128413  0.539995  0.308084
1450  0.317074  -0.236871  0.156644
1451  0.313394  0.166418  0.125911
1452  0.187163  -0.017160  0.035325
1453  0.383816  0.040075  0.148921
1454  0.308592  0.094696  0.104197
1455  0.055531  0.012916  0.003251
1456  0.440845  0.137396  0.213222
1457  -0.328973  -0.069941  0.113115
1458  -0.340544  -0.249724  0.178332
1459  -0.565310  0.255953  0.385088
1460  0.031117  -0.047098  0.003187
1461  0.492262  0.412059  0.412115
1462  0.091588  -0.227772  0.060268
1463  -0.197487  0.518098  0.307427
1464  -0.338830  -0.509073  0.373961
1465  0.001773  0.049264  0.002430
1466  0.209623  0.247014  0.104958
1467  0.610826  -0.290284  0.457373
1468  -0.104270  0.143042  0.031333
1469  -0.289900  -0.095708  0.093202
1470  0.063133  0.381958  0.149878
1471  -0.113173  0.071069  0.017859
1472  -0.325078  -0.019806  0.106068
1473  -0.125332  -0.232229  0.069639
1474  0.033611  -0.221260  0.050086
1475  -0.086997  0.041527  0.009293
1476  0.750799  -0.051663  0.566368
1477  0.085015  0.164256  0.034207
1478  -0.053208  -0.484413  0.237487
1479  -0.284681  0.106216  0.092325
1480  0.520455  -0.296435  0.358747
1481  0.207600  -0.230013  0.096004
1482  0.291478  0.214434  0.130942
1483  0.202108  0.553233  0.346914
1484  0.369516  -0.106935  0.147977
1485  0.058408  0.086217  0.010845
1486  -0.255815  -0.233834  0.120120
1487  -0.086477  0.059539  0.011023
1488  -0.099580  -0.092247  0.018426
1489  0.251705  -0.093408  0.072081
1490  -0.364847  -0.101788  0.143474
1491  -0.159622  -0.039731  0.027058
1492  0.979828  -0.099314  0.969927
1493  0.448650  0.435798  0.391207
1494  0.132601  0.037704  0.019005
1495  -0.089938  0.234323  0.062996
1496  0.181382  -0.395771  0.189534
1497  0.263744  0.383899  0.216939
1498  -0.312210  0.041475  0.099195
1499  0.434370  -0.068674  0.193394
1500  -0.082415  -0.305054  0.099850
1501  0.405114  -0.201056  0.204541
1502  -0.006244  -0.027271  0.000783
1503  0.104210  -0.085744  0.018212
1504  -0.401286  -0.121263  0.175735
1505  0.225073  -0.273817  0.125634
1506  -0.661177  -0.165756  0.464630
1507  0.113602  0.598727  0.371380
1508  -0.060928  0.046242  0.005850
1509  0.282048  0.322173  0.183347
1510  -0.036679  -0.136616  0.020009
1511  0.300521  -0.534923  0.376455
1512  0.354224  0.210136  0.169632
1513  -0.693701  -0.347820  0.602199
1514  0.516913  0.093838  0.276004
1515  0.750827  -0.236365  0.619610
1516  -0.321169  -0.120297  0.117621
1517  0.186580  -0.022143  0.035302
1518  -0.012852  0.316259  0.100185
1519  -0.315172  -0.077750  0.105378
1520  0.071975  0.060453  0.008835
1521  -0.102726  0.161552  0.036652
1522  -0.168834  -0.354670  0.154296
1523  -0.065458  -0.292237  0.089687
1524  0.042934  -0.415966  0.174871
1525  0.017884  -0.166516  0.028047
1526  -0.294340  0.255366  0.151848
1527  0.082542  -0.265368  0.077233
1528  0.007051  0.425336  0.180960
1529  0.291685  0.288510  0.168318
1530  -0.093710  0.319917  0.111128
1531  -0.504413  0.088697  0.262300
1532  -0.641184  -0.442879  0.607258
1533  -0.667028  0.476742  0.672210
1534  0.529135  -0.263662  0.349501
1535  0.101067  0.249397  0.072413
1536  0.059407  -0.169974  0.032421
1537  0.213739  -0.316517  0.145868
1538  -0.136546  -0.628163  0.413234
1539  0.401445  -0.265515  0.231657
1540  -0.046544  -0.089520  0.010180
1541  -0.005354  -0.100832  0.010196
1542  -0.116907  -0.252786  0.077568
1543  0.073575  -0.437055  0.196430
1544  -0.230628  -0.278348  0.130667
1545  -0.152018  -0.123373  0.038330
1546  -0.008508  -0.099403  0.009953
1547  0.387358  -0.448467  0.351170
1548  0.287857  0.082231  0.089624
1549  0.232160  -0.335434  0.166414
1550  -0.326048  -0.758112  0.681041
1551  0.475144  0.025443  0.226409
1552  -0.090298  -0.667677  0.453947
1553  0.402267  0.197646  0.200883
1554  -0.265778  -0.159959  0.096225
1555  0.414565  0.483771  0.405899
1556  0.347521  0.005536  0.120801
1557  0.062579  -0.473767  0.228372
1558  0.173026  -0.035065  0.031167
1559  0.234323  -0.357039  0.182384
1560  -0.066785  0.451902  0.208676
1561  -0.545294  -0.703651  0.792471
1562  0.192396  -0.806322  0.687172
1563  0.342294  0.388722  0.268270
1564  -0.282725  -0.531422  0.362343
1565  0.105251  0.147423  0.032811
1566  0.064576  0.652865  0.430402
1567  0.396243  -0.412597  0.327245
1568  0.332650  0.256175  0.176282
1569  0.324288  -0.011144  0.105287
1570  -0.389969  0.277954  0.229334
1571  0.475727  -0.004412  0.226335
1572  0.516504  -0.158554  0.291915
1573  -0.280077  -0.145498  0.099613
1574  -0.278260  -0.071873  0.082595
1575  0.671915  -0.563130  0.768585
1576  -0.040233  -0.879673  0.775443
1577  -0.254531  0.343845  0.183016
1578  0.294856  -0.175883  0.117875
1579  0.044001  0.187898  0.037242
1580  0.735070  0.235875  0.595965
1581  0.120102  -0.606703  0.382513
1582  -0.315193  0.454234  0.305675
1583  0.173148  -0.119909  0.044358
1584  -0.303375  0.217584  0.139379
1585  -0.013501  0.033586  0.001310
1586  0.018673  -0.412923  0.170854
1587  0.204248  0.471696  0.264214
1588  -0.121245  0.429728  0.199366
1589  0.315100  0.612180  0.474053
1590  -0.218356  -0.203183  0.088963
1591  0.231710  0.153891  0.077372
1592  0.052508  -0.217121  0.049899
1593  -0.192790  0.380141  0.181675
1594  -0.017620  -0.117912  0.014214
1595  0.106817  0.066711  0.015860
1596  -0.181649  -0.061637  0.036795
1597  -0.736717  -0.192045  0.579633
1598  0.113627  0.119894  0.027286
1599  0.547405  0.497556  0.547214
1600  -0.007303  0.384016  0.147522
1601  0.003572  0.144512  0.020897
1602  -0.103995  -0.193584  0.048290
1603  0.449161  -0.065344  0.206015
1604  -0.359851  -0.510493  0.390096
1605  -0.441197  0.412436  0.364758
1606  0.130948  0.071264  0.022226
1607  -0.091370  -0.262585  0.077300
1608  -0.120506  0.630159  0.411622
1609  0.164694  -0.536873  0.315356
1610  0.304404  -0.240261  0.150387
1611  0.829770  -0.308537  0.783714
1612  -0.313841  -0.182091  0.131653
1613  -0.115239  -0.319762  0.115528
1614  -0.066301  -0.310430  0.100762
1615  0.353258  -0.289764  0.208754
1616  -0.193466  -0.513123  0.300724
1617  0.104807  -0.592594  0.362152
1618  -0.262497  -0.402622  0.231009
1619  0.254456  -0.002692  0.064755
1620  0.152288  -0.209114  0.066920
1621  -0.075847  0.103312  0.016426
1622  -0.372686  0.313978  0.237477
1623  0.039124  -0.394428  0.157104
1624  -0.105439  0.239029  0.068252
1625  -0.294190  -0.614774  0.464495
1626  0.075286  0.200639  0.045924
1627  -0.060043  -0.158032  0.028579
1628  -0.199990  0.221044  0.088856
1629  -0.097772  -0.136919  0.028306
1630  -0.100873  0.179572  0.042421
1631  -0.333926  -0.480724  0.342602
1632  0.139245  0.142873  0.039802
1633  0.112123  -0.026966  0.013299
1634  -0.560096  -0.406438  0.478900
1635  -0.053481  -0.624667  0.393070
1636  -0.192176  -0.234217  0.091789
1637  -0.268768  -0.587581  0.417488
1638  0.061936  0.310724  0.100386
1639  0.440537  -0.169174  0.222693
1640  -0.338828  0.095623  0.123948
1641  -0.911702  0.155876  0.855498
1642  0.432646  -0.134660  0.205316
1643  0.459430  0.297060  0.299321
1644  0.049886  0.252752  0.066372
1645  -0.484196  -0.270743  0.307748
1646  -0.162300  0.106974  0.037785
1647  0.023340  -0.606945  0.368927
1648  0.138597  0.333703  0.130566
1649  0.024786  -0.032492  0.001670
1650  -0.628967  0.161480  0.421675
1651  -0.347691  -0.074433  0.126429
1652  0.290599  0.246894  0.145404
1653  -0.071169  -0.165890  0.032585
1654  -0.234481  0.240376  0.112762
1655  0.019625  0.287280  0.082915
1656  -0.376039  0.899523  0.950547
1657  0.328349  -0.173087  0.137772
1658  0.280061  0.497065  0.325507
1659  0.204319  -0.662089  0.480109
1660  0.300254  0.024073  0.090732
1661  -0.081383  -0.418570  0.181824
1662  -0.212059  -0.452102  0.249366
1663  0.370331  -0.069849  0.142024
1664  0.190192  0.107663  0.047764
1665  -0.298125  -0.694329  0.570971
1666  -0.023976  -0.016065  0.000833
1667  -0.377632  -0.054976  0.145629
1668  0.147709  -0.325669  0.127878
1669  0.031309  0.229671  0.053729
1670  -0.149810  -0.630298  0.419718
1671  -0.132338  -0.633606  0.418969
1672  -0.192626  0.049923  0.039597
1673  0.043773  -0.055414  0.004987
1674  -0.431495  -0.052952  0.188992
1675  0.272426  0.298464  0.163297
1676  0.396984  0.467512  0.376164
1677  -0.104664  -0.292487  0.096503
1678  0.012501  -0.087848  0.007873
1679  -0.449632  0.080322  0.208620
1680  -0.632214  -0.645141  0.815901
1681  -0.390008  -0.084665  0.159274
1682  0.449927  0.254641  0.267277
1683  0.486232  0.117562  0.250242
1684  0.117597  -0.079924  0.020217
1685  0.471137  0.196242  0.260481
1686  0.504904  0.042790  0.256759
1687  0.229400  0.167977  0.080840
1688  -0.116463  0.467570  0.232185
1689  -0.439405  0.271745  0.266922
1690  0.646263  0.247693  0.479007
1691  -0.262936  0.013568  0.069319
1692  -0.288683  0.683149  0.550031
1693  0.147989  0.475544  0.248043
1694  -0.112989  -0.056717  0.015983
1695  -0.136097  -0.085728  0.025872
1696  -0.846026  -0.040081  0.717366
1697  0.324792  0.645009  0.521527
1698  -0.433814  0.007396  0.188249
1699  -0.255429  0.113868  0.078210
1700  -0.276771  0.173396  0.106668
1701  -0.302867  0.000214  0.091729
1702  -0.281779  0.012235  0.079549
1703  0.216669  -0.685149  0.516374
1704  0.466959  0.269239  0.290541
1705  -0.183759  0.241789  0.092229
1706  0.510145  0.204825  0.302201
1707  -0.018876  0.059461  0.003892
1708  0.266339  0.362484  0.202331
1709  -0.042155  -0.082907  0.008651
1710  0.567649  -0.306005  0.415864
1711  -0.046953  0.034446  0.003391
1712  -0.370351  0.540219  0.428996
1713  0.117314  -0.528285  0.292847
1714  0.022318  -0.272774  0.074904
1715  0.080493  0.110306  0.018646
1716  0.292957  0.407257  0.251682
1717  0.036544  0.209575  0.045257
1718  0.024680  -0.415711  0.173425
1719  -0.002777  -0.267925  0.071791
1720  -0.134649  0.075330  0.023805
1721  -0.790421  -0.341663  0.741499
1722  0.133885  0.400864  0.178617
1723  0.295118  0.365076  0.220375
1724  0.064160  0.148071  0.026041
1725  0.547215  0.460325  0.511344
1726  0.150240  -0.300214  0.112700
1727  -0.208388  -0.180600  0.076042
1728  -0.441563  -0.322332  0.298876
1729  -1.009498  0.458013  1.228861
1730  -0.275280  0.226203  0.126947
1731  0.248130  0.087204  0.069173
1732  -0.063083  0.339985  0.119569
1733  0.231244  0.111592  0.065927
1734  -0.065244  0.031537  0.005251
1735  -0.181778  0.615493  0.411875
1736  -0.136165  -0.025342  0.019183
1737  0.226770  0.191439  0.088073
1738  0.002094  -0.278354  0.077485
1739  0.086437  -0.290429  0.091820
1740  0.350133  0.423014  0.301534
1741  0.218871  -0.309831  0.143900
1742  -0.092473  0.075296  0.014221
1743  0.232151  -0.018203  0.054225
1744  -0.470909  0.003786  0.221769
1745  -0.411140  0.444958  0.367024
1746  -0.084933  0.138975  0.026528
1747  0.017478  -0.049662  0.002772
1748  0.680379  -0.062254  0.466791
1749  -0.019460  -0.065943  0.004727
1750  -0.413247  0.075795  0.176518
1751  -0.004590  0.438996  0.192739
1752  0.117358  -0.096871  0.023157
1753  -0.239853  -0.223323  0.107403
1754  0.204646  -0.261250  0.110131
1755  -0.034198  -0.192007  0.038036
1756  -0.100953  0.266204  0.081056
1757  0.709606  -0.245825  0.563971
1758  0.025798  0.003298  0.000676
1759  0.038039  -0.096414  0.010743
1760  -0.346229  0.108924  0.131739
1761  -0.296799  0.289973  0.172174
1762  -0.144786  0.269075  0.093364
1763  0.070114  -0.180368  0.037449
1764  0.067665  -0.170573  0.033674
1765  0.300235  0.283532  0.170531
1766  0.485144  -0.213511  0.280951
1767  0.327863  0.028488  0.108306
1768  0.272675  -0.366149  0.208417
1769  -0.092791  -0.450146  0.211242
1770  0.064636  0.021425  0.004637
1771  0.093539  -0.177578  0.040283
1772  0.004600  -0.506096  0.256154
1773  -0.356795  0.012086  0.127448
1774  -0.108782  0.105771  0.023021
1775  0.079201  0.341337  0.122784
1776  0.219207  -0.052821  0.050842
1777  0.038087  -0.298370  0.090476
1778  -0.163781  -0.116858  0.040480
1779  0.047081  0.002561  0.002223
1780  -0.065065  -0.228344  0.056374
1781  -0.471391  -0.193431  0.259625
1782  -0.420322  0.077412  0.182663
1783  -0.046689  0.145015  0.023209
1784  -0.088767  0.245624  0.068211
1785  0.202234  -0.314342  0.139709
1786  0.038694  0.124717  0.017052
1787  -0.289340  0.206640  0.126418
1788  0.377404  0.113538  0.155324
1789  0.178118  0.097403  0.041213
1790  0.266767  -0.224999  0.121789
1791  -0.374494  0.107975  0.151904
1792  -0.377512  0.139725  0.162038
1793  0.389222  -0.183450  0.185148
1794  -0.262443  0.184459  0.102902
1795  -0.297897  0.006476  0.088784
1796  -0.291019  0.317637  0.185585
1797  -0.128991  -0.136841  0.035364
1798  -0.158888  -0.075009  0.030872
1799  0.194079  0.192647  0.074780
1800  -0.074682  0.050076  0.008085
1801  -0.233913  -0.273099  0.129298
1802  0.017923  0.081645  0.006987
1803  -0.164935  0.450122  0.229813
1804  -0.152352  0.204010  0.064831
1805  0.241786  0.343780  0.176645
1806  0.135637  -0.022344  0.018897
1807  0.448088  -0.032943  0.201868
1808  -0.036766  -0.202146  0.042215
1809  0.003233  -0.007304  0.000064
1810  -0.063663  -0.061693  0.007859
1811  -0.225147  -0.306952  0.144910
1812  -0.342009  0.153819  0.140631
1813  -0.007717  -0.130923  0.017200
1814  -0.420337  -0.208761  0.220264
1815  0.191441  0.072100  0.041848
1816  0.313202  0.001540  0.098098
1817  0.139595  0.081338  0.026103
1818  0.148913  0.474467  0.247294
1819  0.324546  -0.212390  0.150439
1820  0.049441  0.147666  0.024250
1821  -0.047700  0.035427  0.003530
1822  -0.187089  0.144621  0.055917
1823  -0.211478  0.234554  0.099738
1824  -0.018904  0.265769  0.070991
1825  0.079408  0.265237  0.076656
1826  0.162401  0.165174  0.053656
1827  0.342299  -0.167934  0.145370
1828  0.031403  0.085077  0.008224
1829  -0.196345  0.075546  0.044259
1830  -0.090695  0.003922  0.008241
1831  0.120536  0.160049  0.040145
1832  0.074719  -0.387432  0.155686
1833  -0.064506  0.095401  0.013262
1834  -0.289341  -0.240717  0.141663
1835  -0.141829  0.293849  0.106462
1836  -0.014620  0.119385  0.014466
1837  -0.010048  -0.075224  0.005760
1838  0.074051  0.370807  0.142982
1839  0.201157  -0.041587  0.042194
1840  0.336701  0.050584  0.115926
1841  -0.151395  -0.000812  0.022921
1842  0.123257  -0.303894  0.107544
1843  -0.572625  -0.176359  0.359002
1844  0.098506  0.103893  0.020497
1845  -0.338249  0.086923  0.121968
1846  -0.006535  0.160498  0.025802
1847  0.017675  0.055989  0.003447
1848  0.117596  0.191416  0.050469
1849  0.203939  -0.233831  0.096268
1850  -0.020557  -0.106394  0.011742
1851  -0.300699  0.110405  0.102609
1852  0.161906  0.160038  0.051826
1853  0.010161  -0.220230  0.048604
1854  0.075726  -0.063514  0.009769
1855  -0.027203  -0.237189  0.056998
1856  -0.020975  0.318051  0.101596
1857  -0.036773  0.061865  0.005179
1858  0.087639  -0.260936  0.075768
1859  -0.017907  -0.133929  0.018258
1860  0.107563  -0.213220  0.057033
1861  0.067973  0.376740  0.146554
1862  -0.099945  0.127379  0.026214
1863  0.010116  -0.061169  0.003844
1864  0.259231  0.131239  0.084425
1865  -0.279088  -0.060542  0.081555
1866  -0.102864  0.113019  0.023354
1867  0.351164  0.349891  0.245740
1868  0.180927  -0.051959  0.035434
1869  0.147645  -0.112232  0.034395
1870  -0.056362  0.026255  0.003866
1871  0.047197  -0.415798  0.175115
1872  -0.068974  0.167184  0.032708
1873  0.091671  -0.254993  0.073425
1874  0.090570  -0.259778  0.075688
1875  -0.088023  0.123093  0.022900
1876  -0.023987  0.188464  0.036094
1877  -0.291467  0.283387  0.165262
1878  0.051335  0.164257  0.029616
1879  0.080189  -0.083654  0.013428
1880  -0.101533  -0.051581  0.012970
1881  -0.236811  0.011270  0.056207
1882  0.012036  0.012805  0.000309
1883  0.168903  0.256870  0.094510
1884  -0.022403  -0.107984  0.012162
1885  -0.067953  -0.204569  0.046466
1886  -0.109820  0.148029  0.033973
1887  0.206802  0.197587  0.081808
1888  -0.221238  -0.137820  0.067940
1889  0.041545  0.208549  0.045218
1890  -0.122992  0.049512  0.017578
1891  -0.149768  0.041386  0.024143
1892  0.220747  0.146375  0.070155
1893  -0.031465  -0.066763  0.005447
1894  0.131353  -0.183023  0.050751
1895  0.053505  0.020911  0.003300
1896  0.057961  -0.107394  0.014893
1897  -0.216172  0.178338  0.078535
1898  0.094242  0.241067  0.066995
1899  -0.005930  0.083106  0.006942
1900  0.044437  0.030507  0.002905
1901  0.077350  -0.140339  0.025678
1902  -0.090472  -0.060718  0.011872
1903  0.186522  -0.047827  0.037078
1904  -0.044001  -0.046613  0.004109
1905  0.124507  -0.130621  0.032564
1906  0.134468  0.010276  0.018187
1907  -0.050715  -0.080639  0.009075
1908  0.288356  -0.355831  0.209765
1909  -0.061264  -0.283226  0.083970
1910  0.066658  -0.159209  0.029791
1911  0.095584  0.056649  0.012345
1912  -0.138108  0.115819  0.032488
1913  0.036489  -0.125324  0.017038
1914  0.097545  0.043987  0.011450
1915  0.192713  0.004207  0.037156
1916  0.055008  -0.167505  0.031084
1917  -0.105502  0.084787  0.018319
1918  -0.111881  -0.205427  0.054717
1919  -0.050532  0.019117  0.002919
1920  -0.126907  0.301396  0.106945
1921  -0.061291  0.022397  0.004258
1922  -0.019063  0.132488  0.017916
1923  0.087257  -0.121484  0.022372
1924  0.006059  -0.125490  0.015784
1925  0.104752  0.020890  0.011409
1926  0.332741  0.293877  0.197081
1927  -0.245378  -0.072445  0.065459
1928  -0.066927  -0.011240  0.004606
1929  0.050664  0.114305  0.015633
1930  -0.230993  -0.154478  0.077221
1931  0.106362  0.194480  0.049135
1932  -0.102126  -0.013927  0.010624
1933  0.301355  0.023522  0.091368
1934  -0.054397  0.160561  0.028739
1935  -0.213635  -0.270265  0.118683
1936  -0.072690  0.176948  0.036594
1937  0.059771  -0.023018  0.004102
1938  0.192318  -0.069850  0.041865
1939  0.225279  -0.083455  0.057715
1940  0.044298  0.135887  0.020427
1941  0.085658  0.000060  0.007337
1942  0.006394  0.014088  0.000239
1943  -0.044784  -0.083025  0.008899
1944  -0.035946  0.143203  0.021799
1945  -0.024515  -0.042122  0.002375
1946  -0.135631  -0.050095  0.020905
1947  0.023700  -0.186866  0.035481
1948  0.031130  0.013347  0.001147
1949  -0.152284  0.253429  0.087417
1950  -0.053121  -0.120527  0.017349
1951  -0.013045  0.209185  0.043929
1952  -0.019149  -0.001688  0.000370
1953  0.043833  -0.065992  0.006276
1954  0.088206  -0.053449  0.010637
1955  -0.144452  0.130398  0.037870
1956  -0.061206  0.221983  0.053023
1957  -0.057299  0.150931  0.026063
1958  0.049358  -0.111307  0.014825
1959  -0.112321  0.249013  0.074624
1960  -0.065805  0.119536  0.018619
1961  0.081975  -0.066496  0.011142
1962  0.055697  0.056685  0.006315
1963  0.054748  -0.034003  0.004154
1964  -0.090539  0.016325  0.008464
1965  -0.202394  0.027579  0.041724
1966  0.064577  -0.079858  0.010547
1967  -0.070197  0.064851  0.009133
1968  0.066734  0.058719  0.007901
1969  -0.079276  -0.015840  0.006536
1970  -0.078996  -0.018338  0.006577
1971  -0.024036  -0.026442  0.001277
1972  -0.043675  -0.057852  0.005254
1973  0.062390  0.186304  0.038602
1974  -0.064668  -0.026401  0.004879
1975  0.175950  0.144923  0.051961
1976  0.157774  0.108113  0.036581
1977  0.209302  0.064383  0.047952
1978  0.121065  -0.110676  0.026906
1979  -0.001580  -0.009663  0.000096
1980  -0.040687  0.159128  0.026977
1981  0.120266  0.096370  0.023751
1982  -0.073111  -0.009433  0.005434
1983  0.037250  0.025273  0.002026
1984  0.016888  -0.137778  0.019268
1985  0.205137  -0.116292  0.055605
1986  0.061271  -0.103882  0.014546
1987  -0.143867  0.196794  0.059426
1988  0.084382  0.098751  0.016872
1989  -0.027636  -0.162104  0.027041
1990  0.013091  0.001329  0.000173
1991  -0.005561  -0.107354  0.011556
1992  0.125428  -0.304530  0.108471
1993  0.099364  0.083677  0.016875
1994  0.078963  0.034305  0.007412
1995  -0.159865  -0.016583  0.025832
1996  0.128829  -0.021610  0.017064
1997  0.161985  -0.255831  0.091689
1998  -0.193592  -0.088350  0.045284
1999  0.018068  0.197389  0.039289
2000  -0.065188  0.045855  0.006352
2001  -0.015036  0.151757  0.023256
2002  0.066573  0.051887  0.007124
2003  -0.100208  -0.046023  0.012160
2004  0.273413  0.024734  0.075366
2005  0.153231  -0.031580  0.024477
2006  0.013825  -0.106945  0.011628
2007  -0.246970  -0.033027  0.062085
2008  0.055786  -0.042892  0.004952
2009  -0.133433  -0.017201  0.018100
2010  -0.121086  0.044544  0.016646
2011  0.106298  0.145092  0.032351
2012  0.019603  -0.004629  0.000406
2013  -0.066168  -0.055849  0.007497
2014  -0.180511  -0.005980  0.032620
2015  -0.088285  0.134569  0.025903
2016  -0.036424  0.014975  0.001551
2017  0.091127  -0.038150  0.009760
2018  0.043604  0.037244  0.003288
2019  0.003007  0.023983  0.000584
2020  -0.003335  -0.078030  0.006100
2021  0.038719  0.000571  0.001500
2022  -0.010629  -0.114276  0.013172
2023  -0.082248  0.102059  0.017181
2024  -0.044330  0.053431  0.004820
2025  -0.158076  0.113720  0.037920
2026  0.013965  0.033304  0.001304
2027  0.050544  -0.069671  0.007409
2028  -0.090758  0.033248  0.009342
2029  -0.022409  -0.155343  0.024634
2030  0.072142  0.103251  0.015865
2031  0.074749  0.190206  0.041766
2032  0.033872  -0.017372  0.001449
2033  -0.001023  -0.055365  0.003066
2034  0.014870  0.009462  0.000311
2035  -0.042689  -0.137374  0.020694
2036  -0.005376  0.147705  0.021846
2037  0.024492  0.011302  0.000728
2038  0.056437  -0.065279  0.007446
2039  -0.116756  0.120769  0.028217
2040  0.102067  -0.025026  0.011044
2041  -0.036663  0.040771  0.003006
2042  0.047499  0.095724  0.011419
2043  0.085158  0.019907  0.007648
2044  0.112645  0.066923  0.017168
2045  0.002378  -0.026852  0.000727
2046  -0.044523  -0.001511  0.001985
2047  0.015665  0.044337  0.002211
