0  -0.004777  0.035444  0.001279
1  -0.004637  0.063469  0.004050
2  0.023634  -0.007657  0.000617
3  -0.038836  -0.035591  0.002775
4  0.013753  -0.045450  0.002255
5  0.052592  -0.059640  0.006323
6  -0.003533  0.059662  0.003572
7  -0.015466  0.032197  0.001276
8  -0.058172  0.007439  0.003439
9  0.029449  -0.011226  0.000993
10  0.020840  0.008428  0.000505
11  0.011322  0.039595  0.001696
12  -0.011811  -0.005371  0.000168
13  0.032912  -0.005294  0.001111
14  -0.035318  0.003985  0.001263
15  0.030638  0.020227  0.001348
16  -0.015527  -0.024078  0.000821
17  0.030307  0.055975  0.004052
18  0.026431  -0.012519  0.000855
19  -0.065267  -0.010918  0.004379
20  -0.038564  0.001358  0.001489
21  -0.008557  -0.003560  0.000086
22  -0.015704  0.029660  0.001126
23  0.007869  -0.017977  0.000385
24  0.087169  0.046342  0.009746
25  -0.018916  0.014171  0.000559
26  0.005599  -0.022908  0.000556
27  0.015700  0.015784  0.000496
28  -0.015242  0.006023  0.000269
29  0.002018  -0.009730  0.000099
30  -0.044324  -0.046554  0.004132
31  0.042481  -0.045505  0.003875
32  0.034995  -0.009979  0.001324
33  0.009992  0.024654  0.000708
34  0.065578  0.037420  0.005701
35  0.009472  -0.021104  0.000535
36  0.036701  0.030504  0.002277
37  -0.010393  -0.024681  0.000717
38  -0.023452  0.017482  0.000856
39  -0.018334  0.012707  0.000498
40  0.004636  -0.006690  0.000066
41  0.052659  -0.013611  0.002958
42  -0.020269  0.039557  0.001976
43  -0.000811  -0.025906  0.000672
44  0.008406  0.056967  0.003316
45  0.012920  0.030634  0.001105
46  -0.040865  0.006666  0.001714
47  0.044890  0.017584  0.002324
48  -0.063449  -0.024627  0.004632
49  0.015917  0.047716  0.002530
50  0.029536  -0.014968  0.001096
51  0.007356  -0.008684  0.000130
52  -0.000865  -0.004390  0.000020
53  0.053435  0.006048  0.002892
54  -0.027563  0.027872  0.001537
55  0.047561  -0.030183  0.003173
56  -0.002350  -0.007206  0.000057
57  -0.012912  0.003390  0.000178
58  0.070407  -0.058691  0.008402
59  0.049256  -0.065621  0.006732
60  -0.023850  -0.025049  0.001196
61  0.020472  0.031062  0.001384
62  -0.007987  0.030666  0.001004
63  0.028859  -0.014078  0.001031
64  0.013313  0.049045  0.002583
65  -0.020729  0.036223  0.001742
66  0.013013  -0.013290  0.000346
67  0.046668  0.019597  0.002562
68  0.034820  0.045514  0.003284
69  0.035246  -0.007308  0.001296
70  -0.016499  -0.038751  0.001774
71  -0.009836  0.000482  0.000097
72  0.005151  0.006027  0.000063
73  0.006955  0.034247  0.001221
74  0.013979  -0.012838  0.000360
75  -0.023851  0.011950  0.000712
76  -0.047905  0.017371  0.002597
77  0.020182  -0.039781  0.001990
78  0.008839  0.024633  0.000685
79  -0.018772  -0.002278  0.000358
80  0.021838  0.004898  0.000501
81  0.014952  0.027267  0.000967
82  0.010055  0.005445  0.000131
83  -0.019411  -0.017317  0.000677
84  -0.008771  0.044645  0.002070
85  -0.015857  0.011876  0.000392
86  0.028854  -0.022107  0.001321
87  -0.034420  -0.052092  0.003898
88  0.000457  -0.008762  0.000077
89  0.024698  0.023324  0.001154
90  -0.004558  0.004277  0.000039
91  0.025737  0.048239  0.002989
92  -0.019575  -0.012193  0.000532
93  0.009794  -0.005767  0.000129
94  0.025585  0.001921  0.000658
95  -0.013015  0.016192  0.000432
96  0.034324  -0.013653  0.001365
97  -0.035258  -0.024487  0.001843
98  0.013538  -0.024219  0.000770
99  -0.021064  -0.015374  0.000680
100  0.024645  -0.021276  0.001060
101  0.051973  0.052278  0.005434
102  -0.020645  0.057906  0.003779
103  -0.013951  -0.001143  0.000196
104  -0.036148  0.028905  0.002142
105  0.003866  -0.000500  0.000015
106  0.007807  -0.010047  0.000162
107  -0.025291  0.018207  0.000971
108  0.063028  0.043643  0.005877
109  0.034794  -0.086944  0.008770
110  0.028457  -0.042311  0.002600
111  0.001404  -0.052584  0.002767
112  -0.012785  0.022607  0.000675
113  -0.028504  -0.021749  0.001285
114  0.002898  0.020214  0.000417
115  -0.038490  0.001287  0.001483
116  0.059549  -0.017857  0.003865
117  -0.029604  0.029543  0.001749
118  -0.003443  0.035118  0.001245
119  0.021848  -0.046644  0.002653
120  -0.039653  -0.012182  0.001721
121  0.032510  0.048027  0.003363
122  0.066742  -0.034854  0.005669
123  0.058516  0.048782  0.005804
124  -0.032128  -0.040187  0.002647
125  0.017857  -0.000851  0.000320
126  0.044136  0.007157  0.001999
127  -0.051833  0.056403  0.005868
128  -0.025934  0.002555  0.000679
129  -0.000273  -0.022427  0.000503
130  -0.064397  0.004328  0.004166
131  -0.001689  0.013528  0.000186
132  0.033552  -0.026867  0.001848
133  -0.057585  0.009809  0.003412
134  -0.010844  -0.020054  0.000520
135  0.038639  -0.004127  0.001510
136  0.008243  -0.019397  0.000444
137  0.012229  0.061572  0.003941
138  0.018064  -0.011819  0.000466
139  -0.021903  0.010863  0.000598
140  -0.027529  -0.003264  0.000768
141  -0.027554  0.020258  0.001170
142  -0.044756  -0.009499  0.002093
143  -0.044653  -0.055973  0.005127
144  0.012660  0.005997  0.000196
145  -0.008862  -0.027567  0.000838
146  0.060047  0.064450  0.007759
147  -0.001506  0.081202  0.006596
148  -0.025614  -0.036276  0.001972
149  0.023492  -0.011323  0.000680
150  0.050796  0.024191  0.003165
151  0.026200  0.052450  0.003437
152  -0.040026  0.056363  0.004779
153  0.023030  0.030257  0.001446
154  -0.006907  0.039247  0.001588
155  0.034179  0.009212  0.001253
156  -0.009346  -0.038929  0.001603
157  0.011800  -0.020437  0.000557
158  -0.014996  -0.003848  0.000240
159  0.015308  0.064231  0.004360
160  0.025945  -0.017298  0.000972
161  -0.075594  -0.019961  0.006113
162  0.006086  -0.070577  0.005018
163  0.035318  0.025608  0.001903
164  0.020648  -0.043698  0.002336
165  -0.034083  0.041492  0.002883
166  0.015294  0.074759  0.005823
167  0.024803  0.016509  0.000888
168  -0.038615  -0.010663  0.001605
169  -0.008170  0.013623  0.000252
170  -0.126244  -0.013902  0.016131
171  -0.036515  0.014101  0.001532
172  0.025887  -0.017118  0.000963
173  0.030436  0.012567  0.001084
174  0.032966  -0.013839  0.001278
175  -0.009128  0.047627  0.002352
176  -0.012299  -0.025526  0.000803
177  0.002662  0.024035  0.000585
178  0.003843  -0.038199  0.001474
179  0.069058  0.084380  0.011889
180  0.030625  0.032540  0.001997
181  -0.063874  0.057360  0.007370
182  0.063818  -0.011092  0.004196
183  0.049511  -0.001272  0.002453
184  -0.046928  0.056796  0.005428
185  0.017870  -0.005596  0.000351
186  0.014129  0.032884  0.001281
187  0.049022  -0.022957  0.002930
188  0.019662  -0.005394  0.000416
189  -0.041601  0.004729  0.001753
190  -0.024167  -0.005362  0.000613
191  -0.016945  -0.020973  0.000727
192  -0.047253  0.036423  0.003559
193  -0.038793  -0.028051  0.002292
194  0.000916  0.015781  0.000250
195  -0.015250  -0.072541  0.005495
196  -0.017663  -0.048864  0.002700
197  0.011080  0.050538  0.002677
198  -0.004220  0.007840  0.000079
199  -0.091994  0.034517  0.009654
200  -0.018336  0.036576  0.001674
201  -0.057110  -0.014061  0.003459
202  -0.049356  0.001841  0.002439
203  -0.019613  -0.056027  0.003524
204  0.029911  0.032851  0.001974
205  -0.048174  0.022396  0.002822
206  -0.024447  -0.015882  0.000850
207  0.017355  -0.030615  0.001238
208  0.007757  0.013144  0.000233
209  0.011376  -0.035856  0.001415
210  -0.029318  0.024093  0.001440
211  0.049444  -0.008041  0.002509
212  -0.009790  -0.000050  0.000096
213  -0.035300  -0.026692  0.001959
214  -0.005725  0.027272  0.000777
215  -0.062255  -0.045430  0.005940
216  -0.006026  0.080878  0.006578
217  0.023206  -0.043281  0.002412
218  -0.040719  -0.045971  0.003771
219  0.017020  0.049201  0.002710
220  0.015703  0.008561  0.000320
221  -0.047864  0.001815  0.002294
222  -0.005711  -0.023892  0.000603
223  0.043601  0.010844  0.002019
224  -0.024354  0.013697  0.000781
225  0.022994  0.013626  0.000714
226  -0.040727  -0.047426  0.003908
227  -0.024698  -0.049902  0.003100
228  -0.045650  -0.002005  0.002088
229  0.010463  -0.024004  0.000686
230  -0.020127  0.030158  0.001315
231  -0.003854  0.043642  0.001919
232  0.012441  -0.035826  0.001438
233  0.028316  0.037183  0.002184
234  0.005029  0.013770  0.000215
235  -0.009508  0.053036  0.002903
236  -0.066372  0.025540  0.005057
237  -0.061435  -0.057346  0.007063
238  0.011430  -0.079019  0.006375
239  -0.024227  -0.034867  0.001803
240  -0.021426  0.027762  0.001230
241  -0.007380  0.001209  0.000056
242  -0.017180  -0.001081  0.000296
243  0.045508  -0.051489  0.004722
244  0.006576  -0.026373  0.000739
245  -0.023253  -0.021744  0.001014
246  0.020344  -0.011103  0.000537
247  0.018353  0.020211  0.000745
248  0.043330  0.008252  0.001946
249  -0.040447  0.050706  0.004207
250  -0.074940  -0.022353  0.006116
251  -0.050212  0.015460  0.002760
252  -0.030643  0.002744  0.000947
253  0.004191  0.036047  0.001317
254  0.009732  -0.056020  0.003233
255  0.008013  0.008798  0.000142
256  0.036483  -0.049140  0.003746
257  0.016942  0.005898  0.000322
258  -0.020671  -0.014269  0.000631
259  0.052770  -0.038562  0.004272
260  0.042935  0.084816  0.009037
261  -0.033931  0.019409  0.001528
262  0.061705  0.015390  0.004044
263  0.007987  -0.010641  0.000177
264  -0.039419  0.040694  0.003210
265  -0.034949  -0.005119  0.001248
266  0.024568  0.049698  0.003073
267  0.047743  -0.001549  0.002282
268  -0.040343  -0.004462  0.001647
269  -0.032125  -0.047392  0.003278
270  -0.040037  -0.003497  0.001615
271  -0.029642  0.006708  0.000924
272  -0.045033  -0.004267  0.002046
273  -0.095876  -0.022970  0.009720
274  0.090836  -0.035106  0.009484
275  0.043865  -0.038024  0.003370
276  -0.034148  -0.018253  0.001499
277  -0.015628  -0.029876  0.001137
278  0.029577  0.015085  0.001102
279  -0.048032  -0.037589  0.003720
280  0.032690  -0.014680  0.001284
281  -0.043161  -0.005078  0.001889
282  0.057246  -0.039818  0.004863
283  0.045391  -0.004980  0.002085
284  -0.032216  0.036425  0.002365
285  -0.039780  0.015920  0.001836
286  0.007967  -0.002418  0.000069
287  0.055407  0.027172  0.003808
288  0.045126  -0.018691  0.002386
289  0.056909  -0.043621  0.005141
290  -0.041359  0.042656  0.003530
291  0.055223  0.038897  0.004562
292  -0.020628  -0.032721  0.001496
293  -0.045575  -0.009514  0.002168
294  -0.076839  -0.085867  0.013277
295  -0.038750  -0.115703  0.014889
296  -0.011787  -0.024621  0.000745
297  0.084734  -0.030072  0.008084
298  -0.056521  0.028177  0.003989
299  -0.016822  -0.000606  0.000283
300  -0.077487  -0.094442  0.014923
301  0.027310  0.054531  0.003719
302  -0.015769  -0.023003  0.000778
303  -0.038846  0.032491  0.002565
304  0.005382  -0.025813  0.000695
305  -0.029181  0.019357  0.001226
306  0.051014  -0.068763  0.007331
307  -0.036724  -0.014094  0.001547
308  -0.011295  -0.073955  0.005597
309  -0.000934  -0.091892  0.008445
310  -0.034903  0.026879  0.001941
311  -0.071950  0.009287  0.005263
312  0.000001  -0.019546  0.000382
313  0.070279  0.033995  0.006095
314  0.041359  0.081010  0.008273
315  0.044998  -0.049344  0.004460
316  0.002988  0.074382  0.005542
317  -0.113219  -0.037698  0.014240
318  0.001585  0.000878  0.000003
319  -0.039707  -0.054190  0.004513
320  -0.026065  -0.055261  0.003733
321  -0.004162  -0.011218  0.000143
322  -0.014269  -0.074459  0.005748
323  -0.061650  -0.050168  0.006318
324  0.051006  -0.013204  0.002776
325  0.078553  -0.080781  0.012696
326  0.033166  -0.017633  0.001411
327  0.002307  -0.036727  0.001354
328  0.000226  0.026369  0.000695
329  0.090834  -0.024178  0.008835
330  -0.013029  0.062809  0.004115
331  0.053368  0.005680  0.002880
332  -0.059055  -0.042967  0.005334
333  0.070192  -0.044957  0.006948
334  0.007821  -0.019883  0.000457
335  0.003068  -0.001424  0.000011
336  -0.006267  -0.020428  0.000457
337  0.044937  0.047638  0.004289
338  0.036513  -0.045364  0.003391
339  0.038964  -0.006427  0.001559
340  -0.016517  -0.034617  0.001471
341  0.107542  0.007653  0.011624
342  0.131703  0.055227  0.020396
343  -0.016355  -0.038484  0.001748
344  0.029883  -0.069736  0.005756
345  0.045727  -0.025755  0.002754
346  0.002430  0.003404  0.000017
347  -0.026735  0.043640  0.002619
348  0.045136  0.048007  0.004342
349  0.024542  -0.000459  0.000603
350  -0.070483  0.039061  0.006494
351  0.032032  -0.005184  0.001053
352  0.016132  -0.043614  0.002162
353  0.034822  0.015376  0.001449
354  -0.032978  -0.011108  0.001211
355  0.081153  -0.071790  0.011740
356  0.015430  0.039145  0.001770
357  0.013663  -0.037056  0.001560
358  0.013989  0.036910  0.001558
359  -0.013111  -0.098491  0.009872
360  0.030506  0.086898  0.008482
361  0.047801  -0.112198  0.014873
362  0.020983  -0.050294  0.002970
363  -0.039961  0.008531  0.001670
364  -0.026247  -0.027370  0.001438
365  0.098847  -0.010529  0.009882
366  0.079343  0.046520  0.008460
367  -0.019234  0.090939  0.008640
368  -0.039528  -0.015617  0.001806
369  0.095028  -0.035407  0.010284
370  0.076912  -0.005812  0.005949
371  0.004284  0.055821  0.003134
372  0.000687  0.052490  0.002756
373  0.019123  0.069318  0.005171
374  0.070538  0.143260  0.025499
375  0.014087  -0.046374  0.002349
376  -0.060223  0.056626  0.006833
377  -0.035863  -0.043977  0.003220
378  -0.024185  -0.028300  0.001386
379  -0.035997  -0.035929  0.002587
380  0.064209  -0.030471  0.005051
381  -0.008174  0.077500  0.006073
382  0.051417  -0.022555  0.003152
383  0.012726  0.015463  0.000401
384  0.061602  -0.004025  0.003811
385  -0.000217  -0.016393  0.000269
386  -0.051985  -0.131450  0.019981
387  -0.020155  -0.036326  0.001726
388  -0.049281  0.040567  0.004074
389  -0.070434  -0.040451  0.006597
390  0.016597  -0.076420  0.006115
391  -0.030237  0.022778  0.001433
392  0.010351  -0.009356  0.000195
393  0.058503  -0.012251  0.003573
394  0.020335  -0.024401  0.001009
395  0.026702  0.027017  0.001443
396  0.099857  0.043148  0.011833
397  -0.060350  -0.046490  0.005803
398  0.082169  0.031370  0.007736
399  -0.042897  0.050571  0.004398
400  -0.037858  -0.145192  0.022514
401  0.011455  -0.024343  0.000724
402  0.114164  -0.048179  0.015355
403  0.139353  0.023569  0.019975
404  0.085552  -0.141203  0.027257
405  0.121131  0.054566  0.017650
406  0.100648  -0.038878  0.011641
407  0.018238  0.086857  0.007877
408  -0.005685  -0.027272  0.000776
409  0.085712  0.008374  0.007417
410  0.002600  0.064740  0.004198
411  0.001820  0.020470  0.000422
412  0.039880  -0.008560  0.001664
413  -0.045070  -0.025718  0.002693
414  -0.114597  0.056234  0.016295
415  0.009346  0.056041  0.003228
416  0.014734  0.019826  0.000610
417  -0.070534  0.128278  0.021430
418  0.069609  0.035593  0.006112
419  0.057097  -0.086717  0.010780
420  0.010520  -0.001350  0.000112
421  0.114658  0.086430  0.020617
422  0.032079  -0.112840  0.013762
423  -0.051245  0.023750  0.003190
424  -0.004050  -0.017654  0.000328
425  -0.118779  0.094043  0.022953
426  0.047960  -0.007898  0.002363
427  0.009813  0.096120  0.009335
428  0.047746  -0.150230  0.024849
429  0.123021  0.020065  0.015537
430  -0.030031  0.065711  0.005220
431  -0.033261  -0.045799  0.003204
432  -0.013290  -0.113948  0.013161
433  -0.039012  -0.043114  0.003381
434  0.069338  0.114092  0.017825
435  0.105688  -0.114896  0.024371
436  0.052667  -0.047198  0.005001
437  -0.019703  -0.029588  0.001264
438  0.061152  -0.047818  0.006026
439  -0.104501  -0.070436  0.015882
440  -0.065632  -0.111137  0.016659
441  0.047117  0.118514  0.016266
442  -0.135127  -0.040340  0.019887
443  -0.010247  0.018256  0.000438
444  -0.054689  0.014167  0.003192
445  -0.091180  -0.100340  0.018382
446  -0.152880  0.006140  0.023410
447  0.015178  0.070001  0.005130
448  -0.003187  -0.035503  0.001271
449  0.010585  -0.032672  0.001180
450  -0.017037  -0.197441  0.039273
451  0.112959  0.009567  0.012851
452  -0.071483  0.021581  0.005576
453  -0.028221  -0.072495  0.006052
454  0.025753  -0.009616  0.000756
455  -0.077483  -0.080953  0.012557
456  0.063168  -0.071951  0.009167
457  0.131396  -0.137574  0.036192
458  -0.065751  -0.017992  0.004647
459  -0.084733  0.036660  0.008524
460  0.008245  -0.044105  0.002013
461  0.073450  -0.039458  0.006952
462  0.136074  0.015099  0.018744
463  -0.048047  0.130217  0.019265
464  -0.107348  -0.116532  0.025103
465  0.098476  -0.098666  0.019433
466  0.058113  0.016647  0.003654
467  -0.040347  -0.044273  0.003588
468  0.182373  -0.071715  0.038403
469  -0.040113  0.053339  0.004454
470  0.000458  0.010731  0.000115
471  -0.026175  -0.147862  0.022548
472  0.103039  0.142521  0.030929
473  0.098372  -0.006115  0.009715
474  -0.074981  -0.010828  0.005739
475  0.029684  -0.110901  0.013180
476  -0.105264  0.059803  0.014657
477  0.063600  -0.004776  0.004068
478  -0.084246  -0.082244  0.013861
479  0.073979  0.026050  0.006151
480  -0.180546  0.033175  0.033697
481  0.058587  0.033661  0.004565
482  0.021343  0.172517  0.030217
483  -0.064952  0.000092  0.004219
484  0.012570  0.029719  0.001041
485  0.023394  0.100978  0.010744
486  -0.147866  0.013695  0.022052
487  -0.016768  -0.005786  0.000315
488  -0.047180  0.160300  0.027922
489  0.053334  0.060564  0.006513
490  0.026963  -0.082793  0.007582
491  0.059677  0.177132  0.034937
492  -0.067719  0.051381  0.007226
493  -0.067142  -0.060921  0.008219
494  0.083650  0.034215  0.008168
495  -0.077271  0.128997  0.022611
496  0.035159  -0.042685  0.003058
497  0.037187  0.037986  0.002826
498  0.080520  0.097845  0.016057
499  -0.000146  -0.040986  0.001680
500  0.190903  -0.157383  0.061213
501  -0.008389  0.246577  0.060871
502  -0.069074  -0.024605  0.005377
503  -0.103508  0.069131  0.015493
504  -0.118100  -0.098760  0.023701
505  0.036722  -0.070478  0.006316
506  -0.059194  0.115695  0.016889
507  -0.059948  -0.039897  0.005186
508  0.239999  0.104406  0.068500
509  -0.158352  -0.002194  0.025080
510  -0.122417  0.044058  0.016927
511  0.036898  -0.189011  0.037087
512  0.042988  0.032235  0.002887
513  0.157236  0.003019  0.024732
514  -0.152307  0.137337  0.042059
515  0.101181  -0.254361  0.074937
516  -0.233570  0.057165  0.057823
517  0.044720  0.001613  0.002002
518  0.118504  0.087603  0.021718
519  0.100850  -0.227296  0.061834
520  -0.121932  0.004831  0.014891
521  -0.158916  -0.044299  0.027217
522  -0.099518  0.006089  0.009941
523  0.165022  -0.120675  0.041795
524  0.161069  0.160956  0.051850
525  0.130194  0.111722  0.029432
526  -0.148904  -0.232586  0.076268
527  -0.201162  -0.025450  0.041114
528  -0.076411  -0.164619  0.032938
529  0.152562  -0.108236  0.034990
530  -0.056776  0.032338  0.004269
531  -0.144041  0.253166  0.084841
532  0.041760  -0.073634  0.007166
533  0.142364  0.122975  0.035390
534  -0.072552  -0.069158  0.010047
535  0.145873  0.110918  0.033582
536  0.245860  0.028504  0.061260
537  -0.051548  -0.140071  0.022277
538  -0.027480  0.084376  0.007875
539  0.082187  -0.156439  0.031228
540  0.225141  0.185519  0.085106
541  -0.014346  -0.017692  0.000519
542  -0.261004  -0.237996  0.124765
543  0.102943  0.229231  0.063144
544  0.167434  0.032206  0.029071
545  -0.306978  -0.001034  0.094236
546  -0.008266  0.120046  0.014479
547  -0.183805  -0.166770  0.061597
548  -0.045214  -0.102732  0.012598
549  0.106486  0.002153  0.011344
550  -0.096791  0.042666  0.011189
551  0.181097  0.243548  0.092112
552  -0.015058  -0.196452  0.038820
553  -0.095712  0.028552  0.009976
554  -0.340525  0.262471  0.184848
555  -0.082628  0.325017  0.112463
556  0.074797  0.137869  0.024602
557  0.057554  -0.090030  0.011418
558  0.175686  -0.066303  0.035262
559  -0.063163  0.072829  0.009294
560  -0.306870  0.129129  0.110843
561  -0.052688  0.223659  0.052800
562  0.011841  -0.038233  0.001602
563  -0.017316  -0.185466  0.034697
564  0.165367  -0.124082  0.042743
565  -0.061205  0.029240  0.004601
566  -0.034442  0.014244  0.001389
567  0.109788  -0.302116  0.103327
568  0.220378  0.021073  0.049010
569  0.106013  0.264514  0.081207
570  -0.034369  -0.085738  0.008532
571  -0.124356  -0.014459  0.015674
572  0.201616  0.014504  0.040859
573  0.074464  0.158044  0.030523
574  -0.126834  0.051118  0.018700
575  -0.216324  -0.071066  0.051847
576  0.196654  -0.039049  0.040197
577  0.001004  -0.121266  0.014707
578  -0.068692  0.080378  0.011179
579  0.027883  -0.414900  0.172919
580  0.085708  -0.195540  0.045582
581  0.069677  -0.066749  0.009310
582  -0.101064  -0.106423  0.021540
583  -0.140338  -0.025508  0.020345
584  -0.142968  0.236527  0.076385
585  0.223864  -0.047813  0.052401
586  0.052222  -0.272395  0.076926
587  -0.055967  -0.355905  0.129801
588  -0.085491  -0.014497  0.007519
589  0.103624  -0.104064  0.021567
590  -0.055953  -0.424622  0.183434
591  0.033926  0.183190  0.034710
592  0.206428  0.169801  0.071445
593  -0.160559  -0.054181  0.028715
594  0.249205  -0.122630  0.077141
595  0.028977  -0.227438  0.052568
596  0.093004  0.175368  0.039404
597  -0.233705  -0.251530  0.117885
598  0.176607  -0.266733  0.102336
599  0.030420  -0.130230  0.017885
600  -0.065118  0.005551  0.004271
601  -0.246248  -0.333064  0.171570
602  0.008577  0.124541  0.015584
603  0.270557  -0.072206  0.078415
604  0.131727  0.327439  0.124568
605  -0.307500  -0.060388  0.098203
606  0.054735  -0.407785  0.169284
607  0.204229  -0.070462  0.046674
608  0.190057  0.035079  0.037352
609  0.135528  0.187667  0.053587
610  0.236208  -0.047441  0.058045
611  0.074956  -0.037074  0.006993
612  -0.016344  0.235740  0.055840
613  -0.199581  -0.454566  0.246463
614  0.214272  0.333497  0.157133
615  0.420859  0.089623  0.185155
616  -0.136831  0.185119  0.052992
617  -0.325012  -0.033782  0.106774
618  -0.311109  -0.350472  0.219619
619  -0.048125  0.022041  0.002802
620  0.167007  0.108039  0.039564
621  -0.279395  0.430769  0.263624
622  -0.088781  -0.105914  0.019100
623  -0.214583  0.187562  0.081226
624  -0.047472  -0.089225  0.010215
625  -0.213778  -0.324149  0.150774
626  0.057420  0.259870  0.070830
627  0.186776  -0.312673  0.132649
628  -0.375186  0.130443  0.157780
629  0.435649  -0.195545  0.228028
630  0.017304  0.184835  0.034464
631  -0.289134  -0.350706  0.206593
632  0.143522  0.012091  0.020745
633  0.173912  -0.184925  0.064443
634  0.038292  0.151605  0.024450
635  -0.227417  -0.183049  0.085226
636  0.122761  -0.186550  0.049871
637  0.041190  0.008301  0.001766
638  0.587453  -0.226768  0.396525
639  0.172388  0.438294  0.221819
640  0.118305  0.219741  0.062282
641  0.115271  0.094845  0.022283
642  0.012462  0.077310  0.006132
643  -0.419651  0.064179  0.180226
644  -0.214765  0.260135  0.113794
645  0.397936  -0.604307  0.523541
646  0.400820  0.020748  0.161088
647  -0.065265  -0.014573  0.004472
648  -0.284140  -0.145408  0.101879
649  0.665199  -0.126781  0.458563
650  -0.474929  0.014462  0.225766
651  0.171704  0.115277  0.042771
652  -0.061595  0.245649  0.064137
653  -0.140388  0.215767  0.066264
654  0.146217  -0.052139  0.024098
655  -0.031865  0.227988  0.052994
656  -0.119991  0.057261  0.017677
657  0.201452  -0.138408  0.059740
658  0.150847  0.015042  0.022981
659  0.076774  -0.142114  0.026091
660  0.214101  -0.300969  0.136421
661  -0.136273  0.427487  0.201315
662  0.058784  -0.134946  0.021666
663  0.110096  -0.220014  0.060527
664  0.046859  -0.011561  0.002329
665  0.401350  -0.069627  0.165930
666  -0.158382  0.280171  0.103581
667  0.079543  0.466342  0.223802
668  -0.262882  -0.022344  0.069606
669  -0.020980  0.121564  0.015218
670  -0.045442  -0.231996  0.055887
671  0.317240  0.209337  0.144463
672  0.080342  0.085234  0.013720
673  0.735897  0.510936  0.802599
674  -0.247758  0.259162  0.128549
675  -0.054159  0.287473  0.085574
676  -0.149527  0.262147  0.091079
677  -0.370711  0.392292  0.291320
678  -0.136373  -0.034563  0.019792
679  0.038508  -0.273057  0.076043
680  0.143276  -0.203163  0.061803
681  0.461791  0.080522  0.219735
682  0.377763  -0.335076  0.254980
683  -0.112140  -0.238204  0.069316
684  0.408315  -0.083730  0.173732
685  0.356528  0.276506  0.203568
686  -0.037667  0.377028  0.143569
687  -0.077662  0.061256  0.009784
688  -0.039631  -0.029156  0.002421
689  0.430670  0.148204  0.207441
690  -0.381445  0.507832  0.403394
691  -0.042856  0.442781  0.197892
692  0.117664  0.037990  0.015288
693  -0.289668  0.085161  0.091160
694  -0.254290  0.061008  0.068385
695  0.097460  -0.290823  0.094076
696  -0.158338  0.441076  0.219619
697  -0.101127  0.166449  0.037932
698  -0.388390  -0.413330  0.321688
699  0.015712  0.323042  0.104603
700  -0.200693  0.086088  0.047689
701  -0.147228  0.389610  0.173472
702  0.114424  0.483996  0.247345
703  -0.252145  0.142001  0.083742
704  -0.324259  -0.359411  0.234320
705  0.322597  -0.280194  0.182578
706  0.142126  -0.066869  0.024671
707  -0.008314  0.090805  0.008315
708  -0.044311  -0.231398  0.055508
709  -0.143810  -0.081549  0.027331
710  -0.164422  -0.282659  0.106931
711  -0.094723  0.146427  0.030413
712  0.090486  -0.119685  0.022512
713  -0.049846  -0.532096  0.285611
714  0.309919  0.506701  0.352796
715  -0.063479  -0.612451  0.379126
716  0.428727  -0.303338  0.275820
717  -0.175465  -0.520773  0.301993
718  0.516764  0.292983  0.352884
719  0.587221  -0.228469  0.397026
720  0.464862  -0.099895  0.226076
721  -0.322630  -0.152413  0.127319
722  -0.013512  -0.074353  0.005711
723  -0.190575  0.010908  0.036438
724  0.213648  0.224341  0.095974
725  0.513225  0.059446  0.266933
726  -0.100717  0.289743  0.094095
727  0.408439  -0.236856  0.222923
728  0.172865  -0.104116  0.040722
729  0.071793  0.125877  0.020999
730  0.314694  0.484411  0.333687
731  0.080354  0.377654  0.149080
732  -0.135951  0.082289  0.025254
733  0.092223  0.002513  0.008511
734  0.383107  0.409140  0.314167
735  -0.098438  0.363548  0.141857
736  -0.280750  -0.056148  0.081973
737  0.384407  -0.429086  0.331883
738  -0.313047  0.166202  0.125622
739  0.031081  -0.111096  0.013308
740  -0.123746  -0.280042  0.093737
741  -0.215505  -0.074895  0.052052
742  0.165625  0.400487  0.187821
743  -0.308850  0.399315  0.254840
744  -0.125752  0.100396  0.025893
745  -0.713568  0.254036  0.573714
746  -0.451579  -0.148268  0.225907
747  -0.265660  -0.834899  0.767632
748  0.256460  0.549989  0.368259
749  -0.431143  -0.469211  0.406044
750  0.034048  0.254570  0.065965
751  -0.467544  -0.014197  0.218799
752  0.525948  0.304297  0.369218
753  -0.187593  -0.360152  0.164901
754  -0.121397  -0.253545  0.079022
755  0.425687  -0.582858  0.520933
756  0.080738  0.150267  0.029099
757  0.739335  -0.427698  0.729541
758  -0.434226  -0.840380  0.894791
759  0.032177  -0.333575  0.112308
760  0.361590  0.095540  0.139875
761  -0.179169  -0.512172  0.294421
762  -0.613979  -0.012314  0.377121
763  0.107643  -0.203606  0.053042
764  -0.012898  0.050698  0.002737
765  0.179994  0.217432  0.079674
766  0.488768  -0.206977  0.281734
767  0.148613  0.631205  0.420506
768  -0.280623  0.353722  0.203869
769  0.093863  -0.644297  0.423929
770  0.144087  0.477831  0.249084
771  -0.322526  -0.236271  0.159847
772  -0.248974  0.132936  0.079660
773  0.221122  0.053068  0.051711
774  -0.576768  0.539560  0.623787
775  0.183631  0.122655  0.048765
776  -0.275909  0.161407  0.102178
777  0.163390  0.551863  0.331249
778  0.222810  0.018846  0.050000
779  -0.449648  -0.430097  0.387167
780  0.330586  0.017983  0.109610
781  0.581553  -0.351657  0.461866
782  -0.148674  -0.101406  0.032387
783  0.263069  -0.070415  0.074164
784  -0.245242  0.267183  0.131531
785  0.502118  -0.074266  0.257638
786  -0.348314  -0.461819  0.334599
787  -0.204872  0.174899  0.072562
788  0.204294  -0.033825  0.042880
789  0.360380  -0.452267  0.334419
790  -0.126676  0.639891  0.425508
791  -0.024571  0.261912  0.069201
792  0.422237  -0.158054  0.203265
793  -0.238558  -0.184465  0.090937
794  -0.483794  0.082601  0.240879
795  0.029256  -0.123741  0.016168
796  0.143587  -0.158090  0.045610
797  -0.187111  -0.208094  0.078314
798  0.382073  -0.231590  0.199614
799  -0.525679  0.016335  0.276605
800  -0.194055  -0.542620  0.332094
801  0.361939  0.325421  0.236899
802  -0.090760  -0.451835  0.212392
803  -0.322390  0.312492  0.201587
804  0.723876  -0.649480  0.945820
805  0.505641  0.233780  0.310326
806  -0.098355  -0.372533  0.148455
807  -0.394926  -0.322076  0.259700
808  -0.471122  -0.331553  0.331883
809  -0.422594  0.595182  0.532827
810  0.009587  0.197051  0.038921
811  -0.050429  0.203839  0.044093
812  0.030386  0.557502  0.311732
813  -0.029380  -0.176191  0.031906
814  -0.209127  0.441386  0.238556
815  0.666710  -0.512573  0.707234
816  -0.156444  -0.161494  0.050555
817  -0.398131  -0.568456  0.481650
818  0.114238  -0.258903  0.080081
819  -0.180938  -0.570987  0.358765
820  -0.221071  0.374961  0.189469
821  0.102675  -0.081203  0.017136
822  0.156828  -0.154669  0.048518
823  0.223579  0.147854  0.071848
824  -0.144078  -0.228047  0.072764
825  0.180738  0.798204  0.669796
826  0.522770  0.122154  0.288210
827  0.046608  -0.225270  0.052919
828  0.308056  -0.428016  0.278097
829  -0.242246  0.160330  0.084389
830  0.194026  -0.552095  0.342454
831  -0.102986  -0.196156  0.049083
832  0.049533  0.157813  0.027358
833  -0.035364  -0.698973  0.489814
834  -0.243423  0.638716  0.467213
835  0.071441  -0.350045  0.127635
836  -0.642335  -0.432458  0.599613
837  0.297588  0.038995  0.090079
838  -0.044236  -0.248809  0.063863
839  0.090523  0.061753  0.012008
840  0.507285  0.357502  0.385145
841  -0.028366  0.061713  0.004613
842  -0.153185  -0.273914  0.098495
843  -0.002759  0.580446  0.336925
844  -0.566773  0.121407  0.335971
845  -0.267699  -0.239484  0.129016
846  -0.318589  -0.638198  0.508796
847  0.840397  0.483817  0.940346
848  -0.219488  0.226854  0.099638
849  -0.042755  0.083198  0.008750
850  0.185720  -0.317549  0.135329
851  0.508147  0.006379  0.258254
852  -0.147980  -0.400152  0.182020
853  0.184490  0.160310  0.059736
854  0.628684  -0.191687  0.431987
855  0.448177  0.146173  0.222229
856  -0.315109  -0.401420  0.260432
857  -0.176460  0.593207  0.383033
858  0.486791  0.075273  0.242632
859  -0.221108  0.117155  0.062614
860  -0.982963  0.258417  1.032995
861  -0.466003  -0.331234  0.326875
862  -0.032907  0.011398  0.001213
863  0.072287  0.040950  0.006902
864  -0.200522  -0.454704  0.246965
865  -0.223502  -0.520389  0.320758
866  0.116463  0.160890  0.039449
867  0.151968  -0.104781  0.034073
868  -0.273807  -0.599234  0.434052
869  -0.693291  0.212080  0.525630
870  0.020786  0.102441  0.010926
871  -0.704707  -0.521329  0.768395
872  -0.108229  -0.710116  0.515979
873  0.149345  0.234287  0.077195
874  0.770064  -0.144384  0.613846
875  0.125360  -0.229044  0.068176
876  -0.656288  -1.044036  1.520724
877  -0.262361  0.722705  0.591135
878  0.072193  -0.233202  0.059595
879  -0.855760  0.169724  0.761131
880  -0.182663  0.550671  0.336604
881  0.034809  -1.251865  1.568377
882  0.510987  0.564490  0.579757
883  -0.170425  -0.346449  0.149072
884  0.129041  -0.414742  0.188662
885  -0.259613  -0.318459  0.168815
886  0.010595  -0.088760  0.007991
887  -0.278670  0.119667  0.091977
888  -0.114856  0.116084  0.026667
889  -0.175805  0.448079  0.231682
890  1.135369  0.102768  1.299623
891  0.753525  -0.538169  0.857425
892  -0.753095  0.184835  0.601316
893  0.276505  -0.505736  0.332224
894  0.443996  -0.322690  0.301261
895  -0.020310  -0.037008  0.001782
896  0.149104  -0.779262  0.629482
897  -0.720866  0.076428  0.525489
898  0.074783  -0.646424  0.423457
899  0.074769  -0.899256  0.814253
900  0.069850  -0.296197  0.092612
901  0.368492  0.082523  0.142596
902  -0.261720  -0.675224  0.524425
903  0.177689  0.011087  0.031696
904  0.597401  0.141956  0.377039
905  -0.092882  0.126087  0.024525
906  -0.247022  -0.136203  0.079571
907  -0.497764  0.113479  0.260646
908  -0.303348  -0.352035  0.215949
909  -0.043651  0.490392  0.242389
910  0.148439  -0.186334  0.056754
911  -0.433887  -0.062461  0.192159
912  0.654381  -0.395231  0.584421
913  -0.698780  0.283589  0.568716
914  -0.511121  -0.156699  0.285799
915  0.077909  -0.222944  0.055774
916  -0.223427  -0.245007  0.109948
917  0.264638  0.021769  0.070507
918  -0.254885  -0.295255  0.152142
919  -0.139658  0.429504  0.203978
920  -0.112734  0.057768  0.016046
921  -0.301513  -0.187277  0.125983
922  -0.084096  0.116069  0.020544
923  -0.324956  0.365591  0.239253
924  0.016041  0.110691  0.012510
925  -0.290198  -0.742182  0.635050
926  0.372388  0.326926  0.245554
927  0.421240  0.385919  0.326377
928  -0.696976  -0.495294  0.731092
929  -0.640624  0.246901  0.471360
930  -0.126261  0.094870  0.024942
931  -0.051494  -0.356691  0.129880
932  0.216333  -0.534498  0.332489
933  -0.043151  0.030426  0.002788
934  0.086448  0.061931  0.011309
935  -0.175160  0.752024  0.596221
936  -0.310426  -0.494754  0.341146
937  0.253432  0.078359  0.070368
938  0.323162  -0.164102  0.131363
939  -0.088403  0.501179  0.258996
940  0.420817  0.128745  0.193662
941  0.205906  -0.213280  0.087885
942  0.031831  0.088859  0.008909
943  0.353780  0.178629  0.157069
944  0.705781  0.793424  1.127648
945  0.110764  0.270038  0.085189
946  -0.077106  0.255350  0.071149
947  0.435847  0.306595  0.283963
948  0.336676  0.188827  0.149007
949  0.385035  -0.079401  0.154557
950  0.153692  -0.130147  0.040560
951  0.675933  -0.187375  0.491994
952  -0.461906  -0.159175  0.238694
953  -0.664355  -0.220292  0.489896
954  -0.528440  0.137374  0.298120
955  0.107812  0.477595  0.239720
956  0.204887  0.399337  0.201448
957  0.006831  -0.209884  0.044098
958  0.163700  -0.077316  0.032775
959  -0.235779  0.238993  0.112710
960  0.222916  -0.114376  0.062773
961  0.317893  -0.128025  0.117446
962  0.084742  0.299431  0.096840
963  -0.054483  -0.143698  0.023618
964  -0.242877  -0.227980  0.110964
965  0.122391  -0.031937  0.015999
966  -0.098278  0.415158  0.182015
967  -0.430708  0.034223  0.186681
968  -0.467980  -0.082545  0.225819
969  0.175848  -0.006903  0.030970
970  -0.230628  0.353129  0.177889
971  0.029008  0.224708  0.051335
972  0.307751  0.289477  0.178508
973  0.032118  0.324203  0.106139
974  0.059236  0.686808  0.475214
975  0.482457  0.172487  0.262516
976  0.330711  -0.197528  0.148387
977  -0.300294  -0.099285  0.100034
978  -0.028919  -0.083215  0.007761
979  0.205909  -0.381451  0.187903
980  -0.479518  0.116117  0.243421
981  -0.211154  -0.038525  0.046070
982  0.067657  0.332276  0.114985
983  0.098612  0.337351  0.123530
984  -0.135745  -0.517396  0.286125
985  -0.394272  0.021132  0.155897
986  -0.313815  -0.068064  0.103113
987  0.313719  -0.240447  0.156235
988  0.079521  -0.150954  0.029111
989  0.211825  -0.154159  0.068635
990  0.040467  0.213219  0.047100
991  0.305038  0.270892  0.166431
992  0.385101  -0.071170  0.153368
993  -0.049319  0.043553  0.004329
994  0.092962  -0.081689  0.015315
995  -0.144445  -0.493796  0.264698
996  -0.320578  -0.143897  0.123477
997  0.419510  0.536461  0.463779
998  0.116499  -0.188598  0.049141
999  -0.201162  -0.115406  0.053785
1000  0.176860  -0.065075  0.035514
1001  -0.177423  0.148824  0.053628
1002  -0.142049  -0.245206  0.080304
1003  -0.115632  0.147070  0.035000
1004  0.144651  0.061737  0.024735
1005  -0.042019  0.097322  0.011237
1006  -0.299081  -0.265629  0.160008
1007  0.084681  0.234093  0.061970
1008  0.060437  -0.002702  0.003660
1009  -0.345077  0.312254  0.216581
1010  -0.126385  -0.012111  0.016120
1011  0.136452  0.349301  0.140630
1012  -0.078054  -0.205558  0.048347
1013  -0.029301  -0.007154  0.000910
1014  0.081135  -0.264059  0.076310
1015  0.086248  -0.104419  0.018342
1016  0.082851  0.132501  0.024421
1017  0.225354  -0.015712  0.051031
1018  -0.114629  -0.187081  0.048139
1019  0.226227  -0.421739  0.229042
1020  -0.153087  0.191129  0.059966
1021  -0.036347  -0.094211  0.010197
1022  0.169207  0.148826  0.050780
1023  0.098569  0.167538  0.037785
1024  -0.007831  0.210463  0.044356
1025  0.145990  -0.053448  0.024170
1026  -0.314489  -0.079941  0.105294
1027  -0.236406  -0.061344  0.059651
1028  -0.421700  -0.092106  0.186314
1029  0.390383  -0.675026  0.608059
1030  -0.173419  0.094270  0.038961
1031  -0.091493  0.036071  0.009672
1032  0.212606  0.222986  0.094924
1033  -0.129207  0.063963  0.020786
1034  -0.188398  0.026102  0.036175
1035  -0.085213  0.096968  0.016664
1036  -0.265143  0.114090  0.083317
1037  -0.393474  0.424973  0.335424
1038  0.345768  0.299241  0.209101
1039  -0.276093  -0.112499  0.088883
1040  0.506168  0.141203  0.276144
1041  0.156381  0.177204  0.055857
1042  0.226161  -0.278224  0.128557
1043  0.025509  -0.117728  0.014510
1044  -0.119414  -0.189667  0.050233
1045  -0.120343  0.150000  0.036982
1046  0.055132  0.510603  0.263755
1047  0.163560  -0.215016  0.072984
1048  0.104542  -0.073898  0.016390
1049  -0.002656  -0.008532  0.000080
1050  0.010578  0.365057  0.133378
1051  -0.160638  -0.248517  0.087565
1052  -0.361370  -0.079784  0.136954
1053  0.178162  0.121312  0.046458
1054  -0.212911  0.076597  0.051198
1055  -0.098486  -0.126727  0.025759
1056  0.241647  -0.027518  0.059151
1057  -0.302237  -0.229202  0.143881
1058  -0.202068  0.061676  0.044636
1059  -0.148965  -0.012831  0.022355
1060  -0.108678  -0.078794  0.018019
1061  -0.511678  -0.218938  0.309748
1062  0.147218  0.244560  0.081483
1063  0.055777  0.153669  0.026725
1064  0.278683  0.380850  0.222712
1065  -0.023757  -0.106289  0.011862
1066  0.091961  -0.020460  0.008876
1067  -0.036440  -0.073282  0.006698
1068  -0.207811  0.059777  0.046759
1069  0.007290  -0.062091  0.003908
1070  0.097619  -0.099551  0.019440
1071  -0.336255  0.011289  0.113195
1072  -0.043015  0.310383  0.098188
1073  0.207015  -0.043211  0.044723
1074  -0.119211  0.036146  0.015518
1075  0.076639  0.129872  0.022740
1076  -0.250896  0.154241  0.086739
1077  0.192150  0.217089  0.084049
1078  0.404349  0.208176  0.206835
1079  -0.185952  -0.277559  0.111617
1080  0.102697  0.125980  0.026418
1081  -0.117764  -0.243536  0.073178
1082  0.132399  0.009295  0.017616
1083  0.108048  0.032346  0.012721
1084  -0.013612  0.061824  0.004007
1085  -0.317757  -0.474006  0.325651
1086  -0.261238  -0.002644  0.068252
1087  -0.277058  0.370583  0.214093
1088  0.081906  0.018953  0.007068
1089  -0.042988  0.201250  0.042349
1090  -0.208010  0.107513  0.054827
1091  -0.309823  0.124548  0.111502
1092  0.216306  -0.042000  0.048552
1093  -0.091114  -0.164763  0.035448
1094  0.057894  -0.044049  0.005292
1095  -0.146617  0.035109  0.022729
1096  0.158089  -0.142933  0.045422
1097  0.158908  -0.124127  0.040659
1098  0.063079  0.159970  0.029569
1099  -0.016695  -0.266729  0.071423
1100  -0.052991  0.015353  0.003044
1101  0.038458  -0.255382  0.066699
1102  -0.057542  -0.010461  0.003420
1103  0.105011  0.140503  0.030768
1104  -0.105568  0.243057  0.070221
1105  -0.249745  0.056116  0.065521
1106  -0.088191  -0.019718  0.008166
1107  -0.111454  0.132214  0.029903
1108  -0.059603  0.079663  0.009899
1109  -0.066667  0.096068  0.013674
1110  0.104173  0.060855  0.014555
1111  0.097834  -0.141527  0.029601
1112  -0.070117  -0.111097  0.017259
1113  -0.234448  0.145374  0.076100
1114  0.093525  -0.074265  0.014262
1115  0.028504  0.167071  0.028725
1116  -0.081050  0.095868  0.015760
1117  -0.001702  0.095892  0.009198
1118  -0.035924  -0.068210  0.005943
1119  -0.323913  0.533710  0.389766
1120  0.016756  -0.048724  0.002655
1121  0.117054  -0.056582  0.016903
1122  -0.055827  -0.025668  0.003775
1123  0.067106  -0.010346  0.004610
1124  0.229892  0.008907  0.052930
1125  -0.156968  -0.006426  0.024680
1126  0.154099  -0.097052  0.033166
1127  -0.004732  -0.253927  0.064501
1128  0.173287  0.116260  0.043545
1129  -0.028763  -0.044797  0.002834
1130  0.142480  -0.092314  0.028823
1131  -0.044515  0.195924  0.040368
1132  -0.035756  0.206729  0.044015
1133  0.064123  0.125115  0.019765
1134  0.021326  -0.058790  0.003911
1135  -0.072198  -0.023996  0.005788
1136  -0.124520  0.007220  0.015557
1137  0.089668  0.158309  0.033102
1138  -0.134555  -0.106737  0.029498
1139  -0.020332  -0.014637  0.000628
1140  -0.009347  0.119374  0.014337
1141  -0.121310  -0.042646  0.016535
1142  0.000260  -0.087332  0.007627
1143  0.052277  0.113882  0.015702
1144  -0.045942  -0.063481  0.006141
1145  -0.101014  0.220181  0.058683
1146  0.193573  -0.008140  0.037537
1147  -0.151372  0.059303  0.026430
1148  -0.029282  -0.033765  0.001998
1149  -0.030766  0.099679  0.010882
1150  0.175499  0.088732  0.038673
1151  -0.053924  -0.062452  0.006808
1152  0.004757  -0.015483  0.000262
1153  0.024148  0.099388  0.010461
1154  -0.149688  -0.004987  0.022431
1155  0.038322  -0.037167  0.002850
1156  0.036278  0.035912  0.002606
1157  -0.254337  0.089640  0.072723
1158  0.015529  -0.053654  0.003120
1159  0.150812  0.058144  0.026125
1160  0.113014  -0.066743  0.017227
1161  0.127827  -0.099703  0.026280
1162  -0.079590  0.132192  0.023809
1163  0.088785  -0.026124  0.008565
1164  -0.034358  0.102533  0.011693
1165  0.006487  -0.029770  0.000928
1166  0.083341  0.023532  0.007500
1167  0.016896  -0.051421  0.002930
1168  -0.099184  0.125220  0.025518
1169  0.039544  0.062142  0.005425
1170  0.045894  -0.080303  0.008555
1171  0.187595  0.012495  0.035348
1172  -0.107376  0.044697  0.013528
1173  -0.112426  -0.057398  0.015934
1174  -0.187652  -0.126849  0.051304
1175  0.152242  -0.046166  0.025309
1176  -0.000147  0.097932  0.009591
1177  0.122978  0.041911  0.016880
1178  -0.112531  0.053279  0.015502
1179  0.094643  0.112698  0.021658
1180  -0.097829  0.118912  0.023711
1181  -0.122084  0.120907  0.029523
1182  0.011878  0.090093  0.008258
1183  -0.041341  0.160077  0.027334
1184  0.047879  -0.039103  0.003821
1185  0.103068  0.109494  0.022612
1186  0.057918  -0.214300  0.049279
1187  0.063830  -0.070983  0.009113
1188  0.009238  -0.055034  0.003114
1189  0.218904  -0.034804  0.049130
1190  0.074000  0.134218  0.023490
1191  0.016371  0.098097  0.009891
1192  0.077763  -0.035135  0.007282
1193  -0.127788  0.043125  0.018189
1194  0.017585  -0.081442  0.006942
1195  0.018925  0.008455  0.000430
1196  0.033235  -0.124053  0.016494
1197  0.233663  -0.058766  0.058052
1198  -0.236681  0.003804  0.056032
1199  0.170876  0.054533  0.032172
1200  -0.041862  0.057541  0.005063
1201  0.090062  0.000020  0.008111
1202  0.089607  -0.030276  0.008946
1203  -0.098113  0.145311  0.030741
1204  -0.102097  -0.054249  0.013367
1205  0.088170  -0.060846  0.011476
1206  -0.056870  -0.022667  0.003748
1207  -0.007640  0.083184  0.006978
1208  -0.105196  0.048019  0.013372
1209  -0.065420  0.061621  0.008077
1210  -0.109435  0.040488  0.013615
1211  0.064902  0.092598  0.012787
1212  -0.108827  -0.047356  0.014086
1213  0.035202  -0.059945  0.004833
1214  0.076281  -0.021329  0.006274
1215  0.064544  0.059064  0.007655
1216  -0.001845  0.071609  0.005131
1217  -0.022343  0.162476  0.026898
1218  0.020341  0.000513  0.000414
1219  0.055350  -0.095422  0.012169
1220  -0.098593  -0.004206  0.009738
1221  -0.005561  0.080501  0.006511
1222  0.069404  -0.034401  0.006000
1223  0.116669  0.143532  0.034213
1224  0.128340  -0.032722  0.017542
1225  0.085884  -0.012448  0.007531
1226  0.049846  0.018894  0.002842
1227  0.008503  0.010264  0.000178
1228  0.085124  -0.081738  0.013927
1229  0.032174  -0.037942  0.002475
1230  -0.049641  0.003863  0.002479
1231  0.032493  -0.074833  0.006656
1232  -0.055001  0.000400  0.003025
1233  -0.134784  0.084682  0.025338
1234  0.060019  -0.057350  0.006891
1235  -0.142301  0.028423  0.021057
1236  -0.059775  -0.007989  0.003637
1237  -0.076072  0.006677  0.005832
1238  -0.052053  -0.027274  0.003453
1239  0.026017  0.029962  0.001575
1240  -0.072255  0.090198  0.013356
1241  0.107455  0.085528  0.018862
1242  0.069175  -0.021517  0.005248
1243  0.087631  -0.074572  0.013240
1244  0.010037  -0.022090  0.000589
1245  -0.081968  -0.046050  0.008839
1246  0.040352  0.010465  0.001738
1247  -0.028144  0.042896  0.002632
1248  -0.046512  0.069482  0.006991
1249  -0.021791  -0.066389  0.004882
1250  -0.024531  -0.064882  0.004811
1251  -0.001771  0.026662  0.000714
1252  -0.039897  -0.098815  0.011356
1253  -0.094357  -0.051009  0.011505
1254  0.071134  0.050507  0.007611
1255  0.052595  0.018972  0.003126
1256  -0.037252  0.032534  0.002446
1257  0.103579  -0.003775  0.010743
1258  0.062662  0.041021  0.005609
1259  0.050109  0.056488  0.005702
1260  0.034474  0.059100  0.004681
1261  -0.006584  -0.002853  0.000051
1262  0.101635  -0.075927  0.016095
1263  -0.026796  0.011125  0.000842
1264  -0.015739  -0.046850  0.002443
1265  -0.006132  0.003616  0.000051
1266  0.094869  -0.048061  0.011310
1267  0.080071  0.008161  0.006478
1268  -0.052025  -0.052740  0.005488
1269  0.016506  0.047110  0.002492
1270  -0.165257  -0.140237  0.046976
1271  0.000425  -0.053187  0.002829
1272  0.010232  -0.071780  0.005257
1273  0.047726  -0.046628  0.004452
1274  0.013183  -0.071578  0.005297
1275  -0.002211  -0.056773  0.003228
1276  -0.097788  -0.045852  0.011665
1277  0.006254  -0.009546  0.000130
1278  0.037226  -0.013177  0.001559
1279  0.045708  -0.032420  0.003140
1280  0.057833  0.058264  0.006739
1281  0.013869  -0.105761  0.011378
1282  0.081447  0.019579  0.007017
1283  -0.044245  0.002252  0.001963
1284  0.053583  -0.007756  0.002931
1285  -0.011933  -0.045893  0.002249
1286  0.015878  0.083981  0.007305
1287  0.020477  -0.065658  0.004730
1288  0.048790  -0.003577  0.002393
1289  0.016788  -0.005460  0.000312
1290  0.070014  -0.066898  0.009377
1291  -0.012052  0.067968  0.004765
1292  0.049259  -0.064125  0.006539
1293  0.032503  0.054079  0.003981
1294  -0.020119  -0.085543  0.007722
1295  0.016183  0.050923  0.002855
1296  -0.001993  0.096316  0.009281
1297  0.016850  0.041905  0.002040
1298  0.000111  0.020229  0.000409
1299  0.010573  -0.071603  0.005239
1300  0.043008  -0.067374  0.006389
1301  0.073250  -0.014357  0.005572
1302  0.016000  0.009740  0.000351
1303  -0.021473  0.040461  0.002098
1304  -0.019461  -0.042912  0.002220
1305  -0.048091  0.014624  0.002527
1306  -0.016823  -0.066162  0.004660
1307  -0.045535  -0.023009  0.002603
1308  0.054095  0.012916  0.003093
1309  0.004365  0.057527  0.003328
1310  -0.047739  -0.089776  0.010339
1311  -0.020408  0.059180  0.003919
1312  0.047501  -0.057984  0.005619
1313  0.035391  -0.015890  0.001505
1314  0.038125  -0.017442  0.001758
1315  -0.021229  0.023876  0.001021
1316  -0.017667  -0.012826  0.000477
1317  -0.005888  0.029260  0.000891
1318  -0.002938  -0.016567  0.000283
1319  0.062872  0.047004  0.006162
1320  0.019618  0.030902  0.001340
1321  0.020281  0.059605  0.003964
1322  -0.015373  0.097688  0.009779
1323  -0.001198  0.012003  0.000146
1324  -0.034510  -0.028077  0.001979
1325  -0.024864  -0.070624  0.005606
1326  0.095759  -0.000379  0.009170
1327  -0.017643  0.076306  0.006134
1328  -0.028072  0.025314  0.001429
1329  0.055556  0.047468  0.005340
1330  0.012246  0.056266  0.003316
1331  0.058582  -0.064263  0.007562
1332  0.007379  -0.055619  0.003148
1333  0.010535  -0.007773  0.000171
1334  0.056475  -0.032476  0.004244
1335  0.043213  0.011134  0.001991
1336  -0.013814  -0.093931  0.009014
1337  -0.072075  0.046272  0.007336
1338  -0.028274  0.039209  0.002337
1339  0.021709  0.041797  0.002218
1340  -0.023525  0.007398  0.000608
1341  -0.028034  -0.014443  0.000994
1342  0.007552  0.020709  0.000486
1343  -0.022077  0.034615  0.001686
1344  0.018933  0.019052  0.000721
1345  0.023448  -0.046272  0.002691
1346  0.009231  -0.057614  0.003405
1347  -0.005537  0.020335  0.000444
1348  -0.086110  0.002214  0.007420
1349  0.038420  0.029975  0.002375
1350  0.024495  -0.008008  0.000664
1351  -0.020697  0.059935  0.004021
1352  0.040334  -0.019978  0.002026
1353  -0.038603  0.043428  0.003376
1354  -0.005001  -0.026541  0.000729
1355  0.024396  -0.007897  0.000658
1356  0.054329  -0.025288  0.003591
1357  0.001578  0.058734  0.003452
1358  0.022373  0.037299  0.001892
1359  0.050425  0.006726  0.002588
1360  0.007131  -0.005774  0.000084
1361  0.025298  -0.032792  0.001715
1362  0.018163  -0.039769  0.001911
1363  -0.038352  -0.008224  0.001538
1364  -0.023036  -0.020001  0.000931
1365  -0.018941  0.071215  0.005430
1366  -0.006659  -0.011979  0.000188
1367  -0.028046  -0.010058  0.000888
1368  -0.003362  -0.014563  0.000223
1369  -0.033166  0.041478  0.002820
1370  0.003300  -0.004754  0.000033
1371  0.045296  0.013056  0.002222
1372  -0.044746  -0.012088  0.002148
1373  0.028540  0.008272  0.000883
1374  0.026023  -0.023134  0.001212
1375  -0.033877  -0.038244  0.002610
1376  0.006326  0.026567  0.000746
1377  0.014691  -0.027580  0.000976
1378  0.031577  -0.012041  0.001142
1379  -0.027650  -0.013882  0.000957
1380  0.038761  0.051334  0.004138
1381  -0.029619  -0.039147  0.002410
1382  0.030249  -0.030372  0.001837
1383  0.006426  0.078509  0.006205
1384  -0.011276  0.097429  0.009620
1385  -0.001406  -0.050922  0.002595
1386  0.025575  0.001962  0.000658
1387  0.004173  0.072065  0.005211
1388  0.022623  -0.002977  0.000521
1389  0.060102  0.016077  0.003871
1390  -0.058186  0.045485  0.005454
1391  -0.115245  0.052320  0.016019
1392  -0.003029  -0.040390  0.001641
1393  -0.005641  0.026020  0.000709
1394  -0.003114  -0.001321  0.000011
1395  0.025304  -0.029037  0.001483
1396  0.035876  -0.045972  0.003401
1397  -0.015446  -0.026908  0.000963
1398  -0.019595  0.008716  0.000460
1399  -0.035829  -0.002316  0.001289
1400  0.030399  -0.042982  0.002772
1401  -0.077005  -0.055916  0.009056
1402  0.008491  0.010133  0.000175
1403  0.031462  0.072284  0.006215
1404  -0.017082  0.019278  0.000663
1405  0.033352  0.005894  0.001147
1406  0.011109  0.012841  0.000288
1407  0.060485  -0.001165  0.003660
1408  0.004614  -0.009042  0.000103
1409  0.079734  0.017853  0.006676
1410  -0.024527  0.030695  0.001544
1411  0.023802  0.007206  0.000618
1412  0.049693  0.035496  0.003729
1413  -0.051039  0.000239  0.002605
1414  -0.019180  0.032763  0.001441
1415  -0.075610  0.030534  0.006649
1416  0.025709  0.031729  0.001668
1417  0.020598  -0.015177  0.000655
1418  -0.035222  -0.014465  0.001450
1419  -0.026161  0.031105  0.001652
1420  0.050952  0.025993  0.003272
1421  -0.023839  0.034096  0.001731
1422  0.021617  0.021919  0.000948
1423  -0.015948  -0.071017  0.005298
1424  0.017525  0.000082  0.000307
1425  -0.038671  -0.000503  0.001496
1426  -0.001144  -0.027564  0.000761
1427  0.022737  0.026854  0.001238
1428  0.046356  -0.021939  0.002630
1429  -0.030599  -0.012274  0.001087
1430  0.044563  -0.002391  0.001992
1431  0.012851  0.011612  0.000300
1432  0.028677  -0.037742  0.002247
1433  0.069086  -0.010733  0.004888
1434  0.037666  0.086503  0.008901
1435  0.056456  -0.003606  0.003200
1436  0.030433  -0.014982  0.001151
1437  -0.002449  0.003773  0.000020
1438  0.000453  -0.059498  0.003540
1439  -0.023292  0.007454  0.000598
1440  -0.027089  -0.001743  0.000737
1441  0.025551  -0.001640  0.000656
1442  -0.025940  0.040327  0.002299
1443  0.015835  0.042882  0.002090
1444  0.031824  0.000208  0.001013
1445  -0.072507  0.003693  0.005271
1446  -0.035348  0.055184  0.004295
1447  0.019087  0.066680  0.004810
1448  -0.038693  0.027783  0.002269
1449  0.012798  -0.004191  0.000181
1450  -0.067635  -0.003780  0.004589
1451  0.020946  -0.027035  0.001170
1452  0.021583  -0.014858  0.000687
1453  0.019453  -0.059319  0.003897
1454  -0.001715  0.019898  0.000399
1455  -0.041518  -0.037133  0.003103
1456  0.019329  -0.024403  0.000969
1457  0.041549  0.025015  0.002352
1458  0.002789  0.016310  0.000274
1459  0.000824  -0.000040  0.000001
1460  0.007775  -0.052609  0.002828
1461  -0.062306  0.052261  0.006613
1462  0.014929  0.050254  0.002748
1463  0.028467  0.036021  0.002108
1464  -0.033800  0.003010  0.001151
1465  -0.021164  -0.016291  0.000713
1466  -0.056463  0.001543  0.003190
1467  0.012797  -0.045320  0.002218
1468  0.052015  0.028734  0.003531
1469  -0.016389  0.027318  0.001015
1470  0.025390  -0.001398  0.000647
1471  -0.027517  0.007691  0.000816
1472  -0.017117  0.048920  0.002686
1473  0.016067  -0.001330  0.000260
1474  -0.058894  -0.007606  0.003526
1475  -0.002573  -0.030890  0.000961
1476  -0.010680  -0.036729  0.001463
1477  0.024733  0.010969  0.000732
1478  0.034513  0.040690  0.002847
1479  -0.014228  -0.042273  0.001989
1480  0.027465  0.008567  0.000828
1481  0.100121  0.076881  0.015935
1482  0.027272  0.023446  0.001294
1483  0.028040  0.039882  0.002377
1484  0.035786  0.059298  0.004797
1485  0.002063  0.023064  0.000536
1486  -0.010430  0.036548  0.001445
1487  -0.042048  -0.003349  0.001779
1488  0.020188  -0.115008  0.013635
1489  -0.005746  0.008346  0.000103
1490  0.095647  -0.042771  0.010978
1491  0.040775  0.050570  0.004220
1492  -0.060624  0.065968  0.008027
1493  0.016048  0.040339  0.001885
1494  0.017979  -0.053055  0.003138
1495  0.070627  0.030711  0.005931
1496  -0.004008  -0.007484  0.000072
1497  0.056540  0.036865  0.004556
1498  0.085445  -0.014824  0.007521
1499  -0.005046  0.013179  0.000199
1500  -0.006918  -0.001463  0.000050
1501  -0.008712  0.001398  0.000078
1502  0.017887  -0.033834  0.001465
1503  -0.029218  0.031779  0.001864
1504  0.036554  0.057127  0.004600
1505  -0.013997  -0.005313  0.000224
1506  -0.046130  -0.001973  0.002132
1507  0.022719  0.005158  0.000543
1508  0.030364  0.032302  0.001965
1509  0.061949  -0.028826  0.004669
1510  0.042011  0.027133  0.002501
1511  0.028621  -0.012131  0.000966
1512  -0.016384  0.073658  0.005694
1513  -0.008420  0.004463  0.000091
1514  0.021669  0.046090  0.002594
1515  0.027462  -0.020134  0.001160
1516  0.067399  -0.044438  0.006517
1517  -0.014554  0.003891  0.000227
1518  -0.002905  -0.038158  0.001465
1519  -0.009322  0.069039  0.004853
1520  0.000889  -0.032587  0.001063
1521  -0.029233  0.081279  0.007461
1522  -0.014924  -0.002675  0.000230
1523  0.030708  -0.000476  0.000943
1524  0.031696  -0.030148  0.001914
1525  0.021383  -0.019503  0.000838
1526  0.066750  0.031808  0.005467
1527  0.033437  -0.005901  0.001153
1528  0.015445  -0.029949  0.001135
1529  -0.060211  0.007389  0.003680
1530  -0.024822  0.002519  0.000622
1531  0.020605  0.090941  0.008695
1532  0.038427  0.014809  0.001696
1533  -0.026048  0.005707  0.000711
1534  0.034224  0.060114  0.004785
1535  -0.046926  -0.011999  0.002346
1536  -0.009953  -0.017204  0.000395
1537  -0.037828  0.031519  0.002424
1538  -0.020224  0.003471  0.000421
1539  -0.016205  0.007968  0.000326
1540  -0.025904  0.032743  0.001743
1541  0.035906  0.047732  0.003568
1542  -0.008242  0.017663  0.000380
1543  0.026714  -0.021029  0.001156
1544  -0.014548  0.010240  0.000316
1545  0.033281  -0.020993  0.001548
1546  0.014676  0.002253  0.000220
1547  0.040588  0.014308  0.001852
1548  -0.042295  -0.033639  0.002921
1549  -0.057895  -0.005449  0.003382
1550  0.019738  0.000498  0.000390
1551  -0.011226  -0.013438  0.000307
1552  0.028009  -0.011297  0.000912
1553  0.033105  0.024883  0.001715
1554  -0.007116  0.025102  0.000681
1555  0.023771  0.028777  0.001393
1556  -0.029788  0.037219  0.002273
1557  -0.002827  -0.023697  0.000570
1558  0.016530  -0.015481  0.000513
1559  0.024044  0.078259  0.006703
1560  0.006838  -0.015869  0.000299
1561  -0.009209  -0.026187  0.000771
1562  0.006083  -0.002650  0.000044
1563  0.002490  -0.012820  0.000171
1564  -0.041562  0.023947  0.002301
1565  -0.002522  0.016297  0.000272
1566  0.005847  -0.011141  0.000158
1567  0.022812  -0.012205  0.000669
1568  0.040185  -0.036272  0.002930
1569  -0.045944  -0.003602  0.002124
1570  -0.005661  -0.016358  0.000300
1571  -0.017372  0.007279  0.000355
1572  -0.034355  -0.037785  0.002608
1573  -0.024326  0.011553  0.000725
1574  -0.001847  -0.000405  0.000004
1575  -0.004013  -0.011898  0.000158
1576  0.044928  -0.023433  0.002568
1577  -0.010782  0.000683  0.000117
1578  0.018733  -0.016598  0.000626
1579  0.019106  0.035600  0.001632
1580  0.016477  0.051307  0.002904
1581  0.023801  0.018349  0.000903
1582  0.009127  -0.020718  0.000513
1583  0.008022  0.006863  0.000111
1584  0.016612  0.032057  0.001304
1585  -0.023464  0.056671  0.003762
1586  0.014492  -0.003326  0.000221
1587  -0.007140  -0.038330  0.001520
1588  0.010715  -0.034243  0.001287
1589  0.024255  0.042742  0.002415
1590  0.013612  0.005318  0.000214
1591  0.011104  -0.061742  0.003935
1592  0.019001  -0.039062  0.001887
1593  0.047251  0.008943  0.002313
1594  0.031491  0.055342  0.004054
1595  0.013392  0.048421  0.002524
1596  0.023161  -0.017631  0.000847
1597  0.014964  0.034354  0.001404
1598  0.016564  0.023499  0.000827
1599  -0.007953  -0.022986  0.000592
1600  0.043147  -0.055262  0.004915
1601  0.064323  -0.001562  0.004140
1602  0.007614  0.013215  0.000233
1603  0.009369  -0.011790  0.000227
1604  0.030248  0.033999  0.002071
1605  0.021061  0.057563  0.003757
1606  0.051463  -0.002224  0.002653
1607  -0.029951  -0.026452  0.001597
1608  -0.002495  0.033051  0.001099
1609  0.006525  0.008868  0.000121
1610  0.008560  0.020704  0.000502
1611  -0.020918  -0.068882  0.005182
1612  -0.016345  -0.036310  0.001586
1613  -0.009445  -0.021896  0.000569
1614  0.003573  -0.015020  0.000238
1615  0.017288  -0.022746  0.000816
1616  0.011465  -0.019898  0.000527
1617  -0.023240  -0.018704  0.000890
1618  -0.028825  -0.006849  0.000878
1619  -0.063922  0.029207  0.004939
1620  -0.020521  -0.010759  0.000537
1621  0.004200  -0.009017  0.000099
1622  -0.043955  0.011680  0.002068
1623  -0.003702  0.008770  0.000091
1624  0.029060  -0.021948  0.001326
1625  -0.005523  0.020681  0.000458
1626  -0.001136  0.045222  0.002046
1627  -0.023582  0.022153  0.001047
1628  0.021416  -0.005396  0.000488
1629  0.017666  0.000553  0.000312
1630  -0.024230  -0.055763  0.003697
1631  -0.008218  -0.011946  0.000210
1632  0.077850  0.038526  0.007545
1633  0.026932  -0.039507  0.002286
1634  0.002920  0.010036  0.000109
1635  -0.002146  0.033759  0.001144
1636  0.037446  -0.030595  0.002338
1637  -0.027438  -0.042671  0.002574
1638  0.029677  -0.019505  0.001261
1639  0.004495  0.017678  0.000333
1640  0.015058  -0.001384  0.000229
1641  0.026906  0.011325  0.000852
1642  0.021418  0.005660  0.000491
1643  0.021189  0.018093  0.000776
1644  -0.014841  -0.026923  0.000945
1645  -0.025809  0.060258  0.004297
1646  0.025108  0.017329  0.000931
1647  0.026158  -0.012189  0.000833
1648  -0.002202  -0.017458  0.000310
1649  0.007385  -0.024056  0.000633
1650  -0.018002  0.014593  0.000537
1651  0.001387  0.016410  0.000271
1652  0.004771  0.031896  0.001040
1653  0.017421  0.006775  0.000349
1654  0.013609  0.059768  0.003757
1655  0.072674  -0.053590  0.008153
1656  -0.029319  0.011823  0.000999
1657  -0.023333  0.015902  0.000797
1658  -0.030985  0.005768  0.000993
1659  -0.001815  0.038946  0.001520
1660  0.018195  0.006832  0.000378
1661  -0.036807  0.015535  0.001596
1662  0.005135  -0.004876  0.000050
1663  0.042280  0.064919  0.006002
1664  0.023276  -0.007987  0.000606
1665  0.056511  -0.023274  0.003735
1666  0.032320  0.022525  0.001552
1667  -0.020523  0.020083  0.000824
1668  0.014221  0.027303  0.000948
1669  0.009556  0.051025  0.002695
1670  -0.011110  -0.003648  0.000137
1671  -0.010893  -0.031096  0.001086
1672  0.040848  0.006903  0.001716
1673  0.003971  -0.061406  0.003786
1674  -0.026549  -0.003998  0.000721
1675  0.018410  -0.010931  0.000458
1676  0.006279  -0.032568  0.001100
1677  0.026705  0.065618  0.005019
1678  -0.006282  0.045492  0.002109
1679  0.003801  0.002645  0.000021
1680  0.037824  0.018783  0.001783
1681  -0.009734  -0.034884  0.001312
1682  0.040594  0.066846  0.006116
1683  -0.040119  0.026737  0.002324
1684  0.054795  -0.026248  0.003691
1685  0.022460  0.016993  0.000793
1686  -0.008898  -0.031016  0.001041
1687  -0.048692  0.034694  0.003575
1688  0.033537  0.052259  0.003856
1689  0.039821  0.030314  0.002505
1690  0.036372  0.051255  0.003950
1691  -0.056193  -0.026528  0.003861
1692  0.019807  0.033405  0.001508
1693  0.021453  0.036779  0.001813
1694  -0.018380  -0.014212  0.000540
1695  -0.000065  -0.006593  0.000043
1696  0.011066  -0.022764  0.000641
1697  0.010237  0.022337  0.000604
1698  0.012834  0.030609  0.001102
1699  -0.016402  -0.000615  0.000269
1700  -0.037711  0.013148  0.001595
1701  0.027546  0.025889  0.001429
1702  -0.011120  0.024605  0.000729
1703  0.001584  0.005886  0.000037
1704  0.001701  -0.011138  0.000127
1705  0.011069  -0.019917  0.000519
1706  -0.003119  -0.013069  0.000181
1707  -0.001880  0.006117  0.000041
1708  0.043225  -0.010875  0.001987
1709  0.013099  -0.009798  0.000268
1710  0.023901  -0.047887  0.002864
1711  -0.006905  0.038019  0.001493
1712  0.021692  0.040168  0.002084
1713  0.017496  0.014406  0.000514
1714  0.011189  0.005179  0.000152
1715  -0.007515  -0.043008  0.001906
1716  0.051174  0.013083  0.002790
1717  -0.008647  0.005650  0.000107
1718  0.052800  0.038305  0.004255
1719  0.007904  -0.027282  0.000807
1720  0.014320  0.016768  0.000486
1721  -0.007158  0.023770  0.000616
1722  0.023329  0.047923  0.002841
1723  0.024567  -0.000112  0.000604
1724  -0.035488  0.074173  0.006761
1725  0.034706  0.059870  0.004789
1726  0.001525  0.013044  0.000172
1727  0.015129  0.045530  0.002302
1728  0.040333  -0.025483  0.002276
1729  -0.016178  -0.002326  0.000267
1730  0.018547  0.011486  0.000476
1731  0.022290  0.000920  0.000498
1732  0.034657  -0.028820  0.002032
1733  -0.018458  -0.029569  0.001215
1734  -0.027285  0.008937  0.000824
1735  0.006586  -0.022074  0.000531
1736  0.025404  -0.073915  0.006109
1737  0.023147  -0.028770  0.001364
1738  0.033501  0.026821  0.001842
1739  0.007983  -0.010970  0.000184
1740  -0.004128  -0.021812  0.000493
1741  0.081383  0.031226  0.007598
1742  0.008391  0.000819  0.000071
1743  -0.086711  0.016326  0.007785
1744  -0.006703  0.020445  0.000463
1745  -0.051181  -0.019334  0.002993
1746  0.049433  0.003996  0.002460
1747  0.029723  0.004105  0.000900
1748  -0.034245  0.004515  0.001193
1749  -0.051982  0.025699  0.003363
1750  -0.046756  -0.024847  0.002803
1751  0.015184  0.026241  0.000919
1752  0.005708  0.010856  0.000150
1753  -0.033180  0.010506  0.001211
1754  -0.013495  0.034083  0.001344
1755  -0.029242  0.049812  0.003336
1756  0.032875  0.016502  0.001353
1757  -0.035641  0.005211  0.001297
1758  0.028825  -0.034487  0.002020
1759  0.026980  -0.009158  0.000812
1760  -0.023541  0.023708  0.001116
1761  -0.013463  -0.013086  0.000352
1762  0.008796  0.000480  0.000078
1763  0.005096  0.012941  0.000193
1764  -0.018481  0.017947  0.000664
1765  -0.048807  0.010004  0.002482
1766  -0.022691  -0.001881  0.000518
1767  0.007059  0.029165  0.000900
1768  0.026106  0.029687  0.001563
1769  0.005679  0.001288  0.000034
1770  -0.053992  0.010446  0.003024
1771  -0.043222  -0.024825  0.002484
1772  -0.006108  -0.010167  0.000141
1773  0.040520  0.033128  0.002739
1774  -0.055449  -0.011682  0.003211
1775  -0.014195  -0.047987  0.002504
1776  0.030787  -0.019988  0.001347
1777  0.001829  -0.009649  0.000096
1778  -0.005857  -0.010384  0.000142
1779  -0.035500  0.022542  0.001768
1780  0.021133  -0.021791  0.000921
1781  -0.033505  0.003704  0.001136
1782  0.011578  0.029115  0.000982
1783  0.041295  -0.021502  0.002168
1784  -0.019545  -0.021991  0.000866
1785  0.012226  -0.007332  0.000203
1786  0.020099  0.047943  0.002702
1787  0.060066  0.026824  0.004327
1788  0.036367  -0.024997  0.001947
1789  -0.002593  -0.020512  0.000427
1790  0.007314  -0.011945  0.000196
1791  -0.029764  -0.020027  0.001287
1792  -0.051293  -0.001295  0.002633
1793  0.008016  -0.025662  0.000723
1794  -0.012127  -0.017878  0.000467
1795  0.017545  -0.049081  0.002717
1796  -0.005290  -0.007219  0.000080
1797  0.002005  0.012254  0.000154
1798  -0.031902  0.043725  0.002930
1799  -0.019450  0.018264  0.000712
1800  0.021290  0.040732  0.002112
1801  0.063176  -0.019318  0.004364
1802  0.014316  0.049672  0.002672
1803  0.007336  -0.027061  0.000786
1804  -0.029275  -0.066754  0.005313
1805  0.036850  -0.040553  0.003002
1806  -0.034185  -0.001439  0.001171
1807  0.033115  -0.030129  0.002004
1808  -0.006906  -0.033543  0.001173
1809  0.021681  0.045563  0.002546
1810  0.004794  0.023400  0.000571
1811  0.017458  0.029793  0.001192
1812  0.000140  -0.007903  0.000062
1813  -0.003244  0.006012  0.000047
1814  -0.016930  0.009013  0.000368
1815  -0.012494  0.016755  0.000437
1816  0.026716  0.021641  0.001182
1817  -0.028146  -0.048492  0.003144
1818  0.002469  -0.002329  0.000012
1819  -0.032120  -0.013509  0.001214
1820  -0.009092  -0.041705  0.001822
1821  -0.033937  -0.009893  0.001250
1822  -0.014135  -0.020568  0.000623
1823  0.045033  0.017394  0.002331
1824  0.043122  -0.052050  0.004569
1825  0.031265  0.044879  0.002992
1826  0.009137  -0.017716  0.000397
1827  0.020474  0.010622  0.000532
1828  0.048551  -0.000628  0.002358
1829  0.020399  -0.000178  0.000416
1830  0.010521  0.020459  0.000529
1831  0.000227  0.015340  0.000235
1832  0.006941  0.028310  0.000850
1833  0.011294  0.029466  0.000996
1834  -0.020475  -0.022748  0.000937
1835  0.040485  0.003431  0.001651
1836  -0.024444  -0.010610  0.000710
1837  0.047776  -0.002935  0.002291
1838  0.040803  0.036042  0.002964
1839  0.009261  -0.005330  0.000114
1840  -0.014601  0.018082  0.000540
1841  -0.035710  0.040271  0.002897
1842  -0.033929  -0.008515  0.001224
1843  0.052522  0.031950  0.003779
1844  0.016885  -0.016485  0.000557
1845  0.045418  -0.004714  0.002085
1846  -0.001723  0.018835  0.000358
1847  -0.016377  0.057016  0.003519
1848  -0.005226  0.004484  0.000047
1849  0.037601  0.041498  0.003136
1850  -0.005700  -0.007118  0.000083
1851  0.022388  -0.036794  0.001855
1852  0.055337  0.005666  0.003094
1853  -0.002960  -0.007763  0.000069
1854  0.074512  0.029494  0.006422
1855  -0.002179  -0.030662  0.000945
1856  -0.010324  0.012060  0.000252
1857  0.012713  -0.018056  0.000488
1858  0.021097  0.010216  0.000549
1859  -0.007355  -0.016829  0.000337
1860  0.025510  -0.015486  0.000891
1861  0.039431  0.015336  0.001790
1862  0.033811  -0.011203  0.001269
1863  -0.028038  -0.023815  0.001353
1864  0.005395  0.003627  0.000042
1865  0.006183  -0.049121  0.002451
1866  0.022777  -0.025042  0.001146
1867  0.023806  -0.019287  0.000939
1868  -0.017784  -0.042882  0.002155
1869  -0.022109  -0.000983  0.000490
1870  0.038111  0.021025  0.001895
1871  0.021301  0.018731  0.000805
1872  0.071208  0.040050  0.006674
1873  -0.006168  -0.042673  0.001859
1874  0.021382  0.020817  0.000891
1875  0.012235  0.006711  0.000195
1876  -0.039856  -0.043992  0.003524
1877  0.009732  -0.021076  0.000539
1878  0.035432  0.040390  0.002887
1879  -0.021862  0.026325  0.001171
1880  0.029573  -0.053614  0.003749
1881  0.011893  0.029292  0.000999
1882  0.010681  0.003053  0.000123
1883  -0.041924  -0.020566  0.002181
1884  -0.014144  -0.001636  0.000203
1885  0.036316  0.016161  0.001580
1886  -0.021292  0.040175  0.002067
1887  -0.020508  -0.002351  0.000426
1888  -0.003812  0.040643  0.001666
1889  0.052505  0.033273  0.003864
1890  0.072555  -0.007850  0.005326
1891  -0.008301  0.016870  0.000354
1892  0.037393  0.042590  0.003212
1893  -0.045392  -0.005199  0.002087
1894  0.019222  -0.004499  0.000390
1895  0.021992  -0.037748  0.001909
1896  0.011567  -0.014760  0.000352
1897  -0.027120  -0.007071  0.000785
1898  0.035079  -0.060222  0.004857
1899  0.029805  -0.002895  0.000897
1900  -0.031299  -0.042406  0.002778
1901  0.008235  -0.009127  0.000151
1902  -0.067215  0.061066  0.008247
1903  0.018152  0.012057  0.000475
1904  -0.005940  -0.016852  0.000319
1905  0.023799  0.014783  0.000785
1906  -0.016116  0.012118  0.000407
1907  0.042467  0.018079  0.002130
1908  0.023417  -0.016463  0.000819
1909  -0.019366  -0.007748  0.000435
1910  -0.039006  0.032845  0.002600
1911  0.015109  -0.033023  0.001319
1912  0.022138  0.024732  0.001102
1913  0.036309  -0.002338  0.001324
1914  -0.028749  0.008588  0.000900
1915  0.033521  0.023437  0.001673
1916  0.008061  0.031132  0.001034
1917  0.006447  0.008948  0.000122
1918  0.014330  0.019097  0.000570
1919  -0.001727  0.028782  0.000831
1920  -0.006417  -0.008266  0.000110
1921  0.051219  -0.000670  0.002624
1922  0.027876  0.025891  0.001447
1923  -0.037581  0.029872  0.002305
1924  0.005995  -0.047329  0.002276
1925  -0.007298  0.025972  0.000728
1926  0.012404  -0.045235  0.002200
1927  -0.031379  0.023166  0.001521
1928  -0.020647  0.013172  0.000600
1929  0.044669  -0.014957  0.002219
1930  -0.019432  0.002979  0.000386
1931  -0.022943  0.009766  0.000622
1932  0.043727  0.033132  0.003010
1933  -0.004608  -0.014958  0.000245
1934  -0.015554  0.008312  0.000311
1935  -0.002529  0.001939  0.000010
1936  -0.013906  -0.001540  0.000196
1937  -0.000730  -0.009542  0.000092
1938  -0.032502  0.019019  0.001418
1939  0.006218  0.042635  0.001856
1940  0.006378  0.023877  0.000611
1941  0.020685  0.007094  0.000478
1942  -0.008147  0.054220  0.003006
1943  -0.034793  -0.004877  0.001234
1944  -0.007444  -0.006610  0.000099
1945  0.013018  0.007029  0.000219
1946  0.025347  0.019532  0.001024
1947  0.017385  -0.039520  0.001864
1948  0.017868  0.016086  0.000578
1949  -0.009506  0.016023  0.000347
1950  -0.018685  -0.027353  0.001097
1951  -0.014041  -0.016710  0.000476
1952  -0.006143  -0.030028  0.000939
1953  -0.029309  -0.012466  0.001014
1954  -0.038477  0.004820  0.001504
1955  0.045166  -0.020961  0.002479
1956  0.000786  0.011702  0.000138
1957  0.059142  0.018065  0.003824
1958  0.046708  0.033393  0.003297
1959  -0.003201  -0.008212  0.000078
1960  0.029196  -0.011247  0.000979
1961  0.017912  0.015680  0.000567
1962  -0.017846  -0.038377  0.001791
1963  0.012115  -0.003963  0.000162
1964  -0.017719  -0.010485  0.000424
1965  -0.000429  0.055383  0.003067
1966  0.044672  -0.040948  0.003672
1967  -0.018814  -0.002434  0.000360
1968  0.038367  -0.005641  0.001504
1969  -0.011265  0.006229  0.000166
1970  -0.003940  -0.022789  0.000535
1971  -0.005800  -0.039215  0.001571
1972  -0.012494  0.006137  0.000194
1973  0.015688  0.033410  0.001362
1974  -0.010785  -0.030077  0.001021
1975  -0.028008  0.004994  0.000809
1976  -0.023541  0.043586  0.002454
1977  -0.007225  -0.029102  0.000899
1978  0.023850  0.016846  0.000853
1979  0.013919  0.031505  0.001186
1980  -0.047824  0.015585  0.002530
1981  -0.049047  0.032395  0.003455
1982  0.012184  -0.011652  0.000284
1983  -0.002517  0.029838  0.000897
1984  0.011823  -0.029402  0.001004
1985  -0.009830  0.015747  0.000345
1986  0.029457  -0.038381  0.002341
1987  -0.004389  0.053320  0.002862
1988  -0.026740  0.029413  0.001580
1989  0.029373  0.019284  0.001235
1990  0.008679  -0.019509  0.000456
1991  -0.024431  -0.013217  0.000772
1992  0.055777  0.005926  0.003146
1993  0.037960  -0.010536  0.001552
1994  0.014028  0.037704  0.001618
1995  -0.052757  0.001698  0.002786
1996  -0.006030  0.055047  0.003067
1997  0.021024  -0.000409  0.000442
1998  0.050608  0.005534  0.002592
1999  0.009820  0.007886  0.000159
2000  0.023259  -0.020007  0.000941
2001  -0.022966  -0.012385  0.000681
2002  0.007772  0.011735  0.000198
2003  0.033284  -0.008774  0.001185
2004  -0.003635  0.017182  0.000308
2005  -0.071676  -0.011211  0.005263
2006  0.000082  -0.005254  0.000028
2007  -0.016907  0.075688  0.006015
2008  -0.012946  -0.003353  0.000179
2009  0.002455  -0.030965  0.000965
2010  0.000107  -0.017826  0.000318
2011  0.069676  -0.010748  0.004970
2012  0.011706  0.021436  0.000597
2013  -0.068686  -0.002927  0.004726
2014  0.013105  -0.041450  0.001890
2015  0.036384  -0.002973  0.001333
2016  -0.036628  0.010146  0.001445
2017  0.049161  -0.020250  0.002827
2018  0.010019  0.010894  0.000219
2019  0.068994  0.031576  0.005757
2020  0.015954  -0.054079  0.003179
2021  0.009934  0.008347  0.000168
2022  -0.009390  0.006667  0.000133
2023  0.023012  -0.058504  0.003952
2024  -0.028143  0.000223  0.000792
2025  -0.025393  0.024532  0.001247
2026  -0.014176  -0.004245  0.000219
2027  -0.015409  -0.015068  0.000465
2028  -0.034272  -0.024271  0.001764
2029  -0.006394  0.004573  0.000062
2030  -0.018062  0.014943  0.000550
2031  0.004480  0.049766  0.002497
2032  0.037565  -0.014573  0.001624
2033  -0.000017  -0.002547  0.000006
2034  0.010258  0.025503  0.000756
2035  0.018473  0.007921  0.000404
2036  0.014655  0.029624  0.001092
2037  -0.009080  -0.024536  0.000684
2038  0.031037  -0.020126  0.001368
2039  -0.012129  0.001957  0.000151
2040  0.003633  0.007976  0.000077
2041  -0.004650  0.006791  0.000068
2042  0.056462  0.042171  0.004966
2043  -0.010309  0.024496  0.000706
2044  0.034847  -0.007672  0.001273
2045  0.015089  -0.061921  0.004062
2046  0.000492  -0.010805  0.000117
2047  0.007043  -0.008528  0.000122
