0  0.032099  0.008080  0.001096
1  0.023552  0.001284  0.000556
2  0.090194  0.005658  0.008167
3  -0.021219  0.022966  0.000978
4  -0.045004  -0.023551  0.002580
5  0.054420  0.018217  0.003293
6  0.015034  -0.023050  0.000757
7  -0.009961  -0.004715  0.000121
8  -0.005824  -0.001098  0.000035
9  -0.008902  0.011724  0.000217
10  -0.017896  -0.036498  0.001652
11  0.003893  0.012382  0.000168
12  0.017249  -0.048711  0.002670
13  0.041778  -0.026894  0.002469
14  0.016563  0.015646  0.000519
15  0.004168  0.006016  0.000054
16  0.008096  -0.008744  0.000142
17  -0.018330  0.006134  0.000374
18  0.003529  -0.011628  0.000148
19  -0.018629  -0.016496  0.000619
20  -0.036548  0.039227  0.002875
21  0.054200  -0.002658  0.002945
22  0.021565  0.019954  0.000863
23  0.031264  0.017915  0.001298
24  0.054416  -0.041007  0.004643
25  -0.004700  -0.052576  0.002786
26  0.031887  0.033848  0.002162
27  0.007241  0.017662  0.000364
28  0.057475  0.038715  0.004802
29  0.027116  -0.028996  0.001576
30  -0.023159  0.015313  0.000771
31  -0.001046  0.001685  0.000004
32  0.003077  -0.002297  0.000015
33  -0.022178  -0.009691  0.000586
34  -0.000122  -0.013203  0.000174
35  0.040657  0.027529  0.002411
36  -0.008985  -0.008366  0.000151
37  -0.017286  -0.015438  0.000537
38  0.051429  -0.044728  0.004645
39  0.015135  0.013207  0.000404
40  0.033389  -0.010124  0.001217
41  0.013681  -0.048992  0.002587
42  0.035866  -0.040001  0.002886
43  -0.040120  0.002799  0.001617
44  -0.070944  -0.016676  0.005311
45  0.017028  -0.012648  0.000450
46  0.013054  -0.013004  0.000340
47  0.066712  0.046116  0.006577
48  0.020030  -0.023731  0.000964
49  0.007940  0.021886  0.000542
50  0.017836  0.010430  0.000427
51  -0.013257  -0.002309  0.000181
52  0.006405  0.004596  0.000062
53  -0.015743  0.026562  0.000953
54  -0.017834  -0.019652  0.000704
55  0.001689  0.007959  0.000066
56  -0.046942  0.033371  0.003317
57  0.034747  0.026944  0.001933
58  0.033712  0.007651  0.001195
59  0.013887  -0.034402  0.001376
60  0.012598  -0.034807  0.001370
61  -0.038043  0.021082  0.001892
62  0.015675  -0.027302  0.000991
63  -0.034105  0.013505  0.001346
64  -0.017664  0.024613  0.000918
65  -0.016504  0.003056  0.000282
66  0.022635  0.030473  0.001441
67  0.007605  -0.010130  0.000160
68  0.044503  0.003139  0.001990
69  -0.026296  -0.048604  0.003054
70  0.026166  -0.013231  0.000860
71  0.003626  -0.018507  0.000356
72  -0.037624  0.015868  0.001667
73  -0.000296  -0.020395  0.000416
74  0.012995  -0.025676  0.000828
75  0.024254  -0.028807  0.001418
76  -0.018816  -0.005385  0.000383
77  0.024284  -0.027593  0.001351
78  -0.031081  0.020354  0.001380
79  -0.031370  -0.052135  0.003702
80  0.018354  0.016767  0.000618
81  0.032842  -0.031722  0.002085
82  0.039973  0.026965  0.002325
83  0.006418  -0.060302  0.003677
84  0.009557  -0.002053  0.000096
85  0.043032  0.052066  0.004563
86  0.029459  -0.007451  0.000923
87  0.001731  -0.006452  0.000045
88  -0.039901  0.011571  0.001726
89  -0.045747  0.035210  0.003332
90  0.033496  -0.014482  0.001332
91  0.010882  -0.006995  0.000167
92  -0.021591  -0.003520  0.000479
93  -0.024329  -0.003034  0.000601
94  -0.018296  -0.009174  0.000419
95  0.032294  -0.010482  0.001153
96  0.048903  0.026815  0.003111
97  -0.051992  0.003791  0.002717
98  0.008416  0.047174  0.002296
99  0.020503  -0.009169  0.000504
100  -0.002656  -0.014592  0.000220
101  -0.031793  -0.001685  0.001014
102  -0.001796  -0.068854  0.004744
103  -0.039109  -0.019343  0.001904
104  0.013591  -0.006469  0.000227
105  -0.049377  0.015997  0.002694
106  -0.018079  -0.023767  0.000892
107  0.011337  0.011872  0.000269
108  0.004602  0.025865  0.000690
109  0.039677  0.001887  0.001578
110  0.007097  -0.028891  0.000885
111  -0.032891  0.005556  0.001113
112  0.018512  0.028944  0.001180
113  -0.025482  -0.029749  0.001534
114  0.020048  0.012236  0.000552
115  0.034325  -0.012790  0.001342
116  -0.020417  0.007605  0.000475
117  0.032221  -0.017464  0.001343
118  0.002630  -0.017006  0.000296
119  -0.028613  0.014687  0.001034
120  0.051005  -0.006376  0.002642
121  0.004644  0.024323  0.000613
122  0.028801  -0.011629  0.000965
123  0.024486  -0.004250  0.000618
124  -0.002950  -0.015678  0.000254
125  0.035460  -0.023083  0.001790
126  -0.005878  -0.050783  0.002613
127  -0.022089  -0.019187  0.000856
128  -0.037028  0.019625  0.001756
129  0.003545  0.004163  0.000030
130  -0.022376  0.025732  0.001163
131  0.029444  -0.004870  0.000891
132  0.000277  -0.008935  0.000080
133  0.007917  -0.023130  0.000598
134  -0.000840  0.005230  0.000028
135  0.019250  -0.044334  0.002336
136  0.019249  -0.009710  0.000465
137  -0.004356  -0.016556  0.000293
138  0.013615  -0.012009  0.000330
139  -0.001671  -0.025287  0.000642
140  -0.005986  -0.031979  0.001059
141  -0.030722  -0.042641  0.002762
142  0.016915  -0.031847  0.001300
143  -0.002014  0.021307  0.000458
144  0.008919  0.021939  0.000561
145  -0.030487  -0.006487  0.000972
146  0.002686  -0.018428  0.000347
147  0.012666  -0.018267  0.000494
148  -0.063931  0.019119  0.004453
149  0.024655  0.012020  0.000752
150  -0.018504  -0.035961  0.001636
151  -0.012632  -0.046815  0.002351
152  -0.007726  -0.018382  0.000398
153  0.012031  -0.031063  0.001110
154  -0.043767  0.031018  0.002878
155  0.023302  -0.026047  0.001221
156  -0.020991  -0.003629  0.000454
157  0.022519  -0.034829  0.001720
158  -0.026930  0.016557  0.000999
159  0.004896  -0.016115  0.000284
160  -0.010128  0.041140  0.001795
161  0.006571  -0.034847  0.001258
162  -0.002860  -0.004771  0.000031
163  -0.017122  -0.001000  0.000294
164  -0.016523  -0.044240  0.002230
165  -0.051380  0.025097  0.003270
166  0.008274  -0.012015  0.000213
167  0.017436  -0.016785  0.000586
168  0.007040  -0.004014  0.000066
169  -0.019051  -0.039345  0.001911
170  0.028590  -0.028599  0.001635
171  -0.002460  0.008041  0.000071
172  -0.023343  0.004054  0.000561
173  -0.016067  -0.027091  0.000992
174  0.008905  -0.038874  0.001591
175  0.033780  0.044950  0.003162
176  0.021756  -0.033253  0.001579
177  -0.023000  -0.014967  0.000753
178  -0.004059  -0.066586  0.004450
179  0.014795  -0.023897  0.000790
180  0.003503  -0.019405  0.000389
181  0.005010  -0.030745  0.000970
182  -0.015697  0.007232  0.000299
183  0.009842  -0.046796  0.002287
184  0.020430  0.012798  0.000581
185  0.014882  0.019597  0.000606
186  -0.002688  -0.022717  0.000523
187  0.034396  -0.019405  0.001560
188  -0.027727  0.002809  0.000777
189  -0.021200  -0.009105  0.000532
190  0.001082  -0.013362  0.000180
191  0.002452  -0.008811  0.000084
192  0.023032  -0.015923  0.000784
193  -0.045168  0.008846  0.002118
194  0.010562  -0.026757  0.000827
195  0.020438  0.010299  0.000524
196  -0.016099  -0.007195  0.000311
197  -0.022371  -0.019351  0.000875
198  -0.027000  -0.010473  0.000839
199  -0.035971  -0.011865  0.001435
200  0.014339  -0.000536  0.000206
201  -0.010111  -0.012665  0.000263
202  -0.029945  -0.086763  0.008424
203  0.002567  -0.037242  0.001394
204  0.014803  0.001225  0.000221
205  -0.005110  0.035418  0.001281
206  0.030498  -0.001137  0.000931
207  -0.044496  -0.002755  0.001987
208  0.034665  0.000018  0.001202
209  0.015461  -0.011390  0.000369
210  0.011969  0.008282  0.000212
211  0.036688  0.001517  0.001348
212  0.022714  0.002261  0.000521
213  0.006293  -0.002859  0.000048
214  0.019168  0.005092  0.000393
215  0.010560  -0.003491  0.000124
216  0.015228  -0.007831  0.000293
217  -0.003853  0.013126  0.000187
218  0.006573  -0.004408  0.000063
219  0.029957  -0.015007  0.001123
220  -0.020485  -0.024988  0.001044
221  0.020261  -0.008774  0.000487
222  0.009416  -0.005688  0.000121
223  0.027398  -0.010707  0.000865
224  0.025515  -0.022268  0.001147
225  -0.008202  0.007066  0.000117
226  0.004837  -0.018705  0.000373
227  0.003264  -0.001388  0.000013
228  -0.047789  -0.043534  0.004179
229  -0.022325  -0.027277  0.001242
230  0.026415  -0.023402  0.001245
231  0.003041  -0.009462  0.000099
232  -0.005488  0.001045  0.000031
233  -0.005610  -0.030037  0.000934
234  -0.004840  0.019674  0.000410
235  0.004450  -0.021461  0.000480
236  0.014547  -0.020886  0.000648
237  0.035813  0.012139  0.001430
238  -0.000723  -0.039203  0.001537
239  -0.002580  0.010872  0.000125
240  0.016486  -0.010340  0.000379
241  -0.004476  0.003147  0.000030
242  -0.030997  0.020165  0.001367
243  0.008244  0.035519  0.001330
244  -0.030309  -0.048396  0.003261
245  0.017134  0.039256  0.001835
246  -0.016880  -0.012667  0.000445
247  -0.048035  -0.007542  0.002364
248  -0.010247  0.018391  0.000443
249  -0.024337  -0.013399  0.000772
250  0.002447  -0.068616  0.004714
251  -0.012377  -0.013562  0.000337
252  -0.002230  -0.007503  0.000061
253  0.011384  -0.019411  0.000506
254  0.017948  0.012917  0.000489
255  0.021267  -0.003747  0.000466
256  -0.026387  -0.033765  0.001836
257  -0.010749  -0.015502  0.000356
258  -0.021662  -0.032981  0.001557
259  0.023581  0.002209  0.000561
260  -0.008115  0.017350  0.000367
261  0.028565  -0.036838  0.002173
262  -0.010441  0.030146  0.001018
263  0.013738  -0.007316  0.000242
264  -0.003765  -0.018563  0.000359
265  0.000737  -0.023733  0.000564
266  -0.009481  -0.003531  0.000102
267  -0.021526  -0.013268  0.000639
268  0.012681  -0.021268  0.000613
269  -0.021693  -0.033440  0.001589
270  -0.013012  0.015768  0.000418
271  0.019787  -0.025999  0.001067
272  -0.014907  0.012015  0.000367
273  0.003318  -0.017656  0.000323
274  -0.017856  -0.004056  0.000335
275  0.010649  -0.009417  0.000202
276  -0.009666  0.022152  0.000584
277  -0.024820  -0.003658  0.000629
278  0.015512  0.010882  0.000359
279  -0.020029  0.026986  0.001129
280  0.011258  -0.011857  0.000267
281  0.011828  -0.014584  0.000353
282  0.000726  0.000671  0.000001
283  -0.025058  0.026499  0.001330
284  0.042407  -0.002804  0.001806
285  0.021715  -0.013251  0.000647
286  0.001923  -0.004484  0.000024
287  -0.033644  -0.001174  0.001133
288  0.006134  -0.028493  0.000849
289  -0.007385  -0.006817  0.000101
290  0.004446  0.008311  0.000089
291  -0.005090  0.005498  0.000056
292  0.014073  -0.012420  0.000352
293  0.016003  0.002327  0.000262
294  0.033636  -0.027179  0.001870
295  -0.021939  -0.027194  0.001221
296  0.001569  -0.044762  0.002006
297  -0.020087  -0.013045  0.000574
298  -0.027519  -0.024039  0.001335
299  -0.013129  -0.028435  0.000981
300  0.030558  -0.040013  0.002535
301  0.002783  0.000008  0.000008
302  0.042847  -0.036852  0.003194
303  -0.010095  -0.031401  0.001088
304  0.004136  0.021634  0.000485
305  -0.009143  -0.013092  0.000255
306  -0.003329  0.007213  0.000063
307  -0.024752  -0.035981  0.001907
308  0.010817  0.018970  0.000477
309  0.016393  -0.003577  0.000282
310  -0.010506  -0.021860  0.000588
311  0.007256  -0.035763  0.001332
312  -0.009049  -0.014831  0.000302
313  -0.033785  0.001022  0.001142
314  -0.013692  0.019792  0.000579
315  0.010926  -0.035644  0.001390
316  0.013546  -0.025529  0.000835
317  0.013055  0.012567  0.000328
318  -0.010380  -0.019493  0.000488
319  -0.000863  -0.006517  0.000043
320  0.007662  0.010712  0.000173
321  0.011123  -0.022077  0.000611
322  -0.010604  0.016811  0.000395
323  -0.020042  0.007698  0.000461
324  -0.001085  0.014393  0.000208
325  -0.008736  -0.021245  0.000528
326  0.003166  0.011657  0.000146
327  -0.024879  -0.008715  0.000695
328  0.012501  0.017352  0.000457
329  -0.009432  -0.038606  0.001579
330  0.036500  -0.037965  0.002774
331  0.030208  -0.003797  0.000927
332  0.011417  0.001149  0.000132
333  -0.015584  -0.038222  0.001704
334  -0.014643  -0.027942  0.000995
335  0.024934  -0.033296  0.001730
336  -0.006663  0.004692  0.000066
337  -0.025630  -0.005417  0.000686
338  -0.042370  -0.019348  0.002170
339  -0.026544  -0.037143  0.002084
340  0.003015  -0.018616  0.000356
341  -0.010670  0.019293  0.000486
342  -0.017606  0.002196  0.000315
343  0.011837  -0.017797  0.000457
344  -0.033251  -0.018281  0.001440
345  0.028277  -0.010090  0.000901
346  -0.014094  -0.015623  0.000443
347  -0.010242  0.013053  0.000275
348  -0.008110  -0.021731  0.000538
349  -0.008383  -0.026382  0.000766
350  0.018343  -0.015132  0.000565
351  0.014195  -0.009542  0.000293
352  -0.004652  -0.006971  0.000070
353  -0.016951  -0.017957  0.000610
354  0.020116  -0.001620  0.000407
355  -0.018872  -0.015897  0.000609
356  -0.009963  -0.005800  0.000133
357  0.014783  0.006897  0.000266
358  -0.009344  -0.010137  0.000190
359  -0.042521  -0.014918  0.002031
360  -0.003288  -0.046059  0.002132
361  -0.018782  -0.011275  0.000480
362  0.018461  -0.028583  0.001158
363  -0.044019  -0.030314  0.002857
364  -0.004494  -0.020029  0.000421
365  0.004143  -0.044704  0.002016
366  -0.018153  -0.017433  0.000633
367  -0.012631  0.016901  0.000445
368  0.007998  0.003985  0.000080
369  -0.024022  0.020101  0.000981
370  -0.010349  -0.007875  0.000169
371  -0.008249  -0.024269  0.000657
372  0.006443  -0.031792  0.001052
373  -0.020524  -0.042942  0.002265
374  0.015774  -0.019511  0.000629
375  -0.002253  0.024170  0.000589
376  0.015521  0.024993  0.000866
377  0.012288  0.001833  0.000154
378  0.025869  -0.033232  0.001774
379  -0.020145  0.009981  0.000505
380  0.019568  -0.015370  0.000619
381  -0.017522  -0.041554  0.002034
382  -0.007963  -0.012849  0.000229
383  0.038420  -0.017423  0.001780
384  0.005076  0.003090  0.000035
385  -0.006667  -0.021553  0.000509
386  0.023386  0.000042  0.000547
387  -0.009921  0.014334  0.000304
388  0.007106  -0.005880  0.000085
389  0.012528  -0.021995  0.000641
390  0.002109  -0.026761  0.000721
391  -0.024462  -0.027824  0.001373
392  0.015588  0.018792  0.000596
393  0.019188  -0.003200  0.000378
394  -0.014234  0.010276  0.000308
395  -0.036718  -0.018097  0.001676
396  -0.045349  -0.030523  0.002988
397  -0.000699  -0.017635  0.000311
398  0.001856  -0.018974  0.000363
399  -0.017548  -0.008571  0.000381
400  0.016183  -0.009219  0.000347
401  0.019141  0.004630  0.000388
402  0.018696  -0.003036  0.000359
403  -0.000965  -0.043290  0.001875
404  0.006957  -0.032201  0.001085
405  0.012275  -0.009295  0.000237
406  0.017239  -0.001407  0.000299
407  0.019538  -0.016177  0.000643
408  -0.014529  0.016731  0.000491
409  0.016445  0.007556  0.000328
410  -0.020031  -0.000811  0.000402
411  0.001152  0.003233  0.000012
412  0.013645  -0.000824  0.000187
413  -0.015834  -0.006454  0.000292
414  0.006943  -0.004714  0.000070
415  -0.006787  -0.030363  0.000968
416  0.009530  -0.026613  0.000799
417  -0.011631  0.027030  0.000866
418  0.019290  -0.022626  0.000884
419  -0.008417  -0.036936  0.001435
420  -0.016430  -0.029526  0.001142
421  0.027076  -0.020938  0.001172
422  0.037421  0.014261  0.001604
423  -0.019467  0.014088  0.000577
424  0.028656  0.000145  0.000821
425  -0.003230  -0.016774  0.000292
426  -0.007791  -0.009782  0.000156
427  0.001723  0.015650  0.000248
428  0.020303  -0.004232  0.000430
429  -0.001554  0.034049  0.001162
430  0.024990  -0.029337  0.001485
431  -0.029097  -0.004583  0.000868
432  -0.013319  -0.001610  0.000180
433  -0.030698  0.008523  0.001015
434  -0.036314  0.003384  0.001330
435  -0.007404  -0.023192  0.000593
436  -0.007886  -0.010817  0.000179
437  0.006456  0.008139  0.000108
438  -0.048655  -0.019217  0.002737
439  -0.016522  -0.046212  0.002409
440  -0.048554  -0.001991  0.002361
441  -0.028836  -0.017381  0.001134
442  0.040546  -0.017450  0.001948
443  -0.020374  0.005220  0.000442
444  -0.027245  -0.015298  0.000976
445  -0.020153  -0.011994  0.000550
446  -0.014412  -0.017373  0.000510
447  0.026230  -0.011451  0.000819
448  0.010582  -0.001013  0.000113
449  -0.026849  -0.026038  0.001399
450  -0.024746  -0.024392  0.001207
451  0.013177  -0.009628  0.000266
452  0.004957  0.030259  0.000940
453  -0.003310  -0.035330  0.001259
454  -0.010460  -0.007241  0.000162
455  -0.009683  0.011556  0.000227
456  -0.021164  -0.011116  0.000571
457  0.040228  0.018044  0.001944
458  0.001833  -0.021924  0.000484
459  -0.013024  0.007988  0.000233
460  0.028947  0.032117  0.001869
461  0.006973  -0.006288  0.000088
462  0.003471  0.016681  0.000290
463  0.036841  -0.009830  0.001454
464  -0.007647  -0.006652  0.000103
465  0.006608  -0.021246  0.000495
466  0.003920  -0.004602  0.000037
467  -0.027025  -0.019434  0.001108
468  0.030746  0.035771  0.002225
469  0.010468  -0.003109  0.000119
470  -0.008065  -0.014041  0.000262
471  0.003339  0.028460  0.000821
472  -0.036265  0.002449  0.001321
473  0.004172  0.001026  0.000018
474  0.003864  -0.003586  0.000028
475  0.000029  0.002323  0.000005
476  -0.017804  0.020566  0.000740
477  -0.004024  0.008590  0.000090
478  -0.032677  -0.022141  0.001558
479  0.003190  -0.008048  0.000075
480  -0.028940  -0.013296  0.001014
481  0.026303  0.019420  0.001069
482  0.026256  0.003018  0.000698
483  0.020163  -0.014883  0.000628
484  0.010510  -0.034609  0.001308
485  0.002613  -0.021129  0.000453
486  0.018270  0.000332  0.000334
487  -0.042674  -0.011825  0.001961
488  0.003837  0.022134  0.000505
489  0.009822  -0.015128  0.000325
490  0.017005  -0.012382  0.000442
491  -0.000479  0.007314  0.000054
492  -0.009924  0.007312  0.000152
493  -0.001998  0.026690  0.000716
494  0.012432  0.003106  0.000164
495  0.016060  -0.003579  0.000271
496  0.013019  0.000511  0.000170
497  -0.027549  -0.015378  0.000995
498  -0.020459  0.006097  0.000456
499  -0.000055  -0.030244  0.000915
500  -0.018433  -0.006486  0.000382
501  -0.020790  -0.020618  0.000857
502  -0.027699  -0.025452  0.001415
503  -0.003049  -0.015197  0.000240
504  -0.025603  0.008122  0.000721
505  -0.007618  -0.022459  0.000562
506  -0.032731  -0.014518  0.001282
507  0.002599  0.008236  0.000075
508  0.010600  -0.050459  0.002658
509  0.003047  -0.015189  0.000240
510  0.013870  -0.027416  0.000944
511  0.012996  -0.006935  0.000217
512  -0.002886  0.028712  0.000833
513  -0.031033  -0.000882  0.000964
514  0.007160  0.019807  0.000444
515  0.000311  -0.001572  0.000003
516  -0.016190  0.007612  0.000320
517  0.031005  -0.003331  0.000972
518  -0.033210  0.026166  0.001788
519  0.015531  0.003211  0.000252
520  -0.005857  -0.022386  0.000535
521  -0.011776  -0.001561  0.000141
522  -0.022764  -0.002200  0.000523
523  -0.023914  -0.010073  0.000673
524  -0.020923  -0.023194  0.000976
525  0.004684  0.010569  0.000134
526  0.020068  0.004791  0.000426
527  -0.029694  -0.031031  0.001845
528  0.020881  0.002639  0.000443
529  -0.054943  -0.026901  0.003742
530  0.018714  0.005639  0.000382
531  -0.009267  0.005154  0.000112
532  -0.027642  -0.013606  0.000949
533  -0.008960  0.009641  0.000173
534  -0.020552  -0.013809  0.000613
535  0.004839  -0.014460  0.000233
536  0.006175  -0.023891  0.000609
537  -0.043121  -0.006337  0.001900
538  -0.000256  -0.009603  0.000092
539  -0.007776  -0.016547  0.000334
540  -0.013958  0.011459  0.000326
541  0.037069  -0.008837  0.001452
542  -0.010214  0.018020  0.000429
543  -0.018350  -0.005915  0.000372
544  0.001993  -0.037479  0.001409
545  -0.018909  -0.027144  0.001094
546  -0.042136  -0.013006  0.001945
547  0.018622  0.020766  0.000778
548  -0.000280  0.001530  0.000002
549  0.021986  0.005553  0.000514
550  -0.022463  -0.028729  0.001330
551  -0.000870  -0.020246  0.000411
552  0.028812  0.002329  0.000836
553  0.008096  -0.016710  0.000345
554  0.024540  -0.038807  0.002108
555  0.001626  -0.007439  0.000058
556  -0.006008  -0.011381  0.000166
557  0.025344  0.031230  0.001618
558  -0.013303  -0.018003  0.000501
559  -0.019164  0.009110  0.000450
560  -0.028262  0.009013  0.000880
561  -0.022399  -0.009410  0.000590
562  -0.001361  0.003788  0.000016
563  0.006165  -0.000329  0.000038
564  0.012623  -0.009029  0.000241
565  0.013491  0.004252  0.000200
566  0.009217  -0.000599  0.000085
567  -0.032965  -0.029984  0.001986
568  0.017996  -0.015706  0.000571
569  -0.018426  -0.012544  0.000497
570  -0.011422  -0.009917  0.000229
571  0.007124  -0.008494  0.000123
572  -0.003599  -0.012565  0.000171
573  -0.038332  -0.031222  0.002444
574  -0.016284  0.012523  0.000422
575  0.020298  0.001397  0.000414
576  -0.020334  -0.010953  0.000533
577  0.023588  -0.011070  0.000679
578  -0.006711  0.000491  0.000045
579  -0.030706  -0.033099  0.002038
580  -0.002751  -0.009396  0.000096
581  -0.003012  -0.015814  0.000259
582  0.000619  0.002338  0.000006
583  0.015940  -0.018307  0.000589
584  0.008497  -0.031203  0.001046
585  -0.028223  -0.036352  0.002118
586  -0.009393  0.011057  0.000210
587  -0.015109  -0.022256  0.000724
588  -0.010280  -0.002621  0.000113
589  -0.020583  0.007939  0.000487
590  0.018139  -0.019397  0.000705
591  -0.007013  0.034901  0.001267
592  0.008166  -0.014941  0.000290
593  -0.011372  -0.020275  0.000540
594  0.019940  -0.011799  0.000537
595  0.016427  0.003868  0.000285
596  0.007259  0.017433  0.000357
597  0.010447  -0.037997  0.001553
598  0.001732  -0.001283  0.000005
599  0.008457  -0.008131  0.000138
600  -0.017886  -0.010432  0.000429
601  0.007894  0.019468  0.000441
602  -0.020857  0.001488  0.000437
603  0.011957  -0.009248  0.000228
604  -0.004070  0.001174  0.000018
605  0.016584  0.005988  0.000311
606  -0.010568  -0.013702  0.000299
607  -0.019283  -0.033626  0.001503
608  0.010065  0.006049  0.000138
609  -0.009985  -0.035722  0.001376
610  -0.012369  -0.023574  0.000709
611  0.012155  -0.014080  0.000346
612  0.022885  0.012384  0.000677
613  0.029510  0.008324  0.000940
614  -0.018103  -0.002989  0.000337
615  -0.013630  -0.015711  0.000433
616  0.032026  0.006787  0.001072
617  0.009303  -0.000140  0.000087
618  -0.009381  0.001410  0.000090
619  -0.012186  0.032553  0.001208
620  -0.013937  -0.031848  0.001209
621  -0.008481  0.004883  0.000096
622  -0.000900  -0.005067  0.000026
623  -0.002768  -0.008020  0.000072
624  0.000467  -0.013794  0.000190
625  0.013882  0.000378  0.000193
626  -0.032758  -0.023475  0.001624
627  0.001572  -0.020163  0.000409
628  0.000483  0.003367  0.000012
629  -0.012451  -0.008939  0.000235
630  -0.001209  0.009122  0.000085
631  0.032251  0.010803  0.001157
632  0.004099  0.023839  0.000585
633  0.010879  0.034252  0.001292
634  -0.042497  -0.013847  0.001998
635  0.015424  -0.014911  0.000460
636  0.009615  -0.004078  0.000109
637  0.007119  -0.010795  0.000167
638  -0.020103  -0.006483  0.000446
639  -0.005128  0.026516  0.000729
640  -0.005402  -0.004493  0.000049
641  -0.013400  -0.012466  0.000335
642  -0.003446  0.011075  0.000135
643  0.003472  -0.015196  0.000243
644  -0.002317  0.021607  0.000472
645  0.026069  -0.011542  0.000813
646  -0.006719  0.021852  0.000523
647  0.005734  0.021572  0.000498
648  -0.014989  -0.006003  0.000261
649  -0.023482  0.005317  0.000580
650  -0.004571  0.001276  0.000023
651  0.009923  -0.010629  0.000211
652  -0.017129  0.012175  0.000442
653  -0.008001  -0.000287  0.000064
654  0.009285  -0.028622  0.000905
655  -0.006225  0.011741  0.000177
656  -0.007451  0.014907  0.000278
657  0.045585  -0.024537  0.002680
658  0.007256  0.001538  0.000055
659  -0.012854  -0.022136  0.000655
660  0.001487  -0.008059  0.000067
661  -0.002615  0.014144  0.000207
662  -0.027773  -0.003855  0.000786
663  0.028700  0.007838  0.000885
664  -0.018317  0.015652  0.000580
665  -0.010654  -0.031970  0.001136
666  -0.010808  -0.018647  0.000465
667  -0.012435  0.004057  0.000171
668  -0.019357  0.012413  0.000529
669  -0.014496  -0.006529  0.000253
670  0.015246  0.012986  0.000401
671  -0.001682  0.015358  0.000239
672  0.002950  0.006798  0.000055
673  0.000887  0.023583  0.000557
674  0.031536  0.001987  0.000998
675  -0.002736  0.011903  0.000149
676  -0.042540  0.037630  0.003226
677  -0.019397  -0.014769  0.000594
678  -0.026998  -0.011735  0.000867
679  0.021760  0.021679  0.000943
680  -0.024829  0.009741  0.000711
681  -0.006862  0.002633  0.000054
682  -0.014491  0.005353  0.000239
683  0.014827  0.007982  0.000284
684  -0.006809  -0.018203  0.000378
685  0.012466  0.000562  0.000156
686  -0.013383  0.001535  0.000181
687  0.019416  0.013820  0.000568
688  -0.025467  -0.021180  0.001097
689  -0.002309  -0.018677  0.000354
690  -0.005427  0.013755  0.000219
691  -0.009441  0.026939  0.000815
692  0.003627  -0.024370  0.000607
693  -0.009080  0.020423  0.000500
694  -0.026412  0.021311  0.001152
695  -0.006265  0.019145  0.000406
696  0.005040  -0.002781  0.000033
697  -0.013762  -0.037240  0.001576
698  0.003455  0.007146  0.000063
699  -0.002050  -0.022815  0.000525
700  -0.014575  0.001148  0.000214
701  -0.003654  0.017449  0.000318
702  0.007876  0.007353  0.000116
703  0.004598  -0.017567  0.000330
704  -0.018818  0.019185  0.000722
705  0.031038  -0.003453  0.000975
706  -0.007527  -0.014577  0.000269
707  -0.012194  -0.001721  0.000152
708  -0.015545  -0.028733  0.001067
709  0.016957  0.027136  0.001024
710  0.003361  0.002779  0.000019
711  -0.015965  0.011565  0.000389
712  -0.034629  0.000675  0.001200
713  0.018041  -0.007408  0.000380
714  -0.018537  0.032979  0.001431
715  0.003569  0.002228  0.000018
716  -0.006791  -0.034063  0.001206
717  -0.017334  0.002958  0.000309
718  -0.012590  0.044398  0.002130
719  -0.012301  -0.025795  0.000817
720  -0.026703  -0.004603  0.000734
721  0.003922  -0.028048  0.000802
722  -0.027216  0.005212  0.000768
723  0.006036  0.002153  0.000041
724  -0.002972  0.022104  0.000497
725  -0.010865  0.004107  0.000135
726  0.010189  -0.024690  0.000713
727  0.011730  0.046148  0.002267
728  -0.010783  -0.010637  0.000229
729  0.016246  0.001147  0.000265
730  0.011195  -0.043567  0.002023
731  -0.002216  -0.002179  0.000010
732  -0.026394  0.010149  0.000800
733  -0.007110  0.011118  0.000174
734  0.012587  0.001821  0.000162
735  -0.011878  0.001121  0.000142
736  0.002094  -0.004282  0.000023
737  -0.017257  -0.047016  0.002508
738  -0.005667  0.017096  0.000324
739  -0.021661  -0.003169  0.000479
740  0.021823  -0.029987  0.001375
741  0.028938  -0.000613  0.000838
742  -0.005900  0.017005  0.000324
743  -0.039843  0.004422  0.001607
744  -0.002706  -0.024235  0.000595
745  -0.005426  0.006882  0.000077
746  -0.032170  0.005775  0.001068
747  0.026964  -0.017233  0.001024
748  -0.007092  0.014979  0.000275
749  -0.009967  -0.008573  0.000173
750  0.018741  -0.012208  0.000500
751  0.012745  -0.014978  0.000387
752  -0.028585  -0.003407  0.000829
753  -0.010739  0.013399  0.000295
754  0.020305  0.002386  0.000418
755  -0.025293  0.029799  0.001528
756  -0.000851  -0.035851  0.001286
757  -0.023649  -0.023704  0.001121
758  0.018825  -0.010906  0.000473
759  -0.004535  0.005830  0.000055
760  -0.031744  -0.000179  0.001008
761  -0.019933  -0.007867  0.000459
762  0.015187  -0.022595  0.000741
763  -0.027822  0.018849  0.001129
764  -0.011321  -0.040802  0.001793
765  -0.015805  -0.002209  0.000255
766  -0.015640  -0.019722  0.000634
767  -0.022270  -0.006670  0.000540
768  -0.006597  0.038699  0.001541
769  -0.001761  0.053028  0.002815
770  -0.009446  -0.031505  0.001082
771  -0.021653  -0.011155  0.000593
772  0.011425  -0.029592  0.001006
773  -0.005249  -0.019453  0.000406
774  -0.022294  -0.016587  0.000772
775  -0.031660  -0.030518  0.001934
776  -0.017564  0.012324  0.000460
777  0.025675  -0.003696  0.000673
778  -0.001019  -0.002527  0.000007
779  -0.016854  -0.020505  0.000705
780  0.006330  -0.006414  0.000081
781  -0.053826  -0.008185  0.002964
782  -0.004305  0.028115  0.000809
783  -0.013780  -0.011150  0.000314
784  -0.000158  -0.029429  0.000866
785  -0.009945  0.008524  0.000172
786  -0.023003  -0.023862  0.001099
787  0.018488  0.019471  0.000721
788  -0.006531  -0.028278  0.000842
789  -0.006606  0.004721  0.000066
790  0.031205  -0.020337  0.001387
791  0.019748  -0.017112  0.000683
792  -0.012474  -0.037072  0.001530
793  -0.047270  -0.031895  0.003252
794  -0.008269  -0.013595  0.000253
795  0.016482  0.003550  0.000284
796  -0.045734  -0.035173  0.003329
797  -0.006038  -0.005388  0.000065
798  0.017291  -0.016429  0.000569
799  0.010139  0.039858  0.001691
800  -0.022118  -0.035960  0.001782
801  -0.050155  -0.022441  0.003019
802  0.023666  -0.002469  0.000566
803  -0.025138  0.017479  0.000937
804  -0.009689  -0.006432  0.000135
805  -0.010933  0.012637  0.000279
806  -0.036195  -0.031288  0.002289
807  0.011355  -0.023305  0.000672
808  -0.033825  0.009305  0.001231
809  -0.026302  -0.003853  0.000707
810  -0.011290  0.018662  0.000476
811  0.003711  0.014110  0.000213
812  0.006102  0.008955  0.000117
813  -0.011682  0.017580  0.000446
814  0.001420  0.034470  0.001190
815  0.002584  -0.008364  0.000077
816  -0.028854  -0.020921  0.001270
817  -0.027617  -0.009064  0.000845
818  -0.001647  -0.019317  0.000376
819  -0.015013  -0.030575  0.001160
820  -0.024048  -0.046462  0.002737
821  -0.020549  0.018645  0.000770
822  -0.022057  -0.006692  0.000531
823  0.003920  -0.030685  0.000957
824  -0.024227  0.012252  0.000737
825  -0.015481  -0.032887  0.001321
826  -0.001979  0.013257  0.000180
827  0.014225  -0.027782  0.000974
828  -0.015922  0.014769  0.000472
829  -0.000991  -0.022153  0.000492
830  0.012153  0.014662  0.000363
831  0.028695  -0.018845  0.001179
832  -0.008083  0.013986  0.000261
833  -0.001318  0.005099  0.000028
834  0.007910  0.047574  0.002326
835  -0.004817  0.028969  0.000862
836  -0.006391  -0.017194  0.000336
837  -0.012337  -0.040325  0.001778
838  0.003332  -0.017513  0.000318
839  -0.042691  -0.000454  0.001823
840  0.021882  0.000690  0.000479
841  0.011220  0.026799  0.000844
842  -0.004442  0.029180  0.000871
843  -0.019017  0.004010  0.000378
844  -0.019511  0.009018  0.000462
845  -0.055252  0.024199  0.003638
846  0.002636  -0.021225  0.000457
847  0.000240  0.035149  0.001236
848  -0.026057  0.012956  0.000847
849  -0.023386  0.000326  0.000547
850  -0.004261  0.005471  0.000048
851  -0.038595  0.002832  0.001498
852  -0.022446  -0.027850  0.001279
853  0.016619  0.001423  0.000278
854  0.014951  -0.018565  0.000568
855  0.009559  -0.009667  0.000185
856  0.015736  0.003251  0.000258
857  -0.009660  -0.020574  0.000517
858  0.010505  0.016612  0.000386
859  -0.002417  -0.021314  0.000460
860  0.003175  0.026181  0.000696
861  0.018306  -0.000696  0.000336
862  -0.015834  -0.018594  0.000596
863  0.023779  -0.015172  0.000796
864  -0.030316  0.020439  0.001337
865  -0.020763  0.027016  0.001161
866  -0.008579  0.018161  0.000403
867  0.005756  0.006421  0.000074
868  -0.008181  -0.024348  0.000660
869  0.000299  0.002312  0.000005
870  -0.016400  0.020462  0.000688
871  -0.004096  0.007207  0.000069
872  -0.029745  -0.000220  0.000885
873  -0.020214  -0.015140  0.000638
874  -0.027741  -0.000466  0.000770
875  -0.002540  -0.028172  0.000800
876  -0.019731  0.014884  0.000611
877  -0.014576  -0.018291  0.000547
878  -0.003812  -0.013314  0.000192
879  -0.013495  0.003924  0.000198
880  0.039573  -0.022415  0.002068
881  -0.020461  -0.010436  0.000528
882  -0.022054  -0.037082  0.001861
883  0.009139  -0.018481  0.000425
884  0.006772  0.029360  0.000908
885  0.010850  -0.000777  0.000118
886  -0.004378  0.004861  0.000043
887  -0.022947  -0.013050  0.000697
888  0.010735  0.036961  0.001481
889  0.003252  -0.002930  0.000019
890  -0.008012  -0.008631  0.000139
891  -0.005905  -0.013183  0.000209
892  -0.065419  -0.056170  0.007435
893  -0.002926  -0.012315  0.000160
894  0.011876  -0.002253  0.000146
895  0.005436  0.037272  0.001419
896  -0.003898  0.000544  0.000015
897  -0.011612  -0.028487  0.000946
898  -0.033777  0.020969  0.001581
899  0.050622  -0.019138  0.002929
900  -0.024334  0.022851  0.001114
901  0.025372  -0.023984  0.001219
902  -0.008156  0.004606  0.000088
903  -0.038452  0.040089  0.003086
904  -0.016336  -0.014640  0.000481
905  -0.010891  0.011538  0.000252
906  -0.012669  0.018859  0.000516
907  0.011735  -0.020602  0.000562
908  -0.015312  -0.010782  0.000351
909  -0.005060  0.026726  0.000740
910  -0.009341  -0.015083  0.000315
911  -0.036904  -0.017793  0.001679
912  -0.044127  0.000891  0.001948
913  0.001420  -0.006009  0.000038
914  -0.014590  -0.005276  0.000241
915  -0.012132  -0.019511  0.000528
916  0.004735  0.002685  0.000030
917  -0.005573  -0.011321  0.000159
918  -0.023778  -0.023020  0.001095
919  -0.018097  0.003412  0.000339
920  0.002569  0.022671  0.000521
921  0.004265  -0.017091  0.000310
922  -0.006474  -0.052694  0.002819
923  -0.003145  -0.008064  0.000075
924  0.011522  0.016244  0.000397
925  -0.022610  0.002533  0.000518
926  -0.005827  0.009096  0.000117
927  0.006723  0.033560  0.001172
928  0.023882  -0.021204  0.001020
929  -0.003181  -0.000959  0.000011
930  0.015225  -0.037770  0.001658
931  -0.004717  0.008596  0.000096
932  0.007710  0.007465  0.000115
933  -0.016242  -0.007642  0.000322
934  -0.016519  0.005242  0.000300
935  -0.008418  -0.036007  0.001367
936  -0.026077  0.010972  0.000800
937  -0.012558  -0.000578  0.000158
938  -0.002297  0.007912  0.000068
939  -0.022884  -0.005366  0.000552
940  -0.004888  -0.025530  0.000676
941  0.010191  -0.007927  0.000167
942  -0.028078  -0.007900  0.000851
943  -0.003843  0.017239  0.000312
944  0.023671  -0.011471  0.000692
945  -0.003682  0.043456  0.001902
946  -0.018384  -0.008985  0.000419
947  0.012279  -0.024202  0.000737
948  -0.014944  0.030872  0.001176
949  0.009036  0.000262  0.000082
950  -0.024273  0.011380  0.000719
951  -0.001239  -0.011259  0.000128
952  -0.024642  -0.001657  0.000610
953  0.009168  -0.023218  0.000623
954  0.013129  0.003768  0.000187
955  0.002491  -0.009643  0.000099
956  0.010769  0.038591  0.001605
957  -0.023546  0.014658  0.000769
958  -0.005461  0.000314  0.000030
959  0.016691  0.004358  0.000298
960  -0.024055  0.005773  0.000612
961  0.007444  0.025360  0.000699
962  -0.025150  0.028008  0.001417
963  -0.003961  -0.034134  0.001181
964  -0.025273  0.025036  0.001266
965  -0.006115  -0.012321  0.000189
966  0.019153  -0.014237  0.000570
967  -0.031255  0.011100  0.001100
968  -0.016135  -0.019538  0.000642
969  0.012468  0.003878  0.000170
970  -0.016681  -0.044616  0.002269
971  0.008018  -0.011974  0.000208
972  -0.003494  -0.015749  0.000260
973  0.030543  0.007142  0.000984
974  -0.023710  -0.012799  0.000726
975  -0.024453  0.012385  0.000751
976  0.011645  0.006606  0.000179
977  0.008282  0.016986  0.000357
978  0.016744  -0.023995  0.000856
979  0.020209  -0.009790  0.000504
980  -0.027601  0.016768  0.001043
981  0.016052  0.002700  0.000265
982  -0.001085  0.007282  0.000054
983  -0.030438  -0.028659  0.001748
984  -0.036943  -0.013715  0.001553
985  -0.001732  0.002382  0.000009
986  -0.030696  -0.027493  0.001698
987  -0.009387  0.011691  0.000225
988  -0.023588  0.039287  0.002100
989  -0.035890  0.001315  0.001290
990  0.029116  0.002817  0.000856
991  -0.009312  -0.001197  0.000088
992  0.015975  -0.026237  0.000944
993  -0.012448  -0.018961  0.000514
994  -0.020741  0.010116  0.000533
995  -0.024682  0.016055  0.000867
996  -0.007066  -0.012956  0.000218
997  0.008664  -0.021236  0.000526
998  -0.022984  0.001500  0.000530
999  -0.054470  -0.004801  0.002990
1000  0.016861  -0.004919  0.000308
1001  0.042204  0.035345  0.003030
1002  -0.015376  0.015026  0.000462
1003  -0.016741  -0.000604  0.000281
1004  0.018640  0.040117  0.001957
1005  -0.023482  0.032216  0.001589
1006  -0.008012  0.044854  0.002076
1007  0.008582  0.019044  0.000436
1008  -0.011562  -0.021721  0.000606
1009  -0.021399  0.006182  0.000496
1010  0.017656  -0.005821  0.000346
1011  0.037329  -0.013137  0.001566
1012  0.011268  -0.010502  0.000237
1013  -0.019212  -0.035124  0.001603
1014  -0.016853  0.000234  0.000284
1015  -0.010729  -0.030376  0.001038
1016  -0.038525  -0.017481  0.001790
1017  -0.038754  -0.009459  0.001591
1018  -0.019056  -0.021962  0.000845
1019  -0.027454  0.005939  0.000789
1020  -0.013566  -0.026694  0.000897
1021  -0.002716  0.039809  0.001592
1022  -0.075793  -0.006202  0.005783
1023  -0.032497  -0.005269  0.001084
1024  -0.064892  0.006685  0.004256
1025  -0.038259  0.016669  0.001742
1026  -0.001070  -0.013711  0.000189
1027  -0.004495  -0.010295  0.000126
1028  -0.018121  -0.001648  0.000331
1029  -0.049689  -0.021300  0.002923
1030  0.020602  0.006425  0.000466
1031  -0.023590  -0.004989  0.000581
1032  0.014133  0.035625  0.001469
1033  0.001329  0.003989  0.000018
1034  -0.008052  0.002935  0.000073
1035  0.012174  0.015654  0.000393
1036  -0.013591  -0.059613  0.003738
1037  -0.014268  -0.034979  0.001427
1038  -0.008945  -0.025943  0.000753
1039  -0.046313  -0.040365  0.003774
1040  -0.065008  0.044242  0.006183
1041  0.004654  -0.014198  0.000223
1042  0.005771  -0.019765  0.000424
1043  0.009736  -0.040259  0.001716
1044  0.008781  0.008223  0.000145
1045  -0.019401  -0.010603  0.000489
1046  0.011732  -0.028493  0.000950
1047  -0.033655  -0.057100  0.004393
1048  0.008663  0.033977  0.001230
1049  -0.006843  0.023226  0.000586
1050  -0.008667  0.023055  0.000607
1051  0.034214  0.029648  0.002050
1052  0.010616  0.008211  0.000180
1053  -0.001568  -0.001669  0.000005
1054  -0.031229  -0.017251  0.001273
1055  0.011997  0.013387  0.000323
1056  0.038828  -0.019539  0.001889
1057  0.000632  -0.025946  0.000674
1058  -0.020452  -0.005248  0.000446
1059  -0.014360  -0.034205  0.001376
1060  -0.004853  0.003413  0.000035
1061  -0.036481  -0.019491  0.001711
1062  -0.044052  -0.024662  0.002549
1063  -0.018426  0.024186  0.000924
1064  0.005377  -0.001326  0.000031
1065  0.008048  0.009999  0.000165
1066  -0.054172  -0.005888  0.002969
1067  0.012670  -0.022270  0.000656
1068  -0.012208  0.048335  0.002485
1069  -0.054767  -0.022702  0.003515
1070  -0.009627  0.026576  0.000799
1071  0.006062  0.007402  0.000092
1072  -0.031861  0.031620  0.002015
1073  -0.024472  -0.013031  0.000769
1074  0.011407  -0.009496  0.000220
1075  -0.000490  -0.006021  0.000036
1076  -0.022807  -0.012392  0.000674
1077  -0.014299  -0.010372  0.000312
1078  -0.021784  -0.011899  0.000616
1079  0.016734  0.004043  0.000296
1080  -0.013901  -0.027803  0.000966
1081  -0.022125  -0.020795  0.000922
1082  -0.004193  -0.009751  0.000113
1083  0.031073  -0.006239  0.001004
1084  0.023909  -0.003497  0.000584
1085  -0.020319  -0.011164  0.000538
1086  -0.001663  0.024290  0.000593
1087  -0.001911  -0.016253  0.000268
1088  0.010813  -0.021080  0.000561
1089  -0.002555  -0.008699  0.000082
1090  0.001209  0.027695  0.000768
1091  -0.031079  -0.009249  0.001051
1092  -0.063558  0.007826  0.004101
1093  -0.021881  0.018754  0.000830
1094  -0.016213  -0.016080  0.000521
1095  0.000136  -0.017327  0.000300
1096  -0.021284  0.023234  0.000993
1097  -0.021199  0.029186  0.001301
1098  -0.049118  0.055715  0.005517
1099  -0.034124  -0.006511  0.001207
1100  -0.010799  0.033054  0.001209
1101  -0.054088  0.001350  0.002927
1102  -0.026403  0.002787  0.000705
1103  0.016128  0.007769  0.000320
1104  0.016517  -0.016945  0.000560
1105  -0.029051  0.031644  0.001845
1106  0.004434  0.012538  0.000177
1107  -0.015149  -0.009150  0.000313
1108  0.025099  -0.004094  0.000647
1109  0.013939  0.014994  0.000419
1110  -0.000917  -0.005937  0.000036
1111  -0.070669  0.007458  0.005050
1112  0.041936  -0.049928  0.004251
1113  -0.000828  0.012670  0.000161
1114  -0.032616  -0.014986  0.001288
1115  0.018926  -0.011921  0.000500
1116  -0.003624  0.004021  0.000029
1117  -0.000511  0.018494  0.000342
1118  0.013386  0.045959  0.002291
1119  -0.019071  0.015197  0.000595
1120  -0.003831  -0.035663  0.001287
1121  0.021407  -0.049766  0.002935
1122  -0.002277  0.009594  0.000097
1123  0.033192  0.020499  0.001522
1124  -0.065287  -0.023274  0.004804
1125  -0.058555  -0.028585  0.004246
1126  -0.036451  0.013077  0.001500
1127  -0.006652  0.011226  0.000170
1128  -0.015247  0.010303  0.000339
1129  -0.011194  0.038381  0.001598
1130  -0.016046  0.023252  0.000798
1131  -0.011669  0.024585  0.000741
1132  -0.030592  0.017924  0.001257
1133  -0.052235  -0.026167  0.003413
1134  -0.046200  -0.028314  0.002936
1135  -0.002960  -0.014468  0.000218
1136  0.017640  -0.016946  0.000598
1137  -0.002670  -0.042499  0.001813
1138  0.010063  -0.015777  0.000350
1139  -0.010209  -0.001591  0.000107
1140  0.027088  0.017721  0.001048
1141  -0.042411  0.036011  0.003096
1142  -0.064978  0.022404  0.004724
1143  -0.047649  -0.015234  0.002503
1144  0.014510  0.009472  0.000300
1145  -0.050339  -0.004080  0.002551
1146  -0.017798  -0.014034  0.000514
1147  -0.031613  -0.007354  0.001053
1148  0.002760  0.034263  0.001182
1149  -0.050836  -0.025279  0.003223
1150  0.014603  0.020592  0.000637
1151  0.021451  -0.002380  0.000466
1152  -0.018343  -0.023563  0.000892
1153  -0.024592  -0.028276  0.001404
1154  0.009378  0.013229  0.000263
1155  -0.019574  0.055039  0.003412
1156  -0.017786  0.014482  0.000526
1157  -0.034725  -0.045878  0.003311
1158  0.002256  -0.025572  0.000659
1159  0.030598  -0.033176  0.002037
1160  -0.035159  -0.026596  0.001943
1161  -0.000157  -0.047882  0.002293
1162  -0.018696  -0.015638  0.000594
1163  -0.032906  -0.044182  0.003035
1164  -0.057483  0.018466  0.003645
1165  0.004134  -0.031591  0.001015
1166  -0.069490  0.011165  0.004954
1167  0.017468  -0.010193  0.000409
1168  -0.013252  -0.062449  0.004075
1169  0.050625  0.004037  0.002579
1170  -0.011351  -0.006093  0.000166
1171  0.008777  -0.026994  0.000806
1172  -0.005890  0.011561  0.000168
1173  0.018665  -0.039531  0.001911
1174  0.020352  -0.037947  0.001854
1175  0.053617  -0.006231  0.002914
1176  0.027833  -0.050806  0.003356
1177  -0.010855  0.005579  0.000149
1178  -0.006078  0.042476  0.001841
1179  0.017618  0.000060  0.000310
1180  0.000434  0.012076  0.000146
1181  -0.021021  -0.004073  0.000458
1182  -0.049000  0.025724  0.003063
1183  0.010701  -0.017697  0.000428
1184  -0.007582  0.012620  0.000217
1185  -0.000004  0.059087  0.003491
1186  0.007080  0.006761  0.000096
1187  -0.038704  0.017811  0.001815
1188  -0.070299  -0.029475  0.005811
1189  -0.053327  0.033771  0.003984
1190  -0.062200  0.010422  0.003977
1191  -0.011734  0.003561  0.000150
1192  -0.005167  0.035309  0.001273
1193  -0.002411  -0.022922  0.000531
1194  -0.023574  0.015160  0.000786
1195  -0.033499  0.028903  0.001958
1196  -0.014899  0.003619  0.000235
1197  0.015121  -0.008941  0.000309
1198  0.003429  0.006494  0.000054
1199  0.010852  -0.049159  0.002534
1200  -0.026520  -0.005459  0.000733
1201  -0.027086  -0.020177  0.001141
1202  -0.008400  0.006327  0.000111
1203  -0.035677  0.006436  0.001314
1204  0.010948  -0.015407  0.000357
1205  0.004481  -0.034333  0.001199
1206  -0.018977  -0.006312  0.000400
1207  -0.031703  0.005066  0.001031
1208  -0.032053  -0.032849  0.002106
1209  -0.013896  -0.026422  0.000891
1210  -0.035410  -0.025092  0.001883
1211  0.033846  -0.031294  0.002125
1212  -0.018725  0.013643  0.000537
1213  0.018009  -0.033263  0.001431
1214  0.037933  -0.001871  0.001442
1215  0.008224  0.000849  0.000068
1216  -0.044259  -0.040965  0.003637
1217  -0.013137  0.029611  0.001049
1218  -0.034614  -0.019747  0.001588
1219  -0.043517  0.008701  0.001969
1220  -0.055834  0.000993  0.003118
1221  -0.062541  -0.022394  0.004413
1222  -0.019797  0.027843  0.001167
1223  -0.052964  0.032490  0.003861
1224  -0.076279  -0.005329  0.005847
1225  0.024522  0.003317  0.000612
1226  0.007298  -0.003945  0.000069
1227  -0.026860  -0.000396  0.000722
1228  0.006597  -0.000896  0.000044
1229  -0.036626  0.015754  0.001590
1230  -0.010705  -0.010874  0.000233
1231  0.027575  -0.017609  0.001070
1232  0.042987  0.002454  0.001854
1233  0.043812  0.055433  0.004992
1234  -0.036940  -0.013306  0.001542
1235  -0.016813  -0.029985  0.001182
1236  -0.030171  -0.012244  0.001060
1237  -0.007611  -0.038906  0.001572
1238  -0.052434  0.033671  0.003883
1239  -0.018738  0.012637  0.000511
1240  0.028509  0.055384  0.003880
1241  -0.031994  0.075456  0.006717
1242  -0.052626  0.042924  0.004612
1243  -0.008886  -0.048064  0.002389
1244  -0.083671  0.031701  0.008006
1245  0.061045  0.024517  0.004328
1246  -0.030594  -0.012831  0.001101
1247  -0.008991  -0.009889  0.000179
1248  0.029705  0.034514  0.002074
1249  -0.019700  0.006977  0.000437
1250  -0.049231  0.027809  0.003197
1251  -0.054729  -0.011970  0.003139
1252  -0.054746  -0.028511  0.003810
1253  -0.001414  -0.063553  0.004041
1254  0.025969  0.062614  0.004595
1255  0.050242  -0.020278  0.002935
1256  -0.038876  0.002665  0.001518
1257  -0.023848  -0.018702  0.000918
1258  -0.020745  0.035648  0.001701
1259  -0.024522  -0.007173  0.000653
1260  0.021271  0.075708  0.006184
1261  -0.023558  -0.010558  0.000666
1262  0.044734  0.018132  0.002330
1263  -0.031589  -0.047399  0.003245
1264  -0.023788  -0.058415  0.003978
1265  -0.073110  -0.013782  0.005535
1266  -0.004537  0.005582  0.000052
1267  -0.019294  -0.016578  0.000647
1268  0.031273  0.001174  0.000979
1269  -0.024884  -0.022437  0.001123
1270  -0.010340  -0.000266  0.000107
1271  -0.075072  -0.031282  0.006614
1272  -0.048614  -0.006829  0.002410
1273  -0.015340  -0.061756  0.004049
1274  0.008487  0.029007  0.000913
1275  -0.001847  0.044043  0.001943
1276  -0.109104  0.000860  0.011904
1277  -0.087583  0.002276  0.007676
1278  -0.011955  0.070937  0.005175
1279  -0.035905  -0.027880  0.002066
1280  -0.003438  0.000035  0.000012
1281  0.018358  0.009738  0.000432
1282  -0.034862  0.032840  0.002294
1283  0.057318  0.060676  0.006967
1284  0.007451  0.061678  0.003860
1285  -0.042923  -0.058169  0.005226
1286  0.018946  0.066786  0.004819
1287  -0.083903  -0.023675  0.007600
1288  0.050744  0.000660  0.002575
1289  -0.079245  -0.038561  0.007767
1290  -0.061602  -0.038888  0.005307
1291  0.037300  0.020138  0.001797
1292  -0.081472  0.052306  0.009374
1293  0.026603  -0.028771  0.001535
1294  -0.038756  -0.002551  0.001509
1295  -0.072993  -0.024736  0.005940
1296  0.000978  0.048917  0.002394
1297  -0.021852  0.077644  0.006506
1298  -0.050959  -0.033732  0.003735
1299  0.017045  -0.046225  0.002427
1300  0.018631  -0.006242  0.000386
1301  0.015262  -0.042669  0.002054
1302  -0.059590  -0.020768  0.003982
1303  -0.027952  0.005570  0.000812
1304  0.008179  0.001998  0.000071
1305  0.011791  -0.037164  0.001520
1306  -0.092475  0.020523  0.008973
1307  -0.036131  -0.036950  0.002671
1308  0.075159  -0.142079  0.025835
1309  -0.015221  -0.015894  0.000484
1310  -0.028241  0.004712  0.000820
1311  -0.029557  0.073340  0.006252
1312  -0.071995  -0.045022  0.007210
1313  -0.065777  -0.034623  0.005525
1314  -0.083790  -0.024536  0.007623
1315  -0.102132  0.002383  0.010437
1316  0.016191  0.003288  0.000273
1317  -0.061909  0.000579  0.003833
1318  -0.043225  -0.007152  0.001920
1319  -0.074265  -0.041752  0.007259
1320  -0.003101  -0.062347  0.003897
1321  0.085198  -0.033054  0.008351
1322  0.007997  0.099199  0.009904
1323  -0.038292  0.000640  0.001467
1324  -0.095425  -0.011609  0.009241
1325  0.020017  0.078999  0.006641
1326  0.008900  0.067512  0.004637
1327  -0.052035  -0.036067  0.004008
1328  0.063900  0.118329  0.018085
1329  -0.024835  -0.058935  0.004090
1330  0.006116  -0.005792  0.000071
1331  -0.093461  0.059163  0.012235
1332  -0.001947  0.088060  0.007758
1333  -0.054221  -0.027364  0.003689
1334  -0.080697  0.015841  0.006763
1335  -0.087081  0.102968  0.018185
1336  -0.011074  -0.021450  0.000583
1337  -0.042367  0.012093  0.001941
1338  -0.038439  0.010802  0.001594
1339  -0.043997  0.018249  0.002269
1340  0.042764  -0.044792  0.003835
1341  -0.057701  -0.099398  0.013209
1342  0.003896  0.036939  0.001380
1343  -0.136318  -0.027458  0.019336
1344  -0.019793  -0.045119  0.002427
1345  0.016603  0.055910  0.003402
1346  0.007510  -0.018268  0.000390
1347  0.039363  0.054582  0.004529
1348  -0.045597  0.079730  0.008436
1349  -0.116478  0.030659  0.014507
1350  -0.099059  0.050997  0.012413
1351  -0.083704  -0.038877  0.008518
1352  -0.059951  0.050059  0.006100
1353  0.047799  -0.083452  0.009249
1354  -0.021671  -0.050941  0.003065
1355  -0.027742  0.097426  0.010261
1356  0.037250  -0.041847  0.003139
1357  0.146409  -0.010263  0.021541
1358  -0.016575  -0.037445  0.001677
1359  -0.007808  -0.096513  0.009376
1360  -0.079311  0.013211  0.006465
1361  -0.159694  -0.014164  0.025703
1362  -0.120050  0.003875  0.014427
1363  -0.109976  0.006290  0.012134
1364  0.017549  -0.097566  0.009827
1365  -0.057680  0.007623  0.003385
1366  -0.064933  -0.070539  0.009192
1367  0.038103  -0.033399  0.002567
1368  -0.017597  0.015937  0.000564
1369  -0.105878  0.003634  0.011223
1370  -0.021379  0.000705  0.000458
1371  -0.143796  -0.147687  0.042489
1372  0.041744  0.110226  0.013892
1373  -0.015640  0.178079  0.031957
1374  -0.123372  0.071811  0.020377
1375  -0.104651  -0.038554  0.012438
1376  -0.062294  -0.155609  0.028095
1377  0.016656  -0.066183  0.004658
1378  0.068267  0.137577  0.023588
1379  0.000007  -0.074190  0.005504
1380  -0.012697  0.099581  0.010078
1381  0.003646  -0.011431  0.000144
1382  -0.011191  0.022431  0.000628
1383  -0.096960  -0.072104  0.014600
1384  0.073606  -0.072745  0.010710
1385  -0.045326  0.037574  0.003466
1386  -0.092893  0.019340  0.009003
1387  -0.052820  -0.083262  0.009722
1388  -0.016460  -0.018493  0.000613
1389  -0.075685  0.001184  0.005730
1390  -0.084505  -0.036490  0.008473
1391  -0.001675  -0.047114  0.002223
1392  -0.066066  0.121753  0.019188
1393  0.038422  -0.024377  0.002070
1394  -0.196141  -0.008113  0.038537
1395  -0.166504  -0.065958  0.032074
1396  -0.141460  -0.152951  0.043405
1397  0.079501  0.166262  0.033964
1398  0.088616  0.189209  0.043653
1399  -0.040598  0.106590  0.013010
1400  -0.157718  -0.078736  0.031074
1401  0.051099  -0.042191  0.004391
1402  0.033727  0.072904  0.006453
1403  -0.146579  0.102174  0.031925
1404  0.007788  -0.042054  0.001829
1405  0.005833  0.059169  0.003535
1406  0.005301  0.153600  0.023621
1407  -0.234828  -0.123572  0.070414
1408  0.012042  -0.240919  0.058187
1409  -0.029115  0.072678  0.006130
1410  -0.009577  -0.115459  0.013423
1411  -0.115525  -0.074265  0.018861
1412  0.053789  -0.174222  0.033247
1413  0.126933  0.081493  0.022753
1414  -0.116441  0.084511  0.020701
1415  -0.103707  -0.046763  0.012942
1416  0.273282  -0.104204  0.085542
1417  -0.263921  0.142873  0.090067
1418  0.024342  -0.258149  0.067233
1419  -0.085635  -0.027694  0.008100
1420  -0.127330  -0.084091  0.023284
1421  -0.082715  -0.002856  0.006850
1422  -0.122264  -0.039892  0.016540
1423  -0.015952  -0.206209  0.042777
1424  -0.100257  0.061900  0.013883
1425  -0.088161  -0.027591  0.008534
1426  -0.184216  -0.039143  0.035468
1427  -0.327418  0.017137  0.107496
1428  0.244090  -0.136562  0.078229
1429  -0.288630  -0.040632  0.084958
1430  0.025636  -0.327079  0.107638
1431  0.099760  0.108803  0.021790
1432  -0.132283  0.035466  0.018757
1433  -0.186653  -0.233397  0.089314
1434  -0.057739  -0.008381  0.003404
1435  0.002403  -0.172004  0.029591
1436  -0.036385  -0.095909  0.010522
1437  -0.245396  0.007162  0.060271
1438  -0.017813  -0.308681  0.095601
1439  -0.126937  0.132680  0.033717
1440  0.146907  -0.045446  0.023647
1441  0.214907  -0.186578  0.080996
1442  0.111208  -0.065230  0.016622
1443  -0.103280  -0.284361  0.091528
1444  -0.194324  -0.277408  0.114717
1445  0.117288  -0.045282  0.015807
1446  -0.005860  0.144760  0.020990
1447  -0.048742  -0.110390  0.014562
1448  -0.184716  -0.057233  0.037395
1449  0.027381  -0.208930  0.044402
1450  0.008883  -0.109624  0.012096
1451  0.026334  0.184170  0.034612
1452  -0.047957  0.096269  0.011568
1453  -0.081428  -0.175689  0.037497
1454  -0.157680  -0.050905  0.027454
1455  -0.006720  -0.114530  0.013162
1456  0.026139  0.185694  0.035166
1457  0.051833  -0.043273  0.004559
1458  -0.490105  -0.177233  0.271614
1459  -0.219741  -0.345603  0.167728
1460  -0.168849  -0.111014  0.040834
1461  0.149037  0.154858  0.046193
1462  0.118678  -0.049453  0.016530
1463  0.202345  0.270996  0.114383
1464  0.174898  0.100143  0.040618
1465  -0.143614  0.095755  0.029794
1466  -0.223270  -0.211415  0.094546
1467  -0.097300  -0.325436  0.115376
1468  0.174188  -0.134634  0.048468
1469  0.169281  0.304558  0.121412
1470  0.146980  0.339609  0.136937
1471  -0.323235  -0.071747  0.109628
1472  0.167231  0.179251  0.060097
1473  -0.189129  0.343559  0.153803
1474  -0.260328  -0.222287  0.117182
1475  0.265954  0.045304  0.072784
1476  -0.014783  -0.023773  0.000784
1477  -0.355924  0.485053  0.361959
1478  -0.421274  -0.091716  0.185883
1479  -0.003983  -0.144591  0.020922
1480  -0.158386  -0.288893  0.108545
1481  -0.349404  0.444621  0.319771
1482  -0.348577  0.323439  0.226119
1483  -0.404591  -0.159965  0.189282
1484  0.080352  0.046865  0.008653
1485  0.107699  0.428524  0.195232
1486  -0.368323  0.070150  0.140583
1487  -0.231313  -0.216552  0.100400
1488  0.058795  -0.414849  0.175557
1489  0.397409  -0.057325  0.161220
1490  -0.495337  -0.278197  0.322752
1491  0.432462  -0.287976  0.269953
1492  0.207444  0.185214  0.077337
1493  -0.766197  0.008409  0.587128
1494  0.609272  -0.116240  0.384725
1495  0.019226  0.132297  0.017872
1496  0.153581  0.047225  0.025817
1497  -0.043410  0.198619  0.041334
1498  -0.050200  -0.621129  0.388321
1499  -0.117146  0.696410  0.498710
1500  -0.128394  -0.290261  0.100736
1501  -0.254864  -0.226994  0.116482
1502  -0.169436  -0.383239  0.175581
1503  -0.126515  0.069735  0.020869
1504  -0.318590  -0.289126  0.185094
1505  0.094006  0.126403  0.024815
1506  0.057516  -0.010284  0.003414
1507  -0.153766  -0.567933  0.346192
1508  0.424936  -0.178944  0.212592
1509  0.557249  -0.570034  0.635465
1510  0.126074  0.279644  0.094095
1511  -0.048899  -0.437851  0.194104
1512  0.251356  0.140033  0.082789
1513  0.169639  0.020450  0.029196
1514  -0.364199  0.689773  0.608428
1515  0.035185  -0.311650  0.098364
1516  0.077356  0.197012  0.044798
1517  -0.077660  -0.065224  0.010285
1518  -0.081970  -0.159317  0.032101
1519  -0.003220  0.073282  0.005381
1520  0.369506  -0.410150  0.304758
1521  -0.157137  0.786497  0.643269
1522  -0.255893  -0.625854  0.457175
1523  -0.561516  -0.175635  0.346147
1524  0.093516  -0.510079  0.268926
1525  -0.257287  0.217111  0.113334
1526  0.322235  0.189258  0.139654
1527  0.326739  0.062632  0.110681
1528  -0.330675  -0.730840  0.643473
1529  0.356782  0.288998  0.210813
1530  -0.321443  -0.365619  0.237003
1531  0.374668  -0.276552  0.216857
1532  1.150592  -0.283854  1.404434
1533  -0.407407  -0.325215  0.271745
1534  -0.161818  0.013831  0.026376
1535  -0.422690  -0.445600  0.377226
1536  -0.157096  0.181032  0.057452
1537  -0.112369  -0.231261  0.066108
1538  0.317147  -0.065592  0.104884
1539  -0.605519  0.150528  0.389312
1540  0.283580  -0.103343  0.091097
1541  0.062884  0.287350  0.086524
1542  -0.099609  0.774275  0.609424
1543  -0.276563  -0.311516  0.173529
1544  0.625608  -0.190218  0.427568
1545  -0.108792  -0.127678  0.028137
1546  0.440692  0.531545  0.476750
1547  -0.579172  0.035569  0.336705
1548  -0.467855  0.343203  0.336677
1549  0.488042  0.205406  0.280376
1550  0.294191  -0.029799  0.087436
1551  -0.625642  0.208646  0.434961
1552  0.349804  0.067693  0.126945
1553  0.344709  0.119687  0.133149
1554  -0.166976  -0.036583  0.029219
1555  0.634722  -0.298931  0.492232
1556  0.678593  -0.099626  0.470414
1557  0.022251  -0.331561  0.110428
1558  -0.206193  -0.237965  0.099143
1559  0.150700  0.078505  0.028873
1560  0.060295  0.705661  0.501594
1561  -0.917414  1.019089  1.880190
1562  -0.728977  -0.424501  0.711609
1563  -0.108073  0.240958  0.069741
1564  -0.660089  -0.134956  0.453930
1565  -0.180191  0.365607  0.166138
1566  0.623627  0.237602  0.445365
1567  -0.786768  -0.163341  0.645684
1568  -0.583693  -0.361833  0.471620
1569  0.321526  -0.568308  0.426352
1570  -0.096964  0.232073  0.063260
1571  0.298214  0.155378  0.113074
1572  0.290330  0.308490  0.179458
1573  -0.584644  0.615509  0.720659
1574  -0.279412  0.951143  0.982745
1575  0.028606  -0.023661  0.001378
1576  0.479012  -0.033104  0.230548
1577  0.073549  0.167573  0.033490
1578  0.604922  -0.052854  0.368725
1579  0.523965  -0.021828  0.275016
1580  -0.696323  -0.253275  0.549014
1581  0.410224  0.187056  0.203274
1582  0.987739  0.787024  1.595036
1583  -0.311316  0.047535  0.099177
1584  -0.046961  0.101445  0.012496
1585  -0.927293  -0.005648  0.859904
1586  0.144124  0.590732  0.369736
1587  0.077559  0.468161  0.225190
1588  -0.363457  0.022312  0.132599
1589  -0.294639  -0.576858  0.419577
1590  0.129360  0.748335  0.576739
1591  0.638505  -0.102214  0.418136
1592  -0.322796  0.372263  0.242777
1593  -0.138165  0.798979  0.657457
1594  0.218517  0.798557  0.685443
1595  -0.528100  0.122493  0.293894
1596  -0.349370  -0.409771  0.289972
1597  -0.127386  0.265004  0.086454
1598  0.005006  0.292819  0.085768
1599  0.196461  -0.478328  0.267395
1600  0.311666  -0.326635  0.203826
1601  0.143940  0.270449  0.093862
1602  -0.402235  -0.315052  0.261051
1603  0.833055  0.255457  0.759239
1604  -0.664060  -0.089558  0.448996
1605  -0.072034  -0.050932  0.007783
1606  0.648644  -0.738201  0.965679
1607  -0.097848  1.095142  1.208911
1608  -0.469387  0.254052  0.284867
1609  -0.670621  -0.300916  0.540283
1610  0.772431  0.233558  0.651199
1611  -1.088779  -0.746534  1.742753
1612  -0.198833  -0.021865  0.040013
1613  0.651938  0.515853  0.691127
1614  0.007878  -0.468645  0.219690
1615  -0.035871  0.223013  0.051022
1616  -0.509168  0.396091  0.416141
1617  0.913988  0.604439  1.200721
1618  -0.317218  0.846813  0.817720
1619  -0.583025  -0.514190  0.604309
1620  0.025369  0.024864  0.001262
1621  -0.256921  -0.023786  0.066574
1622  -0.631041  0.385709  0.546984
1623  0.030449  -0.670638  0.450682
1624  -0.035027  -0.269525  0.073870
1625  0.074018  -0.336656  0.118816
1626  -0.547100  0.042690  0.301140
1627  0.926734  1.006170  1.871215
1628  -0.134346  -0.218188  0.065655
1629  -0.300557  0.127644  0.106628
1630  0.185643  0.796180  0.668365
1631  0.552158  0.452957  0.510048
1632  0.276938  0.043519  0.078589
1633  -0.438874  -0.030212  0.193523
1634  0.806457  0.835265  1.348040
1635  0.402059  -0.030764  0.162598
1636  0.072013  -0.146490  0.026645
1637  0.351845  -0.201682  0.164471
1638  0.083977  -0.389774  0.158976
1639  0.159340  -0.536879  0.313628
1640  0.201140  -0.250658  0.103287
1641  -0.476668  0.030897  0.228167
1642  0.454816  -0.020621  0.207283
1643  0.591626  -0.413627  0.521109
1644  -0.913977  -0.415796  1.008240
1645  -0.430578  0.665622  0.628450
1646  -0.414715  0.265554  0.242507
1647  -0.117157  -0.358903  0.142537
1648  -0.214421  0.226182  0.097135
1649  -0.467742  0.095736  0.227948
1650  0.379216  -0.502284  0.396093
1651  0.325664  0.462916  0.320349
1652  0.381728  -0.114372  0.158798
1653  0.046157  0.080513  0.008613
1654  -0.376221  -0.158814  0.166764
1655  0.068399  0.129978  0.021573
1656  0.003674  0.231359  0.053540
1657  -0.712997  -0.318732  0.609955
1658  1.058217  0.906426  1.941431
1659  0.493808  0.396387  0.400970
1660  -0.132575  -0.152002  0.040681
1661  -0.211123  -0.281959  0.124074
1662  0.595639  0.162582  0.381218
1663  -0.057782  -1.352250  1.831920
1664  -0.013759  -0.035024  0.001416
1665  0.800484  0.121274  0.655482
1666  0.671084  -0.185561  0.484787
1667  0.538988  0.023330  0.291053
1668  -0.189020  -0.813169  0.696972
1669  -0.267198  0.836428  0.771006
1670  0.708571  -0.007402  0.502128
1671  0.029157  0.167384  0.028868
1672  0.032421  -0.939191  0.883130
1673  -0.054418  0.422694  0.181631
1674  -0.332425  0.410572  0.279075
1675  0.048100  0.187260  0.037380
1676  0.218015  0.358492  0.176047
1677  0.260954  0.527458  0.346309
1678  0.248368  -0.695982  0.546078
1679  0.612590  -0.561081  0.690079
1680  0.086338  -0.153383  0.030980
1681  -0.459007  0.114027  0.223690
1682  0.290507  0.247014  0.145410
1683  -0.197654  -0.877599  0.809247
1684  -0.099432  -0.544653  0.306533
1685  0.628132  -0.327221  0.501623
1686  -0.131196  -0.006373  0.017253
1687  0.212251  0.786654  0.663875
1688  0.209972  -0.250726  0.106952
1689  -0.924838  0.219128  0.903343
1690  0.362297  0.134085  0.149238
1691  -0.228812  0.016389  0.052623
1692  -0.028335  -0.143727  0.021460
1693  0.155021  -0.147590  0.045815
1694  -0.067702  -0.113405  0.017444
1695  0.201945  -0.026136  0.041465
1696  -1.244192  -0.656370  1.978836
1697  -0.008038  -0.117088  0.013774
1698  0.065684  0.447220  0.204320
1699  -0.249106  -0.380062  0.206501
1700  0.107597  0.220427  0.060165
1701  0.425608  0.365789  0.314943
1702  -0.494012  0.347781  0.364999
1703  0.074112  0.223868  0.055610
1704  0.127581  0.115063  0.029516
1705  -0.085234  -0.071165  0.012329
1706  -0.358997  0.019595  0.129262
1707  -0.495481  -0.368034  0.380951
1708  0.665123  0.771469  1.037554
1709  -0.054139  -0.047682  0.005205
1710  0.139056  -0.776552  0.622370
1711  -0.095263  0.458656  0.219441
1712  0.137759  0.123990  0.034351
1713  -0.466278  -0.270474  0.290571
1714  -0.255477  -0.079146  0.071533
1715  0.124383  -0.048627  0.017836
1716  -0.307055  0.140215  0.113943
1717  0.349324  -0.089129  0.129972
1718  0.017133  0.126554  0.016309
1719  -0.178663  0.379880  0.176229
1720  -0.536386  -0.826766  0.971252
1721  0.269704  0.481255  0.304347
1722  0.406023  -0.233087  0.219184
1723  -0.260256  0.513751  0.331674
1724  -0.279200  0.427402  0.260626
1725  0.139882  0.138313  0.038698
1726  -0.291151  -0.145406  0.105911
1727  -0.516213  0.523648  0.540683
1728  0.022278  0.044562  0.002482
1729  0.712950  -0.395454  0.664681
1730  -0.439188  -0.039010  0.194408
1731  -0.304351  -0.279187  0.170575
1732  0.716801  0.554912  0.821731
1733  0.329616  -0.456825  0.317336
1734  -0.343643  0.459532  0.329260
1735  0.298249  0.224117  0.139181
1736  0.142922  -0.673328  0.473797
1737  -0.309833  -0.092413  0.104537
1738  0.229967  -0.035983  0.054180
1739  -0.085651  0.052840  0.010128
1740  -0.363336  0.211356  0.176684
1741  -0.153997  -0.179119  0.055799
1742  -0.084708  0.147410  0.028905
1743  -0.146240  0.194001  0.059022
1744  0.400807  0.104496  0.171566
1745  0.174279  -0.592098  0.380953
1746  0.119924  -0.143468  0.034965
1747  -0.209268  -0.155223  0.067887
1748  -0.263308  0.346275  0.189237
1749  0.382529  0.541563  0.439619
1750  0.036881  0.525592  0.277607
1751  -0.020698  0.636204  0.405185
1752  -0.018328  -0.105557  0.011478
1753  -0.066074  -0.312902  0.102274
1754  -0.036054  -0.161756  0.027465
1755  -0.122516  0.066277  0.019403
1756  0.336937  -0.002695  0.113534
1757  0.327369  0.122622  0.122207
1758  -0.341232  -0.329088  0.224738
1759  0.088093  0.002403  0.007766
1760  0.199304  0.205063  0.081773
1761  -0.126058  -0.081681  0.022562
1762  -0.052512  -0.180850  0.035464
1763  -0.406219  -0.481119  0.396489
1764  0.188889  -0.080672  0.042187
1765  -0.044972  -0.047177  0.004248
1766  0.022346  -0.053014  0.003310
1767  -0.287205  0.137952  0.101517
1768  0.247771  -0.112777  0.074109
1769  -0.138513  -0.298719  0.108419
1770  -0.063541  -0.230996  0.057396
1771  -0.262942  0.294198  0.155691
1772  0.037419  0.185656  0.035868
1773  -0.082582  -0.038408  0.008295
1774  -0.354996  0.116928  0.139695
1775  0.042957  -0.124579  0.017365
1776  0.087930  0.107472  0.019282
1777  -0.012864  -0.388480  0.151082
1778  -0.184902  -0.104951  0.045203
1779  -0.106589  -0.071996  0.016545
1780  -0.112012  0.145175  0.033622
1781  0.169013  -0.047203  0.030794
1782  -0.237129  0.424071  0.236066
1783  0.052224  0.198327  0.042061
1784  0.181760  -0.018839  0.033392
1785  -0.101531  -0.184269  0.044264
1786  0.041711  0.227112  0.053320
1787  -0.003199  0.137375  0.018882
1788  0.045888  -0.248696  0.063955
1789  -0.005520  -0.152290  0.023223
1790  0.215646  0.243583  0.105836
1791  0.143302  -0.313519  0.118830
1792  -0.040634  -0.213803  0.047363
1793  -0.072251  0.225717  0.056168
1794  -0.178640  -0.002498  0.031918
1795  0.646026  -0.239562  0.474739
1796  -0.131231  0.233337  0.071668
1797  0.332235  -0.272746  0.184771
1798  0.065479  -0.187655  0.039502
1799  -0.006491  -0.306697  0.094105
1800  -0.085296  0.039450  0.008832
1801  0.395396  -0.124631  0.171871
1802  -0.173615  0.137980  0.049181
1803  -0.051270  -0.107185  0.014117
1804  0.209870  -0.198261  0.083353
1805  -0.004280  0.090378  0.008186
1806  -0.045223  -0.090609  0.010255
1807  0.224262  0.199765  0.090200
1808  0.121478  -0.191892  0.051579
1809  -0.090905  0.114321  0.021333
1810  0.181766  0.263645  0.102547
1811  0.101150  -0.156609  0.034758
1812  -0.205174  0.001588  0.042099
1813  -0.050321  -0.164787  0.029687
1814  0.016010  0.193346  0.037639
1815  -0.256197  0.039773  0.067219
1816  -0.070893  0.003068  0.005035
1817  -0.106357  0.044180  0.013264
1818  -0.080957  -0.025370  0.007198
1819  0.037818  0.153416  0.024967
1820  0.015265  -0.234504  0.055225
1821  0.081702  -0.150568  0.029346
1822  -0.031616  -0.261044  0.069144
1823  0.154814  -0.163479  0.050693
1824  -0.020526  -0.146357  0.021842
1825  -0.123121  0.075263  0.020823
1826  -0.148528  -0.081924  0.028772
1827  -0.044789  0.129390  0.018748
1828  0.090068  0.066389  0.012520
1829  0.026242  -0.033194  0.001790
1830  0.115371  -0.008387  0.013381
1831  0.191104  -0.033361  0.037634
1832  0.023070  -0.008249  0.000600
1833  0.148379  -0.042545  0.023827
1834  0.206493  -0.210959  0.087143
1835  -0.026892  0.179882  0.033081
1836  -0.140537  -0.260523  0.087623
1837  -0.001041  0.086029  0.007402
1838  -0.089150  0.097080  0.017372
1839  0.052747  0.048222  0.005108
1840  -0.020386  -0.049785  0.002894
1841  -0.190788  0.048521  0.038754
1842  -0.163215  -0.028505  0.027452
1843  -0.001024  -0.026313  0.000693
1844  -0.079370  0.000559  0.006300
1845  -0.154974  -0.002471  0.024023
1846  0.014162  0.121483  0.014959
1847  0.046049  0.112947  0.014878
1848  -0.060435  0.007407  0.003707
1849  0.005906  -0.099463  0.009928
1850  -0.058550  -0.056743  0.006648
1851  0.134678  -0.041618  0.019870
1852  0.052518  -0.074956  0.008377
1853  0.091229  -0.091407  0.016678
1854  0.182218  -0.075775  0.038945
1855  -0.066502  0.050454  0.006968
1856  0.118119  -0.048793  0.016333
1857  0.102976  -0.026446  0.011303
1858  -0.027588  0.105054  0.011797
1859  0.068627  0.078388  0.010854
1860  0.034385  0.047835  0.003471
1861  0.016327  0.011532  0.000400
1862  0.046615  -0.038383  0.003646
1863  0.063266  -0.042023  0.005769
1864  0.156961  -0.077327  0.030616
1865  -0.085608  -0.022719  0.007845
1866  -0.009546  -0.051409  0.002734
1867  -0.028593  0.049258  0.003244
1868  -0.127304  0.012753  0.016369
1869  -0.086226  -0.095383  0.016533
1870  0.171440  0.093820  0.038194
1871  0.045759  0.033604  0.003223
1872  0.050240  0.048046  0.004832
1873  -0.019476  -0.038396  0.001854
1874  0.063726  -0.055376  0.007128
1875  -0.078009  -0.085106  0.013328
1876  0.005269  0.043925  0.001957
1877  -0.048117  0.069159  0.007098
1878  0.078149  0.111057  0.018441
1879  0.032157  -0.003449  0.001046
1880  -0.030973  -0.054371  0.003916
1881  0.026480  0.049449  0.003146
1882  -0.024273  -0.089426  0.008586
1883  -0.038741  -0.109717  0.013539
1884  0.081603  0.068753  0.011386
1885  -0.026517  -0.065818  0.005035
1886  0.042294  0.052919  0.004589
1887  0.053888  -0.051648  0.005571
1888  0.080845  0.152224  0.029708
1889  -0.084739  -0.078759  0.013384
1890  0.172840  0.059504  0.033414
1891  0.036701  -0.002030  0.001351
1892  0.083411  -0.045512  0.009029
1893  0.021782  0.082712  0.007316
1894  0.047209  -0.006967  0.002277
1895  0.188513  -0.061943  0.039374
1896  -0.037239  -0.069431  0.006207
1897  0.046281  -0.090777  0.010382
1898  0.124875  -0.153257  0.039082
1899  -0.053208  0.040473  0.004469
1900  -0.023536  -0.077856  0.006616
1901  -0.063411  -0.043092  0.005878
1902  -0.078263  -0.099134  0.015953
1903  -0.056083  0.062657  0.007071
1904  -0.014621  0.108396  0.011964
1905  -0.011308  -0.018306  0.000463
1906  -0.050629  -0.020805  0.002996
1907  -0.029702  0.004944  0.000907
1908  0.003936  0.037815  0.001445
1909  0.054809  0.037938  0.004443
1910  0.034652  -0.141804  0.021309
1911  0.031178  0.010225  0.001077
1912  -0.013879  -0.105047  0.011227
1913  0.070841  -0.030461  0.005946
1914  -0.074041  -0.099894  0.015461
1915  -0.009395  -0.008516  0.000161
1916  -0.105715  -0.057399  0.014470
1917  -0.062684  0.013027  0.004099
1918  -0.015197  -0.005715  0.000264
1919  -0.005852  -0.000810  0.000035
1920  0.008588  0.047119  0.002294
1921  -0.000701  0.023590  0.000557
1922  -0.000827  -0.137491  0.018905
1923  -0.042299  0.064155  0.005905
1924  0.083997  0.009796  0.007152
1925  -0.002264  -0.073433  0.005398
1926  0.069410  -0.172591  0.034605
1927  -0.026275  0.042071  0.002460
1928  -0.057529  -0.003705  0.003323
1929  0.089621  -0.004101  0.008049
1930  -0.014830  0.031491  0.001212
1931  -0.017672  -0.068652  0.005025
1932  -0.028070  -0.077629  0.006814
1933  -0.005503  -0.094314  0.008925
1934  0.068175  -0.052181  0.007371
1935  -0.022822  0.135757  0.018951
1936  -0.056172  0.008601  0.003229
1937  -0.061045  -0.055637  0.006822
1938  0.052732  -0.061210  0.006527
1939  -0.049758  0.002802  0.002484
1940  0.068143  -0.068797  0.009377
1941  0.014053  -0.082759  0.007047
1942  0.007175  -0.066808  0.004515
1943  -0.043731  -0.110566  0.014137
1944  -0.126174  0.013972  0.016115
1945  0.031694  -0.068687  0.005722
1946  -0.006551  -0.066247  0.004432
1947  -0.040249  -0.022864  0.002143
1948  -0.065111  0.002053  0.004244
1949  0.027193  0.050122  0.003252
1950  0.046892  -0.074655  0.007772
1951  0.044037  -0.022415  0.002442
1952  0.037320  -0.037207  0.002777
1953  0.043565  0.037438  0.003299
1954  0.075627  0.025789  0.006385
1955  -0.001728  -0.036065  0.001304
1956  -0.007700  -0.016200  0.000322
1957  -0.007909  -0.011743  0.000200
1958  -0.035937  -0.031272  0.002269
1959  -0.022351  -0.067938  0.005115
1960  -0.031318  0.019003  0.001342
1961  -0.020288  -0.010514  0.000522
1962  0.055482  -0.037694  0.004499
1963  0.016887  -0.025250  0.000923
1964  -0.016248  0.034965  0.001487
1965  0.038547  -0.078161  0.007595
1966  -0.030450  -0.014884  0.001149
1967  -0.079684  -0.031523  0.007343
1968  -0.018513  0.022509  0.000849
1969  0.016374  -0.029343  0.001129
1970  -0.008004  -0.012845  0.000229
1971  -0.036304  -0.061661  0.005120
1972  -0.008974  -0.065007  0.004306
1973  -0.033162  0.031819  0.002112
1974  -0.006404  0.028471  0.000852
1975  0.038676  -0.060262  0.005127
1976  -0.025352  -0.035392  0.001895
1977  0.031909  0.007950  0.001081
1978  -0.003884  -0.016242  0.000279
1979  -0.008564  -0.037116  0.001451
1980  0.066518  -0.003700  0.004438
1981  0.023186  -0.057066  0.003794
1982  -0.016896  0.079421  0.006593
1983  -0.054740  -0.029630  0.003874
1984  -0.009293  0.027297  0.000832
1985  -0.087954  0.057138  0.011001
1986  0.000622  -0.053497  0.002862
1987  0.013137  0.034268  0.001347
1988  0.027063  -0.021939  0.001214
1989  0.030638  -0.003315  0.000950
1990  0.003296  0.001488  0.000013
1991  -0.011153  -0.022338  0.000623
1992  -0.011643  -0.013821  0.000327
1993  -0.049210  -0.051788  0.005104
1994  -0.050068  0.043275  0.004379
1995  0.037286  0.047579  0.003654
1996  0.048555  -0.016332  0.002624
1997  0.001059  -0.063022  0.003973
1998  -0.035367  -0.002287  0.001256
1999  -0.010966  -0.004821  0.000143
2000  0.011726  -0.020910  0.000575
2001  0.029911  0.001512  0.000897
2002  -0.025626  -0.046274  0.002798
2003  -0.008422  -0.010016  0.000171
2004  -0.007970  -0.054876  0.003075
2005  -0.001883  -0.031908  0.001022
2006  0.001861  -0.013038  0.000173
2007  0.011953  0.030978  0.001103
2008  -0.005355  -0.043448  0.001916
2009  0.052320  -0.012518  0.002894
2010  -0.019137  -0.018379  0.000704
2011  0.078679  -0.058189  0.009576
2012  0.048092  0.010634  0.002426
2013  0.016115  -0.023928  0.000832
2014  -0.001352  -0.082105  0.006743
2015  -0.029611  0.023571  0.001432
2016  -0.029593  -0.006075  0.000913
2017  -0.032138  -0.008041  0.001098
2018  -0.000878  -0.048585  0.002361
2019  0.040301  -0.009506  0.001715
2020  -0.020325  0.021548  0.000877
2021  -0.017200  -0.026351  0.000990
2022  -0.031862  -0.039417  0.002569
2023  -0.003883  -0.002304  0.000020
2024  0.042564  0.023396  0.002359
2025  -0.026094  -0.048001  0.002985
2026  -0.003875  -0.016956  0.000303
2027  -0.022325  0.028262  0.001297
2028  0.028200  -0.024268  0.001384
2029  0.013231  -0.022068  0.000662
2030  -0.021104  0.010930  0.000565
2031  0.013870  -0.021527  0.000656
2032  -0.044308  0.016360  0.002231
2033  0.020767  0.011250  0.000558
2034  -0.077091  0.027169  0.006681
2035  0.004998  -0.001330  0.000027
2036  0.012967  -0.024517  0.000769
2037  0.034859  -0.025915  0.001887
2038  -0.050588  -0.067223  0.007078
2039  0.018521  0.012922  0.000510
2040  0.055690  0.004024  0.003118
2041  -0.015706  -0.056505  0.003439
2042  -0.006604  0.013394  0.000223
2043  0.041082  0.004323  0.001706
2044  -0.025178  0.026945  0.001360
2045  0.026523  -0.042652  0.002523
2046  0.028799  0.033855  0.001976
2047  -0.002800  0.027044  0.000739
