0  0.007967  -0.014136  0.000263
1  -0.054809  0.023115  0.003538
2  -0.041158  0.022646  0.002207
3  0.004555  -0.001598  0.000023
4  0.022308  0.012379  0.000651
5  -0.005119  -0.006831  0.000073
6  0.013118  -0.034476  0.001361
7  0.006075  -0.012221  0.000186
8  0.015357  0.016648  0.000513
9  -0.051078  -0.012795  0.002773
10  -0.002113  -0.011307  0.000132
11  -0.030312  0.026281  0.001609
12  -0.033873  0.013010  0.001317
13  0.000911  -0.000112  0.000001
14  -0.009660  0.001808  0.000097
15  -0.027412  -0.037523  0.002159
16  0.000572  0.001249  0.000002
17  0.021584  -0.030050  0.001369
18  0.040620  0.058308  0.005050
19  -0.070648  -0.010810  0.005108
20  -0.002675  0.014494  0.000217
21  0.032215  -0.036658  0.002382
22  0.011578  0.037000  0.001503
23  0.022336  -0.026700  0.001212
24  0.026525  0.017913  0.001024
25  0.001456  0.010626  0.000115
26  -0.027724  0.016144  0.001029
27  0.007133  -0.010873  0.000169
28  -0.069211  0.033012  0.005880
29  0.023823  -0.015800  0.000817
30  -0.053569  0.032059  0.003897
31  -0.017857  -0.018573  0.000664
32  -0.020752  0.025691  0.001091
33  0.025528  0.011617  0.000787
34  0.031925  0.010554  0.001131
35  -0.000445  0.007185  0.000052
36  0.050985  -0.014160  0.002800
37  0.026541  -0.021437  0.001164
38  0.021042  -0.022294  0.000940
39  -0.036423  -0.011120  0.001450
40  -0.031108  -0.061209  0.004714
41  0.009643  -0.019489  0.000473
42  0.023243  -0.016503  0.000813
43  0.004562  -0.046634  0.002195
44  -0.062786  0.019393  0.004318
45  -0.020851  0.013526  0.000618
46  -0.051005  -0.000695  0.002602
47  0.034610  0.031533  0.002192
48  0.007798  0.028965  0.000900
49  -0.026518  -0.010018  0.000804
50  -0.012853  -0.040089  0.001772
51  -0.028521  -0.038772  0.002317
52  0.029724  -0.079177  0.007153
53  0.028421  -0.006206  0.000846
54  0.047382  0.011251  0.002372
55  0.014296  0.061705  0.004012
56  -0.022275  -0.048835  0.002881
57  -0.032167  -0.061168  0.004776
58  -0.040490  -0.026648  0.002350
59  0.020798  0.000743  0.000433
60  -0.017924  -0.050417  0.002863
61  0.023898  -0.040761  0.002233
62  -0.033973  0.006713  0.001199
63  -0.050741  -0.026629  0.003284
64  -0.034905  -0.051620  0.003883
65  0.018299  -0.031597  0.001333
66  -0.014150  -0.037045  0.001573
67  -0.046528  -0.015069  0.002392
68  -0.024323  0.029802  0.001480
69  -0.026685  0.048854  0.003099
70  -0.045840  0.026343  0.002795
71  -0.016369  -0.011736  0.000406
72  -0.012246  -0.006991  0.000199
73  0.040702  0.022977  0.002185
74  0.007407  -0.034755  0.001263
75  -0.003592  0.025017  0.000639
76  -0.025246  -0.001845  0.000641
77  -0.034259  -0.026804  0.001892
78  0.012538  0.077579  0.006176
79  -0.005508  -0.029357  0.000892
80  -0.010469  -0.058817  0.003569
81  -0.071076  0.037580  0.006464
82  0.000077  -0.027159  0.000738
83  -0.044431  -0.005839  0.002008
84  0.018801  0.002850  0.000362
85  -0.006622  -0.015759  0.000292
86  0.040529  -0.050150  0.004158
87  -0.021369  0.004729  0.000479
88  -0.066335  -0.083435  0.011362
89  -0.069711  -0.019252  0.005230
90  0.040107  0.000574  0.001609
91  -0.018459  -0.008967  0.000421
92  0.000815  0.011568  0.000134
93  0.032145  0.053181  0.003861
94  0.025882  -0.027410  0.001421
95  0.001425  -0.026719  0.000716
96  -0.036917  0.002940  0.001371
97  -0.013692  -0.011740  0.000325
98  -0.033795  0.016165  0.001403
99  -0.001515  0.037229  0.001388
100  -0.043669  -0.075704  0.007638
101  -0.005638  -0.020271  0.000443
102  0.041163  -0.018631  0.002041
103  0.032292  -0.014030  0.001240
104  0.049237  0.001681  0.002427
105  -0.016070  -0.034876  0.001475
106  0.047396  -0.028782  0.003075
107  0.022532  -0.031162  0.001479
108  -0.047570  0.030056  0.003166
109  -0.036582  0.028857  0.002171
110  0.050650  0.008391  0.002636
111  0.033834  -0.087704  0.008837
112  0.008580  -0.018694  0.000423
113  0.018901  0.025410  0.001003
114  0.054195  -0.005221  0.002964
115  0.013981  -0.000788  0.000196
116  -0.004535  -0.043294  0.001895
117  -0.012554  -0.033807  0.001300
118  -0.041009  -0.030891  0.002636
119  0.009795  -0.009702  0.000190
120  0.014047  0.061980  0.004039
121  -0.038824  0.003062  0.001517
122  -0.010496  0.014872  0.000331
123  0.019950  -0.005855  0.000432
124  0.045693  0.051534  0.004744
125  0.040556  0.067839  0.006247
126  0.003831  -0.007242  0.000067
127  0.029445  0.026956  0.001594
128  0.008021  -0.015395  0.000301
129  -0.045320  -0.033862  0.003201
130  -0.059364  -0.002628  0.003531
131  -0.019934  0.011430  0.000528
132  0.020063  0.016433  0.000673
133  -0.022755  -0.046616  0.002691
134  -0.048281  0.010202  0.002435
135  0.046036  -0.055755  0.005228
136  -0.024976  0.006602  0.000667
137  0.031329  0.063684  0.005037
138  0.014048  0.004897  0.000221
139  0.049435  -0.006338  0.002484
140  0.064975  0.008342  0.004291
141  -0.003493  0.012396  0.000166
142  0.048144  -0.062565  0.006232
143  -0.064910  -0.001617  0.004216
144  -0.038228  -0.039168  0.002995
145  0.018199  -0.030962  0.001290
146  0.088652  -0.007407  0.007914
147  -0.002214  0.061984  0.003847
148  0.058600  -0.030347  0.004355
149  -0.029071  -0.033513  0.001968
150  0.004168  -0.060970  0.003735
151  0.015752  -0.062986  0.004215
152  0.024344  0.025000  0.001218
153  0.047895  0.021881  0.002773
154  0.012170  -0.000016  0.000148
155  0.034731  -0.027898  0.001985
156  -0.036620  -0.028108  0.002131
157  -0.042900  -0.010270  0.001946
158  -0.023604  -0.015864  0.000809
159  0.019698  -0.012591  0.000547
160  0.037683  0.031038  0.002383
161  0.019127  -0.056677  0.003578
162  0.008735  -0.026412  0.000774
163  -0.048458  0.020626  0.002774
164  0.049211  -0.012266  0.002572
165  -0.029948  -0.001353  0.000899
166  -0.019052  -0.004201  0.000381
167  0.014843  0.001800  0.000224
168  -0.043134  -0.026599  0.002568
169  0.003269  -0.000347  0.000011
170  0.004545  0.022412  0.000523
171  0.002894  -0.067158  0.004519
172  -0.006205  0.030925  0.000995
173  -0.018135  0.003666  0.000342
174  -0.028818  0.035401  0.002084
175  0.031350  -0.003152  0.000993
176  0.024466  0.002869  0.000607
177  -0.001964  -0.009004  0.000085
178  0.020313  0.044776  0.002417
179  -0.035945  0.057946  0.004650
180  -0.054701  -0.026329  0.003685
181  -0.013533  0.007060  0.000233
182  0.015711  0.026586  0.000954
183  0.031757  -0.023832  0.001576
184  -0.042286  -0.030508  0.002719
185  0.009356  -0.021531  0.000551
186  -0.011202  -0.079344  0.006421
187  0.079273  0.085408  0.013579
188  0.011269  -0.067951  0.004744
189  -0.006104  -0.005738  0.000070
190  -0.064076  0.031131  0.005075
191  -0.016944  -0.006232  0.000326
192  -0.047327  -0.001603  0.002242
193  0.014805  -0.052453  0.002971
194  -0.018031  -0.008542  0.000398
195  -0.009363  0.006394  0.000129
196  0.039643  0.000830  0.001572
197  0.031601  -0.014367  0.001205
198  0.045662  0.098317  0.011751
199  0.007797  0.063290  0.004066
200  -0.010868  0.020110  0.000523
201  0.053044  0.037769  0.004240
202  0.025091  -0.004201  0.000647
203  0.049840  0.031681  0.003488
204  0.026035  0.006273  0.000717
205  0.004687  -0.002146  0.000027
206  0.026241  0.027015  0.001418
207  0.006999  -0.027752  0.000819
208  0.043741  0.091955  0.010369
209  0.036378  -0.028357  0.002127
210  0.086184  0.035624  0.008697
211  -0.033478  -0.000473  0.001121
212  -0.015511  -0.038546  0.001726
213  0.103261  0.070497  0.015633
214  0.009617  0.006434  0.000134
215  0.019932  0.015542  0.000639
216  -0.041190  0.019020  0.002058
217  -0.011621  0.000517  0.000135
218  -0.059059  -0.027043  0.004219
219  -0.080333  0.118356  0.020462
220  -0.002992  -0.012433  0.000164
221  0.042879  -0.023458  0.002389
222  -0.033370  -0.031247  0.002090
223  0.011028  0.018087  0.000449
224  0.030340  0.013113  0.001092
225  -0.102234  0.083260  0.017384
226  0.050673  -0.013702  0.002755
227  -0.035823  -0.061067  0.005013
228  0.092390  -0.017843  0.008854
229  0.028680  -0.000879  0.000823
230  -0.021883  -0.032760  0.001552
231  0.014789  0.044589  0.002207
232  -0.025503  0.047416  0.002899
233  0.044917  -0.005152  0.002044
234  -0.046145  -0.044334  0.004095
235  0.001678  0.000024  0.000003
236  0.028663  -0.044562  0.002807
237  -0.041967  0.027262  0.002504
238  -0.017983  -0.105876  0.011533
239  0.005753  -0.004499  0.000053
240  0.051799  0.070415  0.007641
241  -0.011062  -0.037312  0.001515
242  0.096437  -0.050269  0.011827
243  -0.069538  -0.042444  0.006637
244  0.021799  -0.029169  0.001326
245  -0.073194  -0.010472  0.005467
246  -0.016448  -0.032889  0.001352
247  0.047541  0.008676  0.002335
248  -0.030386  -0.022941  0.001450
249  0.004499  -0.093224  0.008711
250  0.052199  -0.002225  0.002730
251  -0.022434  -0.053254  0.003339
252  -0.028817  -0.072484  0.006084
253  0.047394  -0.003918  0.002262
254  0.058820  0.070790  0.008471
255  0.006274  0.041645  0.001774
256  0.008631  -0.067880  0.004682
257  0.025379  -0.043578  0.002543
258  0.023675  -0.009157  0.000644
259  -0.036740  0.026943  0.002076
260  -0.009739  -0.034649  0.001295
261  -0.011459  0.140014  0.019735
262  -0.053330  -0.035006  0.004070
263  -0.071272  -0.014845  0.005300
264  -0.009705  0.014216  0.000296
265  0.060588  0.029052  0.004515
266  0.018846  0.006249  0.000394
267  0.013077  -0.000376  0.000171
268  -0.032029  -0.025348  0.001668
269  0.065893  0.005967  0.004377
270  -0.017596  0.017453  0.000614
271  0.006288  0.019061  0.000403
272  -0.051305  -0.022582  0.003142
273  -0.082939  0.064142  0.010993
274  -0.042987  0.047029  0.004060
275  0.026439  -0.031980  0.001722
276  -0.088468  0.001370  0.007828
277  -0.009195  -0.071220  0.005157
278  -0.040304  0.021430  0.002084
279  0.030673  0.054471  0.003908
280  -0.019319  0.019952  0.000771
281  -0.064281  0.040715  0.005790
282  0.044571  -0.016836  0.002270
283  -0.109168  -0.029522  0.012789
284  -0.019931  0.017690  0.000710
285  0.050100  0.076131  0.008306
286  -0.014450  -0.024277  0.000798
287  -0.029908  -0.072454  0.006144
288  0.007838  0.055364  0.003127
289  -0.002964  0.036622  0.001350
290  -0.015110  -0.078905  0.006454
291  -0.057437  -0.017347  0.003600
292  0.046149  -0.045509  0.004201
293  0.014583  -0.063987  0.004307
294  0.067802  -0.011227  0.004723
295  0.000486  0.017037  0.000290
296  0.015367  -0.083819  0.007262
297  0.043884  0.028553  0.002741
298  0.059542  -0.055519  0.006628
299  0.097930  0.032773  0.010664
300  0.005229  0.040289  0.001651
301  -0.038498  0.091044  0.009771
302  0.025383  0.046058  0.002766
303  -0.023990  -0.004689  0.000598
304  -0.070368  0.018775  0.005304
305  -0.038914  -0.067066  0.006012
306  0.002478  -0.001140  0.000007
307  0.031308  -0.118060  0.014918
308  0.037519  -0.024418  0.002004
309  0.030522  0.073358  0.006313
310  0.008092  0.037450  0.001468
311  -0.079847  0.042008  0.008140
312  -0.009209  0.007381  0.000139
313  -0.085948  -0.022539  0.007895
314  0.014528  -0.006382  0.000252
315  0.029495  0.001411  0.000872
316  0.030793  0.051212  0.003571
317  -0.026249  0.045911  0.002797
318  0.060625  -0.100171  0.013710
319  -0.063141  -0.030338  0.004907
320  -0.059332  -0.102479  0.014022
321  0.029209  0.030833  0.001804
322  -0.026891  -0.049591  0.003182
323  0.074221  0.022509  0.006015
324  -0.047722  -0.007920  0.002340
325  0.004339  -0.030251  0.000934
326  -0.006502  0.042699  0.001865
327  -0.018547  -0.099151  0.010175
328  -0.050430  0.009024  0.002625
329  0.042572  0.139996  0.021411
330  -0.090503  0.192032  0.045067
331  -0.109685  -0.003331  0.012042
332  0.087615  -0.111418  0.020090
333  -0.038671  -0.124425  0.016977
334  0.114841  -0.049724  0.015661
335  0.078761  -0.015049  0.006430
336  -0.055703  -0.015979  0.003358
337  0.008439  -0.030944  0.001029
338  0.042464  -0.022323  0.002302
339  0.057099  -0.038725  0.004760
340  -0.028293  0.072282  0.006025
341  0.035519  -0.072372  0.006499
342  -0.012615  -0.023218  0.000698
343  0.005411  0.067543  0.004591
344  0.076948  -0.114884  0.019119
345  -0.005059  -0.067370  0.004564
346  0.071714  0.031597  0.006141
347  -0.028774  0.027719  0.001596
348  -0.000854  -0.005694  0.000033
349  -0.092089  0.055266  0.011535
350  0.027888  0.007130  0.000829
351  -0.157086  -0.011295  0.024803
352  0.030197  -0.004484  0.000932
353  -0.097105  0.065553  0.013727
354  -0.072728  -0.117819  0.019171
355  0.049473  -0.075822  0.008197
356  0.019480  -0.029424  0.001245
357  -0.005649  -0.009415  0.000121
358  -0.030589  0.038990  0.002456
359  -0.040322  -0.021588  0.002092
360  0.012487  -0.071690  0.005295
361  -0.031734  -0.038878  0.002519
362  0.075323  -0.019612  0.006058
363  0.001819  -0.063957  0.004094
364  -0.006405  0.041871  0.001794
365  -0.065167  -0.030657  0.005187
366  -0.038032  -0.030408  0.002371
367  -0.074773  0.048812  0.007974
368  0.125849  0.063547  0.019876
369  -0.160401  0.070095  0.030642
370  -0.139788  -0.112898  0.032287
371  0.061310  0.195292  0.041898
372  0.105760  0.061193  0.014930
373  -0.011224  -0.042237  0.001910
374  -0.032501  0.034910  0.002275
375  -0.014603  -0.146950  0.021808
376  -0.099151  -0.042385  0.011627
377  0.005674  -0.042050  0.001800
378  0.006509  -0.064758  0.004236
379  -0.040449  -0.113914  0.014612
380  0.091968  0.085453  0.015760
381  -0.015970  -0.124963  0.015871
382  -0.049915  -0.210493  0.046799
383  0.068793  0.057081  0.007991
384  0.020120  0.162092  0.026679
385  -0.027194  -0.091829  0.009172
386  0.077850  0.082643  0.012891
387  0.109036  -0.122467  0.026887
388  0.042422  0.019253  0.002170
389  -0.032052  0.074364  0.006557
390  0.090958  -0.113203  0.021088
391  0.072965  0.105340  0.016420
392  -0.074834  -0.041854  0.007352
393  -0.024624  0.247961  0.062091
394  0.037911  0.009609  0.001530
395  -0.023736  0.003563  0.000576
396  -0.066525  -0.026921  0.005150
397  0.119507  0.057348  0.017571
398  -0.011516  0.004280  0.000151
399  -0.015386  -0.049837  0.002720
400  0.015894  0.202216  0.041144
401  0.128570  0.009369  0.016618
402  -0.072840  -0.031698  0.006310
403  0.014142  -0.067708  0.004784
404  0.019523  0.124617  0.015910
405  -0.017795  -0.015501  0.000557
406  -0.018481  0.145266  0.021444
407  0.104267  -0.029952  0.011769
408  0.050228  -0.087917  0.010252
409  -0.195929  0.071323  0.043475
410  0.020557  -0.012130  0.000570
411  -0.040839  -0.022465  0.002173
412  0.061415  -0.015758  0.004020
413  0.031319  -0.020616  0.001406
414  -0.091355  0.011368  0.008475
415  0.057331  -0.113131  0.016085
416  0.016514  -0.041781  0.002018
417  -0.013558  -0.128118  0.016598
418  -0.115548  -0.025882  0.014021
419  0.005793  -0.077241  0.006000
420  -0.002990  -0.002955  0.000018
421  -0.013615  0.052649  0.002957
422  -0.308729  -0.067831  0.099914
423  -0.158254  0.064714  0.029232
424  0.019804  -0.022028  0.000877
425  -0.002610  0.061369  0.003773
426  -0.020529  0.003229  0.000432
427  0.024899  0.057400  0.003915
428  0.131282  0.223725  0.067288
429  -0.171558  0.034477  0.030621
430  0.126675  0.141732  0.036134
431  0.078692  -0.008512  0.006265
432  0.099257  0.007233  0.009904
433  0.113130  0.122438  0.027790
434  0.008595  -0.245820  0.060502
435  0.160753  0.038672  0.027337
436  -0.091070  -0.055306  0.011353
437  0.072447  0.084779  0.012436
438  0.016605  -0.039309  0.001821
439  0.135283  -0.020082  0.018705
440  -0.024865  -0.021200  0.001068
441  0.054705  -0.105383  0.014098
442  0.083364  0.111348  0.019348
443  -0.004077  -0.014579  0.000229
444  -0.215913  -0.037735  0.048042
445  0.208699  -0.271402  0.117214
446  0.119239  -0.028109  0.015008
447  -0.010125  0.003713  0.000116
448  -0.051976  0.140040  0.022313
449  0.066510  0.095367  0.013518
450  -0.003595  0.285140  0.081318
451  -0.018456  -0.026639  0.001050
452  0.005456  0.440271  0.193868
453  0.110932  -0.021975  0.012789
454  0.103243  -0.045440  0.012724
455  0.002763  0.133501  0.017830
456  -0.270837  -0.098193  0.082994
457  0.029403  0.020133  0.001270
458  0.348611  0.281919  0.201008
459  0.023013  -0.004051  0.000546
460  -0.004129  -0.167621  0.028114
461  -0.099914  -0.165455  0.037358
462  0.098328  -0.160810  0.035528
463  0.174343  0.005784  0.030429
464  -0.179432  -0.109515  0.044189
465  0.023148  0.152351  0.023747
466  -0.084640  -0.274072  0.082279
467  -0.040294  0.106792  0.013028
468  -0.163650  -0.050728  0.029355
469  -0.012093  -0.087809  0.007857
470  0.366184  0.021958  0.134573
471  -0.280245  0.192563  0.115618
472  -0.132509  -0.079170  0.023826
473  -0.024812  0.116035  0.014080
474  -0.189865  0.299047  0.125478
475  0.011297  0.074058  0.005612
476  0.165072  -0.228068  0.079264
477  0.028938  0.185561  0.035270
478  -0.091927  -0.122156  0.023373
479  -0.105663  -0.174394  0.041578
480  -0.105816  -0.001826  0.011200
481  0.057129  0.079754  0.009624
482  -0.029704  -0.141632  0.020942
483  0.037527  0.056452  0.004595
484  0.141650  0.082005  0.026789
485  -0.106247  0.121393  0.026025
486  -0.046920  -0.116252  0.015716
487  -0.205624  0.140791  0.062104
488  -0.094288  0.246623  0.069713
489  0.127073  0.346604  0.136282
490  -0.096550  0.081750  0.016005
491  -0.142620  0.024359  0.020934
492  -0.134642  -0.200297  0.058247
493  -0.103613  -0.049702  0.013206
494  0.302095  -0.213263  0.136742
495  0.019506  0.016982  0.000669
496  -0.188714  0.135531  0.053981
497  -0.331828  0.168600  0.138536
498  -0.065031  0.043943  0.006160
499  0.031375  0.077033  0.006918
500  -0.039342  -0.016333  0.001815
501  0.262157  -0.324826  0.174238
502  0.019322  0.102180  0.010814
503  0.047374  0.038459  0.003723
504  -0.049381  0.206575  0.045112
505  -0.106385  0.122684  0.026369
506  -0.063943  0.019658  0.004475
507  -0.304144  -0.100515  0.102607
508  0.046649  -0.126217  0.018107
509  -0.087648  0.385175  0.156042
510  0.045185  0.140582  0.021805
511  0.157322  -0.040770  0.026412
512  -0.109877  -0.018141  0.012402
513  0.016882  0.162712  0.026760
514  -0.258197  -0.072865  0.071975
515  -0.102211  0.337310  0.124225
516  -0.323424  0.066237  0.108990
517  -0.327499  0.143130  0.127742
518  0.152865  -0.002902  0.023376
519  -0.005407  0.304182  0.092556
520  0.103566  0.198673  0.050197
521  -0.137541  -0.000834  0.018918
522  -0.061209  0.227832  0.055654
523  0.103304  0.170883  0.039873
524  0.167103  0.117356  0.041696
525  -0.224358  0.437922  0.242112
526  -0.055563  -0.033277  0.004195
527  -0.195483  -0.045574  0.040291
528  -0.103150  -0.048945  0.013036
529  0.340156  -0.384471  0.263524
530  0.017470  -0.332268  0.110707
531  0.028881  0.257409  0.067094
532  -0.287205  -0.154278  0.106289
533  0.015694  0.013655  0.000433
534  -0.443859  -0.082924  0.203887
535  -0.221960  -0.344752  0.168121
536  0.154504  -0.275195  0.099604
537  -0.215737  -0.010998  0.046663
538  -0.219821  -0.208954  0.091983
539  0.078102  -0.390879  0.158886
540  0.357079  -0.368053  0.262968
541  0.156367  -0.230153  0.077421
542  0.170671  0.003076  0.029138
543  0.035288  -0.311572  0.098323
544  0.078994  -0.026621  0.006949
545  0.224512  -0.136260  0.068973
546  0.330810  0.112050  0.121990
547  0.111649  -0.025054  0.013093
548  -0.033394  0.001431  0.001117
549  0.105113  -0.045324  0.013103
550  -0.052744  -0.509205  0.262072
551  -0.016381  0.055130  0.003308
552  -0.045365  -0.417108  0.176037
553  0.036790  0.236351  0.057215
554  -0.271660  -0.146198  0.095173
555  0.018549  0.221563  0.049434
556  0.052171  -0.251043  0.065744
557  0.058413  0.106085  0.014666
558  -0.183099  0.350744  0.156547
559  -0.372694  0.089335  0.146881
560  -0.238186  0.081804  0.063425
561  0.053656  -0.379488  0.146890
562  -0.264637  -0.173199  0.100031
563  -0.246223  0.102721  0.071178
564  0.036005  -0.379446  0.145276
565  0.129667  -0.304337  0.109435
566  0.130336  -0.243255  0.076160
567  -0.132210  0.057205  0.020752
568  0.329091  0.200255  0.148403
569  0.052033  -0.156732  0.027272
570  0.182315  -0.221627  0.082357
571  0.470344  0.115074  0.234466
572  0.194034  0.070109  0.042564
573  -0.410188  -0.232965  0.222527
574  0.332883  0.062229  0.114684
575  -0.178915  0.521927  0.304418
576  -0.276063  -0.109480  0.088197
577  0.319522  0.178385  0.133915
578  0.134604  0.110394  0.030305
579  0.080175  -0.326448  0.112996
580  -0.079649  0.230788  0.059607
581  0.262602  -0.306626  0.162980
582  -0.046300  -0.273214  0.076790
583  0.101131  -0.120849  0.024832
584  0.167557  -0.222792  0.077712
585  -0.195234  -0.174228  0.068471
586  -0.141397  0.033452  0.021112
587  0.293926  0.671334  0.537082
588  -0.469589  -0.009035  0.220596
589  -0.048791  -0.110285  0.014543
590  0.016078  0.207915  0.043487
591  0.198580  0.135234  0.057722
592  0.036039  0.157941  0.026244
593  -0.217458  -0.147277  0.068979
594  -0.218416  0.198854  0.087249
595  -0.305828  0.017083  0.093822
596  0.041598  -0.015761  0.001979
597  0.001116  0.119266  0.014226
598  0.251146  0.343890  0.181335
599  -0.039552  0.281167  0.080619
600  0.120166  -0.021435  0.014899
601  -0.687164  0.250549  0.534969
602  0.062653  0.116056  0.017394
603  0.244313  0.003337  0.059700
604  -0.354921  -0.022769  0.126488
605  -0.579188  0.054064  0.338382
606  -0.282799  0.127514  0.096235
607  -0.147822  0.050930  0.024445
608  -0.542905  -0.111679  0.307218
609  0.020820  -0.482228  0.232978
610  -0.040086  -0.121943  0.016477
611  -0.292182  -0.241630  0.143755
612  -0.083480  -0.111225  0.019340
613  0.493000  0.002840  0.243057
614  0.226821  -0.058719  0.054896
615  -0.161314  0.256991  0.092067
616  0.287364  -0.012668  0.082739
617  -0.220557  0.184763  0.082783
618  -0.309343  -0.144737  0.116642
619  -0.100822  0.074152  0.015663
620  0.146267  -0.146238  0.042779
621  0.134344  -0.413682  0.189181
622  0.320601  -0.044966  0.104807
623  0.339579  -0.472521  0.338590
624  -0.137910  -0.197071  0.057856
625  -0.051586  0.084014  0.009719
626  -0.412402  -0.434414  0.358791
627  -0.591952  -0.090868  0.358664
628  0.067906  0.021431  0.005070
629  0.410424  0.382755  0.314949
630  -0.599432  -0.310290  0.455598
631  -0.011431  0.290872  0.084737
632  0.139161  0.247554  0.080649
633  0.499789  -0.021305  0.250242
634  0.210530  -0.130946  0.061470
635  -0.402702  -0.565383  0.481827
636  0.226574  -0.075125  0.056980
637  0.531935  0.182538  0.316274
638  -0.134797  -0.028650  0.018991
639  0.317122  0.025436  0.101213
640  -0.269361  0.042876  0.074394
641  0.266073  -0.406690  0.236192
642  -0.415929  -0.063760  0.177062
643  0.553219  0.541211  0.598961
644  0.111667  0.162885  0.039001
645  0.057935  -0.156708  0.027914
646  -0.166109  -0.124045  0.042979
647  -0.140619  0.066337  0.024174
648  0.267309  -0.259198  0.138638
649  0.663733  0.335337  0.552992
650  -0.543725  0.731237  0.830344
651  0.292684  0.089867  0.093740
652  -0.375746  0.059331  0.144706
653  0.246352  0.120689  0.075255
654  0.208333  0.082496  0.050208
655  -0.573040  -0.068220  0.333028
656  -0.296114  0.171756  0.117184
657  0.037419  0.295626  0.088795
658  -0.231601  0.126497  0.069640
659  0.347262  0.063969  0.124683
660  0.038354  0.148046  0.023389
661  0.041247  -0.156911  0.026322
662  -0.210703  -0.313621  0.142754
663  -0.124881  0.052847  0.018388
664  -0.454613  -0.456961  0.415486
665  0.065017  -0.316561  0.104438
666  0.336612  -0.160071  0.138931
667  -0.064083  -0.294887  0.091065
668  0.426020  0.290785  0.266049
669  -0.150227  -0.102171  0.033007
670  -0.481688  0.304281  0.324610
671  -0.130184  0.646728  0.435205
672  0.039286  -0.405057  0.165614
673  -0.103081  -0.551078  0.314313
674  0.162719  0.136833  0.045201
675  0.002336  -0.981584  0.963512
676  0.120140  -0.466297  0.231866
677  -0.149260  -0.118223  0.036255
678  0.319801  -0.209222  0.146046
679  -0.263647  0.319738  0.171742
680  -0.072072  -0.386674  0.154711
681  -0.004726  0.109154  0.011937
682  -0.134532  0.112476  0.030750
683  -0.100468  0.155783  0.034362
684  0.332509  0.057476  0.113866
685  -0.389791  0.807342  0.803737
686  0.425657  -0.220720  0.229902
687  -0.818086  -0.087074  0.676846
688  -0.186105  0.042636  0.036453
689  0.343813  -0.129261  0.134915
690  0.183854  -0.231421  0.087358
691  -0.172605  -0.169112  0.058391
692  -0.445046  0.039278  0.199609
693  -0.499947  0.170785  0.279115
694  -0.902959  -0.392609  0.969477
695  0.504003  -0.159972  0.279610
696  0.169858  0.034622  0.030050
697  0.018303  0.335159  0.112666
698  -0.755042  -0.157389  0.594860
699  -0.257149  -0.339603  0.181456
700  -0.438530  0.351460  0.315833
701  -0.606832  -0.163537  0.394989
702  0.698770  -0.316056  0.588171
703  0.135324  0.205228  0.060431
704  -0.277705  0.154264  0.100918
705  0.206297  -0.484598  0.277394
706  -0.489797  -0.006746  0.239947
707  0.107573  -0.557831  0.322747
708  -0.065161  0.345071  0.123320
709  0.218539  -0.399346  0.207236
710  0.084591  0.054391  0.010114
711  -0.174101  0.516885  0.297481
712  -0.792577  -0.014212  0.628381
713  0.218825  0.233489  0.102402
714  -0.005515  -0.861205  0.741705
715  -0.474741  -0.006478  0.225421
716  -0.265164  0.227372  0.122010
717  0.010496  0.215499  0.046550
718  0.278173  -0.359014  0.206271
719  0.466152  0.596672  0.573315
720  -0.302597  -0.440081  0.285236
721  -0.003994  -0.032820  0.001093
722  -0.188141  -0.408684  0.202419
723  0.199145  0.492523  0.282237
724  -0.148230  -0.031419  0.022959
725  -0.078096  -0.483194  0.239576
726  0.160346  -0.156252  0.050126
727  -0.565234  -0.199298  0.359209
728  -0.166218  0.965974  0.960735
729  0.087918  -0.636907  0.413381
730  0.056623  0.512750  0.266119
731  -0.400761  0.189817  0.196640
732  -0.042133  0.081472  0.008413
733  -0.245451  0.626121  0.452273
734  0.415623  0.074610  0.178309
735  0.966507  0.249072  0.996173
736  0.244152  0.058482  0.063030
737  -0.235469  0.194108  0.093124
738  0.702916  0.179090  0.526165
739  -0.752043  -0.398915  0.724702
740  0.596859  0.011211  0.356366
741  -0.272850  0.200547  0.114666
742  0.216898  0.309510  0.142841
743  0.181859  -0.168938  0.061613
744  -0.889459  0.185083  0.825392
745  0.641638  -0.305798  0.505211
746  0.446450  -0.241363  0.257573
747  -0.903945  -0.152083  0.840245
748  -0.342638  0.545825  0.415325
749  -0.435367  -0.372527  0.328321
750  -0.212549  -0.021038  0.045620
751  0.130206  0.123375  0.032175
752  -0.350444  0.190423  0.159072
753  0.242888  -0.506203  0.315236
754  0.259615  -0.177616  0.098947
755  0.178697  -0.285854  0.113645
756  0.223249  -0.470960  0.271644
757  0.317698  -0.103262  0.111595
758  -0.020912  0.235328  0.055816
759  0.512678  0.191123  0.299367
760  0.211727  -0.252086  0.108376
761  -0.535203  0.453160  0.491796
762  -0.641328  0.002888  0.411310
763  -0.033700  0.099771  0.011090
764  0.570724  -0.606187  0.693188
765  0.218788  0.402264  0.209684
766  0.163181  0.090076  0.034742
767  0.604837  -0.177017  0.397163
768  -0.774748  0.658918  1.034408
769  0.586387  -0.487114  0.581129
770  0.118764  -0.121832  0.028948
771  -0.406537  0.324188  0.270371
772  0.330956  -0.294447  0.196231
773  0.041943  0.004919  0.001783
774  0.174806  -0.019039  0.030920
775  0.107576  -0.157533  0.036389
776  -0.491457  -0.097144  0.250967
777  1.109797  -0.158093  1.256642
778  -0.170784  -0.020148  0.029573
779  0.183454  0.666798  0.478275
780  -0.085698  -0.019760  0.007735
781  -0.222087  -0.297387  0.137762
782  -0.309538  0.595822  0.450817
783  -0.113215  0.371285  0.150670
784  -0.795509  0.064997  0.637060
785  0.072147  0.469467  0.225604
786  0.200407  0.054768  0.043162
787  0.044885  0.008053  0.002080
788  -0.266919  0.382884  0.217846
789  0.401478  0.637303  0.567340
790  -0.017155  0.208198  0.043641
791  -0.027134  -0.225660  0.051659
792  0.779843  -0.356210  0.735041
793  0.632650  0.573769  0.729458
794  -0.124520  0.405819  0.180194
795  0.186351  -0.392913  0.189107
796  -0.651965  0.059686  0.428621
797  0.307304  0.391193  0.247468
798  0.414554  0.489772  0.411732
799  -0.417670  -0.401390  0.335562
800  -0.412237  0.054311  0.172889
801  0.553283  -0.294290  0.392729
802  0.814671  -0.454896  0.870620
803  0.536574  0.041572  0.289640
804  -0.291139  -0.285665  0.166366
805  -0.094514  -0.100264  0.018986
806  0.418772  -0.126616  0.191402
807  0.901098  0.046647  0.814154
808  0.063932  -0.735034  0.544363
809  0.017985  -0.014108  0.000522
810  -0.126524  -0.745298  0.571477
811  -0.413484  -0.332573  0.281573
812  0.833666  0.132553  0.712570
813  0.176062  0.104886  0.041999
814  0.539726  0.181802  0.324357
815  0.556320  0.027398  0.310243
816  -0.109356  -0.270485  0.085121
817  0.643694  0.521453  0.686256
818  -0.244435  -0.490616  0.300453
819  0.020033  -0.141493  0.020422
820  -0.935527  0.257402  0.941468
821  -0.034544  -0.075247  0.006855
822  0.147518  0.170945  0.050984
823  0.272169  0.127805  0.090410
824  0.141776  0.312231  0.117589
825  0.288168  0.246927  0.144014
826  0.405660  -0.106210  0.175841
827  -0.093978  -0.185985  0.043422
828  0.166494  -0.041064  0.029407
829  0.440406  -0.601881  0.556218
830  0.295381  0.182661  0.120615
831  0.521231  -0.188213  0.307106
832  0.235513  0.149392  0.077784
833  -0.223411  -0.293445  0.136023
834  0.086805  -0.520999  0.278975
835  -0.230392  -0.208681  0.096628
836  0.259206  0.585766  0.410309
837  -0.567218  0.343329  0.439611
838  -0.543204  -0.662360  0.733791
839  -0.008590  -0.194164  0.037773
840  -0.872932  -0.012016  0.762155
841  -0.215967  0.369313  0.183034
842  -0.091771  -0.312956  0.106363
843  -0.019381  -0.917867  0.842856
844  -0.467861  0.409369  0.386477
845  0.106883  0.427694  0.194346
846  -0.038063  -0.318639  0.102980
847  -0.383996  0.300978  0.238041
848  -0.341999  0.213302  0.162461
849  0.410643  0.093885  0.177442
850  0.103738  -0.281144  0.089804
851  0.100623  -0.211539  0.054873
852  -0.103144  -0.449172  0.212395
853  0.471110  0.294601  0.308734
854  -0.875398  0.226748  0.817737
855  0.178511  0.074974  0.037487
856  0.074877  -0.373678  0.145242
857  0.395862  0.035905  0.157996
858  0.350876  0.658200  0.556341
859  0.382630  -0.679361  0.607937
860  -0.041683  -0.302380  0.093171
861  -0.263154  -0.109046  0.081141
862  -0.043930  0.227437  0.053658
863  -0.557395  0.231883  0.364459
864  -0.375386  0.240764  0.198881
865  -0.341149  0.170265  0.145373
866  0.026777  -0.188464  0.036236
867  0.380429  0.168698  0.173185
868  -0.446757  0.048701  0.201964
869  0.223880  0.434102  0.238567
870  0.223457  -0.731661  0.585261
871  0.406453  -0.537940  0.454584
872  -0.164047  0.225782  0.077889
873  0.111439  0.216638  0.059351
874  -0.377923  -0.588783  0.489491
875  -0.093408  0.073088  0.014067
876  0.070656  -0.410567  0.173557
877  -0.473890  -0.237782  0.281112
878  -0.133864  0.221070  0.066791
879  -0.252400  -0.037773  0.065132
880  0.172909  -0.042071  0.031668
881  -0.078223  -0.028690  0.006942
882  -0.255450  -0.388617  0.216278
883  0.387744  -0.054446  0.153309
884  -0.021096  -0.203005  0.041656
885  0.288262  0.355484  0.209464
886  0.267321  0.444574  0.269107
887  -0.220999  0.157674  0.073702
888  -0.466494  -0.090942  0.225887
889  -0.411752  -0.210332  0.213779
890  0.125274  0.200609  0.055938
891  0.015324  -0.347094  0.120709
892  -0.119772  -0.042066  0.016115
893  0.049664  -0.006811  0.002513
894  -0.392604  -0.038128  0.155591
895  0.415812  0.088892  0.180801
896  -0.024735  0.186022  0.035216
897  0.213513  -0.033702  0.046724
898  -0.558556  -0.214030  0.357794
899  0.158445  -0.113803  0.038056
900  -0.280087  0.089737  0.086502
901  0.271089  0.258690  0.140410
902  -0.257896  0.136700  0.085197
903  0.449705  0.358516  0.330768
904  0.217639  0.129765  0.064206
905  -0.347677  0.397663  0.279015
906  -0.661644  0.418919  0.613267
907  -0.119400  0.164784  0.041410
908  0.145280  0.198527  0.060519
909  0.034269  -0.091623  0.009569
910  -0.229379  -0.046861  0.054811
911  0.248880  0.357890  0.190027
912  0.061143  -0.065614  0.008044
913  0.451320  0.150811  0.226434
914  -0.239956  -0.544941  0.354539
915  -0.437063  0.020265  0.191434
916  -0.119290  0.134863  0.032418
917  0.092433  -0.103085  0.019170
918  0.124768  -0.065471  0.019853
919  -0.184731  0.094004  0.042962
920  -0.004559  -0.617238  0.381003
921  0.362208  -0.091905  0.139641
922  -0.255407  -0.503930  0.319178
923  -0.337945  0.304170  0.206726
924  0.183597  -0.192746  0.070859
925  -0.211138  0.525723  0.320964
926  0.009526  0.109976  0.012186
927  0.075775  -0.122464  0.020739
928  -0.224766  0.016434  0.050790
929  -0.319434  0.122909  0.117145
930  0.020672  0.204989  0.042448
931  -0.027560  0.019827  0.001153
932  0.205269  -0.075884  0.047894
933  0.196486  -0.251778  0.101999
934  -0.212943  0.334526  0.157253
935  0.146568  0.493515  0.265039
936  0.354986  0.152586  0.149298
937  -0.028560  0.117279  0.014570
938  -0.226086  0.220304  0.099648
939  0.335422  0.112264  0.125111
940  0.197194  -0.163644  0.065665
941  -0.231296  0.030418  0.054423
942  -0.354817  -0.103813  0.136672
943  -0.085050  -0.106424  0.018560
944  -0.091286  0.116867  0.021991
945  0.183955  0.219969  0.082226
946  -0.012512  -0.246425  0.060882
947  -0.053981  0.004002  0.002930
948  0.189093  0.292601  0.121372
949  -0.125559  0.226860  0.067231
950  0.089937  -0.107241  0.019589
951  0.336599  0.312629  0.211036
952  -0.068186  0.238699  0.061627
953  0.290800  -0.299976  0.174550
954  0.099950  0.044072  0.011932
955  -0.032912  -0.302693  0.092706
956  -0.025711  -0.326034  0.106959
957  0.041421  0.316016  0.101582
958  0.347472  0.193716  0.158263
959  -0.116176  -0.421186  0.190895
960  -0.034435  0.314986  0.100402
961  0.336686  -0.043672  0.115264
962  0.150579  0.038417  0.024150
963  -0.327702  -0.100968  0.117583
964  -0.147005  0.177803  0.053224
965  -0.026178  0.072037  0.005875
966  0.033148  -0.212829  0.046395
967  0.179553  -0.191110  0.068763
968  -0.054967  0.224250  0.053310
969  0.191248  -0.175755  0.067466
970  0.083385  0.337020  0.120535
971  0.474721  -0.142217  0.245586
972  0.165782  0.280520  0.106175
973  0.416908  -0.349006  0.295617
974  -0.261806  -0.227087  0.120111
975  0.022556  -0.192886  0.037714
976  -0.166874  0.191855  0.064655
977  0.046587  -0.152905  0.025550
978  0.218433  -0.017612  0.048023
979  -0.087412  -0.144852  0.028623
980  -0.020564  -0.086528  0.007910
981  0.165956  -0.093308  0.036248
982  0.190091  -0.203736  0.077643
983  0.233790  -0.190350  0.090891
984  -0.152910  -0.256207  0.089024
985  -0.045663  0.212977  0.047444
986  -0.137055  0.129664  0.035597
987  0.079573  -0.033716  0.007469
988  0.351511  -0.075045  0.129192
989  -0.125807  0.136528  0.034467
990  -0.148114  -0.056573  0.025138
991  -0.096783  0.406914  0.174946
992  0.091391  -0.101720  0.018699
993  -0.198908  -0.262468  0.108454
994  -0.162768  -0.136463  0.045116
995  -0.190059  0.134791  0.054291
996  -0.084978  0.053227  0.010054
997  0.287332  0.150385  0.105175
998  -0.072673  -0.164753  0.032425
999  0.251447  0.208189  0.106568
1000  0.053019  0.113530  0.015700
1001  -0.114771  -0.042771  0.015002
1002  0.160267  -0.217483  0.072984
1003  0.027665  0.001344  0.000767
1004  -0.163038  -0.141867  0.046708
1005  -0.061330  -0.049056  0.006168
1006  -0.022712  -0.103089  0.011143
1007  -0.000073  0.124052  0.015389
1008  -0.173242  0.060693  0.033697
1009  -0.111925  -0.280074  0.090969
1010  -0.077766  0.128609  0.022588
1011  -0.308203  0.081310  0.101600
1012  0.024637  0.218771  0.048468
1013  0.133054  0.043334  0.019581
1014  0.110626  0.023687  0.012799
1015  0.203804  -0.088332  0.049339
1016  0.020462  -0.020399  0.000835
1017  -0.050885  -0.006605  0.002633
1018  -0.001860  -0.131144  0.017202
1019  0.212314  -0.053005  0.047887
1020  -0.032050  -0.207368  0.044029
1021  0.066221  0.091250  0.012712
1022  0.044380  0.036264  0.003285
1023  0.162718  0.379647  0.170609
1024  -0.166509  0.118257  0.041710
1025  0.010913  0.156883  0.024732
1026  0.108579  -0.153120  0.035235
1027  0.205298  -0.169029  0.070718
1028  0.150237  -0.053145  0.025396
1029  -0.107720  0.044704  0.013602
1030  0.051120  -0.168759  0.031093
1031  -0.023762  0.004936  0.000589
1032  -0.234417  0.221412  0.103974
1033  -0.160604  0.042395  0.027591
1034  -0.041744  -0.092688  0.010334
1035  0.149644  0.119272  0.036619
1036  -0.100057  -0.166326  0.037676
1037  -0.059608  0.197997  0.042756
1038  -0.075755  0.080592  0.012234
1039  -0.055630  -0.096595  0.012425
1040  0.088959  0.012976  0.008082
1041  0.201840  0.121485  0.055498
1042  -0.031764  0.017954  0.001331
1043  0.019885  -0.166174  0.028009
1044  0.007645  -0.018606  0.000405
1045  -0.077594  0.007590  0.006078
1046  -0.049765  -0.164662  0.029590
1047  -0.156258  0.132580  0.041994
1048  0.058859  -0.177683  0.035036
1049  0.106410  -0.022294  0.011820
1050  -0.141049  -0.042735  0.021721
1051  0.072197  -0.092791  0.013823
1052  -0.122715  0.156484  0.039546
1053  0.060784  0.168013  0.031923
1054  -0.096961  0.136516  0.028038
1055  0.093553  0.092084  0.017232
1056  -0.020197  -0.216709  0.047371
1057  -0.049036  0.047683  0.004678
1058  0.227438  -0.096571  0.061054
1059  -0.055514  0.132797  0.020717
1060  0.021309  0.080292  0.006901
1061  0.101827  0.268446  0.082432
1062  0.006815  -0.129647  0.016855
1063  -0.033380  -0.209492  0.045001
1064  0.037337  -0.147861  0.023257
1065  0.157109  0.205831  0.067050
1066  -0.075710  -0.089794  0.013795
1067  -0.136329  -0.082098  0.025326
1068  0.076160  -0.029198  0.006653
1069  -0.060454  -0.011321  0.003783
1070  -0.068561  0.199556  0.044523
1071  -0.098659  0.116182  0.023232
1072  0.281034  -0.040883  0.080652
1073  -0.132661  -0.028916  0.018435
1074  0.008230  -0.013160  0.000241
1075  -0.094089  0.112660  0.021545
1076  -0.067099  -0.054006  0.007419
1077  -0.042773  0.103097  0.012459
1078  0.020155  0.230752  0.053653
1079  0.146369  0.055732  0.024530
1080  0.064766  -0.085714  0.011542
1081  -0.148160  0.123250  0.037142
1082  0.263765  -0.073547  0.074981
1083  0.087810  -0.074052  0.013194
1084  0.116757  0.012364  0.013785
1085  -0.125234  -0.117737  0.029546
1086  0.072579  -0.061471  0.009046
1087  0.077328  0.036301  0.007297
1088  -0.063025  -0.086892  0.011522
1089  -0.083234  -0.099953  0.016918
1090  -0.043413  -0.010661  0.001998
1091  -0.090175  -0.028087  0.008920
1092  0.063641  0.104718  0.015016
1093  -0.049674  -0.260434  0.070293
1094  0.108190  -0.029756  0.012590
1095  0.028992  0.038165  0.002297
1096  -0.008183  -0.025626  0.000724
1097  0.109866  0.004467  0.012091
1098  0.042486  -0.068449  0.006490
1099  -0.025015  -0.144688  0.021560
1100  0.067426  -0.018651  0.004894
1101  -0.050297  0.022177  0.003022
1102  -0.114022  -0.062700  0.016932
1103  -0.081165  -0.075431  0.012278
1104  -0.106690  -0.093379  0.020103
1105  0.225706  -0.069531  0.055778
1106  -0.039278  -0.066426  0.005955
1107  0.041122  -0.006995  0.001740
1108  0.059298  -0.036704  0.004863
1109  -0.144544  0.010871  0.021011
1110  0.026459  0.011043  0.000822
1111  0.001118  -0.043319  0.001878
1112  -0.003111  0.176238  0.031069
1113  -0.219243  -0.074725  0.053651
1114  -0.100631  0.021382  0.010584
1115  0.096437  -0.028293  0.010101
1116  0.150974  0.161522  0.048883
1117  0.021118  -0.094580  0.009391
1118  0.106033  0.007960  0.011306
1119  0.090820  0.108252  0.019967
1120  0.009669  0.016538  0.000367
1121  0.024509  -0.033866  0.001748
1122  -0.065553  -0.074443  0.009839
1123  0.152132  0.028593  0.023962
1124  0.109081  -0.089742  0.019952
1125  0.003455  0.040069  0.001617
1126  0.003646  -0.012783  0.000177
1127  -0.030054  -0.116262  0.014420
1128  0.021236  -0.034304  0.001628
1129  -0.012295  -0.277256  0.077022
1130  -0.128372  0.007652  0.016538
1131  0.125455  -0.029860  0.016631
1132  0.012068  -0.005579  0.000177
1133  -0.067600  -0.013168  0.004743
1134  0.044551  -0.053747  0.004874
1135  0.089892  -0.032474  0.009135
1136  -0.105903  -0.035641  0.012486
1137  0.030109  0.078337  0.007043
1138  -0.023665  0.037429  0.001961
1139  -0.111075  0.102927  0.022932
1140  0.034990  -0.095379  0.010321
1141  0.026447  0.079027  0.006945
1142  0.103392  0.093858  0.019499
1143  -0.054762  -0.108192  0.014704
1144  0.020984  0.046862  0.002636
1145  -0.044025  0.105541  0.013077
1146  0.005581  0.015869  0.000283
1147  0.070247  -0.017176  0.005230
1148  0.020587  0.035437  0.001680
1149  -0.013719  -0.024164  0.000772
1150  0.199962  -0.156317  0.064420
1151  -0.009391  -0.011743  0.000226
1152  -0.092490  0.001239  0.008556
1153  0.127982  -0.035570  0.017645
1154  -0.025848  0.003310  0.000679
1155  -0.024766  0.002058  0.000618
1156  0.035611  0.006187  0.001306
1157  0.082113  0.058891  0.010211
1158  -0.061932  0.013497  0.004018
1159  -0.044742  -0.163632  0.028777
1160  0.016294  -0.046289  0.002408
1161  -0.060286  0.048027  0.005941
1162  0.007964  0.024462  0.000662
1163  0.023332  -0.024751  0.001157
1164  -0.048456  0.063511  0.006382
1165  -0.079528  -0.034414  0.007509
1166  0.028403  0.133109  0.018525
1167  0.027301  0.048350  0.003083
1168  -0.074602  0.055914  0.008692
1169  0.101255  -0.023381  0.010799
1170  0.128456  -0.004402  0.016520
1171  -0.084845  -0.074145  0.012696
1172  0.078164  0.053822  0.009006
1173  -0.020239  -0.017929  0.000731
1174  0.029836  0.005203  0.000917
1175  -0.084652  -0.061458  0.010943
1176  0.064498  0.036123  0.005465
1177  0.064138  0.005467  0.004144
1178  0.006882  0.031318  0.001028
1179  0.044101  -0.058961  0.005421
1180  0.001000  -0.006433  0.000042
1181  0.025019  0.029337  0.001487
1182  0.041640  -0.012015  0.001878
1183  0.021769  0.062750  0.004411
1184  0.014089  0.030273  0.001115
1185  -0.012280  0.026608  0.000859
1186  0.034588  -0.057007  0.004446
1187  0.038687  0.006087  0.001534
1188  -0.074772  -0.019718  0.005980
1189  0.013313  0.041371  0.001889
1190  -0.010880  -0.023452  0.000668
1191  0.037436  0.033143  0.002500
1192  0.023269  -0.048828  0.002926
1193  0.053445  -0.093734  0.011643
1194  -0.036037  -0.001528  0.001301
1195  0.095911  -0.016916  0.009485
1196  0.024575  -0.007872  0.000666
1197  -0.032257  -0.023799  0.001607
1198  -0.007897  0.118474  0.014098
1199  -0.089134  0.001131  0.007946
1200  0.084237  -0.065749  0.011419
1201  0.022642  -0.009548  0.000604
1202  -0.003713  -0.053523  0.002879
1203  0.085537  -0.005644  0.007348
1204  0.084057  -0.018794  0.007419
1205  -0.096230  0.002746  0.009268
1206  -0.024679  0.017808  0.000926
1207  0.012727  -0.036756  0.001513
1208  -0.020614  0.047650  0.002695
1209  -0.034173  -0.075482  0.006865
1210  -0.021085  0.136735  0.019141
1211  -0.001831  0.001831  0.000007
1212  -0.005330  0.030087  0.000934
1213  0.044197  -0.010156  0.002057
1214  0.065060  -0.098690  0.013973
1215  0.066839  0.086509  0.011951
1216  0.011995  0.038106  0.001596
1217  0.000736  -0.042908  0.001842
1218  0.009068  0.073247  0.005447
1219  0.032759  0.035518  0.002335
1220  0.020960  -0.062002  0.004284
1221  0.040289  -0.002574  0.001630
1222  -0.020057  -0.080591  0.006897
1223  0.020358  -0.040150  0.002026
1224  0.028696  -0.026795  0.001541
1225  -0.026988  -0.057048  0.003983
1226  -0.013206  -0.083431  0.007135
1227  0.055568  0.017085  0.003380
1228  -0.034710  -0.043649  0.003110
1229  0.013605  -0.023477  0.000736
1230  -0.026651  -0.060743  0.004400
1231  -0.077890  -0.005015  0.006092
1232  0.018561  0.047087  0.002562
1233  -0.009782  0.019181  0.000464
1234  0.001482  -0.067058  0.004499
1235  -0.043875  -0.014598  0.002138
1236  0.021934  0.037698  0.001902
1237  -0.021962  -0.010672  0.000596
1238  -0.052694  0.053801  0.005671
1239  0.002819  0.021939  0.000489
1240  -0.034608  -0.051004  0.003799
1241  0.082476  0.001385  0.006804
1242  -0.014668  0.017716  0.000529
1243  0.017539  -0.002432  0.000314
1244  0.034319  -0.011749  0.001316
1245  0.030167  -0.051485  0.003561
1246  0.004386  -0.031673  0.001022
1247  0.025396  0.017948  0.000967
1248  0.014521  0.060239  0.003840
1249  -0.008683  -0.012442  0.000230
1250  -0.026444  0.008322  0.000769
1251  0.020175  0.011868  0.000548
1252  0.036648  0.138594  0.020551
1253  -0.040834  0.047592  0.003932
1254  0.025255  -0.024114  0.001219
1255  0.085620  -0.056048  0.010472
1256  -0.016073  -0.000718  0.000259
1257  0.022353  0.049247  0.002925
1258  0.011419  -0.074788  0.005724
1259  -0.089247  -0.024969  0.008589
1260  0.019410  -0.036343  0.001698
1261  0.008621  -0.012053  0.000220
1262  0.012318  -0.006179  0.000190
1263  -0.035254  -0.012965  0.001411
1264  0.027328  -0.056226  0.003908
1265  -0.050906  0.026761  0.003308
1266  0.079487  0.009735  0.006413
1267  -0.095059  0.011804  0.009175
1268  -0.043452  -0.014332  0.002093
1269  -0.021253  0.036288  0.001769
1270  0.020471  0.008686  0.000495
1271  0.010722  0.014999  0.000340
1272  0.051329  0.031746  0.003643
1273  0.010344  -0.044927  0.002125
1274  0.034463  0.014325  0.001393
1275  -0.062296  -0.033504  0.005003
1276  0.019868  0.037761  0.001821
1277  0.067875  0.046926  0.006809
1278  0.022406  -0.033925  0.001653
1279  -0.017404  -0.010912  0.000422
1280  -0.022366  -0.011080  0.000623
1281  0.015531  -0.045727  0.002332
1282  0.016198  -0.047727  0.002540
1283  -0.016188  0.004325  0.000281
1284  0.011100  0.026386  0.000819
1285  -0.011722  -0.010291  0.000243
1286  0.006645  0.022134  0.000534
1287  0.072757  -0.060795  0.008990
1288  -0.033713  -0.034957  0.002359
1289  -0.018706  0.006359  0.000390
1290  0.029347  -0.019076  0.001225
1291  0.017332  0.009918  0.000399
1292  -0.030482  -0.005666  0.000961
1293  0.018797  -0.053818  0.003250
1294  0.056786  -0.014097  0.003423
1295  -0.013429  -0.030943  0.001138
1296  -0.031772  -0.037215  0.002394
1297  -0.019936  -0.017657  0.000709
1298  0.005806  0.000022  0.000034
1299  0.058522  -0.019515  0.003806
1300  -0.002184  -0.036245  0.001318
1301  0.010522  0.007239  0.000163
1302  0.024010  -0.011202  0.000702
1303  0.015769  -0.024137  0.000831
1304  0.002400  0.034192  0.001175
1305  0.027518  0.037828  0.002188
1306  0.018517  -0.013473  0.000524
1307  -0.013343  -0.049553  0.002634
1308  -0.059358  -0.029617  0.004401
1309  0.025589  -0.058755  0.004107
1310  -0.010215  -0.026622  0.000813
1311  0.005729  0.026156  0.000717
1312  0.025870  0.031570  0.001666
1313  -0.002452  0.013017  0.000175
1314  0.007976  0.012515  0.000220
1315  0.060811  -0.030097  0.004604
1316  -0.009396  -0.046043  0.002208
1317  -0.040452  0.013937  0.001831
1318  0.032914  -0.000614  0.001084
1319  -0.029284  -0.044644  0.002851
1320  -0.048084  0.008364  0.002382
1321  -0.018600  -0.045075  0.002378
1322  0.015360  -0.009993  0.000336
1323  -0.022246  -0.023862  0.001064
1324  0.008237  -0.051502  0.002720
1325  0.003656  -0.045490  0.002083
1326  0.046203  -0.032398  0.003184
1327  0.030397  -0.056460  0.004112
1328  -0.048993  -0.025861  0.003069
1329  0.024613  0.021607  0.001073
1330  0.015886  -0.002751  0.000260
1331  -0.004903  0.003087  0.000034
1332  -0.013286  -0.069331  0.004983
1333  0.055141  -0.010233  0.003145
1334  0.009100  0.073209  0.005442
1335  0.054861  -0.022658  0.003523
1336  -0.044398  0.064715  0.006159
1337  -0.036675  0.047772  0.003627
1338  0.023076  0.068663  0.005247
1339  -0.025801  0.064373  0.004810
1340  -0.019792  -0.055383  0.003459
1341  0.028263  -0.020898  0.001236
1342  0.049582  0.018645  0.002806
1343  0.080228  -0.011872  0.006577
1344  -0.015533  -0.043307  0.002117
1345  -0.062695  -0.004748  0.003953
1346  -0.013321  -0.031329  0.001159
1347  -0.010634  -0.051515  0.002767
1348  0.076766  0.040941  0.007569
1349  0.008162  0.030498  0.000997
1350  -0.047992  -0.009933  0.002402
1351  -0.044526  0.025282  0.002622
1352  0.013012  -0.015830  0.000420
1353  0.038080  -0.031774  0.002460
1354  -0.022205  0.024792  0.001108
1355  0.016286  0.016578  0.000540
1356  -0.010366  0.074430  0.005647
1357  -0.009758  -0.048049  0.002404
1358  -0.008504  -0.040058  0.001677
1359  -0.033876  0.014651  0.001362
1360  0.027805  0.021350  0.001229
1361  -0.026111  0.012865  0.000847
1362  0.009764  0.011536  0.000228
1363  0.015370  -0.026631  0.000945
1364  0.009832  -0.002611  0.000103
1365  0.028461  -0.016520  0.001083
1366  0.022418  0.001186  0.000504
1367  0.039799  -0.032821  0.002661
1368  -0.028919  0.003323  0.000847
1369  0.003328  0.037068  0.001385
1370  0.042756  -0.039066  0.003354
1371  0.038158  0.059997  0.005056
1372  0.024889  -0.019546  0.001001
1373  -0.035376  0.019456  0.001630
1374  0.023694  -0.021237  0.001012
1375  0.053858  0.037389  0.004299
1376  -0.000877  0.016270  0.000265
1377  -0.087340  0.016055  0.007886
1378  0.031582  -0.036987  0.002365
1379  0.013296  0.027237  0.000919
1380  0.029131  -0.021713  0.001320
1381  0.001409  -0.059176  0.003504
1382  -0.002210  0.013595  0.000190
1383  0.033039  -0.014290  0.001296
1384  -0.008810  -0.021908  0.000558
1385  0.047518  -0.035415  0.003512
1386  -0.004306  -0.006184  0.000057
1387  0.005703  -0.047252  0.002265
1388  -0.054132  -0.025538  0.003582
1389  -0.005618  -0.044135  0.001979
1390  0.004628  -0.023202  0.000560
1391  -0.008868  -0.043835  0.002000
1392  -0.049629  0.006698  0.002508
1393  -0.018655  -0.008283  0.000417
1394  0.003864  -0.029497  0.000885
1395  -0.008745  0.063668  0.004130
1396  -0.003594  0.018592  0.000359
1397  -0.011093  -0.020740  0.000553
1398  -0.018563  -0.045545  0.002419
1399  0.012198  -0.026251  0.000838
1400  -0.054698  -0.052061  0.005702
1401  0.031435  -0.001611  0.000991
1402  0.003824  -0.036244  0.001328
1403  -0.007421  -0.075349  0.005733
1404  0.027234  -0.050101  0.003252
1405  0.045603  -0.030292  0.002997
1406  0.030340  0.037547  0.002330
1407  -0.038866  0.075786  0.007254
1408  -0.017652  0.032024  0.001337
1409  0.020832  0.042226  0.002217
1410  -0.004157  -0.033064  0.001110
1411  0.039244  -0.018675  0.001889
1412  -0.091955  0.024231  0.009043
1413  0.016179  0.005127  0.000288
1414  0.059260  -0.089817  0.011579
1415  0.012124  -0.067173  0.004659
1416  0.005092  0.049583  0.002484
1417  -0.020023  0.047034  0.002613
1418  0.021776  -0.047166  0.002699
1419  -0.036690  0.034818  0.002558
1420  0.000075  0.058766  0.003453
1421  0.001153  0.016432  0.000271
1422  0.007988  0.068203  0.004715
1423  -0.100264  0.006612  0.010097
1424  0.043373  -0.057045  0.005135
1425  -0.050336  0.043250  0.004404
1426  -0.006088  0.004918  0.000061
1427  0.030447  -0.006992  0.000976
1428  0.029016  0.021365  0.001298
1429  -0.000174  0.047868  0.002291
1430  -0.020404  0.039779  0.001999
1431  -0.059990  0.023690  0.004160
1432  -0.019179  -0.049891  0.002857
1433  -0.025017  0.026234  0.001314
1434  -0.034725  0.004304  0.001224
1435  -0.026668  -0.010405  0.000819
1436  0.007996  -0.036325  0.001383
1437  -0.038635  0.056291  0.004661
1438  -0.050570  -0.012832  0.002722
1439  0.053754  0.013969  0.003085
1440  -0.051227  -0.029297  0.003483
1441  0.042316  -0.031581  0.002788
1442  -0.029845  -0.012900  0.001057
1443  -0.011169  -0.006940  0.000173
1444  0.086394  0.033570  0.008591
1445  -0.025999  -0.025100  0.001306
1446  0.014372  -0.009676  0.000300
1447  0.036291  -0.042791  0.003148
1448  -0.006472  0.018483  0.000384
1449  -0.039556  -0.006982  0.001613
1450  0.027996  -0.012569  0.000942
1451  -0.059072  -0.022958  0.004017
1452  -0.029093  0.004726  0.000869
1453  -0.047013  0.000674  0.002211
1454  0.041717  0.023926  0.002313
1455  -0.018457  0.040112  0.001950
1456  0.007972  0.013856  0.000256
1457  -0.037663  0.000623  0.001419
1458  -0.033695  0.008024  0.001200
1459  0.033398  -0.033491  0.002237
1460  0.009712  -0.025132  0.000726
1461  -0.001442  -0.031048  0.000966
1462  0.016818  0.017068  0.000574
1463  -0.011211  -0.046941  0.002329
1464  0.030776  -0.018487  0.001289
1465  0.013603  -0.047741  0.002464
1466  -0.053446  -0.026033  0.003534
1467  0.006307  0.012182  0.000188
1468  0.034292  0.006534  0.001219
1469  0.002584  0.011588  0.000141
1470  0.023008  -0.068401  0.005208
1471  -0.016440  0.006678  0.000315
1472  -0.020658  -0.001417  0.000429
1473  0.026221  -0.017789  0.001004
1474  -0.034884  0.004936  0.001241
1475  0.039170  -0.012501  0.001691
1476  -0.094640  -0.004705  0.008979
1477  0.000970  0.011752  0.000139
1478  0.010658  0.021150  0.000561
1479  -0.040041  -0.004589  0.001624
1480  -0.025218  0.034625  0.001835
1481  0.003217  -0.011657  0.000146
1482  -0.001438  -0.000168  0.000002
1483  0.043400  -0.030863  0.002836
1484  0.042551  -0.027827  0.002585
1485  0.005379  0.011834  0.000169
1486  0.000073  -0.013596  0.000185
1487  0.026467  0.024854  0.001318
1488  -0.055865  0.013697  0.003308
1489  0.010399  -0.012879  0.000274
1490  -0.000053  0.002472  0.000006
1491  0.021435  -0.035207  0.001699
1492  0.018647  -0.022460  0.000852
1493  0.011670  0.039960  0.001733
1494  -0.002237  -0.033305  0.001114
1495  0.023305  -0.002245  0.000548
1496  0.012968  0.029238  0.001023
1497  -0.012262  -0.037369  0.001547
1498  0.030380  -0.015651  0.001168
1499  -0.022702  0.006644  0.000560
1500  -0.026198  0.029042  0.001530
1501  -0.008866  -0.008915  0.000158
1502  0.037154  0.021500  0.001843
1503  0.044139  0.005481  0.001978
1504  -0.029205  -0.025984  0.001528
1505  0.032940  0.067256  0.005608
1506  0.036365  -0.034918  0.002542
1507  0.023249  0.009044  0.000622
1508  -0.025867  -0.003728  0.000683
1509  0.003129  -0.045181  0.002051
1510  0.011473  -0.043613  0.002034
1511  -0.025658  -0.033923  0.001809
1512  -0.012876  -0.009291  0.000252
1513  -0.039479  0.015798  0.001808
1514  0.010974  -0.009688  0.000214
1515  -0.021238  0.019481  0.000831
1516  0.022525  -0.025229  0.001144
1517  -0.043007  0.004082  0.001866
1518  0.015284  -0.006510  0.000276
1519  0.024605  -0.045595  0.002684
1520  0.021984  0.050540  0.003038
1521  -0.018168  -0.033571  0.001457
1522  -0.011861  -0.036574  0.001478
1523  -0.009133  0.004130  0.000100
1524  0.015511  -0.054566  0.003218
1525  -0.020938  -0.016323  0.000705
1526  -0.003476  -0.056020  0.003150
1527  -0.040598  -0.001145  0.001650
1528  0.015388  0.031674  0.001240
1529  -0.013852  -0.021630  0.000660
1530  -0.026562  -0.030962  0.001664
1531  0.008686  -0.006749  0.000121
1532  0.001664  -0.022439  0.000506
1533  0.053778  -0.027516  0.003649
1534  -0.030536  -0.030371  0.001855
1535  0.021520  -0.023456  0.001013
1536  0.032804  -0.013632  0.001262
1537  -0.008359  0.010209  0.000174
1538  0.039321  0.027249  0.002289
1539  0.047610  -0.044467  0.004244
1540  0.001175  -0.001826  0.000005
1541  0.033770  -0.002683  0.001148
1542  0.010158  -0.049392  0.002543
1543  0.035418  -0.057167  0.004523
1544  -0.037728  0.008325  0.001493
1545  -0.011734  -0.020397  0.000554
1546  0.007145  0.014020  0.000248
1547  0.040281  -0.003994  0.001638
1548  -0.027930  -0.011214  0.000906
1549  0.003336  0.019868  0.000406
1550  0.034943  -0.030817  0.002171
1551  0.014497  0.012351  0.000363
1552  0.023056  -0.033284  0.001639
1553  -0.034760  0.040899  0.002881
1554  0.011519  0.010185  0.000236
1555  -0.064099  -0.039149  0.005641
1556  0.017277  0.023866  0.000868
1557  0.042439  0.022904  0.002326
1558  -0.005423  0.031662  0.001032
1559  0.003949  0.010684  0.000130
1560  -0.020144  -0.008387  0.000476
1561  0.086258  0.033961  0.008594
1562  0.009849  -0.028521  0.000910
1563  0.017577  -0.005763  0.000342
1564  0.033585  0.044429  0.003102
1565  0.015932  0.056373  0.003432
1566  0.019332  -0.014691  0.000590
1567  0.004890  0.059320  0.003543
1568  0.018115  -0.040801  0.001993
1569  0.018368  -0.011590  0.000472
1570  -0.043036  0.028800  0.002682
1571  0.002059  -0.004159  0.000022
1572  -0.052403  -0.021252  0.003198
1573  0.024663  0.015090  0.000836
1574  -0.024786  -0.014581  0.000827
1575  -0.010298  0.034727  0.001312
1576  -0.055456  -0.041913  0.004832
1577  -0.039902  0.015063  0.001819
1578  -0.024905  0.009311  0.000707
1579  0.019016  0.029909  0.001256
1580  0.031612  -0.000001  0.000999
1581  0.000548  -0.041695  0.001739
1582  0.021771  0.016644  0.000751
1583  0.014796  -0.020103  0.000623
1584  -0.031143  0.014122  0.001169
1585  0.024772  -0.049261  0.003040
1586  0.042531  -0.011189  0.001934
1587  -0.023360  -0.034106  0.001709
1588  -0.039592  -0.003743  0.001582
1589  -0.011986  0.018768  0.000496
1590  0.011765  0.006803  0.000185
1591  0.062503  -0.003622  0.003920
1592  0.011162  -0.001505  0.000127
1593  -0.024529  -0.004333  0.000620
1594  -0.005323  0.002387  0.000034
1595  -0.022802  0.009499  0.000610
1596  0.015265  -0.020739  0.000663
1597  -0.022013  0.018231  0.000817
1598  -0.025002  -0.000735  0.000626
1599  0.001856  0.036312  0.001322
1600  0.006904  0.005419  0.000077
1601  -0.003924  0.029115  0.000863
1602  -0.021243  0.025848  0.001119
1603  0.023614  0.006298  0.000597
1604  -0.012225  -0.004129  0.000166
1605  0.035073  0.031390  0.002215
1606  0.018692  0.000630  0.000350
1607  0.011813  -0.052145  0.002859
1608  0.011352  0.036873  0.001488
1609  0.044755  -0.009331  0.002090
1610  -0.022970  -0.055732  0.003634
1611  -0.033230  0.017920  0.001425
1612  -0.010094  -0.018480  0.000443
1613  0.058526  -0.024973  0.004049
1614  0.053655  0.006438  0.002920
1615  -0.013757  0.010392  0.000297
1616  -0.036190  -0.029075  0.002155
1617  -0.056377  -0.031542  0.004173
1618  -0.000341  0.011141  0.000124
1619  -0.045125  -0.012614  0.002195
1620  -0.010328  -0.005732  0.000140
1621  0.002909  0.008703  0.000084
1622  0.032525  -0.043703  0.002968
1623  -0.018676  -0.021880  0.000828
1624  0.008814  0.022467  0.000582
1625  0.023176  0.032259  0.001578
1626  -0.021722  -0.022129  0.000962
1627  0.049330  -0.007537  0.002490
1628  0.026258  -0.026121  0.001372
1629  0.003576  0.025188  0.000647
1630  -0.004520  -0.015367  0.000257
1631  -0.009467  -0.037187  0.001472
1632  -0.003390  -0.072107  0.005211
1633  -0.016701  -0.002115  0.000283
1634  -0.021729  -0.018922  0.000830
1635  -0.061052  -0.013281  0.003904
1636  -0.000731  -0.036086  0.001303
1637  0.033495  -0.017917  0.001443
1638  -0.024382  0.010749  0.000710
1639  0.002967  -0.003523  0.000021
1640  0.008154  -0.027316  0.000813
1641  -0.019082  -0.015927  0.000618
1642  -0.058746  0.002828  0.003459
1643  0.008853  0.029204  0.000931
1644  0.025844  -0.010497  0.000778
1645  0.021721  0.029485  0.001341
1646  0.016519  0.002156  0.000278
1647  0.013702  0.053762  0.003078
1648  0.046262  0.024531  0.002742
1649  -0.008759  0.050688  0.002646
1650  0.032391  0.021183  0.001498
1651  -0.011160  -0.039581  0.001691
1652  -0.013937  -0.013246  0.000370
1653  0.014128  -0.008603  0.000274
1654  0.022431  0.014828  0.000723
1655  -0.012294  -0.008306  0.000220
1656  -0.030912  0.012144  0.001103
1657  0.002120  0.050873  0.002593
1658  -0.050691  -0.048175  0.004890
1659  0.018625  -0.012408  0.000501
1660  -0.011710  -0.003290  0.000148
1661  -0.046057  0.020646  0.002548
1662  -0.003918  0.030391  0.000939
1663  -0.013362  0.022402  0.000680
1664  -0.011994  -0.016923  0.000430
1665  -0.009316  -0.031569  0.001083
1666  0.029190  0.000396  0.000852
1667  0.029245  0.011058  0.000978
1668  -0.033572  -0.035801  0.002409
1669  0.007607  -0.019877  0.000453
1670  -0.047041  -0.007401  0.002268
1671  -0.004029  0.049343  0.002451
1672  0.015913  0.069329  0.005060
1673  0.012288  -0.043888  0.002077
1674  -0.019183  -0.009052  0.000450
1675  -0.037188  -0.019340  0.001757
1676  -0.024862  -0.035847  0.001903
1677  -0.030445  -0.016237  0.001191
1678  -0.023093  0.027730  0.001302
1679  0.006738  0.006621  0.000089
1680  0.028334  -0.009613  0.000895
1681  0.014077  -0.019417  0.000575
1682  0.014658  -0.029864  0.001107
1683  -0.043103  -0.016553  0.002132
1684  -0.032146  0.026442  0.001733
1685  -0.037685  0.019182  0.001788
1686  0.033902  -0.017125  0.001443
1687  -0.021266  0.012817  0.000617
1688  0.004478  -0.004100  0.000037
1689  -0.004251  -0.051867  0.002708
1690  -0.010003  -0.024156  0.000684
1691  -0.026461  -0.004477  0.000720
1692  0.066585  -0.003698  0.004447
1693  -0.015667  0.016897  0.000531
1694  -0.003817  -0.006120  0.000052
1695  -0.003435  0.023055  0.000543
1696  -0.036464  0.007866  0.001392
1697  0.050112  0.000007  0.002511
1698  -0.017928  -0.034743  0.001528
1699  -0.012522  0.015115  0.000385
1700  0.045620  -0.019701  0.002469
1701  0.029668  -0.043650  0.002785
1702  0.041088  -0.015973  0.001943
1703  -0.010282  0.050949  0.002702
1704  -0.009097  0.008521  0.000155
1705  -0.037551  -0.017711  0.001724
1706  0.069443  -0.019382  0.005198
1707  -0.009123  -0.032212  0.001121
1708  -0.056710  0.032471  0.004270
1709  -0.034190  -0.001090  0.001170
1710  0.016869  0.029397  0.001149
1711  -0.007532  -0.012175  0.000205
1712  0.020231  -0.046760  0.002596
1713  -0.017194  0.008389  0.000366
1714  -0.017898  -0.031254  0.001297
1715  0.009009  -0.023530  0.000635
1716  -0.003773  0.015492  0.000254
1717  -0.039238  -0.006318  0.001580
1718  0.029909  0.000973  0.000896
1719  0.058755  -0.001562  0.003455
1720  -0.049209  0.001667  0.002424
1721  0.043506  0.014021  0.002089
1722  -0.009796  -0.020999  0.000537
1723  -0.001955  -0.011112  0.000127
1724  -0.012581  -0.045645  0.002242
1725  -0.038405  0.017995  0.001799
1726  -0.031809  0.011892  0.001153
1727  0.033392  0.023426  0.001664
1728  -0.000277  -0.030831  0.000951
1729  -0.002274  0.047928  0.002302
1730  -0.016981  -0.052500  0.003045
1731  -0.002598  -0.002096  0.000011
1732  -0.033168  0.063490  0.005131
1733  -0.025546  0.018859  0.001008
1734  0.030776  0.054460  0.003913
1735  0.042135  -0.051730  0.004451
1736  0.063570  0.024702  0.004651
1737  -0.012537  0.041717  0.001897
1738  -0.017947  -0.034763  0.001531
1739  0.003437  0.002291  0.000017
1740  0.029258  -0.006789  0.000902
1741  -0.025403  -0.004011  0.000661
1742  0.000798  -0.024621  0.000607
1743  0.034493  -0.000655  0.001190
1744  -0.032606  0.007222  0.001115
1745  -0.040302  0.006232  0.001663
1746  -0.004864  -0.024791  0.000638
1747  0.005316  -0.039964  0.001625
1748  -0.011959  0.017870  0.000462
1749  0.004113  -0.010313  0.000123
1750  0.003967  -0.009041  0.000097
1751  -0.008848  -0.003941  0.000094
1752  0.022388  -0.024076  0.001081
1753  -0.002661  -0.044157  0.001957
1754  -0.017342  -0.068623  0.005010
1755  0.006635  -0.036420  0.001370
1756  -0.032049  -0.007405  0.001082
1757  -0.019144  -0.025451  0.001014
1758  -0.009715  -0.007649  0.000153
1759  0.024206  -0.019110  0.000951
1760  -0.004427  -0.010338  0.000126
1761  -0.005324  0.004085  0.000045
1762  0.046067  0.011703  0.002259
1763  0.041112  -0.018648  0.002038
1764  0.016513  0.013232  0.000448
1765  -0.035027  -0.006413  0.001268
1766  0.006797  -0.001609  0.000049
1767  -0.012815  -0.038979  0.001684
1768  -0.009068  -0.032640  0.001148
1769  -0.023453  -0.022545  0.001058
1770  0.014483  0.034027  0.001368
1771  -0.004048  0.006618  0.000060
1772  -0.018320  -0.043989  0.002271
1773  0.025074  -0.042218  0.002411
1774  -0.002948  -0.025643  0.000666
1775  0.024523  -0.040530  0.002244
1776  -0.052106  0.019943  0.003113
1777  -0.044288  -0.063747  0.006025
1778  0.001684  -0.007064  0.000053
1779  -0.001471  -0.014873  0.000223
1780  -0.050229  0.003112  0.002533
1781  -0.006608  0.002682  0.000051
1782  -0.024645  -0.033742  0.001746
1783  -0.027927  -0.011212  0.000906
1784  0.011352  -0.005804  0.000163
1785  -0.008826  -0.021128  0.000524
1786  0.009461  -0.010281  0.000195
1787  0.019893  0.026441  0.001095
1788  -0.022408  -0.043411  0.002387
1789  0.001095  -0.003355  0.000012
1790  -0.009945  -0.001615  0.000102
1791  -0.063762  0.051141  0.006681
1792  0.021975  0.003059  0.000492
1793  0.048173  -0.031719  0.003327
1794  0.047433  0.007911  0.002312
1795  -0.023852  0.004488  0.000589
1796  -0.043203  0.012273  0.002017
1797  0.000214  -0.008614  0.000074
1798  -0.002503  0.028961  0.000845
1799  -0.049426  0.046605  0.004615
1800  -0.079845  -0.014455  0.006584
1801  -0.039929  -0.020381  0.002010
1802  0.017635  -0.020070  0.000714
1803  -0.005429  0.037407  0.001429
1804  -0.028382  0.034114  0.001969
1805  -0.028471  0.023037  0.001341
1806  0.014633  -0.016605  0.000490
1807  0.042926  -0.005576  0.001874
1808  -0.033430  0.072931  0.006436
1809  -0.003418  -0.027011  0.000741
1810  0.003090  0.015300  0.000244
1811  0.010360  0.037360  0.001503
1812  -0.031338  -0.011113  0.001106
1813  -0.038455  -0.020539  0.001901
1814  -0.004213  -0.007330  0.000071
1815  -0.027709  0.037016  0.002138
1816  0.025757  -0.002536  0.000670
1817  -0.001946  0.011375  0.000133
1818  0.029134  -0.040716  0.002507
1819  0.018089  -0.038245  0.001790
1820  0.019228  0.004191  0.000387
1821  -0.005915  0.019452  0.000413
1822  0.006696  0.001208  0.000046
1823  0.006013  -0.043000  0.001885
1824  -0.006196  0.059116  0.003533
1825  -0.011278  -0.045850  0.002229
1826  -0.007298  0.011151  0.000178
1827  -0.004879  -0.010549  0.000135
1828  -0.017500  0.018572  0.000651
1829  0.024774  0.012611  0.000773
1830  -0.000939  -0.016673  0.000279
1831  -0.016411  -0.048784  0.002649
1832  0.018672  -0.005102  0.000375
1833  0.020101  -0.018922  0.000762
1834  0.015556  -0.043410  0.002126
1835  -0.003445  -0.051723  0.002687
1836  0.017560  0.046069  0.002431
1837  0.016699  0.038485  0.001760
1838  0.024483  0.021705  0.001071
1839  0.005117  -0.000497  0.000026
1840  -0.050016  -0.006254  0.002541
1841  0.014989  -0.033270  0.001332
1842  -0.033984  -0.031152  0.002125
1843  0.007987  -0.003828  0.000078
1844  0.035084  0.003488  0.001243
1845  0.007001  0.015801  0.000299
1846  0.002663  0.035551  0.001271
1847  -0.005630  0.025577  0.000686
1848  0.003187  0.000825  0.000011
1849  -0.004855  -0.002526  0.000030
1850  -0.007481  -0.019095  0.000421
1851  -0.002109  -0.046274  0.002146
1852  -0.024626  -0.029573  0.001481
1853  -0.035238  -0.016981  0.001530
1854  0.004920  0.001025  0.000025
1855  -0.001613  0.002778  0.000010
1856  0.044941  -0.043285  0.003893
1857  -0.026604  0.021707  0.001179
1858  0.009693  0.007437  0.000149
1859  -0.041581  0.019669  0.002116
1860  -0.032539  -0.011711  0.001196
1861  -0.063655  0.011501  0.004184
1862  0.019190  -0.013091  0.000540
1863  -0.005502  -0.025399  0.000675
1864  -0.068030  0.023916  0.005200
1865  -0.063182  -0.032428  0.005044
1866  -0.028301  -0.022433  0.001304
1867  -0.000081  -0.005159  0.000027
1868  -0.005065  0.002416  0.000031
1869  0.004644  -0.016105  0.000281
1870  0.006023  0.016374  0.000304
1871  0.007128  -0.007390  0.000105
1872  -0.009145  0.013720  0.000272
1873  0.022866  -0.004939  0.000547
1874  -0.000886  0.000581  0.000001
1875  0.019030  0.000915  0.000363
1876  0.023196  -0.014786  0.000757
1877  -0.035064  -0.008435  0.001301
1878  -0.017229  0.040760  0.001958
1879  -0.026298  -0.001803  0.000695
1880  0.032129  -0.029433  0.001899
1881  0.004358  -0.015330  0.000254
1882  -0.008548  0.006862  0.000120
1883  0.015709  -0.013196  0.000421
1884  -0.068824  -0.010734  0.004852
1885  -0.018781  -0.021721  0.000825
1886  0.031417  0.013279  0.001163
1887  -0.027067  -0.005317  0.000761
1888  -0.013435  0.006596  0.000224
1889  0.024683  -0.059103  0.004102
1890  0.018942  0.034640  0.001559
1891  -0.004207  0.004344  0.000037
1892  -0.027584  0.027799  0.001534
1893  -0.013842  0.001226  0.000193
1894  0.028098  -0.029116  0.001637
1895  -0.041860  -0.030980  0.002712
1896  -0.006463  0.029105  0.000889
1897  0.003164  -0.020491  0.000430
1898  -0.012105  0.008345  0.000216
1899  -0.029072  -0.017473  0.001150
1900  -0.003176  0.007692  0.000069
1901  0.010223  0.029126  0.000953
1902  0.020215  -0.020055  0.000811
1903  0.007906  -0.020092  0.000466
1904  0.023322  0.007597  0.000602
1905  0.021042  0.017757  0.000758
1906  0.020130  -0.049426  0.002848
1907  0.010369  -0.036698  0.001454
1908  0.052174  -0.053480  0.005582
1909  -0.030863  -0.005016  0.000978
1910  0.068979  0.014202  0.004960
1911  -0.005950  0.009992  0.000135
1912  0.015700  -0.017539  0.000554
1913  0.021715  -0.013324  0.000649
1914  -0.022527  0.005763  0.000541
1915  0.028235  -0.006945  0.000845
1916  -0.039396  -0.007490  0.001608
1917  -0.025531  -0.010258  0.000757
1918  -0.011581  -0.011480  0.000266
1919  0.044272  0.033791  0.003102
1920  -0.004046  -0.028587  0.000834
1921  -0.010888  0.014015  0.000315
1922  0.005484  0.003781  0.000044
1923  0.032268  -0.029592  0.001917
1924  -0.006379  0.031642  0.001042
1925  0.002351  -0.036747  0.001356
1926  0.000896  0.005550  0.000032
1927  0.021670  -0.005545  0.000500
1928  0.038851  -0.016978  0.001798
1929  0.057574  -0.014400  0.003522
1930  0.019857  0.047638  0.002664
1931  0.033115  -0.009129  0.001180
1932  0.026357  -0.024215  0.001281
1933  0.058080  -0.011384  0.003503
1934  -0.006091  0.006332  0.000077
1935  0.044453  -0.034245  0.003149
1936  -0.000141  -0.001651  0.000003
1937  0.055844  -0.002804  0.003126
1938  -0.023753  0.010759  0.000680
1939  -0.035967  0.010771  0.001410
1940  -0.031253  0.016443  0.001247
1941  0.017557  -0.010678  0.000422
1942  0.007028  -0.023056  0.000581
1943  0.069783  0.012595  0.005028
1944  -0.018430  0.011020  0.000461
1945  0.051914  0.015585  0.002938
1946  -0.019700  -0.033777  0.001529
1947  -0.004971  -0.046731  0.002208
1948  0.006596  -0.047988  0.002346
1949  -0.010077  0.021791  0.000576
1950  0.066221  -0.008965  0.004466
1951  0.022875  0.006368  0.000564
1952  -0.012131  -0.018510  0.000490
1953  -0.023053  0.025785  0.001196
1954  -0.015465  0.038876  0.001750
1955  0.028242  0.032157  0.001832
1956  -0.010370  -0.001245  0.000109
1957  -0.013924  0.034449  0.001381
1958  0.004253  -0.018636  0.000365
1959  -0.011511  0.008260  0.000201
1960  0.023331  -0.009489  0.000634
1961  0.002823  -0.023101  0.000542
1962  0.046102  -0.026202  0.002812
1963  0.030737  -0.006964  0.000993
1964  0.021882  -0.016584  0.000754
1965  0.014674  -0.006629  0.000259
1966  0.014013  0.017899  0.000517
1967  -0.014526  -0.007124  0.000262
1968  -0.026653  0.010136  0.000813
1969  0.002401  0.025321  0.000647
1970  -0.051794  -0.025219  0.003319
1971  0.018560  0.035142  0.001579
1972  -0.044494  -0.013500  0.002162
1973  -0.048480  -0.056165  0.005505
1974  -0.001705  0.055150  0.003044
1975  -0.063236  0.030068  0.004903
1976  0.000826  -0.002959  0.000009
1977  -0.003600  -0.047914  0.002309
1978  -0.032952  -0.039967  0.002683
1979  -0.009980  -0.035891  0.001388
1980  0.006871  0.023496  0.000599
1981  0.030235  0.042811  0.002747
1982  -0.039267  0.000779  0.001543
1983  0.031805  -0.032324  0.002056
1984  -0.026032  -0.022112  0.001167
1985  -0.029941  -0.011825  0.001036
1986  0.003984  -0.018201  0.000347
1987  0.033652  0.004979  0.001157
1988  -0.033449  0.044642  0.003112
1989  -0.027055  0.047095  0.002950
1990  -0.008815  -0.005454  0.000107
1991  0.009505  -0.040979  0.001770
1992  0.027513  0.025684  0.001417
1993  -0.059737  -0.030631  0.004507
1994  -0.029030  0.006662  0.000887
1995  -0.026057  -0.017746  0.000994
1996  0.042822  -0.014685  0.002049
1997  0.022620  -0.002903  0.000520
1998  -0.044019  -0.015644  0.002182
1999  -0.001356  -0.029114  0.000849
2000  -0.000359  0.018660  0.000348
2001  0.040704  -0.027165  0.002395
2002  -0.037819  0.001572  0.001433
2003  0.013866  0.029283  0.001050
2004  0.029013  0.016455  0.001113
2005  -0.034392  -0.004063  0.001199
2006  0.056378  0.030064  0.004082
2007  -0.025596  0.059363  0.004179
2008  -0.009571  -0.025371  0.000735
2009  -0.000724  0.015809  0.000250
2010  0.029515  -0.020692  0.001299
2011  0.000088  0.005451  0.000030
2012  -0.036061  0.046658  0.003477
2013  0.020395  0.007939  0.000479
2014  -0.002840  -0.034223  0.001179
2015  -0.066193  -0.032892  0.005463
2016  0.016062  0.028012  0.001043
2017  0.004001  -0.072868  0.005326
2018  0.028153  -0.038119  0.002246
2019  -0.001808  -0.038684  0.001500
2020  -0.046486  -0.022671  0.002675
2021  -0.030849  -0.066614  0.005389
2022  -0.020671  0.041691  0.002165
2023  -0.026714  -0.002846  0.000722
2024  -0.052992  0.060579  0.006478
2025  -0.050009  -0.007406  0.002556
2026  0.013650  -0.025293  0.000826
2027  -0.016254  0.014440  0.000473
2028  -0.009338  -0.003080  0.000097
2029  -0.004950  0.032423  0.001076
2030  0.026274  -0.010489  0.000800
2031  0.061913  -0.037010  0.005203
2032  -0.033802  -0.046124  0.003270
2033  0.025705  0.013615  0.000846
2034  0.003582  -0.020468  0.000432
2035  -0.042364  0.044175  0.003746
2036  0.024798  0.005959  0.000650
2037  -0.007971  0.027437  0.000816
2038  0.026242  0.010569  0.000800
2039  0.015593  -0.019750  0.000633
2040  -0.012171  -0.000627  0.000149
2041  0.023743  0.005701  0.000596
2042  -0.032562  -0.082663  0.007893
2043  -0.008750  -0.016655  0.000354
2044  -0.050276  0.002403  0.002533
2045  -0.030742  0.050307  0.003476
2046  0.011711  0.000570  0.000137
2047  -0.020663  0.020246  0.000837
