0  0.007179  -0.155894  0.024354
1  0.091251  0.006256  0.008366
2  -0.059596  -0.059693  0.007115
3  -0.039043  0.029565  0.002398
4  0.022108  -0.109286  0.012432
5  0.055580  0.120981  0.017725
6  -0.000777  -0.034324  0.001179
7  -0.039425  0.158566  0.026698
8  -0.003827  0.032538  0.001073
9  0.084413  -0.116213  0.020631
10  -0.115388  -0.011203  0.013440
11  -0.027720  0.024184  0.001353
12  -0.031350  -0.012286  0.001134
13  -0.052879  -0.078789  0.009004
14  -0.015366  0.002405  0.000242
15  -0.060602  -0.003126  0.003682
16  -0.005487  -0.085478  0.007337
17  0.016638  0.051561  0.002935
18  -0.043038  0.072563  0.007118
19  -0.051484  -0.067056  0.007147
20  0.004830  -0.051083  0.002633
21  -0.048859  -0.026718  0.003101
22  0.012884  -0.007059  0.000216
23  0.047501  -0.077901  0.008325
24  0.053062  0.029576  0.003690
25  -0.075438  -0.030909  0.006646
26  0.047177  -0.114667  0.015374
27  0.074427  -0.080446  0.012011
28  -0.047809  0.004109  0.002303
29  -0.103452  0.041820  0.012451
30  -0.002638  0.015897  0.000260
31  0.010411  0.051943  0.002806
32  -0.002042  0.097239  0.009459
33  0.120438  0.032122  0.015537
34  0.067864  0.159382  0.030008
35  -0.005644  -0.014044  0.000229
36  0.047278  0.079683  0.008585
37  0.004253  -0.061637  0.003817
38  0.033452  -0.007305  0.001172
39  0.014474  -0.083872  0.007244
40  -0.101439  0.035109  0.011522
41  -0.053385  -0.004811  0.002873
42  0.045675  -0.013153  0.002259
43  -0.053394  -0.032439  0.003903
44  -0.133623  0.063851  0.021932
45  -0.012161  0.012220  0.000297
46  -0.038653  0.042021  0.003260
47  -0.034655  0.027774  0.001972
48  -0.042528  -0.097423  0.011300
49  -0.016094  -0.025341  0.000901
50  0.059119  -0.004302  0.003514
51  -0.071750  -0.011292  0.005276
52  0.069726  -0.064634  0.009039
53  0.021644  -0.052923  0.003269
54  -0.107499  0.004400  0.011575
55  0.036291  0.051554  0.003975
56  0.002918  0.005278  0.000036
57  0.086072  0.002458  0.007414
58  0.029147  0.012243  0.000999
59  0.064451  -0.011266  0.004281
60  0.074898  -0.045435  0.007674
61  -0.002488  0.018240  0.000339
62  -0.027863  0.068370  0.005451
63  0.035836  -0.008905  0.001363
64  0.024170  0.021926  0.001065
65  0.006593  -0.030528  0.000975
66  0.045618  0.054414  0.005042
67  0.020201  -0.018045  0.000734
68  0.033276  0.022943  0.001634
69  -0.006602  -0.019304  0.000416
70  0.059870  0.046748  0.005770
71  -0.047238  0.019636  0.002617
72  0.114263  -0.012479  0.013212
73  -0.081465  0.025972  0.007311
74  0.011773  0.054226  0.003079
75  0.000107  -0.023361  0.000546
76  0.060910  0.045697  0.005798
77  0.020025  -0.088378  0.008212
78  0.064746  0.034147  0.005358
79  -0.022398  -0.018080  0.000829
80  0.035593  -0.039890  0.002858
81  -0.081277  -0.019475  0.006985
82  0.003649  0.025304  0.000654
83  -0.015640  -0.074283  0.005763
84  -0.049085  -0.006848  0.002456
85  -0.031309  -0.068767  0.005709
86  0.061296  -0.003470  0.003769
87  0.013105  -0.076634  0.006045
88  0.077137  0.020217  0.006359
89  0.012806  0.041013  0.001846
90  0.065482  -0.060088  0.007898
91  -0.039205  0.030095  0.002443
92  0.005846  0.054199  0.002972
93  0.067720  0.002523  0.004592
94  0.038247  -0.030572  0.002398
95  -0.063421  -0.002477  0.004028
96  0.050302  -0.052066  0.005241
97  -0.020663  0.027709  0.001195
98  0.034019  -0.022929  0.001683
99  0.054831  -0.004063  0.003023
100  -0.038215  0.058275  0.004856
101  0.015719  -0.016565  0.000521
102  0.075672  0.016681  0.006005
103  -0.052391  0.034073  0.003906
104  0.033023  0.053003  0.003900
105  0.015471  -0.072840  0.005545
106  -0.004095  0.037401  0.001416
107  0.050197  -0.015703  0.002766
108  -0.039130  -0.021042  0.001974
109  0.026893  0.005590  0.000754
110  -0.038730  -0.023502  0.002052
111  0.026916  0.044854  0.002736
112  0.009651  -0.001639  0.000096
113  0.065225  0.018043  0.004580
114  0.004778  0.025755  0.000686
115  -0.059859  0.004419  0.003603
116  0.058684  0.020512  0.003865
117  0.067573  0.012100  0.004713
118  0.027823  0.006697  0.000819
119  0.031658  0.001495  0.001004
120  -0.033505  -0.003701  0.001136
121  0.017121  -0.016986  0.000582
122  -0.040475  -0.008446  0.001710
123  0.001299  0.032175  0.001037
124  0.050701  0.004806  0.002594
125  0.046197  -0.025613  0.002790
126  -0.013343  0.001859  0.000181
127  0.010342  -0.004425  0.000127
128  -0.066554  0.011750  0.004568
129  0.012437  -0.004841  0.000178
130  0.016389  0.002653  0.000276
131  0.005361  0.044947  0.002049
132  0.001887  -0.030621  0.000941
133  -0.007345  -0.020928  0.000492
134  0.044119  -0.062420  0.005843
135  0.041882  0.092451  0.010301
136  0.030090  -0.020151  0.001311
137  -0.017972  -0.073040  0.005658
138  0.001666  -0.048832  0.002387
139  -0.011410  -0.007164  0.000182
140  0.017797  0.009828  0.000413
141  -0.013192  0.000988  0.000175
142  0.025947  0.056105  0.003821
143  -0.023440  0.030471  0.001478
144  0.017352  -0.006869  0.000348
145  0.017685  0.095357  0.009406
146  -0.020152  0.044799  0.002413
147  0.022999  -0.027721  0.001297
148  0.041577  0.014118  0.001928
149  -0.023670  0.051084  0.003170
150  0.064178  0.030344  0.005040
151  -0.023138  0.048716  0.002909
152  0.015298  0.012152  0.000382
153  0.007744  -0.001944  0.000064
154  0.006232  0.007892  0.000101
155  -0.017783  0.057630  0.003637
156  0.012271  -0.018166  0.000481
157  -0.019621  -0.013007  0.000554
158  -0.026578  -0.041428  0.002423
159  0.028505  0.014195  0.001014
160  0.020494  0.032852  0.001499
161  0.054516  -0.014399  0.003179
162  0.001408  0.033872  0.001149
163  -0.045377  -0.034208  0.003229
164  -0.020537  -0.029633  0.001300
165  -0.007165  0.009482  0.000141
166  0.000082  -0.015812  0.000250
167  0.013964  0.006025  0.000231
168  0.016513  0.022040  0.000758
169  0.032675  0.033169  0.002168
170  -0.061826  -0.024474  0.004421
171  -0.021568  0.078164  0.006575
172  0.031575  0.051808  0.003681
173  0.005288  -0.025055  0.000656
174  -0.008424  0.021557  0.000536
175  0.040649  -0.011350  0.001781
176  0.017386  0.041403  0.002016
177  0.032169  -0.028068  0.001823
178  -0.001652  -0.013264  0.000179
179  -0.059677  0.034204  0.004731
180  -0.000286  -0.063043  0.003974
181  -0.027196  0.010568  0.000851
182  -0.028265  0.003724  0.000813
183  -0.016414  0.013086  0.000441
184  0.067468  -0.023427  0.005101
185  0.028407  -0.026476  0.001508
186  0.047213  -0.011447  0.002360
187  -0.038363  -0.008298  0.001541
188  -0.008047  -0.003868  0.000080
189  0.037532  0.015484  0.001648
190  -0.023498  0.011492  0.000684
191  0.026958  -0.022359  0.001227
192  -0.063756  -0.001360  0.004067
193  0.034720  -0.033497  0.002328
194  0.026675  -0.017078  0.001003
195  0.004114  -0.055777  0.003128
196  0.017549  -0.004203  0.000326
197  0.020891  -0.006411  0.000478
198  0.029005  0.043238  0.002711
199  0.030467  -0.037029  0.002299
200  -0.019393  0.041436  0.002093
201  0.011035  -0.023955  0.000696
202  0.025737  0.012366  0.000815
203  0.032213  0.052587  0.003803
204  -0.023271  -0.049135  0.002956
205  0.023825  0.010387  0.000676
206  0.036026  -0.041341  0.003007
207  0.022963  0.019653  0.000914
208  -0.045970  0.003724  0.002127
209  0.009259  -0.031067  0.001051
210  0.001490  0.038967  0.001521
211  0.021465  0.013337  0.000639
212  0.000945  0.026465  0.000701
213  0.057900  -0.017691  0.003665
214  0.011365  0.017190  0.000425
215  -0.018232  -0.048844  0.002718
216  0.039724  -0.011035  0.001700
217  -0.003531  -0.018299  0.000347
218  0.001990  0.035979  0.001298
219  -0.004855  -0.027107  0.000758
220  0.015010  -0.003741  0.000239
221  -0.022444  0.016732  0.000784
222  -0.022158  -0.015661  0.000736
223  -0.043101  -0.032896  0.002940
224  0.040274  -0.044368  0.003590
225  0.030384  -0.029611  0.001800
226  0.011721  0.032667  0.001205
227  0.004487  -0.008452  0.000092
228  -0.033733  -0.003468  0.001150
229  0.033204  -0.024015  0.001679
230  -0.002982  0.042389  0.001806
231  -0.014994  -0.027547  0.000984
232  0.029007  -0.008901  0.000921
233  0.004910  0.034149  0.001190
234  -0.015337  -0.006863  0.000282
235  0.057097  0.006244  0.003299
236  0.005614  -0.026969  0.000759
237  -0.021357  0.007712  0.000516
238  -0.002319  -0.025923  0.000677
239  -0.027081  0.006875  0.000781
240  -0.012568  0.000109  0.000158
241  0.030839  -0.028351  0.001755
242  0.011388  0.012124  0.000277
243  -0.006919  0.009933  0.000147
244  0.001701  0.037190  0.001386
245  -0.033667  -0.039776  0.002716
246  0.001260  0.012652  0.000162
247  -0.005817  0.010485  0.000144
248  0.012574  0.043382  0.002040
249  -0.016110  -0.078944  0.006492
250  0.023598  -0.013340  0.000735
251  0.021900  0.012830  0.000644
252  0.005386  -0.031638  0.001030
253  0.032226  -0.009911  0.001137
254  -0.026001  0.043732  0.002589
255  -0.012765  0.006085  0.000200
256  -0.003592  -0.009707  0.000107
257  0.011179  0.002757  0.000133
258  0.002017  0.016085  0.000263
259  0.002054  0.008301  0.000073
260  -0.056829  0.008686  0.003305
261  0.069173  0.001689  0.004788
262  0.020481  0.007136  0.000470
263  -0.039009  -0.021342  0.001977
264  -0.013641  -0.019597  0.000570
265  0.017557  0.028988  0.001149
266  -0.027702  0.006269  0.000807
267  0.037194  0.032955  0.002469
268  0.006929  0.040727  0.001707
269  -0.021160  0.033602  0.001577
270  0.037209  -0.028509  0.002197
271  -0.030887  -0.020967  0.001394
272  0.006082  0.031082  0.001003
273  -0.012327  0.025949  0.000825
274  0.007499  0.002854  0.000064
275  -0.003903  0.009215  0.000100
276  0.037073  0.008816  0.001452
277  0.044672  -0.013563  0.002180
278  0.071024  0.018838  0.005399
279  -0.029318  -0.009294  0.000946
280  -0.023090  0.007086  0.000583
281  0.026810  -0.000696  0.000719
282  0.011357  0.025046  0.000756
283  -0.034363  -0.017506  0.001487
284  -0.008729  0.022556  0.000585
285  0.031566  0.003630  0.001010
286  0.019293  -0.001638  0.000375
287  -0.006376  0.012036  0.000186
288  -0.020340  -0.051289  0.003044
289  0.010020  -0.024064  0.000679
290  -0.009765  -0.061863  0.003922
291  0.001502  0.027690  0.000769
292  0.051143  0.017749  0.002931
293  -0.004766  -0.016196  0.000285
294  -0.053735  -0.014116  0.003087
295  0.000588  0.027974  0.000783
296  0.056444  0.016911  0.003472
297  -0.007324  0.025342  0.000696
298  0.009314  -0.018847  0.000442
299  -0.004159  0.012327  0.000169
300  -0.014117  0.016333  0.000466
301  -0.010976  0.003132  0.000130
302  -0.023861  -0.024139  0.001152
303  0.029926  -0.021618  0.001363
304  -0.011849  0.008574  0.000214
305  0.009082  -0.002942  0.000091
306  -0.006327  0.019768  0.000431
307  -0.009610  0.011977  0.000236
308  -0.005388  -0.012101  0.000175
309  -0.002721  -0.019307  0.000380
310  -0.009723  0.023928  0.000667
311  -0.002851  0.000165  0.000008
312  -0.026662  -0.030983  0.001671
313  0.015679  -0.042403  0.002044
314  0.005463  0.010064  0.000131
315  0.013480  0.006186  0.000220
316  0.030544  -0.055785  0.004045
317  0.015938  0.000686  0.000254
318  0.043810  0.017528  0.002227
319  0.012769  -0.024014  0.000740
320  -0.003825  -0.030058  0.000918
321  0.027415  -0.013118  0.000924
322  -0.008647  0.027126  0.000811
323  0.012843  -0.040816  0.001831
324  -0.014837  0.021240  0.000671
325  -0.013072  0.030467  0.001099
326  0.021508  0.003991  0.000479
327  -0.001594  -0.025937  0.000675
328  0.032638  -0.005448  0.001095
329  0.027612  0.019721  0.001151
330  -0.052088  -0.009264  0.002799
331  0.024786  0.012246  0.000764
332  -0.028244  0.018816  0.001152
333  0.000422  -0.028594  0.000818
334  0.031532  -0.019335  0.001368
335  0.004757  0.012727  0.000185
336  0.007570  -0.045730  0.002149
337  0.011243  -0.039696  0.001702
338  0.051530  -0.017485  0.002961
339  -0.007966  -0.028956  0.000902
340  -0.012143  0.017157  0.000442
341  -0.021493  -0.007330  0.000516
342  0.037463  0.032262  0.002444
343  0.034891  -0.006513  0.001260
344  -0.013164  -0.051747  0.002851
345  -0.004532  -0.042083  0.001792
346  -0.023875  0.045495  0.002640
347  0.023793  0.028113  0.001356
348  0.025096  0.019313  0.001003
349  0.016995  0.046307  0.002433
350  -0.000162  0.059344  0.003522
351  0.041322  -0.005944  0.001743
352  0.020795  -0.026665  0.001143
353  0.033341  -0.011472  0.001243
354  -0.015325  -0.056921  0.003475
355  0.022088  0.031736  0.001495
356  0.004684  -0.009171  0.000106
357  -0.006108  -0.036172  0.001346
358  0.022798  -0.010533  0.000631
359  -0.009554  -0.049630  0.002554
360  0.044516  -0.006806  0.002028
361  0.025043  -0.031946  0.001648
362  -0.017931  -0.017648  0.000633
363  0.027744  -0.036448  0.002098
364  0.008155  -0.020439  0.000484
365  -0.029809  -0.016745  0.001169
366  0.033280  -0.002985  0.001116
367  -0.008070  -0.009774  0.000161
368  0.017003  -0.010995  0.000410
369  -0.007947  0.018869  0.000419
370  0.047058  -0.005922  0.002250
371  0.009656  -0.028687  0.000916
372  0.005584  0.021580  0.000497
373  -0.011371  -0.024307  0.000720
374  0.031334  0.005769  0.001015
375  0.046481  -0.028196  0.002956
376  0.043745  -0.016784  0.002195
377  -0.013710  -0.006124  0.000225
378  0.002331  -0.012169  0.000154
379  -0.018800  -0.008213  0.000421
380  0.021601  0.000582  0.000467
381  0.018753  -0.014575  0.000564
382  -0.037834  -0.018622  0.001778
383  0.027231  0.041826  0.002491
384  0.007295  0.027508  0.000810
385  0.034273  0.003371  0.001186
386  0.016238  -0.001484  0.000266
387  -0.002168  -0.040432  0.001639
388  -0.014187  0.039451  0.001758
389  -0.013387  0.027440  0.000932
390  0.031654  0.008934  0.001082
391  0.064089  0.024464  0.004706
392  0.012003  -0.020384  0.000560
393  -0.000563  0.003038  0.000010
394  -0.040740  0.003844  0.001675
395  -0.010667  -0.029336  0.000974
396  -0.008334  -0.041066  0.001756
397  0.012171  0.007375  0.000203
398  0.037923  -0.001266  0.001440
399  -0.013978  -0.038673  0.001691
400  0.007508  0.028703  0.000880
401  0.033655  0.003174  0.001143
402  -0.009859  0.027707  0.000865
403  0.025538  -0.028635  0.001472
404  0.016875  -0.016820  0.000568
405  0.016232  0.005640  0.000295
406  0.075016  -0.049525  0.008080
407  -0.009851  0.016905  0.000383
408  0.029855  -0.030765  0.001838
409  -0.021282  0.001753  0.000456
410  -0.013555  -0.003643  0.000197
411  0.009692  -0.046725  0.002277
412  0.002346  -0.037280  0.001395
413  -0.018640  -0.016059  0.000605
414  0.006666  -0.041279  0.001748
415  0.039186  -0.051955  0.004235
416  0.000236  -0.016200  0.000262
417  -0.006372  0.000858  0.000041
418  0.031284  0.014585  0.001191
419  -0.021997  -0.020841  0.000918
420  -0.053006  0.001135  0.002811
421  -0.016336  -0.002169  0.000272
422  0.023879  0.030369  0.001492
423  0.012707  0.020437  0.000579
424  0.000023  0.018334  0.000336
425  0.003476  0.000265  0.000012
426  0.015266  -0.040726  0.001892
427  -0.006905  0.022116  0.000537
428  0.011732  -0.012660  0.000298
429  0.024079  0.015350  0.000815
430  0.024252  0.035257  0.001831
431  0.004217  0.003393  0.000029
432  -0.021653  -0.017352  0.000770
433  0.035644  0.005890  0.001305
434  0.000839  -0.003973  0.000016
435  0.004185  -0.026550  0.000722
436  0.020938  -0.010275  0.000544
437  -0.006079  -0.035154  0.001273
438  0.021092  -0.040194  0.002060
439  -0.003236  0.022320  0.000509
440  0.002305  -0.007929  0.000068
441  0.007746  -0.022948  0.000587
442  0.026249  0.024975  0.001313
443  -0.010449  0.024704  0.000719
444  0.006153  0.008866  0.000116
445  -0.004694  -0.007882  0.000084
446  0.020623  0.014969  0.000649
447  -0.006445  -0.040150  0.001654
448  0.025274  0.000405  0.000639
449  -0.007321  -0.021637  0.000522
450  0.012780  -0.011933  0.000306
451  -0.007422  -0.003560  0.000068
452  0.035353  0.023295  0.001793
453  0.019457  0.013699  0.000566
454  -0.003593  0.012577  0.000171
455  -0.011047  -0.052572  0.002886
456  0.013104  0.003282  0.000182
457  -0.010960  -0.005895  0.000155
458  0.030317  -0.041064  0.002605
459  0.013421  -0.005732  0.000213
460  -0.007516  -0.020313  0.000469
461  -0.006866  0.000143  0.000047
462  -0.025792  -0.020667  0.001092
463  0.003889  -0.007383  0.000070
464  0.008687  0.014344  0.000281
465  0.034160  -0.017952  0.001489
466  0.004353  0.008165  0.000086
467  0.010589  -0.012106  0.000259
468  -0.019752  -0.009089  0.000473
469  -0.025585  0.032999  0.001744
470  0.040723  0.001565  0.001661
471  -0.022484  0.009708  0.000600
472  0.021028  -0.006977  0.000491
473  0.030820  0.016226  0.001213
474  -0.038595  -0.032362  0.002537
475  0.026816  -0.006434  0.000761
476  -0.003587  -0.000377  0.000013
477  0.033745  -0.003330  0.001150
478  0.029311  -0.001464  0.000861
479  0.028780  0.012687  0.000989
480  0.008568  -0.008596  0.000147
481  -0.026274  -0.000012  0.000690
482  0.023886  -0.002563  0.000577
483  0.004652  0.007862  0.000083
484  -0.036146  0.057490  0.004612
485  -0.010320  -0.026739  0.000821
486  0.005802  -0.001285  0.000035
487  -0.034506  -0.001775  0.001194
488  0.023132  0.012906  0.000702
489  -0.004129  -0.026964  0.000744
490  0.022084  0.034251  0.001661
491  -0.006536  0.020281  0.000454
492  0.011432  -0.005435  0.000160
493  0.010988  0.011364  0.000250
494  0.012865  -0.017849  0.000484
495  0.015117  0.007046  0.000278
496  0.028158  0.004563  0.000814
497  0.036763  0.027344  0.002099
498  0.060220  0.002046  0.003631
499  -0.036706  0.042309  0.003137
500  -0.020558  -0.041732  0.002164
501  -0.006040  0.005664  0.000069
502  0.012677  -0.019050  0.000524
503  0.005161  -0.045259  0.002075
504  0.003318  -0.001214  0.000012
505  0.015693  0.002095  0.000251
506  0.005807  -0.046048  0.002154
507  -0.002620  -0.030428  0.000933
508  0.012793  -0.014327  0.000369
509  0.008881  -0.029696  0.000961
510  -0.012801  0.005831  0.000198
511  -0.007216  -0.011224  0.000178
512  0.007006  -0.020493  0.000469
513  -0.001747  0.035436  0.001259
514  0.007918  0.018889  0.000419
515  0.024174  -0.010541  0.000696
516  0.003654  -0.012612  0.000172
517  -0.006007  -0.007299  0.000089
518  0.000320  0.023970  0.000575
519  -0.007291  0.015284  0.000287
520  -0.005114  0.006866  0.000073
521  0.025981  -0.034141  0.001841
522  0.000421  0.005142  0.000027
523  0.036072  -0.010443  0.001410
524  -0.015702  -0.042229  0.002030
525  -0.010150  0.042255  0.001889
526  0.011409  -0.016787  0.000412
527  0.037359  -0.027231  0.002137
528  0.004313  0.008045  0.000083
529  0.020153  -0.007168  0.000458
530  0.010007  0.006713  0.000145
531  0.012830  0.008709  0.000240
532  0.020192  -0.006471  0.000450
533  0.018930  -0.009442  0.000448
534  -0.000780  0.002655  0.000008
535  -0.003250  -0.019576  0.000394
536  -0.004582  -0.034786  0.001231
537  -0.012548  -0.046968  0.002363
538  -0.031125  -0.032011  0.001993
539  0.010709  -0.023103  0.000648
540  0.025105  0.000537  0.000631
541  0.014995  -0.021166  0.000673
542  -0.010233  -0.013150  0.000278
543  -0.027796  -0.002444  0.000779
544  -0.020088  0.029746  0.001288
545  0.001092  -0.004347  0.000020
546  0.015820  0.029124  0.001098
547  0.011234  0.002663  0.000133
548  -0.016032  -0.009194  0.000342
549  -0.015944  -0.043834  0.002176
550  0.010407  -0.008898  0.000187
551  0.000553  0.012088  0.000146
552  -0.012270  0.014726  0.000367
553  -0.004039  -0.022301  0.000514
554  0.012020  -0.027424  0.000897
555  -0.021063  -0.030542  0.001376
556  -0.052085  0.029113  0.003560
557  -0.005167  -0.005780  0.000060
558  0.027468  -0.029977  0.001653
559  0.005950  0.041407  0.001750
560  0.022901  -0.028085  0.001313
561  0.033713  0.022618  0.001648
562  0.003205  0.000246  0.000010
563  0.033255  0.006758  0.001152
564  -0.015707  0.006331  0.000287
565  -0.013470  0.018730  0.000532
566  -0.030183  0.016002  0.001167
567  0.002646  -0.019426  0.000384
568  -0.014468  0.019552  0.000592
569  -0.014952  0.031077  0.001189
570  0.003922  0.007093  0.000066
571  0.025982  -0.000948  0.000676
572  -0.038288  0.031971  0.002488
573  0.004449  -0.021787  0.000494
574  -0.005342  0.034048  0.001188
575  0.013165  -0.002144  0.000178
576  -0.027374  -0.011710  0.000886
577  0.010012  -0.019403  0.000477
578  0.034056  -0.015677  0.001406
579  -0.005789  0.001975  0.000037
580  0.004963  -0.004975  0.000049
581  0.015872  0.008887  0.000331
582  0.004306  -0.042276  0.001806
583  0.003622  -0.010961  0.000133
584  -0.027257  0.015723  0.000990
585  0.020963  -0.015942  0.000694
586  0.022745  0.038058  0.001966
587  0.010202  0.019715  0.000493
588  0.009833  -0.011932  0.000239
589  -0.003438  -0.021001  0.000453
590  0.001187  -0.015517  0.000242
591  -0.009281  -0.000612  0.000087
592  0.010599  -0.036664  0.001457
593  0.027091  0.023182  0.001271
594  0.001293  0.013336  0.000180
595  0.009244  -0.018682  0.000434
596  0.005878  0.029309  0.000894
597  -0.011582  0.025170  0.000768
598  0.000769  0.008610  0.000075
599  0.037825  -0.033755  0.002570
600  -0.005396  -0.018851  0.000384
601  -0.041957  -0.002696  0.001768
602  0.025877  -0.014154  0.000870
603  -0.009211  -0.011227  0.000211
604  -0.020068  -0.012821  0.000567
605  -0.014098  -0.012934  0.000366
606  0.007390  -0.004730  0.000077
607  0.002751  -0.056458  0.003195
608  0.007154  0.032588  0.001113
609  -0.014235  -0.004914  0.000227
610  0.007815  0.006997  0.000110
611  -0.006564  0.004090  0.000060
612  -0.033296  -0.000237  0.001109
613  0.008942  0.010293  0.000186
614  0.012277  0.000309  0.000151
615  -0.026199  0.031684  0.001690
616  0.029342  0.042771  0.002690
617  0.018968  0.011305  0.000488
618  -0.012410  -0.020299  0.000566
619  0.011674  -0.014166  0.000337
620  0.025517  -0.011337  0.000780
621  -0.019499  0.010544  0.000491
622  -0.013144  -0.017815  0.000490
623  -0.020300  0.018051  0.000738
624  -0.010504  0.018044  0.000436
625  0.005514  -0.007991  0.000094
626  0.011052  -0.006845  0.000169
627  -0.020101  0.035133  0.001638
628  0.010679  -0.002799  0.000122
629  -0.008197  -0.008515  0.000140
630  0.005541  0.001663  0.000033
631  0.021909  -0.023387  0.001027
632  0.023415  -0.003134  0.000558
633  -0.016972  0.005924  0.000323
634  -0.000416  -0.021752  0.000473
635  -0.026529  -0.019611  0.001088
636  0.004908  0.002332  0.000030
637  0.000466  -0.012351  0.000153
638  0.023028  0.004650  0.000552
639  -0.021526  0.034880  0.001680
640  0.012151  -0.024618  0.000754
641  -0.000601  0.001310  0.000002
642  0.005749  -0.000189  0.000033
643  0.005843  0.036621  0.001375
644  -0.009331  -0.016511  0.000360
645  0.017463  -0.021443  0.000765
646  0.000615  0.016624  0.000277
647  0.014550  -0.022976  0.000740
648  0.055419  -0.014724  0.003288
649  0.017917  0.004491  0.000341
650  -0.016047  0.014572  0.000470
651  0.005373  -0.017204  0.000325
652  0.036527  0.021435  0.001794
653  -0.030311  -0.024659  0.001527
654  -0.031437  -0.003212  0.000999
655  0.019804  -0.012443  0.000547
656  0.007279  0.015007  0.000278
657  0.014708  0.051086  0.002826
658  0.014588  -0.009201  0.000297
659  -0.017432  0.058862  0.003769
660  0.038167  -0.023516  0.002010
661  -0.003545  -0.002715  0.000020
662  -0.039864  0.006702  0.001634
663  -0.004567  0.010048  0.000122
664  -0.000638  -0.013702  0.000188
665  -0.023521  0.000958  0.000554
666  0.029161  -0.018299  0.001185
667  0.036266  -0.016877  0.001600
668  0.011524  0.001115  0.000134
669  -0.001302  -0.004919  0.000026
670  -0.032432  -0.018208  0.001383
671  0.008464  0.031105  0.001039
672  0.002181  0.033027  0.001096
673  0.008906  0.027518  0.000837
674  0.010135  0.001363  0.000105
675  0.013407  -0.001263  0.000181
676  -0.003976  0.019535  0.000397
677  -0.022324  0.020917  0.000936
678  0.058640  -0.008852  0.003517
679  0.026178  0.011309  0.000813
680  0.039681  -0.006529  0.001617
681  0.004454  0.001619  0.000022
682  0.044286  -0.036004  0.003258
683  -0.011154  -0.030019  0.001026
684  0.027804  0.002097  0.000777
685  -0.007452  0.019592  0.000439
686  -0.017130  -0.060244  0.003923
687  -0.009195  -0.017606  0.000395
688  0.017647  -0.010804  0.000428
689  0.005456  0.005403  0.000059
690  0.008763  0.011434  0.000208
691  0.006589  -0.032707  0.001113
692  -0.009701  -0.027404  0.000845
693  0.030018  0.000206  0.000901
694  -0.005526  -0.009752  0.000126
695  0.005684  0.016943  0.000319
696  0.006822  -0.006335  0.000087
697  -0.000683  0.002269  0.000006
698  0.048572  -0.022173  0.002851
699  -0.001174  -0.047414  0.002249
700  -0.012879  0.036397  0.001491
701  0.027632  -0.006495  0.000806
702  0.038148  0.008292  0.001524
703  0.016498  -0.021447  0.000732
704  -0.010523  -0.012460  0.000266
705  -0.002069  -0.022729  0.000521
706  -0.022357  -0.023370  0.001046
707  0.005510  -0.009498  0.000121
708  0.001660  -0.003665  0.000016
709  0.037766  0.002120  0.001431
710  -0.014563  -0.011371  0.000341
711  0.007952  -0.040521  0.001705
712  0.022384  -0.010413  0.000609
713  0.012148  -0.026427  0.000846
714  -0.011098  -0.018733  0.000474
715  0.013616  -0.019080  0.000549
716  0.020107  0.033225  0.001508
717  0.020188  -0.023261  0.000949
718  0.010189  -0.008013  0.000168
719  0.018231  0.011524  0.000465
720  0.002818  0.007287  0.000061
721  -0.007429  -0.026268  0.000745
722  0.021920  0.003819  0.000495
723  0.038802  0.002213  0.001511
724  -0.007893  0.019360  0.000437
725  0.023449  -0.013054  0.000720
726  0.020309  -0.012397  0.000566
727  -0.028749  0.012285  0.000977
728  -0.016122  -0.016463  0.000531
729  0.019348  0.000071  0.000374
730  -0.040286  0.008867  0.001702
731  0.004189  -0.017657  0.000329
732  0.017819  -0.015343  0.000553
733  -0.019185  0.013144  0.000541
734  -0.016260  -0.006796  0.000311
735  0.001461  -0.012663  0.000162
736  0.012122  -0.002581  0.000154
737  -0.023935  -0.014976  0.000797
738  -0.009175  -0.025781  0.000749
739  -0.033566  -0.002720  0.001134
740  0.003432  0.024096  0.000592
741  -0.003950  -0.007534  0.000072
742  -0.007931  0.009029  0.000144
743  -0.015055  -0.047996  0.002530
744  -0.009975  -0.007300  0.000153
745  -0.010234  0.016374  0.000373
746  0.000705  -0.023258  0.000541
747  0.040553  -0.009603  0.001737
748  0.005828  0.042502  0.001840
749  -0.025476  0.018404  0.000988
750  0.022452  -0.019131  0.000870
751  -0.041970  0.026211  0.002448
752  -0.005109  -0.007826  0.000087
753  0.027001  -0.019607  0.001113
754  0.017729  0.012994  0.000483
755  -0.017756  -0.024591  0.000920
756  0.001888  -0.019411  0.000380
757  -0.027723  -0.016247  0.001033
758  -0.039817  -0.008479  0.001657
759  -0.020972  0.023111  0.000974
760  -0.002039  -0.027785  0.000776
761  0.001111  -0.028852  0.000834
762  -0.011542  0.017621  0.000444
763  -0.021842  -0.022914  0.001002
764  0.002598  -0.015445  0.000245
765  0.011489  -0.044159  0.002082
766  0.008431  0.009089  0.000154
767  -0.001942  0.022842  0.000526
768  0.011943  0.012694  0.000304
769  -0.010713  0.003675  0.000128
770  0.015619  0.017581  0.000553
771  0.019615  -0.038193  0.001843
772  0.028196  -0.019549  0.001177
773  -0.003450  -0.021126  0.000458
774  0.026076  0.007817  0.000741
775  -0.022882  -0.001526  0.000526
776  -0.011591  -0.006320  0.000174
777  0.010293  -0.003611  0.000119
778  0.010085  -0.004431  0.000121
779  0.037356  -0.007648  0.001454
780  0.021750  -0.008627  0.000547
781  0.029165  0.001510  0.000853
782  0.001815  0.034518  0.001195
783  -0.020954  -0.035551  0.001703
784  0.025528  -0.030580  0.001587
785  0.010935  0.005363  0.000148
786  -0.029820  -0.002444  0.000895
787  0.005747  0.015255  0.000266
788  0.039427  -0.007956  0.001618
789  0.011062  -0.025332  0.000764
790  0.006033  0.017945  0.000358
791  -0.005244  0.013177  0.000201
792  -0.015613  -0.024188  0.000829
793  0.007243  -0.049636  0.002516
794  0.001209  -0.014435  0.000210
795  -0.000748  -0.026316  0.000693
796  -0.026273  0.010650  0.000804
797  0.021748  -0.000588  0.000473
798  -0.002407  0.017503  0.000312
799  0.004077  0.014131  0.000216
800  0.016169  -0.053190  0.003091
801  0.030414  -0.004219  0.000943
802  0.000139  -0.023504  0.000552
803  -0.021510  0.013821  0.000654
804  0.011050  0.003359  0.000133
805  -0.008601  -0.016044  0.000331
806  -0.004531  -0.013215  0.000195
807  -0.005580  0.006864  0.000078
808  0.003266  -0.016974  0.000299
809  0.026675  -0.010043  0.000812
810  0.013248  -0.019259  0.000546
811  0.017753  -0.018308  0.000650
812  0.028580  -0.013839  0.001008
813  0.054119  0.001623  0.002931
814  -0.015680  -0.027148  0.000983
815  0.011615  -0.008676  0.000210
816  -0.024984  -0.009082  0.000707
817  -0.012418  -0.036117  0.001459
818  0.022374  -0.020271  0.000911
819  -0.022487  -0.026358  0.001200
820  0.023759  -0.016594  0.000840
821  -0.002190  0.013428  0.000185
822  -0.014921  -0.030650  0.001162
823  0.029186  -0.006159  0.000890
824  0.001380  0.010295  0.000108
825  -0.011232  -0.001416  0.000128
826  0.024633  0.008679  0.000682
827  0.045138  0.003647  0.002051
828  0.012049  0.001445  0.000147
829  0.002363  0.016959  0.000293
830  -0.001289  -0.015084  0.000229
831  0.007378  -0.005514  0.000085
832  0.020084  0.014806  0.000623
833  -0.000117  0.015302  0.000234
834  0.004542  -0.010848  0.000138
835  0.010532  -0.011017  0.000232
836  0.001358  0.000909  0.000003
837  -0.000445  -0.020718  0.000429
838  0.038630  0.017340  0.001793
839  0.012710  0.008442  0.000233
840  0.015807  -0.017863  0.000569
841  -0.004159  0.007458  0.000073
842  -0.013117  -0.004067  0.000189
843  0.007918  -0.008832  0.000141
844  -0.013516  0.006957  0.000231
845  -0.007572  -0.007322  0.000111
846  0.020462  -0.009013  0.000500
847  0.013209  0.021006  0.000616
848  0.017395  -0.008924  0.000382
849  -0.008800  -0.013129  0.000250
850  -0.036096  0.010756  0.001419
851  0.069182  0.001569  0.004789
852  -0.015477  -0.010353  0.000347
853  -0.005640  -0.013776  0.000222
854  0.017995  0.006578  0.000367
855  0.011620  -0.031501  0.001127
856  0.036192  0.007155  0.001361
857  0.013408  0.011028  0.000301
858  -0.014694  0.005783  0.000249
859  -0.034186  -0.003597  0.001182
860  0.035773  -0.018623  0.001627
861  -0.042699  0.023361  0.002369
862  0.008977  -0.002463  0.000087
863  0.005295  -0.021374  0.000485
864  -0.019477  -0.011006  0.000501
865  0.008932  0.017709  0.000393
866  -0.020582  -0.010011  0.000524
867  -0.030377  -0.031497  0.001915
868  0.017067  -0.022130  0.000781
869  -0.019578  -0.019669  0.000770
870  0.032513  0.043582  0.002956
871  -0.008320  -0.031679  0.001073
872  -0.023765  -0.002913  0.000573
873  0.040389  -0.018128  0.001960
874  -0.015279  0.020522  0.000655
875  -0.018514  0.012948  0.000510
876  0.020010  -0.012927  0.000567
877  -0.011863  -0.007191  0.000192
878  -0.005163  0.014658  0.000241
879  0.018844  0.007290  0.000408
880  0.018876  -0.022822  0.000877
881  -0.004418  0.008634  0.000094
882  -0.015534  -0.020107  0.000646
883  -0.025305  -0.053312  0.003482
884  0.009205  0.013782  0.000275
885  -0.021858  0.012161  0.000626
886  0.013721  -0.011747  0.000326
887  0.029106  -0.008898  0.000926
888  0.024447  -0.010387  0.000706
889  0.002300  -0.006896  0.000053
890  -0.000082  -0.010560  0.000112
891  -0.012673  -0.016941  0.000448
892  0.015505  0.003005  0.000249
893  -0.033684  0.016189  0.001397
894  0.013566  -0.006579  0.000227
895  -0.014730  -0.008313  0.000286
896  0.009451  0.006412  0.000130
897  -0.027125  -0.005566  0.000767
898  0.007611  0.011205  0.000183
899  -0.002561  -0.021064  0.000450
900  -0.002922  -0.002843  0.000017
901  0.044183  0.008103  0.002018
902  -0.024284  0.008967  0.000670
903  -0.012816  -0.023642  0.000723
904  -0.026016  -0.044560  0.002662
905  -0.013942  0.006672  0.000239
906  -0.004532  -0.018253  0.000354
907  -0.007879  -0.001830  0.000065
908  0.020154  -0.010287  0.000512
909  -0.041110  -0.049674  0.004158
910  0.043007  0.017294  0.002149
911  -0.021354  -0.040290  0.002079
912  -0.011552  -0.028891  0.000968
913  0.019840  0.000837  0.000394
914  0.034370  -0.006275  0.001221
915  0.010349  0.004641  0.000129
916  0.028875  -0.033192  0.001935
917  -0.000141  0.017714  0.000314
918  0.023158  0.002946  0.000545
919  -0.005978  -0.012623  0.000195
920  0.020209  -0.019119  0.000774
921  0.015669  0.035542  0.001509
922  0.001788  -0.000240  0.000003
923  0.054716  0.004449  0.003014
924  0.022459  -0.010458  0.000614
925  0.019127  -0.023438  0.000915
926  0.002484  0.027098  0.000740
927  -0.011421  0.005117  0.000157
928  -0.006257  -0.029860  0.000931
929  0.008388  0.037173  0.001452
930  0.015219  -0.007888  0.000294
931  0.011834  -0.004033  0.000156
932  0.022113  0.026903  0.001213
933  0.009616  -0.035353  0.001342
934  0.012115  -0.009722  0.000241
935  -0.010454  -0.025679  0.000769
936  -0.037806  -0.004237  0.001447
937  -0.034631  0.016114  0.001459
938  -0.009262  -0.007789  0.000146
939  0.002317  0.015678  0.000251
940  -0.007286  -0.022682  0.000568
941  0.033273  0.039147  0.002640
942  -0.046094  -0.006198  0.002163
943  0.008190  -0.023878  0.000637
944  0.013187  -0.030984  0.001134
945  -0.050550  0.017376  0.002857
946  0.020922  -0.017549  0.000746
947  0.020584  -0.002726  0.000431
948  -0.053023  0.014707  0.003028
949  -0.025516  0.016569  0.000926
950  0.023900  -0.009438  0.000660
951  0.011048  -0.013963  0.000317
952  0.004848  -0.020727  0.000453
953  -0.011060  -0.005795  0.000156
954  -0.004516  -0.009595  0.000112
955  0.000335  -0.020757  0.000431
956  0.004645  -0.010696  0.000136
957  -0.004357  0.005403  0.000048
958  -0.020442  -0.001922  0.000422
959  0.007262  0.024846  0.000670
960  0.013194  0.008781  0.000251
961  0.026173  -0.000534  0.000685
962  -0.009030  0.001049  0.000083
963  -0.026551  0.009046  0.000787
964  0.000578  -0.013159  0.000173
965  -0.032083  -0.040385  0.002660
966  0.019713  -0.079582  0.006722
967  -0.015094  0.065325  0.004495
968  0.005489  -0.027400  0.000781
969  0.022740  -0.027853  0.001293
970  0.002664  0.008260  0.000075
971  0.007144  -0.004214  0.000069
972  -0.007132  -0.000766  0.000051
973  0.020654  0.006784  0.000473
974  -0.006969  -0.000370  0.000049
975  -0.012442  -0.010888  0.000273
976  -0.006463  0.003294  0.000053
977  0.035268  -0.022820  0.001765
978  -0.009375  0.003597  0.000101
979  -0.015655  0.001355  0.000247
980  -0.049354  -0.008841  0.002514
981  0.002473  0.031388  0.000991
982  0.003259  -0.048721  0.002384
983  -0.000787  -0.031968  0.001023
984  0.027468  -0.010942  0.000874
985  -0.046261  -0.039135  0.003672
986  0.012112  -0.007889  0.000209
987  -0.001901  -0.019310  0.000376
988  0.020104  -0.005205  0.000431
989  -0.026473  -0.031849  0.001715
990  0.022134  -0.000934  0.000491
991  -0.001197  -0.004570  0.000022
992  -0.016854  -0.004971  0.000309
993  0.028274  0.000347  0.000800
994  0.036403  0.013705  0.001513
995  -0.014566  -0.021447  0.000672
996  0.034944  0.029010  0.002063
997  -0.014297  -0.012374  0.000358
998  -0.028390  0.018456  0.001147
999  0.029792  -0.046770  0.003075
1000  0.004205  -0.001693  0.000021
1001  -0.022040  -0.009356  0.000573
1002  0.021033  0.000708  0.000443
1003  0.005003  0.010832  0.000142
1004  0.014878  0.036426  0.001548
1005  0.024385  -0.017090  0.000887
1006  0.013145  -0.006557  0.000216
1007  -0.001208  0.025839  0.000669
1008  -0.023124  -0.064856  0.004741
1009  -0.034305  0.037515  0.002584
1010  -0.010811  -0.004493  0.000137
1011  -0.003747  0.005628  0.000046
1012  0.001288  -0.017962  0.000324
1013  0.000628  -0.016053  0.000258
1014  0.045753  -0.029129  0.002942
1015  0.019328  0.012371  0.000527
1016  -0.002590  -0.008012  0.000071
1017  -0.008026  0.008898  0.000144
1018  -0.021336  -0.048778  0.002834
1019  -0.009011  0.011107  0.000205
1020  0.040266  -0.010592  0.001734
1021  -0.005551  0.011489  0.000163
1022  -0.030135  -0.015536  0.001149
1023  0.009312  0.011636  0.000222
1024  0.032182  -0.031556  0.002031
1025  0.026194  -0.020141  0.001092
1026  0.018063  0.012544  0.000484
1027  0.003924  -0.025564  0.000669
1028  0.027373  0.011917  0.000891
1029  0.009292  0.005580  0.000117
1030  0.010395  0.008345  0.000178
1031  0.023729  -0.032981  0.001651
1032  -0.000008  0.014177  0.000201
1033  0.004725  -0.036632  0.001364
1034  -0.016068  -0.028809  0.001088
1035  0.007084  -0.006557  0.000093
1036  0.016743  -0.008317  0.000349
1037  -0.012327  0.016516  0.000425
1038  -0.046494  -0.019794  0.002553
1039  -0.014384  -0.006706  0.000252
1040  -0.009867  -0.048595  0.002459
1041  0.012679  -0.001225  0.000162
1042  -0.009956  -0.017999  0.000423
1043  -0.032774  -0.003120  0.001084
1044  0.006076  -0.001355  0.000039
1045  0.012741  0.032891  0.001244
1046  -0.067707  0.021416  0.005043
1047  -0.019455  -0.036896  0.001740
1048  -0.012836  0.008681  0.000240
1049  0.018293  -0.022480  0.000840
1050  -0.003358  0.008598  0.000085
1051  0.008801  -0.025409  0.000723
1052  0.023181  -0.004028  0.000554
1053  -0.030681  -0.016938  0.001228
1054  0.010483  0.024173  0.000694
1055  -0.011782  0.009549  0.000230
1056  -0.032272  0.005479  0.001071
1057  -0.018340  0.019622  0.000721
1058  0.023129  0.017789  0.000851
1059  -0.008673  0.025613  0.000731
1060  0.031645  -0.009950  0.001100
1061  0.006196  -0.036558  0.001375
1062  -0.005637  -0.029229  0.000886
1063  0.006655  0.009352  0.000132
1064  0.034810  -0.018322  0.001547
1065  0.026631  -0.019689  0.001097
1066  0.021413  0.021987  0.000942
1067  -0.023426  0.004568  0.000570
1068  -0.040703  0.007471  0.001713
1069  0.004842  -0.004995  0.000048
1070  0.011600  0.013823  0.000326
1071  -0.014008  0.005083  0.000222
1072  0.000635  0.000515  0.000001
1073  -0.005399  -0.009163  0.000113
1074  -0.009271  0.026067  0.000765
1075  0.009119  -0.007749  0.000143
1076  -0.005718  0.005691  0.000065
1077  0.019237  -0.016860  0.000654
1078  -0.019479  -0.003325  0.000391
1079  0.013278  -0.019022  0.000538
1080  -0.007877  -0.004322  0.000081
1081  -0.016548  0.035180  0.001511
1082  -0.007739  -0.036481  0.001391
1083  -0.000388  0.034007  0.001157
1084  0.039192  0.008543  0.001609
1085  -0.024624  0.003249  0.000617
1086  0.031107  -0.017377  0.001270
1087  0.001878  0.047116  0.002223
1088  0.029250  0.044061  0.002797
1089  0.001589  0.026542  0.000707
1090  0.011339  -0.003805  0.000143
1091  0.008077  -0.007085  0.000115
1092  -0.024607  -0.030625  0.001543
1093  0.020457  -0.014553  0.000630
1094  0.009069  -0.019353  0.000457
1095  0.010096  -0.002018  0.000106
1096  0.033844  -0.015510  0.001386
1097  0.021102  -0.040579  0.002092
1098  -0.018428  0.002102  0.000344
1099  -0.013250  -0.044829  0.002185
1100  -0.033465  -0.010269  0.001225
1101  0.023517  -0.017580  0.000862
1102  -0.008637  -0.002994  0.000084
1103  -0.022377  -0.012795  0.000664
1104  -0.022469  -0.007863  0.000567
1105  -0.021502  -0.011702  0.000599
1106  -0.011774  0.003947  0.000154
1107  0.026855  -0.017126  0.001014
1108  -0.007709  0.004371  0.000079
1109  0.003058  0.015029  0.000235
1110  -0.024289  -0.042849  0.002426
1111  -0.005564  -0.003933  0.000046
1112  0.039809  -0.043861  0.003509
1113  0.017036  0.012758  0.000453
1114  0.020474  -0.030609  0.001356
1115  -0.001260  0.011924  0.000144
1116  -0.008498  -0.033233  0.001177
1117  0.023482  -0.028014  0.001336
1118  0.001522  0.023881  0.000573
1119  0.029796  -0.010133  0.000990
1120  0.008848  -0.033451  0.001197
1121  0.021084  0.033764  0.001585
1122  0.011770  0.023176  0.000676
1123  0.028576  -0.023637  0.001375
1124  0.028055  -0.024653  0.001395
1125  0.003240  -0.021300  0.000464
1126  0.009977  -0.006807  0.000146
1127  0.003488  -0.000690  0.000013
1128  -0.014396  -0.005688  0.000240
1129  -0.026808  0.001436  0.000721
1130  0.010762  0.038430  0.001593
1131  0.010079  -0.038152  0.001557
1132  0.034883  0.023507  0.001769
1133  -0.033088  0.009630  0.001188
1134  -0.007572  -0.040815  0.001723
1135  -0.040821  -0.013299  0.001843
1136  -0.022142  -0.022924  0.001016
1137  0.043433  -0.026548  0.002591
1138  0.009946  0.014210  0.000301
1139  0.012176  0.031356  0.001131
1140  -0.034596  -0.028809  0.002027
1141  0.002287  -0.011978  0.000149
1142  -0.015653  0.008643  0.000320
1143  -0.014617  -0.035152  0.001449
1144  -0.050233  0.028583  0.003340
1145  -0.007395  -0.018194  0.000386
1146  -0.000811  -0.013313  0.000178
1147  -0.021426  0.015742  0.000707
1148  0.030710  -0.044363  0.002911
1149  -0.006652  -0.011997  0.000188
1150  -0.017010  0.013662  0.000476
1151  0.002844  -0.005075  0.000034
1152  0.024892  -0.005049  0.000645
1153  0.024486  -0.044512  0.002581
1154  -0.006003  -0.014937  0.000259
1155  0.003531  -0.009921  0.000111
1156  0.008378  -0.004352  0.000089
1157  -0.012713  -0.026784  0.000879
1158  -0.038802  -0.033427  0.002623
1159  0.003760  -0.006100  0.000051
1160  -0.001182  -0.009644  0.000094
1161  0.023957  -0.056126  0.003724
1162  0.004366  -0.016456  0.000290
1163  -0.028855  -0.003422  0.000844
1164  0.050208  -0.040870  0.004191
1165  0.004937  0.041200  0.001722
1166  0.011679  0.001025  0.000137
1167  -0.038457  -0.012412  0.001633
1168  0.009141  0.018683  0.000433
1169  0.040032  -0.008048  0.001667
1170  0.036809  0.022758  0.001873
1171  -0.025496  0.054177  0.003585
1172  -0.032418  -0.000245  0.001051
1173  0.007450  -0.033819  0.001199
1174  -0.055429  -0.024462  0.003671
1175  -0.002045  0.006789  0.000050
1176  0.045412  -0.048532  0.004418
1177  0.039687  -0.021035  0.002018
1178  -0.023119  0.022306  0.001032
1179  0.017666  0.002516  0.000318
1180  -0.021179  -0.000057  0.000449
1181  0.019452  -0.001558  0.000381
1182  0.030449  -0.018562  0.001272
1183  -0.004373  -0.018595  0.000365
1184  -0.009101  -0.006501  0.000125
1185  0.004315  -0.010480  0.000128
1186  0.001083  -0.010839  0.000119
1187  -0.018385  0.053413  0.003191
1188  0.004423  0.001778  0.000023
1189  -0.011388  0.021451  0.000590
1190  -0.013459  0.004523  0.000202
1191  0.012621  0.001451  0.000161
1192  -0.035749  -0.015504  0.001518
1193  0.001649  0.013616  0.000188
1194  0.001664  0.011178  0.000128
1195  -0.029884  -0.015991  0.001149
1196  0.016019  -0.004751  0.000279
1197  -0.026459  -0.025030  0.001327
1198  0.000597  -0.007939  0.000063
1199  0.032127  -0.000072  0.001032
1200  0.015723  -0.049611  0.002708
1201  -0.060263  0.043270  0.005504
1202  -0.023698  -0.015957  0.000816
1203  -0.011587  -0.001457  0.000136
1204  -0.006713  -0.011126  0.000169
1205  0.013252  0.003229  0.000186
1206  -0.028713  -0.040203  0.002441
1207  -0.074940  0.021295  0.006069
1208  -0.018293  -0.012343  0.000487
1209  0.007264  -0.037178  0.001435
1210  0.028018  -0.020642  0.001211
1211  0.022273  -0.002233  0.000501
1212  -0.004346  0.034845  0.001233
1213  -0.024376  -0.004813  0.000617
1214  -0.010768  -0.041617  0.001848
1215  0.005493  0.039943  0.001626
1216  -0.017905  0.007632  0.000379
1217  -0.000211  -0.041531  0.001725
1218  0.022199  -0.037273  0.001882
1219  0.000164  -0.044245  0.001958
1220  0.010111  -0.055682  0.003203
1221  0.023106  -0.048642  0.002900
1222  0.031306  0.003819  0.000995
1223  -0.001504  0.005899  0.000037
1224  0.031770  -0.023114  0.001544
1225  0.035710  0.026457  0.001975
1226  -0.041090  0.004664  0.001710
1227  -0.014172  0.015495  0.000441
1228  0.016485  -0.028414  0.001079
1229  0.010282  0.024578  0.000710
1230  0.010886  -0.035195  0.001357
1231  0.016541  -0.052105  0.002989
1232  0.006263  0.000034  0.000039
1233  0.009999  0.012999  0.000269
1234  0.029924  0.018701  0.001245
1235  0.003386  -0.017086  0.000303
1236  0.037359  -0.006024  0.001432
1237  -0.038393  0.038683  0.002970
1238  -0.010105  -0.012471  0.000258
1239  -0.025576  0.018386  0.000992
1240  -0.053127  -0.003902  0.002838
1241  -0.022471  -0.009969  0.000604
1242  0.006974  0.019937  0.000446
1243  -0.024643  0.034565  0.001802
1244  -0.029422  -0.002791  0.000873
1245  -0.054879  0.027172  0.003750
1246  -0.012396  -0.003865  0.000169
1247  -0.021643  0.003142  0.000478
1248  0.016842  0.024290  0.000874
1249  0.008287  -0.013490  0.000251
1250  -0.069303  0.022781  0.005322
1251  -0.023219  0.039263  0.002081
1252  -0.017988  0.010837  0.000441
1253  0.028983  0.050202  0.003360
1254  0.037110  0.016655  0.001655
1255  0.011682  0.010929  0.000256
1256  0.010957  -0.062573  0.004035
1257  -0.004551  0.001520  0.000023
1258  0.006787  -0.010110  0.000148
1259  -0.028548  0.008264  0.000883
1260  0.017490  -0.013628  0.000492
1261  -0.071523  0.000839  0.005116
1262  -0.008065  0.021328  0.000520
1263  0.007719  0.025894  0.000730
1264  0.007668  0.025295  0.000699
1265  -0.016558  0.023064  0.000806
1266  0.016922  0.001391  0.000288
1267  0.039458  -0.051817  0.004242
1268  -0.006724  -0.004487  0.000065
1269  -0.051395  -0.019485  0.003021
1270  0.026119  -0.012469  0.000838
1271  -0.021368  -0.018980  0.000817
1272  0.003443  -0.006881  0.000059
1273  -0.009427  -0.033809  0.001232
1274  0.002493  0.026058  0.000685
1275  0.001421  -0.034500  0.001192
1276  -0.011147  -0.024063  0.000703
1277  0.021821  0.035866  0.001763
1278  0.047851  -0.004016  0.002306
1279  -0.014393  -0.065606  0.004511
1280  -0.037717  0.050458  0.003969
1281  -0.008870  0.028061  0.000866
1282  -0.008392  -0.009899  0.000168
1283  0.025395  0.013000  0.000814
1284  -0.045531  -0.013566  0.002257
1285  0.003405  0.001677  0.000014
1286  0.018276  -0.036233  0.001647
1287  0.038469  0.029715  0.002363
1288  0.040331  0.009732  0.001721
1289  -0.010008  -0.045593  0.002179
1290  -0.001510  -0.025708  0.000663
1291  -0.004573  -0.009530  0.000112
1292  -0.015402  0.014988  0.000462
1293  0.019338  0.013990  0.000570
1294  -0.018133  -0.055099  0.003365
1295  0.013563  0.010482  0.000294
1296  0.024170  -0.015197  0.000815
1297  0.021206  -0.014567  0.000662
1298  0.011933  -0.067780  0.004737
1299  0.043509  0.018054  0.002219
1300  -0.004536  -0.050507  0.002572
1301  -0.005482  0.014359  0.000236
1302  0.041090  0.037291  0.003079
1303  0.035266  -0.051076  0.003852
1304  0.018434  0.010247  0.000445
1305  0.002622  -0.044529  0.001990
1306  0.047239  -0.027507  0.002988
1307  -0.000797  -0.036396  0.001325
1308  0.050168  -0.018838  0.002872
1309  0.036509  -0.023862  0.001902
1310  0.024300  0.013908  0.000784
1311  0.045610  0.005449  0.002110
1312  -0.026163  -0.018986  0.001045
1313  0.016876  -0.020477  0.000704
1314  -0.029347  -0.021462  0.001322
1315  -0.045124  0.041710  0.003776
1316  -0.039855  0.035172  0.002826
1317  0.013508  -0.024940  0.000804
1318  -0.027735  -0.022398  0.001271
1319  0.014378  -0.013774  0.000396
1320  0.020402  0.037739  0.001840
1321  0.010525  0.011622  0.000246
1322  -0.005221  0.027878  0.000804
1323  -0.013371  -0.033489  0.001300
1324  -0.002812  -0.039818  0.001593
1325  -0.002303  -0.031936  0.001025
1326  0.020549  -0.034304  0.001599
1327  0.005224  0.005000  0.000052
1328  0.004854  -0.040085  0.001630
1329  -0.021670  0.018122  0.000798
1330  0.021988  0.046630  0.002658
1331  -0.000290  0.012351  0.000153
1332  -0.034522  -0.006589  0.001235
1333  0.040328  -0.003160  0.001636
1334  -0.014984  -0.042322  0.002016
1335  -0.018120  0.003127  0.000338
1336  0.083264  -0.013363  0.007111
1337  -0.016666  0.034556  0.001472
1338  0.024116  0.051595  0.003244
1339  0.044876  -0.026850  0.002735
1340  0.038850  -0.000404  0.001509
1341  -0.019375  0.017376  0.000677
1342  -0.101398  -0.026183  0.010967
1343  -0.026740  -0.011426  0.000846
1344  0.001581  -0.008671  0.000078
1345  0.013126  -0.013909  0.000366
1346  -0.016195  0.006794  0.000308
1347  -0.011681  0.012591  0.000295
1348  -0.031313  -0.038460  0.002460
1349  -0.017838  -0.003213  0.000329
1350  -0.003647  -0.056074  0.003158
1351  0.058803  0.004742  0.003480
1352  0.041678  0.010521  0.001848
1353  0.093211  -0.020045  0.009090
1354  0.001714  -0.001621  0.000006
1355  0.019318  -0.006490  0.000415
1356  -0.000992  -0.021852  0.000478
1357  0.060938  -0.062607  0.007633
1358  0.101877  -0.006576  0.010422
1359  -0.042734  -0.018261  0.002160
1360  -0.038711  -0.034698  0.002702
1361  -0.002763  -0.007340  0.000062
1362  0.031064  -0.029346  0.001826
1363  0.026189  0.022142  0.001176
1364  0.034912  -0.012923  0.001386
1365  0.010236  0.000013  0.000105
1366  -0.053609  0.010268  0.002979
1367  0.004443  0.017176  0.000315
1368  0.030375  0.020952  0.001362
1369  -0.003560  0.025672  0.000672
1370  0.018534  0.001770  0.000347
1371  0.013340  -0.033853  0.001324
1372  0.040016  0.019276  0.001973
1373  0.003587  0.014133  0.000213
1374  -0.054835  0.029865  0.003899
1375  -0.027344  -0.027890  0.001526
1376  -0.043491  -0.029246  0.002747
1377  -0.027870  -0.038708  0.002275
1378  -0.001347  0.018687  0.000351
1379  -0.047701  0.013590  0.002460
1380  0.022622  0.009259  0.000597
1381  -0.040807  -0.001865  0.001669
1382  0.036428  -0.049256  0.003753
1383  -0.038372  -0.045932  0.003582
1384  0.056618  -0.008881  0.003284
1385  -0.033268  -0.031621  0.002107
1386  -0.032061  -0.004335  0.001047
1387  0.006454  0.034560  0.001236
1388  0.009438  -0.023964  0.000663
1389  -0.026229  0.041843  0.002439
1390  -0.050465  0.021162  0.002995
1391  0.090814  -0.123316  0.023454
1392  -0.029487  -0.020212  0.001278
1393  -0.000689  -0.034055  0.001160
1394  -0.004065  0.009236  0.000102
1395  0.030225  -0.032446  0.001966
1396  -0.007425  0.009795  0.000151
1397  0.018915  -0.012202  0.000507
1398  -0.010363  0.001557  0.000110
1399  -0.005944  -0.059629  0.003591
1400  -0.032707  -0.023828  0.001638
1401  0.001776  -0.028052  0.000790
1402  -0.006209  0.026195  0.000725
1403  -0.020657  -0.031111  0.001395
1404  -0.080450  -0.040559  0.008117
1405  -0.000752  -0.003245  0.000011
1406  0.037046  -0.038198  0.002832
1407  -0.022055  -0.066587  0.004920
1408  0.020498  -0.077522  0.006430
1409  0.024124  -0.027095  0.001316
1410  0.099639  -0.031725  0.010934
1411  -0.052449  -0.015727  0.002998
1412  0.013422  -0.002808  0.000188
1413  -0.002350  -0.013720  0.000194
1414  -0.027899  0.000648  0.000779
1415  0.082117  0.000828  0.006744
1416  0.054904  -0.019601  0.003399
1417  0.057339  0.005739  0.003321
1418  -0.015020  -0.038873  0.001737
1419  0.025004  -0.008718  0.000701
1420  -0.019429  -0.004060  0.000394
1421  -0.018354  0.015453  0.000576
1422  0.039649  0.023991  0.002148
1423  0.024645  -0.067955  0.005225
1424  0.024581  0.010063  0.000705
1425  0.054272  0.034793  0.004156
1426  -0.063626  -0.049901  0.006538
1427  -0.059022  -0.003716  0.003497
1428  -0.046599  -0.004413  0.002191
1429  0.042697  0.033018  0.002913
1430  -0.009136  0.046678  0.002262
1431  0.044370  0.000767  0.001969
1432  -0.016267  0.046046  0.002385
1433  -0.005461  0.008827  0.000108
1434  -0.017135  -0.027674  0.001059
1435  0.000738  -0.068452  0.004686
1436  0.021730  -0.026825  0.001192
1437  0.000618  0.048601  0.002362
1438  0.033132  -0.088361  0.008905
1439  -0.025028  -0.055685  0.003727
1440  -0.003423  0.063251  0.004012
1441  -0.008918  -0.011296  0.000207
1442  -0.016946  0.089041  0.008215
1443  -0.005933  -0.116978  0.013719
1444  0.057603  -0.024576  0.003922
1445  -0.014577  -0.010271  0.000318
1446  -0.037365  0.005947  0.001432
1447  -0.008218  0.059245  0.003578
1448  -0.008916  0.036158  0.001387
1449  0.063871  0.021444  0.004539
1450  -0.005318  0.028131  0.000820
1451  0.016630  -0.049174  0.002695
1452  0.013238  -0.027566  0.000935
1453  0.030573  -0.008724  0.001011
1454  -0.061072  0.029564  0.004604
1455  -0.015360  -0.075312  0.005908
1456  0.070264  0.028254  0.005735
1457  -0.065292  -0.032721  0.005334
1458  0.002080  0.035791  0.001285
1459  0.051926  -0.042376  0.004492
1460  -0.064106  -0.008459  0.004181
1461  0.019630  0.002609  0.000392
1462  -0.036623  0.004451  0.001361
1463  -0.000874  -0.041366  0.001712
1464  0.006451  -0.022918  0.000567
1465  -0.019306  0.052339  0.003112
1466  -0.061541  0.024031  0.004365
1467  -0.065636  -0.081103  0.010886
1468  0.005055  0.030537  0.000958
1469  -0.106483  -0.055480  0.014417
1470  0.020542  -0.008422  0.000493
1471  0.070171  -0.060566  0.008592
1472  -0.005402  0.018528  0.000372
1473  -0.016852  -0.025551  0.000937
1474  -0.048652  -0.031961  0.003389
1475  0.001285  -0.036339  0.001322
1476  0.028732  -0.015220  0.001057
1477  -0.072271  -0.129549  0.022006
1478  -0.071396  0.019135  0.005463
1479  -0.083746  0.016971  0.007301
1480  -0.018994  0.006020  0.000397
1481  -0.132482  -0.101330  0.027819
1482  -0.056719  -0.034604  0.004414
1483  -0.059385  -0.087735  0.011224
1484  -0.030312  0.142691  0.021279
1485  -0.097428  -0.039839  0.011079
1486  -0.075268  -0.105310  0.016755
1487  -0.068345  -0.082522  0.011481
1488  0.019642  -0.042865  0.002223
1489  0.000449  -0.100186  0.010037
1490  -0.056062  -0.125744  0.018954
1491  0.077374  -0.025648  0.006644
1492  -0.089934  0.014673  0.008303
1493  0.007310  -0.113493  0.012934
1494  0.071269  0.019733  0.005469
1495  -0.019960  -0.031034  0.001361
1496  0.003204  -0.033494  0.001132
1497  -0.108119  0.071371  0.016783
1498  0.076132  -0.109075  0.017693
1499  -0.056004  0.103740  0.013898
1500  -0.193380  -0.068107  0.042034
1501  0.019428  -0.059599  0.003930
1502  -0.001931  -0.035825  0.001287
1503  -0.013976  0.097616  0.009724
1504  -0.109487  0.020702  0.012416
1505  -0.037096  0.140776  0.021194
1506  -0.070556  -0.092895  0.013608
1507  0.094020  -0.113285  0.021673
1508  0.036471  0.039341  0.002878
1509  -0.045250  -0.078243  0.008170
1510  0.024956  -0.033503  0.001745
1511  0.068362  -0.211776  0.049522
1512  -0.015901  0.031457  0.001242
1513  -0.046229  -0.071595  0.007263
1514  -0.019653  0.113637  0.013300
1515  0.051236  -0.116262  0.016142
1516  -0.133161  0.037055  0.019105
1517  0.005012  -0.240457  0.057845
1518  0.105587  0.097431  0.020641
1519  0.081728  -0.085454  0.013982
1520  0.129730  0.146125  0.038182
1521  0.025205  -0.013198  0.000809
1522  -0.006910  0.050848  0.002633
1523  0.035524  0.035746  0.002540
1524  0.104170  0.141048  0.030746
1525  -0.199699  0.146666  0.061391
1526  0.123548  0.083437  0.022226
1527  0.016221  0.137014  0.019036
1528  -0.103832  -0.267591  0.082386
1529  -0.146522  0.173216  0.051472
1530  -0.032428  -0.078066  0.007146
1531  0.229588  -0.120928  0.067334
1532  0.016920  0.122569  0.015309
1533  -0.110580  0.031386  0.013213
1534  -0.337383  -0.067948  0.118444
1535  -0.014829  0.060537  0.003885
1536  -0.189991  -0.153524  0.059666
1537  0.059275  0.070192  0.008440
1538  0.135662  0.060707  0.022090
1539  -0.101072  0.020626  0.010641
1540  -0.063382  0.102697  0.014564
1541  -0.054439  0.018345  0.003300
1542  -0.085248  -0.025179  0.007901
1543  -0.073685  0.155080  0.029479
1544  -0.018570  0.016655  0.000622
1545  -0.095314  0.192349  0.046083
1546  -0.035294  0.047007  0.003455
1547  -0.023046  -0.078327  0.006666
1548  -0.011062  0.063497  0.004154
1549  0.184006  0.070249  0.038793
1550  0.034315  0.110128  0.013306
1551  -0.061059  0.070590  0.008711
1552  -0.053283  0.106709  0.014226
1553  -0.034064  -0.251926  0.064627
1554  -0.078164  0.035876  0.007397
1555  0.151968  -0.031723  0.024101
1556  -0.074530  0.233464  0.060060
1557  0.119673  -0.029195  0.015174
1558  -0.115708  0.134820  0.031565
1559  -0.063378  -0.012327  0.004169
1560  0.024289  -0.048902  0.002981
1561  -0.239566  -0.019360  0.057766
1562  -0.178690  -0.289152  0.115539
1563  -0.026025  -0.019222  0.001047
1564  -0.173314  -0.203057  0.071270
1565  -0.084447  -0.017057  0.007422
1566  -0.088269  -0.105559  0.018934
1567  -0.066772  -0.051639  0.007125
1568  -0.048025  -0.068690  0.007025
1569  -0.029195  -0.252555  0.064636
1570  0.175729  -0.164896  0.058071
1571  0.217275  -0.171521  0.076628
1572  -0.008372  0.136087  0.018590
1573  0.142744  -0.072151  0.025582
1574  -0.043274  -0.075410  0.007559
1575  0.235165  -0.183992  0.089156
1576  -0.114656  0.257119  0.079256
1577  -0.019135  0.124714  0.015920
1578  0.006034  0.073214  0.005397
1579  -0.039919  0.220582  0.050250
1580  0.192264  0.104490  0.047884
1581  0.235825  0.206255  0.098155
1582  -0.272331  0.140082  0.093787
1583  -0.089164  0.064437  0.012102
1584  -0.024726  -0.305579  0.093990
1585  0.076268  -0.103599  0.016550
1586  -0.006842  -0.104478  0.010962
1587  0.174439  -0.097623  0.039959
1588  0.208084  0.063943  0.047388
1589  -0.041891  -0.105066  0.012794
1590  0.126517  -0.237559  0.072441
1591  -0.272867  0.176233  0.105514
1592  0.017512  -0.155448  0.024471
1593  0.043151  0.322272  0.105721
1594  -0.046438  -0.186325  0.036874
1595  0.124228  0.031980  0.016455
1596  -0.002189  0.156374  0.024458
1597  -0.169076  0.157235  0.053310
1598  -0.004540  -0.134226  0.018037
1599  -0.217937  0.427783  0.230495
1600  -0.256859  -0.288528  0.149225
1601  0.114726  0.067594  0.017731
1602  -0.270672  -0.099257  0.083115
1603  0.263487  0.022451  0.069929
1604  -0.329038  -0.636842  0.513833
1605  0.238504  0.122986  0.072010
1606  -0.043135  -0.157393  0.026633
1607  0.237038  0.036250  0.057501
1608  0.274580  -0.015034  0.075620
1609  -0.322358  -0.160607  0.129709
1610  -0.269705  -0.304840  0.165668
1611  0.244011  -0.587616  0.404833
1612  0.622153  -0.179938  0.419452
1613  -0.031846  0.519741  0.271145
1614  0.247556  0.448421  0.262365
1615  0.013534  0.331444  0.110038
1616  -0.082157  0.222576  0.056290
1617  -0.248918  0.510711  0.322786
1618  0.011978  -0.076560  0.006005
1619  -0.427012  -0.048343  0.184676
1620  -0.165245  -0.577483  0.360793
1621  -0.124241  -0.467069  0.233590
1622  0.173028  -0.263913  0.099589
1623  0.014099  0.352029  0.124123
1624  -0.312080  0.010373  0.097501
1625  -0.219242  -0.281215  0.127149
1626  0.082643  -0.259208  0.074019
1627  -0.223008  0.067192  0.054247
1628  -0.582864  0.066416  0.344141
1629  0.029793  -0.245942  0.061375
1630  0.129021  0.276453  0.093073
1631  0.039921  -0.252306  0.065252
1632  0.027728  0.083232  0.007696
1633  -0.015034  -0.007728  0.000286
1634  0.082161  0.027258  0.007493
1635  0.368697  -0.628525  0.530981
1636  0.136616  0.550251  0.321440
1637  -0.389500  -0.068916  0.156459
1638  0.157485  -0.449636  0.226974
1639  0.122723  -0.113457  0.027933
1640  -0.195013  0.402851  0.200319
1641  0.287687  0.110111  0.094888
1642  0.054631  -0.176186  0.034026
1643  0.045543  -0.009560  0.002166
1644  -0.046676  -0.007903  0.002241
1645  -0.100730  0.117123  0.023864
1646  -0.216072  -0.239589  0.104090
1647  0.128159  -0.061591  0.020218
1648  0.163724  -0.315123  0.126108
1649  -0.396135  0.116883  0.170585
1650  0.031594  -0.542418  0.295215
1651  0.014347  0.070031  0.005110
1652  -0.211938  -0.252686  0.108768
1653  0.360600  -0.338081  0.244332
1654  -0.008248  -0.126946  0.016183
1655  -0.761406  0.037094  0.581116
1656  -0.280852  -0.332553  0.189470
1657  0.050828  -0.224463  0.052967
1658  0.075595  -0.034360  0.006895
1659  -0.504602  -0.015268  0.254856
1660  -0.105468  -0.078263  0.017249
1661  0.169130  0.075216  0.034263
1662  -0.186881  -0.077931  0.040998
1663  0.517255  -0.761161  0.846919
1664  -0.043860  0.407149  0.167694
1665  0.413422  0.571910  0.497999
1666  -0.528424  0.031220  0.280207
1667  -0.260552  -0.013375  0.068066
1668  0.044978  -0.835077  0.699377
1669  0.728800  0.553250  0.837235
1670  -0.312705  -0.486260  0.334233
1671  0.174309  0.221193  0.079310
1672  -0.032087  -0.266419  0.072009
1673  -0.214837  0.053991  0.049070
1674  -0.014347  0.243306  0.059404
1675  0.377894  -0.039741  0.144383
1676  0.062950  0.075766  0.009703
1677  0.260848  -0.047074  0.070257
1678  0.034504  -0.025380  0.001835
1679  0.060810  -0.548553  0.304608
1680  0.237159  -0.221164  0.105158
1681  -0.351064  -0.369101  0.259481
1682  0.373645  -0.103207  0.150262
1683  0.362303  -0.241125  0.189404
1684  0.067948  -0.345008  0.123648
1685  0.298532  -0.133477  0.106938
1686  -0.041312  -0.076662  0.007584
1687  -0.172012  -0.783946  0.644160
1688  0.260762  -0.300430  0.158255
1689  0.149864  0.272659  0.096802
1690  0.739275  -0.197410  0.585499
1691  0.244694  -0.225121  0.110555
1692  0.128699  -0.056292  0.019732
1693  -0.039645  -0.120593  0.016114
1694  0.182256  0.023681  0.033778
1695  0.155166  -0.041952  0.025836
1696  0.246978  -0.568830  0.384565
1697  0.116910  -0.554734  0.321398
1698  0.414412  -0.695893  0.656005
1699  0.470036  0.226385  0.272183
1700  0.024152  0.682295  0.466110
1701  0.729742  0.172996  0.562451
1702  -0.401848  0.355883  0.288135
1703  0.487959  -0.155833  0.262388
1704  0.128974  -0.406104  0.181555
1705  0.219051  -0.363243  0.179929
1706  0.786704  0.221996  0.668185
1707  -0.105242  0.723434  0.534432
1708  -0.324239  0.349355  0.227180
1709  0.472779  0.237269  0.279817
1710  -0.313825  -0.087606  0.106161
1711  -0.278386  -0.284704  0.158555
1712  -0.691655  0.165035  0.505623
1713  0.040040  -0.809912  0.657561
1714  0.232867  -0.173358  0.084280
1715  -0.372623  -0.503555  0.392416
1716  -0.037591  -0.532600  0.285076
1717  0.070183  0.278921  0.082723
1718  -0.031480  0.338036  0.115259
1719  0.362663  0.914594  0.968007
1720  -0.756885  0.390334  0.725235
1721  -0.275314  0.289035  0.159339
1722  0.380379  0.457788  0.354258
1723  -0.545344  0.196405  0.335975
1724  -0.291373  -0.104378  0.095793
1725  -0.406583  -0.291929  0.250532
1726  -0.796631  -0.533741  0.919500
1727  -0.396635  0.459324  0.368298
1728  0.186712  0.113413  0.047724
1729  -0.447182  -0.117135  0.213692
1730  -0.005879  -0.198836  0.039570
1731  -0.097011  0.186275  0.044110
1732  -0.371760  -0.106276  0.149500
1733  0.064274  0.821645  0.679232
1734  -0.438826  0.295888  0.280118
1735  -0.356312  -0.125001  0.142584
1736  0.518066  0.450404  0.471256
1737  -0.520185  -0.135593  0.288977
1738  -0.251143  0.301115  0.153743
1739  0.238089  -0.386472  0.206047
1740  0.193906  -0.118640  0.051675
1741  0.249697  -0.002355  0.062354
1742  0.453559  -0.287311  0.288263
1743  0.399903  0.018406  0.160261
1744  0.192307  -0.293372  0.123049
1745  0.137755  -0.186486  0.053753
1746  1.129295  0.064730  1.279496
1747  0.181116  0.481555  0.264699
1748  -0.359639  -0.049701  0.131810
1749  -0.615489  0.486513  0.615522
1750  -0.014155  0.500481  0.250681
1751  0.204499  -0.346197  0.161672
1752  -0.265843  -0.175346  0.101419
1753  -0.789439  -0.445268  0.821477
1754  0.046741  0.330780  0.111600
1755  0.399778  0.911765  0.991138
1756  0.548813  0.389830  0.453163
1757  0.319589  -0.196116  0.140599
1758  0.398639  -0.234768  0.214029
1759  0.181065  0.319688  0.134985
1760  0.131634  -0.392276  0.171208
1761  0.059807  0.075364  0.009257
1762  -0.274108  -0.526264  0.352089
1763  0.454541  -0.037080  0.207982
1764  0.420003  0.468911  0.396281
1765  -0.012526  -0.714651  0.510883
1766  -1.147486  -0.059588  1.320274
1767  0.531784  0.476313  0.509668
1768  -0.437941  -0.019351  0.192167
1769  -0.133071  0.270042  0.090630
1770  -0.050938  -0.325332  0.108435
1771  0.093675  -0.109659  0.020800
1772  0.160440  0.235615  0.081255
1773  -0.301613  -0.296339  0.178788
1774  0.540046  -0.395143  0.447788
1775  -0.038702  -0.547221  0.300949
1776  0.663155  -0.295400  0.527036
1777  -0.612731  -0.090571  0.383642
1778  -0.069632  0.218731  0.052692
1779  -0.443137  1.343385  2.001053
1780  0.275503  -0.329975  0.184785
1781  -0.520920  -0.247143  0.332437
1782  -1.124745  0.179138  1.297142
1783  -0.798938  -0.050247  0.640827
1784  -0.150883  0.172638  0.052570
1785  0.047061  -0.244863  0.062173
1786  0.347127  0.229114  0.172990
1787  -0.202889  -0.871898  0.801370
1788  -0.375876  -0.201498  0.181884
1789  0.151304  0.618782  0.405784
1790  0.001909  -0.000142  0.000004
1791  0.148114  0.243940  0.081444
1792  -0.628100  0.126664  0.410554
1793  -0.063448  0.420246  0.180633
1794  0.466556  -0.352995  0.342280
1795  0.650092  0.493553  0.666214
1796  0.319373  0.257221  0.168162
1797  -0.517271  0.609027  0.638483
1798  0.115457  -0.232342  0.067313
1799  0.564346  -0.841084  1.025909
1800  0.733405  -0.287885  0.620761
1801  0.471529  0.657928  0.655209
1802  -0.438926  0.086739  0.200179
1803  0.896685  -0.514132  1.068377
1804  0.113547  0.244226  0.072539
1805  -0.505297  -0.531985  0.538333
1806  0.010021  0.083693  0.007105
1807  -0.939899  0.021873  0.883888
1808  -0.043126  -0.034286  0.003035
1809  -0.553644  -0.001104  0.306523
1810  0.142273  0.016798  0.020524
1811  -0.033526  -0.288940  0.084610
1812  0.380439  0.425698  0.325952
1813  1.003941  0.545084  1.305015
1814  -0.433731  -0.700369  0.678639
1815  -0.137991  -0.554931  0.326991
1816  -0.540045  0.580705  0.628866
1817  0.426160  0.390650  0.334220
1818  -0.502034  -0.130582  0.269090
1819  -0.091597  0.174102  0.038702
1820  0.435319  0.179829  0.221841
1821  0.676268  0.013434  0.457519
1822  -0.187372  0.030984  0.036068
1823  0.692503  -0.593070  0.831293
1824  0.070422  0.129121  0.021631
1825  -0.778820  -0.203422  0.647941
1826  0.304540  -0.201478  0.133338
1827  -0.350652  0.033378  0.124071
1828  -0.096618  -0.251566  0.072621
1829  -0.514742  0.927539  1.125289
1830  0.616628  -0.367232  0.515090
1831  0.261789  0.046732  0.070717
1832  -0.657220  -0.241179  0.490106
1833  0.103815  0.118453  0.024809
1834  0.046109  -0.110387  0.014311
1835  0.051131  0.409866  0.170604
1836  0.358782  0.189954  0.164807
1837  0.410432  0.467469  0.386982
1838  0.156192  0.010542  0.024507
1839  -0.153274  0.153643  0.047099
1840  -0.577350  -0.106290  0.344631
1841  -0.193509  -0.316639  0.137706
1842  0.543993  0.325981  0.402192
1843  -0.480228  0.271010  0.304066
1844  -0.086141  0.042930  0.009263
1845  0.493437  -0.146207  0.264857
1846  0.911728  1.227289  2.337484
1847  0.036020  0.081715  0.007975
1848  0.207110  -0.222342  0.092331
1849  -0.645420  -0.038582  0.418056
1850  -0.368567  -0.095564  0.144974
1851  -0.288911  -0.201837  0.124208
1852  -0.312464  -0.281574  0.176918
1853  -0.130305  0.699816  0.506722
1854  0.231649  -0.393161  0.208237
1855  -0.747357  0.158405  0.583635
1856  0.946946  0.538674  1.186877
1857  -0.289493  0.357798  0.211826
1858  0.541202  0.231491  0.346488
1859  -0.426571  -0.405496  0.346390
1860  -0.219150  -0.513819  0.312036
1861  0.570127  -0.068955  0.329800
1862  -0.436730  0.227200  0.242353
1863  0.690827  0.156989  0.501888
1864  0.271127  0.078507  0.079673
1865  -0.687801  0.287295  0.555608
1866  -0.861038  -0.064539  0.745552
1867  0.137283  0.199327  0.058578
1868  -0.008771  -0.470991  0.221909
1869  -0.172284  0.586905  0.374140
1870  0.085759  -0.278771  0.085068
1871  -0.446945  -0.348906  0.321495
1872  -0.021622  0.187517  0.035630
1873  -0.284267  0.010175  0.080911
1874  -0.218314  0.136492  0.066291
1875  -0.664391  -0.109857  0.453484
1876  0.022358  -0.563450  0.317975
1877  -0.718983  0.198596  0.556376
1878  -0.170682  0.296582  0.117093
1879  1.124215  0.234158  1.318690
1880  -0.994444  0.203002  1.030129
1881  0.668357  0.437799  0.638369
1882  0.011061  -0.292224  0.085517
1883  0.168839  0.157117  0.053192
1884  0.613715  0.630274  0.773891
1885  0.208670  -0.415309  0.216025
1886  0.046218  -0.359451  0.131341
1887  -0.631473  -0.246484  0.459513
1888  -0.310148  0.168704  0.124653
1889  0.255873  0.240132  0.123134
1890  -0.125988  0.103850  0.026658
1891  0.089183  0.644410  0.423218
1892  0.116469  -0.109963  0.025657
1893  0.154682  0.254461  0.088677
1894  0.148564  0.365075  0.155351
1895  -0.173140  0.620430  0.414910
1896  0.362569  -0.164637  0.158562
1897  -0.383309  -0.031619  0.147925
1898  0.058426  0.025770  0.004078
1899  0.120260  -0.003901  0.014478
1900  -0.547630  -0.148203  0.321863
1901  0.410493  0.389264  0.320031
1902  0.054557  -0.126095  0.018876
1903  0.012117  0.169699  0.028944
1904  0.299198  0.041571  0.091248
1905  0.204481  -0.351499  0.165364
1906  -0.359215  -0.246746  0.189919
1907  -0.078880  0.080569  0.012713
1908  -0.664205  0.206303  0.483729
1909  0.153294  0.480252  0.254141
1910  -0.058748  -0.025334  0.004093
1911  0.301614  0.407164  0.256753
1912  -0.125937  -0.640535  0.426146
1913  -0.253866  -0.208177  0.107786
1914  -0.349057  -0.157421  0.146622
1915  0.342208  0.475300  0.343016
1916  0.357930  0.006561  0.128157
1917  -0.154154  0.312925  0.121685
1918  0.292456  0.164419  0.112564
1919  -0.165079  0.212104  0.072239
1920  0.280031  -0.260453  0.146253
1921  -0.238684  -0.024445  0.057568
1922  -0.153727  0.246521  0.084405
1923  -0.000152  0.364777  0.133063
1924  0.233838  0.172529  0.084446
1925  0.096607  -0.007854  0.009395
1926  -0.342785  0.243948  0.177012
1927  0.134930  -0.349488  0.140348
1928  0.418758  -0.453066  0.380627
1929  0.411670  0.113533  0.182362
1930  -0.444460  0.106093  0.208800
1931  0.095161  -0.095080  0.018096
1932  -0.073945  -0.227747  0.057337
1933  -0.201107  -0.116432  0.054000
1934  0.216009  0.152278  0.069848
1935  0.263713  0.056157  0.072698
1936  -0.110162  -0.443751  0.209051
1937  0.171451  -0.171560  0.058828
1938  -0.259401  -0.439397  0.260358
1939  -0.011111  0.408851  0.167283
1940  0.300461  -0.400677  0.250819
1941  -0.065043  -0.027022  0.004961
1942  0.065671  0.070735  0.009316
1943  -0.355783  -0.169556  0.155331
1944  -0.141232  0.041133  0.021638
1945  0.333631  -0.176207  0.142358
1946  -0.278167  -0.186600  0.112197
1947  -0.018701  -0.006793  0.000396
1948  -0.018789  0.125477  0.016098
1949  0.038501  -0.056815  0.004710
1950  -0.009119  -0.076948  0.006004
1951  -0.273596  0.202481  0.115853
1952  -0.226462  -0.110316  0.063454
1953  0.135214  0.039975  0.019881
1954  0.226338  0.067371  0.055768
1955  -0.105137  0.192925  0.048274
1956  -0.048439  -0.230029  0.055260
1957  -0.251718  -0.062953  0.067325
1958  0.034836  0.054096  0.004140
1959  0.028130  -0.048265  0.003121
1960  0.161241  0.033936  0.027150
1961  0.293627  -0.329146  0.194554
1962  0.007158  0.149519  0.022407
1963  0.150497  -0.076446  0.028493
1964  -0.080195  0.055424  0.009503
1965  0.198898  -0.108548  0.051343
1966  0.027628  0.227137  0.052355
1967  -0.051652  -0.027806  0.003441
1968  0.071188  -0.284817  0.086188
1969  -0.000697  0.096847  0.009380
1970  -0.143957  -0.126645  0.036763
1971  -0.069705  -0.168746  0.033334
1972  0.092935  -0.283102  0.088783
1973  -0.042128  0.095901  0.010972
1974  -0.083237  -0.119203  0.021138
1975  -0.027581  -0.214084  0.046593
1976  0.089282  -0.128255  0.024421
1977  0.191136  0.220820  0.085295
1978  -0.148434  0.023550  0.022587
1979  0.362736  -0.058799  0.135035
1980  0.302097  0.031661  0.092265
1981  0.041900  -0.121688  0.016564
1982  -0.166085  0.051148  0.030201
1983  -0.061509  0.297355  0.092203
1984  -0.243583  0.090705  0.067560
1985  0.120590  0.180903  0.047268
1986  0.049894  -0.074614  0.008057
1987  -0.008272  -0.176960  0.031383
1988  0.045794  -0.214400  0.048064
1989  -0.151086  0.121167  0.037508
1990  -0.016878  0.169098  0.028879
1991  0.074222  -0.037285  0.006899
1992  0.204905  -0.014116  0.042185
1993  -0.049210  -0.021453  0.002882
1994  -0.096046  0.030804  0.010174
1995  0.124315  0.043283  0.017328
1996  -0.249030  0.087141  0.069610
1997  0.125150  0.100272  0.025717
1998  0.102607  0.104414  0.021430
1999  -0.086981  -0.038496  0.009048
2000  0.044266  0.260128  0.069626
2001  0.081784  -0.098176  0.016327
2002  0.360281  0.110543  0.142022
2003  -0.117819  -0.165856  0.041390
2004  -0.146823  -0.002508  0.021563
2005  -0.029987  -0.132707  0.018510
2006  -0.009701  0.052836  0.002886
2007  0.114025  0.132851  0.030651
2008  0.158325  0.114159  0.038099
2009  -0.112142  -0.008809  0.012654
2010  0.299827  -0.042412  0.091695
2011  0.047737  -0.035701  0.003553
2012  0.140856  0.204485  0.061655
2013  0.070485  -0.111409  0.017380
2014  -0.019979  -0.010210  0.000503
2015  -0.076580  -0.006228  0.005903
2016  -0.013346  -0.087378  0.007813
2017  0.015096  -0.082054  0.006961
2018  -0.030827  -0.025828  0.001617
2019  0.024189  0.047110  0.002804
2020  0.017726  -0.140331  0.020007
2021  -0.016274  -0.154775  0.024220
2022  -0.008980  0.047820  0.002367
2023  -0.022815  0.129738  0.017352
2024  0.069311  0.087021  0.012377
2025  0.074352  -0.038598  0.007018
2026  -0.104940  -0.152036  0.034127
2027  0.032620  0.059429  0.004596
2028  -0.020824  0.039410  0.001987
2029  0.075571  0.243485  0.064996
2030  -0.014233  -0.014969  0.000427
2031  0.058385  0.070652  0.008400
2032  0.027655  0.031413  0.001752
2033  -0.057512  -0.079670  0.009655
2034  0.034292  -0.146217  0.022555
2035  -0.015361  -0.014318  0.000441
2036  0.055228  0.015975  0.003305
2037  -0.025113  -0.065547  0.004927
2038  0.120828  0.111108  0.026944
2039  -0.007788  0.041060  0.001747
2040  -0.084686  0.146702  0.028693
2041  0.055393  -0.052939  0.005871
2042  0.129135  0.003480  0.016688
2043  0.039100  -0.064229  0.005654
2044  -0.094926  -0.062134  0.012872
2045  0.031129  -0.111084  0.013309
2046  -0.032280  -0.028192  0.001837
2047  0.073479  -0.042682  0.007221
