0  0.000825  0.066031  0.004361
1  -0.028147  -0.291951  0.086028
2  0.205043  0.439184  0.234925
3  -0.188296  -0.362152  0.166610
4  -0.097285  -0.109910  0.021545
5  0.232557  -0.095665  0.063235
6  0.169194  0.038274  0.030092
7  0.043986  0.082856  0.008800
8  0.057969  0.053276  0.006199
9  -0.322782  -0.150853  0.126944
10  0.105156  0.172817  0.040923
11  -0.062909  -0.166349  0.031630
12  -0.101270  -0.061309  0.014014
13  -0.033568  -0.194013  0.038768
14  -0.422197  -0.017036  0.178540
15  -0.232022  -0.024772  0.054448
16  0.052802  -0.134199  0.020797
17  0.222268  0.079760  0.055765
18  -0.013048  0.082060  0.006904
19  0.111166  0.004507  0.012378
20  0.112115  0.202635  0.053631
21  -0.007980  -0.260464  0.067905
22  -0.138383  -0.122875  0.034248
23  -0.111069  -0.042715  0.014161
24  -0.340947  -0.262502  0.185152
25  0.142560  -0.286704  0.102523
26  0.261077  -0.009353  0.068249
27  -0.028106  -0.178265  0.032569
28  0.269223  -0.204391  0.114257
29  0.269309  0.149913  0.095001
30  0.201036  0.028798  0.041245
31  -0.024955  0.188301  0.036080
32  0.196063  -0.158885  0.063685
33  0.019690  -0.135967  0.018875
34  -0.108908  -0.006129  0.011898
35  0.267581  0.019262  0.071971
36  0.107140  0.422966  0.190379
37  -0.184713  -0.005489  0.034149
38  0.124747  0.167889  0.043748
39  -0.100560  -0.000329  0.010112
40  -0.316329  -0.339395  0.215253
41  0.130337  -0.197184  0.055869
42  -0.201173  -0.169183  0.069093
43  -0.061445  -0.268403  0.075815
44  -0.021513  0.158063  0.025447
45  0.202060  -0.288135  0.123850
46  0.006034  -0.017383  0.000339
47  0.312893  -0.271861  0.171811
48  -0.179017  0.133071  0.049755
49  0.431901  -0.015720  0.186786
50  0.133292  0.003641  0.017780
51  0.057804  0.211523  0.048083
52  0.084231  0.337239  0.120825
53  0.304882  -0.105400  0.104062
54  0.356017  -0.239181  0.183956
55  0.040804  0.504015  0.255696
56  -0.433185  -0.367337  0.322586
57  -0.182843  0.093456  0.042166
58  -0.059511  0.042368  0.005337
59  -0.254743  -0.004787  0.064917
60  0.272779  0.072662  0.079688
61  -0.407889  0.120865  0.180981
62  0.433846  -0.186461  0.222990
63  -0.194808  -0.134496  0.056039
64  -0.046689  0.226069  0.053287
65  0.071190  0.281964  0.084572
66  0.064019  -0.236200  0.059889
67  -0.055031  -0.306279  0.096835
68  -0.015027  0.197995  0.039428
69  -0.282378  -0.167607  0.107829
70  -0.276010  -0.224110  0.126407
71  0.088150  -0.590990  0.357040
72  -0.138398  -0.211686  0.063965
73  -0.130311  -0.565608  0.336893
74  -0.134399  0.037156  0.019444
75  -0.225734  -0.050419  0.053498
76  -0.421090  -0.210497  0.221626
77  0.251903  -0.003104  0.063465
78  0.014905  -0.215125  0.046501
79  0.009722  -0.530597  0.281628
80  -0.153693  -0.582124  0.362490
81  0.395604  -0.141354  0.176484
82  0.322372  -0.143328  0.124466
83  -0.293828  0.244542  0.146136
84  0.385799  0.192308  0.185823
85  -0.100338  0.474852  0.235552
86  0.228035  -0.297139  0.140292
87  -0.081707  0.165418  0.034039
88  -0.293727  0.213184  0.131723
89  0.365194  -0.351569  0.256967
90  0.362541  0.119625  0.145746
91  -0.016027  -0.342860  0.117810
92  0.258987  0.088384  0.074886
93  0.252236  0.457785  0.273190
94  0.154299  0.067257  0.028332
95  0.255933  -0.169342  0.094178
96  0.376501  0.486866  0.378791
97  0.009151  0.303765  0.092357
98  -0.286062  0.057607  0.085150
99  0.020749  0.346088  0.120207
100  -0.208181  0.183446  0.076992
101  -0.066302  -0.185870  0.038944
102  0.452654  -0.227649  0.256720
103  -0.182046  0.182001  0.066265
104  -0.373514  -0.337479  0.253404
105  0.411868  -0.211949  0.214558
106  -0.549024  -0.061146  0.305166
107  -0.063727  -0.551762  0.308502
108  0.492960  -0.002861  0.243018
109  0.069916  0.496949  0.251846
110  0.202912  -0.118368  0.055184
111  0.147987  0.102028  0.032310
112  -0.072218  0.214660  0.051294
113  -0.165815  0.183819  0.061284
114  -0.079833  -0.392709  0.160594
115  0.212022  -0.420441  0.221724
116  -0.052019  -0.052160  0.005427
117  -0.438117  0.086527  0.199433
118  -0.450166  -0.012798  0.202813
119  0.219772  -0.160122  0.073939
120  0.059461  0.159554  0.028993
121  -0.066745  -0.989003  0.982583
122  -0.306216  0.241106  0.151900
123  -0.575977  -0.446635  0.531231
124  0.107823  0.187419  0.046752
125  -0.270283  0.112000  0.085597
126  -0.478238  -0.352726  0.353126
127  -0.237236  -0.567739  0.378609
128  0.497678  0.204596  0.289543
129  0.008355  0.710729  0.505206
130  -0.131595  -0.964452  0.947484
131  -0.007883  -0.062205  0.003932
132  -0.079898  0.357535  0.134215
133  -0.181223  0.336788  0.146268
134  -0.134380  0.261175  0.086270
135  0.100836  -0.070051  0.015075
136  0.763281  0.457283  0.791706
137  -0.041892  -0.870524  0.759567
138  0.005476  0.065478  0.004317
139  -0.147974  -0.128927  0.038519
140  0.224911  0.071974  0.055765
141  0.262305  -0.080644  0.075307
142  -0.411586  0.117156  0.183128
143  0.238000  -0.302412  0.148097
144  0.093342  -0.471370  0.230902
145  0.188301  0.097543  0.044972
146  -0.227071  0.238776  0.108576
147  -0.048724  -0.293820  0.088704
148  -0.503683  0.171568  0.283132
149  -0.527716  -0.621371  0.664586
150  -0.118762  -0.610018  0.386227
151  0.358205  -0.339340  0.243462
152  -0.098350  -0.427468  0.192402
153  -0.111808  -0.172448  0.042239
154  0.282245  -0.319022  0.181438
155  -0.345048  -0.079403  0.125363
156  0.052791  -0.037220  0.004172
157  0.135624  -0.214925  0.064587
158  -0.167260  0.129745  0.044810
159  -0.618759  -0.262538  0.451789
160  0.081610  -0.149110  0.028894
161  0.036415  -0.257552  0.067659
162  -0.153586  -0.822313  0.699787
163  0.365753  0.043424  0.135661
164  -0.014581  -0.554671  0.307873
165  -0.114026  0.205302  0.055151
166  0.153215  -0.422456  0.201944
167  0.860693  -0.064031  0.744893
168  0.210761  0.532775  0.328269
169  0.152382  0.198263  0.062528
170  0.441435  0.772442  0.791532
171  -0.457820  0.108743  0.221424
172  -0.383521  -0.032661  0.148155
173  -0.260636  0.292608  0.153550
174  0.064826  -0.418979  0.179746
175  -0.249129  -0.769306  0.653897
176  0.255348  0.317763  0.166176
177  -0.007918  -0.436427  0.190532
178  0.107482  0.216337  0.058354
179  -0.461332  0.291986  0.298084
180  -0.079941  -0.064633  0.010568
181  -0.412867  0.574335  0.500320
182  0.640380  -0.055500  0.413167
183  -0.157827  0.730348  0.558318
184  0.610735  -0.081121  0.379578
185  0.560597  -0.155756  0.338528
186  -0.042587  -0.044862  0.003826
187  -0.498468  0.177208  0.279873
188  -0.261475  0.501105  0.319476
189  -0.154126  -0.065891  0.028096
190  -0.829907  -0.147115  0.710388
191  -0.133761  0.733120  0.555357
192  -0.105015  -0.072275  0.016252
193  -0.134246  -0.478076  0.246579
194  0.261185  -0.250707  0.131071
195  -0.139846  0.362498  0.150961
196  0.302957  -0.428956  0.275786
197  -0.716115  0.282729  0.592756
198  0.043156  -0.424328  0.181916
199  0.407825  -0.563461  0.483810
200  0.412424  0.199650  0.209954
201  0.654875  -0.301385  0.519694
202  0.201862  0.110101  0.052870
203  -0.154594  -0.221427  0.072929
204  0.490099  0.076177  0.246000
205  0.172552  -0.448214  0.230670
206  0.470391  -0.439066  0.414046
207  0.553281  -0.131519  0.323417
208  -0.040281  0.000863  0.001623
209  -0.556110  -0.108825  0.321101
210  -0.087977  -0.426070  0.189275
211  -1.184014  0.411248  1.571014
212  0.458915  0.631159  0.608965
213  0.920513  0.570649  1.172984
214  -0.305443  -0.164122  0.120232
215  0.158143  -0.070858  0.030030
216  -0.171614  -0.053422  0.032305
217  -0.264465  -0.163718  0.096746
218  0.055587  -0.130843  0.020210
219  0.066671  0.734453  0.543867
220  -0.427788  -0.334904  0.295163
221  0.085076  0.107479  0.018790
222  -0.318910  0.245567  0.162007
223  0.799384  -0.037083  0.640391
224  0.601509  -0.263533  0.431263
225  0.357192  -0.576056  0.459427
226  0.055384  -0.525416  0.279129
227  0.660149  0.397953  0.594164
228  -0.174707  -0.082881  0.037392
229  0.751116  -0.686036  1.034821
230  0.628273  0.287119  0.477165
231  -0.404297  -0.125881  0.179302
232  0.789623  0.126769  0.639575
233  0.713447  0.701853  1.001604
234  0.601196  0.173466  0.391528
235  0.123427  0.032519  0.016292
236  0.129066  -0.171197  0.045967
237  -0.138548  -0.075528  0.024900
238  0.366760  0.213748  0.180201
239  -0.381077  0.907378  0.968556
240  0.313566  -0.045752  0.100417
241  1.488855  0.431997  2.403309
242  0.044008  0.227179  0.053547
243  0.210184  -0.311436  0.141170
244  0.593287  -0.155806  0.376265
245  -0.672088  0.498608  0.700312
246  0.272208  -0.358495  0.202616
247  -0.062930  -0.354338  0.129516
248  -0.133690  -0.328784  0.125972
249  0.280267  0.249798  0.140949
250  0.611120  0.311660  0.470600
251  0.308588  -0.186321  0.129942
252  0.247994  -0.249125  0.123564
253  -0.065117  -0.928406  0.866177
254  0.338087  0.627753  0.508376
255  -0.178162  -0.052943  0.034545
256  0.187900  -0.059624  0.038861
257  -0.786029  0.188515  0.653380
258  0.109888  -0.110048  0.024186
259  -0.021426  -0.297667  0.089065
260  0.037993  0.114710  0.014602
261  -0.478299  -0.398777  0.387793
262  -0.026489  -0.288628  0.084008
263  -0.112766  -0.310254  0.108974
264  -0.159799  -0.342008  0.142505
265  0.165679  0.252557  0.091235
266  -0.295169  -0.041353  0.088835
267  -0.272227  0.108349  0.085847
268  -0.036900  -0.420891  0.178511
269  0.285828  0.371981  0.220067
270  -0.126729  0.139824  0.035611
271  -0.905926  -0.312503  0.918360
272  0.304023  -0.529176  0.372457
273  0.585356  -0.165014  0.369871
274  0.293908  -0.319152  0.188240
275  -0.132773  0.054658  0.020616
276  0.454933  0.512079  0.469189
277  -0.792054  0.655191  1.056624
278  0.480776  -0.130323  0.248130
279  -0.086714  0.055670  0.010618
280  -0.272647  0.009438  0.074425
281  -0.190737  0.070777  0.041390
282  -0.351822  0.370688  0.261189
283  -0.191534  0.445542  0.235193
284  -0.801707  0.164461  0.669782
285  0.393023  -0.046155  0.156598
286  -0.459537  -0.330910  0.320676
287  -0.419563  0.558359  0.487798
288  1.219744  0.009014  1.487858
289  -0.088426  0.166136  0.035420
290  -0.347612  -0.556355  0.430365
291  0.153692  -0.061684  0.027426
292  0.043555  0.349888  0.124319
293  0.767389  0.607537  0.957987
294  0.044763  0.024343  0.002596
295  -0.641300  0.236945  0.467408
296  -0.205465  0.392834  0.196534
297  -0.521728  -0.328945  0.380405
298  0.273958  -0.126461  0.091046
299  -0.465406  0.606823  0.584837
300  -0.219187  -0.611830  0.422379
301  0.572708  -0.465980  0.545132
302  -0.282810  -0.446623  0.279454
303  -0.194118  -0.196281  0.076208
304  -0.313472  0.262237  0.167033
305  -0.609639  0.189550  0.407588
306  0.383307  -0.402779  0.309155
307  0.333659  -0.206600  0.154012
308  -0.031424  -0.034248  0.002160
309  0.074904  0.310375  0.101943
310  0.160519  0.572479  0.353499
311  1.174931  -0.466183  1.597788
312  -0.296232  -0.044724  0.089754
313  0.412239  0.327135  0.276958
314  -0.694301  -0.023533  0.482608
315  0.467585  -0.518365  0.487338
316  -0.229632  -0.307371  0.147208
317  0.185628  -0.375188  0.175224
318  -0.183710  0.359318  0.162858
319  0.721731  0.470933  0.742673
320  0.191571  -0.024721  0.037310
321  -0.154645  -0.606944  0.392296
322  0.190688  -0.448544  0.237554
323  0.194911  -0.134586  0.056104
324  -0.117883  0.059651  0.017455
325  0.113510  -0.137804  0.031874
326  -0.623883  0.428549  0.572884
327  -0.011933  0.536720  0.288211
328  0.289670  0.308661  0.179180
329  -0.068737  0.598936  0.363449
330  0.176168  -0.200794  0.071353
331  0.357970  -0.227659  0.179971
332  -0.136812  -0.287782  0.101536
333  0.383393  -0.225943  0.198041
334  0.172056  0.290008  0.113708
335  0.245848  0.083514  0.067416
336  0.355197  0.398735  0.285155
337  0.444867  -0.270877  0.271281
338  0.430294  -0.090957  0.193426
339  -0.416536  0.193500  0.210944
340  0.510168  0.124208  0.275699
341  0.132535  -0.288988  0.101080
342  -0.144654  0.003684  0.020938
343  -0.013712  0.397025  0.157817
344  0.116260  -0.447800  0.214041
345  -0.398893  -0.283292  0.239369
346  -0.379161  -0.361933  0.274758
347  -0.293204  -0.430982  0.271714
348  0.131069  -0.477144  0.244845
349  0.105448  -0.519096  0.280580
350  -0.390249  -0.078108  0.158395
351  -0.635794  -0.060980  0.407953
352  -0.533358  0.444181  0.481768
353  0.308328  -0.391161  0.248073
354  0.031950  -0.241900  0.059537
355  0.233330  0.032088  0.055473
356  -0.101864  0.207431  0.053404
357  -0.199453  0.112992  0.052549
358  0.312252  0.032399  0.098551
359  0.017726  0.407790  0.166607
360  -0.171958  0.362723  0.161137
361  0.334497  0.225164  0.162587
362  0.348052  0.149504  0.143492
363  -0.019905  0.099881  0.010372
364  0.122571  0.373926  0.154844
365  -0.406085  0.430997  0.350664
366  -0.210846  0.007474  0.044512
367  0.341314  -0.155988  0.140828
368  -0.139526  0.200956  0.059851
369  0.339152  0.027249  0.115767
370  0.196803  -0.063084  0.042711
371  0.515857  -0.238628  0.323052
372  0.070066  -0.241647  0.063303
373  -0.906658  -0.139441  0.841472
374  0.174348  -0.239894  0.087947
375  -0.513295  0.212532  0.308642
376  0.279698  0.327708  0.185624
377  0.473331  0.265314  0.294434
378  -0.211637  0.247821  0.106206
379  -0.032955  0.114368  0.014166
380  0.002032  -0.274884  0.075566
381  0.292884  0.440902  0.280176
382  -0.020770  -0.128144  0.016852
383  -0.413403  -0.210247  0.215106
384  -0.406439  0.543288  0.460355
385  -0.034580  0.030929  0.002152
386  0.241353  0.223745  0.108313
387  -0.027375  -0.051742  0.003427
388  -0.199835  -0.143979  0.060664
389  -0.190927  0.010811  0.036570
390  0.050634  0.395087  0.158658
391  -0.324648  -0.174425  0.135821
392  0.028820  0.117783  0.014703
393  -0.301826  -0.008159  0.091165
394  0.532964  -0.071134  0.289111
395  0.029483  0.161465  0.026940
396  0.301890  0.090255  0.099283
397  0.113152  -0.220034  0.061218
398  0.313609  0.145671  0.119571
399  0.104111  -0.063529  0.014875
400  -0.097037  -0.031823  0.010429
401  0.200223  0.112354  0.052713
402  -0.271071  -0.265209  0.143815
403  -0.588395  0.505373  0.601611
404  0.083630  0.158108  0.031992
405  -0.017895  -0.114695  0.013475
406  -0.238798  -0.375027  0.197669
407  -0.029462  -0.296229  0.088620
408  -0.276055  -0.093240  0.084900
409  -0.214906  0.017772  0.046500
410  0.097535  0.103642  0.020255
411  -0.205236  0.025414  0.042768
412  -0.067821  0.445143  0.202752
413  0.209477  -0.119061  0.058056
414  -0.115574  -0.029471  0.014226
415  0.015428  -0.289477  0.084035
416  0.078980  0.061705  0.010045
417  -0.029332  -0.129183  0.017549
418  -0.223473  0.277427  0.126906
419  0.082103  -0.227531  0.058511
420  0.162576  0.035079  0.027661
421  0.110686  0.214657  0.058329
422  -0.021773  0.116074  0.013947
423  0.338123  0.152220  0.137498
424  0.314759  0.316935  0.199521
425  -0.186375  -0.140152  0.054378
426  0.234284  -0.000283  0.054889
427  0.021308  0.022062  0.000941
428  -0.198611  0.273341  0.114161
429  -0.119371  0.040995  0.015930
430  0.206344  -0.126627  0.058612
431  0.516137  -0.147857  0.288259
432  0.021067  0.223543  0.050415
433  -0.116457  -0.263205  0.082839
434  -0.221321  -0.221047  0.097845
435  -0.084525  0.381438  0.152639
436  0.088975  0.301422  0.098772
437  -0.013344  0.159030  0.025468
438  -0.058383  0.191255  0.039987
439  0.287335  -0.263788  0.152145
440  -0.008798  0.438480  0.192342
441  -0.178004  0.207083  0.074568
442  -0.014817  0.112257  0.012821
443  0.285799  0.043614  0.083583
444  0.380363  0.059095  0.148168
445  0.035266  -0.138287  0.020367
446  -0.102588  -0.249526  0.072787
447  0.209026  0.083879  0.050727
448  -0.061994  -0.368612  0.139718
449  -0.020327  -0.087391  0.008050
450  -0.011682  0.167110  0.028062
451  0.166079  -0.127644  0.043875
452  0.187837  -0.117433  0.049073
453  -0.201813  -0.228020  0.092721
454  -0.034875  0.100586  0.011334
455  0.062668  0.313939  0.102485
456  0.206749  -0.118516  0.056791
457  -0.086395  -0.156946  0.032096
458  -0.002346  0.092159  0.008499
459  0.186278  0.050501  0.037250
460  0.047374  0.132344  0.019759
461  -0.027105  0.040539  0.002378
462  0.051293  -0.029598  0.003507
463  0.196905  0.233597  0.093339
464  -0.104019  -0.073207  0.016179
465  -0.032514  -0.182615  0.034405
466  0.174078  -0.218724  0.078143
467  -0.234051  0.000584  0.054780
468  0.083189  -0.094299  0.015813
469  0.053238  0.054646  0.005820
470  -0.119761  -0.053345  0.017189
471  -0.092731  0.155446  0.032763
472  -0.042999  -0.105730  0.013028
473  -0.122274  0.122513  0.029960
474  -0.067676  0.100506  0.014681
475  -0.054945  -0.053493  0.005880
476  -0.052260  0.096043  0.011955
477  0.033316  -0.035478  0.002369
478  0.067292  -0.225168  0.055229
479  0.108708  -0.064968  0.016038
480  -0.276369  0.068684  0.081097
481  0.057299  -0.033667  0.004417
482  -0.098986  -0.008858  0.009877
483  0.141423  -0.035524  0.021262
484  -0.037328  -0.033048  0.002486
485  0.007484  0.182345  0.033306
486  0.109838  -0.036852  0.013423
487  -0.049919  0.216375  0.049310
488  0.112620  0.027137  0.013420
489  -0.080417  0.209604  0.050401
490  0.238937  -0.017986  0.057414
491  0.070712  -0.263176  0.074262
492  0.023530  -0.155099  0.024609
493  0.011123  -0.079106  0.006382
494  0.035488  0.032761  0.002333
495  0.108283  0.163264  0.038380
496  0.146348  -0.156634  0.045952
497  -0.102641  -0.133693  0.028409
498  0.016454  -0.029047  0.001114
499  0.003425  -0.028583  0.000829
500  -0.082903  -0.129197  0.023565
501  0.041792  -0.096703  0.011098
502  -0.013832  0.063279  0.004195
503  0.128719  0.139908  0.036143
504  -0.109302  -0.106381  0.023264
505  -0.122059  0.047473  0.017152
506  -0.014607  0.075077  0.005850
507  0.173727  0.216871  0.077214
508  -0.022441  0.080222  0.006939
509  -0.058249  0.042204  0.005174
510  -0.029493  0.039946  0.002465
511  -0.029207  0.007020  0.000902
512  0.008640  0.045410  0.002137
513  0.053613  0.132872  0.020529
514  0.193122  -0.006232  0.037335
515  0.061055  -0.035601  0.004995
516  0.049697  -0.050910  0.005062
517  -0.043220  -0.189564  0.037802
518  -0.065776  0.133230  0.022077
519  0.036232  0.053340  0.004158
520  0.066685  -0.041773  0.006192
521  -0.080071  0.051281  0.009041
522  0.096015  0.041641  0.010953
523  -0.061393  -0.143023  0.024225
524  0.020144  -0.068553  0.005105
525  0.069642  0.073506  0.010253
526  -0.131821  0.164863  0.044557
527  0.074302  0.018239  0.005854
528  -0.033688  0.044173  0.003086
529  -0.142437  0.103713  0.031045
530  0.059202  0.031630  0.004505
531  0.111719  -0.179450  0.044683
532  0.076747  -0.122222  0.020828
533  0.086999  0.019793  0.007961
534  -0.007741  0.036969  0.001427
535  -0.000208  -0.038211  0.001460
536  -0.010261  0.053720  0.002991
537  -0.026687  -0.004683  0.000734
538  0.024812  0.093226  0.009307
539  0.050194  0.068715  0.007241
540  0.036863  -0.021837  0.001836
541  0.054037  0.000200  0.002920
542  -0.082100  -0.068036  0.011369
543  -0.094696  0.035090  0.010199
544  0.087423  0.076550  0.013503
545  0.055641  0.085497  0.010406
546  0.044324  0.103093  0.012593
547  0.057954  -0.119586  0.017659
548  0.042184  0.055531  0.004863
549  0.020442  -0.057100  0.003678
550  0.008734  -0.100914  0.010260
551  -0.013118  0.019385  0.000548
552  -0.126045  -0.005363  0.015916
553  -0.031894  -0.109571  0.013023
554  -0.054467  0.004414  0.002986
555  0.017353  0.089521  0.008315
556  -0.067029  0.145260  0.025593
557  0.061880  0.020400  0.004245
558  0.054780  -0.024641  0.003608
559  0.025468  -0.016761  0.000930
560  -0.020481  -0.118340  0.014424
561  0.027159  -0.006566  0.000781
562  0.042187  0.027827  0.002554
563  -0.028908  -0.058373  0.004243
564  0.000619  0.039882  0.001591
565  -0.030693  0.073327  0.006319
566  -0.102786  -0.059239  0.014074
567  -0.053020  -0.062171  0.006676
568  -0.036627  0.120325  0.015820
569  0.029249  0.076346  0.006684
570  -0.013887  0.085708  0.007539
571  -0.104387  -0.069428  0.015717
572  0.057192  0.040215  0.004888
573  -0.045339  -0.056057  0.005198
574  -0.030700  0.110108  0.013066
575  0.099197  0.053517  0.012704
576  0.066730  0.021928  0.004934
577  -0.069070  0.017021  0.005060
578  0.071803  0.073118  0.010502
579  0.024091  0.068263  0.005240
580  -0.011385  -0.138826  0.019402
581  -0.105947  0.089916  0.019310
582  -0.021546  -0.111867  0.012978
583  -0.084343  -0.018321  0.007449
584  -0.056391  -0.015423  0.003418
585  -0.003117  -0.128046  0.016406
586  -0.086772  0.022670  0.008043
587  -0.005273  0.079609  0.006365
588  -0.008127  0.029857  0.000957
589  -0.049604  -0.052757  0.005244
590  -0.068039  -0.049230  0.007053
591  -0.051099  0.031999  0.003635
592  -0.113564  0.002645  0.012904
593  0.017269  0.013253  0.000474
594  -0.012321  0.082700  0.006991
595  0.016035  -0.168730  0.028727
596  0.078498  0.043513  0.008055
597  -0.047839  0.031982  0.003311
598  0.079274  0.177033  0.037625
599  0.063808  0.033936  0.005223
600  0.001522  -0.002641  0.000009
601  -0.033333  0.018543  0.001455
602  -0.079964  0.011018  0.006516
603  -0.080054  0.024569  0.007012
604  -0.106923  0.081390  0.018057
605  0.020657  -0.000378  0.000427
606  0.000545  -0.038518  0.001484
607  0.070291  0.010519  0.005051
608  -0.040143  -0.008023  0.001676
609  0.014528  0.057307  0.003495
610  0.146690  -0.000437  0.021518
611  0.030755  -0.060122  0.004561
612  0.063040  -0.012100  0.004120
613  -0.000969  0.118963  0.014153
614  -0.004843  -0.047836  0.002312
615  -0.002506  0.063370  0.004022
616  0.041008  0.018167  0.002012
617  0.027042  0.108949  0.012601
618  0.044652  0.039576  0.003560
619  0.045179  0.044613  0.004031
620  0.042139  0.022132  0.002265
621  -0.028773  0.080916  0.007375
622  -0.009034  0.047356  0.002324
623  -0.002955  0.051990  0.002712
624  0.001679  0.012559  0.000161
625  -0.039293  0.044680  0.003540
626  0.031735  0.013435  0.001188
627  -0.074006  0.004417  0.005496
628  0.012278  0.033401  0.001266
629  0.044566  0.028051  0.002773
630  0.104249  -0.011750  0.011006
631  -0.009271  -0.021763  0.000560
632  -0.018722  0.039220  0.001889
633  -0.029688  0.049087  0.003291
634  0.057959  0.028489  0.004171
635  0.026381  -0.050391  0.003235
636  0.047083  -0.033738  0.003355
637  -0.014742  0.050299  0.002747
638  -0.090194  -0.015330  0.008370
639  -0.029688  0.025902  0.001552
640  -0.024661  0.024677  0.001217
641  0.014557  0.043337  0.002090
642  -0.111996  0.010983  0.012664
643  0.021482  0.060732  0.004150
644  -0.057191  0.032415  0.004321
645  0.003897  0.030585  0.000951
646  -0.019697  0.040964  0.002066
647  0.062549  -0.088312  0.011711
648  0.036583  -0.008250  0.001406
649  -0.006873  0.005704  0.000080
650  0.043926  0.021066  0.002373
651  0.015370  0.040360  0.001865
652  0.055837  0.056339  0.006292
653  -0.001857  0.052894  0.002801
654  0.006580  -0.014329  0.000249
655  0.042893  0.017023  0.002130
656  -0.048487  0.005215  0.002378
657  0.094776  -0.008760  0.009059
658  0.067283  -0.078806  0.010737
659  -0.049344  0.016272  0.002700
660  0.055821  0.032913  0.004199
661  0.056237  0.058443  0.006578
662  0.002511  -0.040579  0.001653
663  -0.022923  0.053686  0.003408
664  -0.054440  -0.034231  0.004135
665  0.005162  0.030577  0.000962
666  -0.015564  0.011975  0.000386
667  0.069886  0.034123  0.006048
668  -0.000873  -0.000699  0.000001
669  -0.003003  -0.070411  0.004967
670  -0.018308  0.084944  0.007551
671  0.043280  0.106666  0.013251
672  -0.009395  0.047149  0.002311
673  -0.027277  0.028178  0.001538
674  0.022290  -0.018132  0.000826
675  -0.021007  0.003568  0.000454
676  0.041043  0.016225  0.001948
677  -0.045561  0.026525  0.002779
678  0.055882  -0.015225  0.003355
679  0.043068  0.005202  0.001882
680  0.059187  -0.036316  0.004822
681  0.021077  -0.031782  0.001454
682  0.007964  -0.026397  0.000760
683  0.024994  -0.069262  0.005422
684  -0.065546  -0.001303  0.004298
685  0.004107  -0.001363  0.000019
686  -0.009337  -0.001281  0.000089
687  -0.002806  -0.016118  0.000268
688  0.019401  0.042085  0.002148
689  0.018756  0.008418  0.000423
690  0.016708  0.006481  0.000321
691  0.047190  -0.034943  0.003448
692  0.001961  0.003299  0.000015
693  -0.037966  -0.017126  0.001735
694  -0.042425  0.015361  0.002036
695  0.054476  0.013034  0.003138
696  -0.046533  -0.054391  0.005124
697  0.027464  0.028363  0.001559
698  0.029926  -0.000711  0.000896
699  0.001778  -0.006295  0.000043
700  0.006780  -0.013278  0.000222
701  0.021666  -0.019330  0.000843
702  0.058951  0.031656  0.004477
703  -0.067637  -0.026743  0.005290
704  -0.005111  0.013147  0.000199
705  -0.028209  -0.044710  0.002795
706  -0.022334  -0.061484  0.004279
707  -0.025085  0.011728  0.000767
708  0.021369  0.012732  0.000619
709  -0.002229  0.024240  0.000593
710  0.026304  -0.032210  0.001729
711  0.002487  -0.051266  0.002634
712  0.018131  -0.000946  0.000330
713  -0.036813  0.007894  0.001418
714  0.012413  0.039741  0.001733
715  -0.016920  -0.007817  0.000347
716  -0.012328  0.010615  0.000265
717  -0.004659  -0.031604  0.001020
718  0.035915  -0.000500  0.001290
719  0.023664  -0.021190  0.001009
720  -0.059842  0.017658  0.003893
721  0.040225  -0.012590  0.001777
722  0.048422  0.005453  0.002374
723  0.021308  0.009383  0.000542
724  0.011688  0.011509  0.000269
725  -0.014107  0.012289  0.000350
726  -0.075724  0.003151  0.005744
727  -0.039211  -0.017514  0.001844
728  0.042194  0.037590  0.003193
729  0.006395  0.019356  0.000416
730  0.048668  0.071869  0.007534
731  0.003929  0.000588  0.000016
732  0.035490  0.021027  0.001702
733  0.014082  0.022532  0.000706
734  -0.045065  0.033071  0.003125
735  0.017927  0.026730  0.001036
736  0.015168  0.064533  0.004395
737  0.000486  -0.054600  0.002981
738  -0.056656  0.005661  0.003242
739  -0.015228  0.031238  0.001208
740  0.023957  0.056825  0.003803
741  -0.025842  -0.015336  0.000903
742  -0.017715  0.059465  0.003850
743  -0.005053  -0.055368  0.003091
744  0.003970  0.018167  0.000346
745  -0.001112  0.044813  0.002009
746  -0.011961  -0.031337  0.001125
747  0.018695  0.031230  0.001325
748  0.004534  0.004403  0.000040
749  0.008496  0.029964  0.000970
750  0.027268  0.071300  0.005827
751  -0.010961  0.034602  0.001317
752  -0.048160  0.038205  0.003779
753  0.002002  0.039921  0.001598
754  0.101734  0.026932  0.011075
755  -0.003061  0.003463  0.000021
756  -0.025332  0.026769  0.001358
757  0.033821  0.023154  0.001680
758  0.004732  -0.018272  0.000356
759  -0.044748  -0.000599  0.002003
760  0.027190  -0.006089  0.000776
761  0.007837  -0.013751  0.000251
762  -0.085274  0.031105  0.008239
763  0.040377  -0.026982  0.002358
764  0.000951  0.053040  0.002814
765  0.013640  -0.034954  0.001408
766  -0.087653  0.000511  0.007683
767  0.037120  -0.015685  0.001624
768  0.036737  -0.003479  0.001362
769  -0.014244  0.065828  0.004536
770  0.025807  -0.025482  0.001315
771  0.010991  0.014716  0.000337
772  0.023215  0.022506  0.001045
773  -0.036662  0.007439  0.001399
774  0.030912  0.014795  0.001174
775  0.067613  -0.012374  0.004725
776  -0.053775  0.007551  0.002949
777  -0.015271  -0.005975  0.000269
778  0.012383  -0.031047  0.001117
779  -0.008323  -0.000777  0.000070
780  -0.005605  0.019134  0.000398
781  -0.013682  0.006422  0.000228
782  0.034574  0.029934  0.002091
783  0.041860  -0.029381  0.002616
784  0.027213  -0.044076  0.002683
785  0.007412  0.010255  0.000160
786  0.068776  0.002376  0.004736
787  -0.018992  -0.031304  0.001341
788  0.032061  -0.006842  0.001075
789  0.005734  -0.019086  0.000397
790  -0.044712  -0.020889  0.002436
791  0.014024  0.051181  0.002816
792  -0.005596  0.041084  0.001719
793  0.035295  -0.011625  0.001381
794  -0.046033  0.043465  0.004008
795  -0.063137  -0.014426  0.004194
796  0.009987  0.004797  0.000123
797  -0.050085  0.013980  0.002704
798  0.070478  0.049283  0.007396
799  -0.019821  -0.041764  0.002137
800  0.001879  0.011047  0.000126
801  0.018356  -0.011079  0.000460
802  -0.002048  0.000402  0.000004
803  0.004338  -0.000693  0.000019
804  -0.045856  -0.014324  0.002308
805  -0.041353  -0.011407  0.001840
806  0.038465  0.032260  0.002520
807  0.040622  0.061421  0.005423
808  -0.012093  0.016400  0.000415
809  0.021166  0.032268  0.001489
810  0.003673  -0.032027  0.001039
811  0.006104  0.077787  0.006088
812  -0.012069  -0.039759  0.001726
813  -0.006415  0.018720  0.000392
814  -0.069261  0.003603  0.004810
815  0.016104  0.036575  0.001597
816  -0.014029  0.018030  0.000522
817  -0.022481  -0.026209  0.001192
818  0.007934  0.026897  0.000786
819  0.014665  -0.033264  0.001322
820  0.036362  0.016826  0.001605
821  -0.031733  -0.017163  0.001302
822  0.009431  0.029505  0.000960
823  0.004632  0.037326  0.001415
824  -0.019044  0.027928  0.001143
825  0.017073  0.002809  0.000299
826  -0.001373  0.028491  0.000814
827  -0.017064  0.016039  0.000548
828  -0.002982  0.033401  0.001125
829  0.007018  0.007448  0.000105
830  -0.005153  0.001512  0.000029
831  0.014151  0.005321  0.000229
832  0.029292  -0.020510  0.001279
833  0.028345  -0.006031  0.000840
834  0.030017  -0.006196  0.000939
835  0.023060  0.039607  0.002100
836  0.026508  -0.055965  0.003835
837  0.022803  -0.006547  0.000563
838  0.041151  -0.017840  0.002012
839  0.006180  0.005580  0.000069
840  0.018063  -0.033880  0.001474
841  0.038530  0.047381  0.003730
842  -0.040636  -0.021560  0.002116
843  -0.002936  -0.007815  0.000070
844  0.006446  0.016736  0.000322
845  -0.029762  -0.011380  0.001015
846  0.024345  -0.015647  0.000837
847  -0.011753  0.003932  0.000154
848  -0.002869  0.000524  0.000009
849  0.001333  0.041509  0.001725
850  0.019532  -0.000956  0.000382
851  0.022784  0.011605  0.000654
852  0.012920  0.042895  0.002007
853  -0.017990  -0.029839  0.001214
854  -0.006961  0.034837  0.001262
855  0.042933  -0.017659  0.002155
856  -0.002710  0.042941  0.001851
857  -0.015413  0.008756  0.000314
858  0.029845  0.006446  0.000932
859  0.007647  -0.000727  0.000059
860  0.024665  -0.017937  0.000930
861  -0.011553  -0.015152  0.000363
862  0.017981  0.039059  0.001849
863  -0.018667  0.001158  0.000350
864  -0.007235  -0.036133  0.001358
865  0.018768  0.026436  0.001051
866  0.051403  0.055080  0.005676
867  -0.012376  0.028233  0.000950
868  0.007138  -0.022647  0.000564
869  -0.036411  0.027662  0.002091
870  0.042830  -0.002256  0.001839
871  0.025903  0.041036  0.002355
872  -0.039056  0.057904  0.004878
873  -0.037204  -0.017392  0.001687
874  0.012098  0.015893  0.000399
875  0.010417  -0.015201  0.000340
876  -0.001357  -0.025222  0.000638
877  0.016291  0.055429  0.003338
878  0.016644  0.013209  0.000451
879  0.000128  -0.004217  0.000018
880  0.009235  -0.031064  0.001050
881  -0.022793  0.048007  0.002824
882  -0.046505  0.003122  0.002172
883  0.001290  0.049036  0.002406
884  -0.015358  0.034717  0.001441
885  0.005099  0.024873  0.000645
886  0.026808  -0.009239  0.000804
887  0.012229  0.048356  0.002488
888  -0.002991  -0.006911  0.000057
889  -0.025541  0.007446  0.000708
890  -0.037687  0.054077  0.004345
891  0.021855  0.028032  0.001263
892  -0.008839  -0.006169  0.000116
893  -0.031425  -0.013183  0.001161
894  0.021571  0.008531  0.000538
895  -0.048180  0.027396  0.003072
896  0.014402  0.030455  0.001135
897  0.024058  0.051485  0.003230
898  -0.026461  0.040843  0.002368
899  -0.014213  0.005238  0.000229
900  0.026665  0.040004  0.002311
901  0.014023  0.001732  0.000200
902  0.019389  0.021772  0.000850
903  -0.010896  0.010774  0.000235
904  -0.017227  0.010556  0.000408
905  0.033300  0.003622  0.001122
906  0.011555  0.019249  0.000504
907  -0.010832  0.031007  0.001079
908  0.013019  0.061380  0.003937
909  0.014199  0.035452  0.001458
910  0.065994  0.003308  0.004366
911  -0.051014  -0.062978  0.006569
912  0.039897  -0.027297  0.002337
913  0.039513  0.034320  0.002739
914  -0.010642  0.002585  0.000120
915  0.018431  -0.008991  0.000421
916  -0.010603  0.001718  0.000115
917  0.011181  -0.009716  0.000219
918  0.042843  0.015037  0.002062
919  0.053246  -0.018124  0.003164
920  0.021720  -0.023018  0.001002
921  0.021786  0.043701  0.002384
922  -0.012015  0.061709  0.003952
923  -0.012003  -0.035902  0.001433
924  -0.005343  0.009714  0.000123
925  0.025329  -0.031530  0.001636
926  0.042582  0.016464  0.002084
927  0.003272  0.023794  0.000577
928  0.024682  -0.002882  0.000618
929  0.011327  0.031538  0.001123
930  0.001091  0.016507  0.000274
931  -0.037969  0.005648  0.001474
932  0.029172  0.012168  0.000999
933  -0.020995  0.007976  0.000504
934  0.036705  0.037097  0.002723
935  -0.025157  0.005072  0.000659
936  -0.034992  0.020854  0.001659
937  -0.008106  0.003207  0.000076
938  -0.001292  0.045332  0.002057
939  0.029302  -0.011065  0.000981
940  -0.015088  0.011301  0.000355
941  0.036800  0.015472  0.001594
942  -0.024135  0.037593  0.001996
943  0.058368  0.019737  0.003796
944  0.037963  -0.005132  0.001468
945  0.003733  -0.002036  0.000018
946  0.025725  -0.014515  0.000872
947  0.010075  0.009582  0.000193
948  0.061660  -0.022456  0.004306
949  -0.018060  0.022553  0.000835
950  0.001267  -0.025139  0.000634
951  0.054342  0.008263  0.003021
952  -0.009684  0.049113  0.002506
953  0.002143  -0.002963  0.000013
954  -0.004488  -0.014267  0.000224
955  0.013457  0.012856  0.000346
956  -0.011083  -0.003370  0.000134
957  0.017579  -0.044422  0.002282
958  0.038844  0.025775  0.002173
959  0.051863  0.020916  0.003127
960  0.036130  -0.015404  0.001543
961  0.024730  -0.020311  0.001024
962  -0.012325  0.033964  0.001305
963  0.011750  0.012792  0.000302
964  0.071097  -0.033728  0.006192
965  0.004901  0.010764  0.000140
966  -0.016562  -0.011196  0.000400
967  -0.013126  -0.021121  0.000618
968  0.021807  0.001470  0.000478
969  0.011733  -0.016857  0.000422
970  -0.001352  0.034075  0.001163
971  -0.011630  -0.009187  0.000220
972  0.034172  -0.020779  0.001599
973  0.001613  0.035672  0.001275
974  0.005155  -0.002220  0.000032
975  0.003984  0.061816  0.003837
976  0.016065  0.031528  0.001252
977  0.014344  0.014254  0.000409
978  0.000634  0.032986  0.001088
979  -0.015541  0.024560  0.000845
980  -0.029917  0.022458  0.001399
981  0.014995  -0.020459  0.000643
982  -0.010695  0.001461  0.000117
983  0.039759  -0.027700  0.002348
984  -0.025951  -0.010068  0.000775
985  -0.036303  -0.025754  0.001981
986  0.054914  0.005860  0.003050
987  0.015350  0.041435  0.001952
988  0.022744  0.018993  0.000878
989  -0.005246  -0.018373  0.000365
990  0.047249  0.010312  0.002339
991  -0.006639  0.034262  0.001218
992  -0.020337  -0.051787  0.003095
993  -0.032608  0.005865  0.001098
994  0.014768  -0.018362  0.000555
995  -0.007325  0.008439  0.000125
996  0.019250  -0.030317  0.001290
997  0.027856  0.004372  0.000795
998  -0.043123  -0.011815  0.001999
999  0.016955  0.036014  0.001585
1000  -0.007080  -0.004267  0.000068
1001  -0.004023  0.023421  0.000565
1002  -0.027294  -0.007738  0.000805
1003  -0.017636  0.030411  0.001236
1004  0.006022  0.016923  0.000323
1005  0.032197  -0.037795  0.002465
1006  -0.028922  0.004569  0.000857
1007  0.021552  0.039458  0.002021
1008  -0.016441  -0.006233  0.000309
1009  -0.009882  -0.003402  0.000109
1010  0.024253  -0.019848  0.000982
1011  0.014713  0.010861  0.000334
1012  -0.017903  -0.006172  0.000359
1013  0.004360  0.019821  0.000412
1014  0.026545  -0.056371  0.003882
1015  0.045873  0.012918  0.002271
1016  -0.005152  0.004916  0.000051
1017  0.018834  -0.000645  0.000355
1018  -0.027455  -0.058440  0.004169
1019  0.034276  -0.003225  0.001185
1020  0.035259  0.014114  0.001442
1021  0.001311  -0.003900  0.000017
1022  -0.018704  -0.034123  0.001514
1023  0.035342  0.022337  0.001748
1024  -0.007100  0.014868  0.000271
1025  0.002146  -0.002405  0.000010
1026  0.006440  -0.001867  0.000045
1027  0.030285  -0.005197  0.000944
1028  0.006648  -0.008638  0.000119
1029  -0.012455  -0.042633  0.001973
1030  0.004723  -0.016222  0.000285
1031  -0.036514  -0.004276  0.001352
1032  0.011138  -0.000726  0.000125
1033  -0.008299  0.002597  0.000076
1034  0.013265  -0.018153  0.000505
1035  0.015161  0.010413  0.000338
1036  -0.013306  -0.042617  0.001993
1037  0.015837  0.004473  0.000271
1038  -0.035008  0.030488  0.002155
1039  -0.042296  0.040183  0.003404
1040  0.024279  -0.010616  0.000702
1041  -0.006158  0.014069  0.000236
1042  -0.026736  -0.034398  0.001898
1043  -0.050104  0.008279  0.002579
1044  0.011934  0.017654  0.000454
1045  0.027459  0.046289  0.002897
1046  -0.013686  -0.001332  0.000189
1047  -0.001895  -0.026444  0.000703
1048  -0.011429  0.013716  0.000319
1049  0.011059  0.038100  0.001574
1050  0.006448  0.015754  0.000290
1051  0.015657  0.036856  0.001603
1052  0.008280  -0.004622  0.000090
1053  0.037125  0.021300  0.001832
1054  0.078480  0.025170  0.006793
1055  0.012874  -0.026426  0.000864
1056  0.012131  -0.006096  0.000184
1057  0.022320  0.004685  0.000520
1058  0.023065  0.010195  0.000636
1059  0.007123  -0.015980  0.000306
1060  -0.001556  0.003076  0.000012
1061  0.034749  -0.005002  0.001233
1062  0.001265  0.019767  0.000392
1063  0.014899  0.016158  0.000483
1064  -0.004463  -0.014605  0.000233
1065  0.011382  0.007543  0.000186
1066  -0.010698  0.012681  0.000275
1067  0.010126  0.012067  0.000248
1068  0.034691  -0.015993  0.001459
1069  0.038028  0.020091  0.001850
1070  -0.012783  -0.011568  0.000297
1071  0.003574  -0.004547  0.000033
1072  0.015207  0.018905  0.000589
1073  0.013168  0.045932  0.002283
1074  -0.000953  0.018599  0.000347
1075  0.040244  -0.003153  0.001630
1076  -0.008094  -0.012386  0.000219
1077  0.014421  -0.008413  0.000279
1078  0.033869  0.017653  0.001459
1079  0.025531  0.005581  0.000683
1080  0.007503  0.040415  0.001690
1081  0.000680  -0.003585  0.000013
1082  0.003116  -0.024676  0.000619
1083  -0.006168  0.020483  0.000458
1084  -0.011990  0.001368  0.000146
1085  -0.019059  0.039480  0.001922
1086  0.010834  -0.034856  0.001332
1087  0.031524  0.010827  0.001111
1088  0.052989  0.057708  0.006138
1089  0.035557  -0.025886  0.001934
1090  0.019827  0.006549  0.000436
1091  0.035233  0.023737  0.001805
1092  0.009777  -0.036251  0.001410
1093  -0.028217  0.014813  0.001016
1094  0.056107  -0.007507  0.003204
1095  0.028825  -0.003502  0.000843
1096  -0.007478  0.024363  0.000649
1097  -0.004942  -0.006101  0.000062
1098  0.000467  0.022302  0.000498
1099  -0.027373  0.003867  0.000764
1100  -0.013815  -0.000516  0.000191
1101  0.029187  0.015208  0.001083
1102  0.013089  -0.049422  0.002614
1103  -0.028152  0.020245  0.001202
1104  0.036368  -0.041546  0.003049
1105  -0.016062  -0.004165  0.000275
1106  -0.015994  0.006001  0.000292
1107  0.002164  0.008694  0.000080
1108  0.031369  0.057934  0.004340
1109  -0.000779  -0.021003  0.000442
1110  -0.003709  -0.000028  0.000014
1111  0.015605  -0.025962  0.000918
1112  0.015990  -0.011781  0.000394
1113  -0.034378  -0.039154  0.002715
1114  -0.005929  -0.010206  0.000139
1115  -0.020315  -0.011590  0.000547
1116  -0.008530  -0.000129  0.000073
1117  -0.009926  -0.018267  0.000432
1118  0.009192  -0.004836  0.000108
1119  0.030576  0.001465  0.000937
1120  0.010373  -0.005639  0.000139
1121  0.009321  0.018549  0.000431
1122  -0.008833  0.022044  0.000564
1123  0.047320  -0.013207  0.002414
1124  0.034738  0.013013  0.001376
1125  0.028833  -0.005504  0.000862
1126  0.007566  0.003158  0.000067
1127  0.020963  -0.031157  0.001410
1128  0.000604  -0.014894  0.000222
1129  0.004662  0.045595  0.002101
1130  -0.022761  -0.038759  0.002020
1131  0.031731  -0.017592  0.001316
1132  -0.041151  -0.006590  0.001737
1133  -0.005025  0.025181  0.000659
1134  -0.008859  -0.030727  0.001023
1135  -0.020658  -0.000322  0.000427
1136  -0.000924  -0.007796  0.000062
1137  -0.026004  0.008577  0.000750
1138  -0.017147  -0.055962  0.003426
1139  0.008989  0.010353  0.000188
1140  0.029513  -0.031740  0.001878
1141  0.012238  -0.006253  0.000189
1142  0.006515  0.000518  0.000043
1143  0.027296  -0.010127  0.000848
1144  0.024138  0.022043  0.001069
1145  0.049357  -0.020486  0.002856
1146  0.015746  -0.009792  0.000344
1147  0.005297  0.034902  0.001246
1148  0.005518  0.011128  0.000154
1149  0.032768  0.002017  0.001078
1150  0.007765  0.000503  0.000061
1151  0.002914  0.020572  0.000432
1152  0.003964  -0.015110  0.000244
1153  0.029263  -0.021437  0.001316
1154  0.010876  -0.016890  0.000404
1155  0.051994  -0.002436  0.002709
1156  0.027786  0.022884  0.001296
1157  0.019333  0.009049  0.000456
1158  -0.027226  -0.021962  0.001224
1159  -0.022152  0.017165  0.000785
1160  0.000060  -0.000174  0.000000
1161  0.028628  0.025940  0.001492
1162  0.006378  -0.037986  0.001484
1163  -0.018175  -0.019854  0.000725
1164  0.055642  0.011091  0.003219
1165  0.008515  -0.023476  0.000624
1166  0.040590  -0.002395  0.001653
1167  0.016108  -0.025401  0.000905
1168  0.001925  0.003721  0.000018
1169  0.004589  -0.000953  0.000022
1170  0.020995  -0.064320  0.004578
1171  0.015841  -0.009277  0.000337
1172  -0.009172  -0.013378  0.000263
1173  0.000084  0.025258  0.000638
1174  -0.041176  -0.045534  0.003769
1175  0.075930  -0.031902  0.006783
1176  0.026963  -0.012395  0.000881
1177  0.028562  -0.004845  0.000839
1178  -0.002623  0.001232  0.000008
1179  -0.016549  0.015708  0.000521
1180  0.007380  0.020156  0.000461
1181  -0.016695  0.023047  0.000810
1182  0.004876  -0.022956  0.000551
1183  0.007086  -0.062328  0.003935
1184  0.014105  0.000291  0.000199
1185  0.020607  -0.021931  0.000906
1186  0.005170  0.000278  0.000027
1187  0.039915  -0.013955  0.001788
1188  0.010015  0.021608  0.000567
1189  0.001081  0.021805  0.000477
1190  0.033245  0.032960  0.002192
1191  0.018801  0.003002  0.000363
1192  -0.006459  0.032426  0.001093
1193  0.005151  -0.002519  0.000033
1194  0.017581  0.003123  0.000319
1195  0.027679  -0.018868  0.001122
1196  -0.030800  -0.022686  0.001463
1197  0.000664  0.018652  0.000348
1198  0.012531  0.008504  0.000229
1199  0.001551  0.000117  0.000002
1200  -0.003779  -0.042718  0.001839
1201  0.022339  -0.054358  0.003454
1202  -0.020674  -0.037247  0.001815
1203  -0.026130  -0.048778  0.003062
1204  -0.006892  -0.006253  0.000087
1205  0.020253  0.037373  0.001807
1206  -0.065837  -0.002930  0.004343
1207  -0.004722  -0.021924  0.000503
1208  0.023354  -0.028576  0.001362
1209  -0.009567  -0.000037  0.000092
1210  0.004920  -0.014292  0.000228
1211  0.014896  0.024385  0.000816
1212  -0.010190  -0.021462  0.000564
1213  0.004932  -0.022599  0.000535
1214  -0.026040  -0.011267  0.000805
1215  0.024973  -0.004889  0.000648
1216  0.003707  -0.019565  0.000397
1217  -0.057199  -0.040838  0.004939
1218  0.024085  0.006459  0.000622
1219  0.015562  0.033760  0.001382
1220  0.012301  -0.016225  0.000415
1221  -0.004691  -0.031357  0.001005
1222  0.011278  0.025154  0.000760
1223  -0.010635  0.028476  0.000924
1224  0.054092  0.016504  0.003198
1225  0.006443  0.020336  0.000455
1226  -0.012619  -0.018271  0.000493
1227  0.005249  0.003109  0.000037
1228  -0.018464  -0.009135  0.000424
1229  -0.033783  0.003114  0.001151
1230  -0.012718  0.007727  0.000221
1231  0.026162  -0.005633  0.000716
1232  -0.005372  0.020408  0.000445
1233  0.015573  0.024878  0.000861
1234  0.013056  0.016675  0.000449
1235  0.000921  -0.000948  0.000002
1236  0.046728  -0.003114  0.002193
1237  -0.004769  0.011110  0.000146
1238  0.042285  0.008589  0.001862
1239  -0.041004  0.012839  0.001846
1240  0.003719  0.018449  0.000354
1241  -0.028315  -0.011242  0.000928
1242  0.052258  0.016820  0.003014
1243  0.035808  0.009142  0.001366
1244  -0.007327  -0.003261  0.000064
1245  -0.041250  -0.038358  0.003173
1246  -0.003847  0.004356  0.000034
1247  0.021487  0.018759  0.000814
1248  -0.003359  -0.030222  0.000925
1249  0.015153  0.012640  0.000389
1250  -0.000739  0.002361  0.000006
1251  0.031385  0.011995  0.001129
1252  0.014222  -0.001086  0.000203
1253  0.053982  -0.014671  0.003129
1254  0.028735  -0.013249  0.001001
1255  0.014130  0.003915  0.000215
1256  -0.014729  0.046104  0.002342
1257  -0.020659  0.021804  0.000902
1258  -0.011854  -0.012080  0.000286
1259  -0.011978  0.019589  0.000527
1260  0.035554  -0.029791  0.002152
1261  -0.037686  0.003019  0.001429
1262  -0.004156  -0.047106  0.002236
1263  0.012578  -0.010752  0.000274
1264  -0.006000  -0.020390  0.000452
1265  0.030263  -0.013765  0.001105
1266  -0.000032  0.009164  0.000084
1267  -0.018160  0.026914  0.001054
1268  -0.023881  0.021748  0.001043
1269  -0.017026  0.012888  0.000456
1270  -0.003224  -0.000924  0.000011
1271  -0.036460  -0.032105  0.002360
1272  0.002267  0.007289  0.000058
1273  -0.041856  0.035844  0.003037
1274  0.003803  0.005304  0.000043
1275  -0.003686  0.010777  0.000130
1276  0.007485  -0.016362  0.000324
1277  0.026845  -0.038333  0.002190
1278  0.010695  0.018994  0.000475
1279  0.013244  0.018700  0.000525
1280  -0.013564  0.017645  0.000495
1281  -0.015187  -0.005682  0.000263
1282  0.001703  -0.021561  0.000468
1283  0.020829  0.005335  0.000462
1284  0.018888  -0.014606  0.000570
1285  -0.006294  -0.018703  0.000389
1286  0.037015  -0.015001  0.001595
1287  0.050919  -0.026490  0.003294
1288  0.016411  -0.008353  0.000339
1289  0.053344  0.008995  0.002926
1290  0.015622  0.001653  0.000247
1291  0.001492  -0.028298  0.000803
1292  0.011703  -0.017317  0.000437
1293  -0.016779  -0.035310  0.001528
1294  0.017112  0.008389  0.000363
1295  0.006786  -0.022879  0.000569
1296  0.020104  0.004820  0.000427
1297  -0.008615  -0.017234  0.000371
1298  -0.013489  -0.006653  0.000226
1299  0.026015  -0.007771  0.000737
1300  0.032616  0.003427  0.001076
1301  -0.020046  -0.023227  0.000941
1302  0.005672  -0.006790  0.000078
1303  -0.004178  -0.016356  0.000285
1304  0.013899  -0.037618  0.001608
1305  0.036580  -0.003442  0.001350
1306  0.069992  0.008048  0.004964
1307  0.004546  0.047305  0.002258
1308  -0.026074  -0.022453  0.001184
1309  0.028827  0.004152  0.000848
1310  0.027793  -0.004784  0.000795
1311  0.019902  0.009428  0.000485
1312  -0.003933  -0.019936  0.000413
1313  0.006504  -0.017481  0.000348
1314  -0.012901  0.013570  0.000351
1315  0.019081  -0.023575  0.000920
1316  -0.008778  -0.000435  0.000077
1317  -0.014631  -0.006340  0.000254
1318  -0.022764  -0.009142  0.000602
1319  -0.016397  0.028173  0.001063
1320  -0.036193  0.006071  0.001347
1321  -0.023616  -0.003819  0.000572
1322  0.027374  0.003239  0.000760
1323  -0.030176  -0.002921  0.000919
1324  0.034678  -0.017793  0.001519
1325  -0.004817  -0.029632  0.000901
1326  0.010657  0.003888  0.000129
1327  -0.038914  -0.056124  0.004664
1328  0.041273  -0.007236  0.001756
1329  0.019463  -0.032297  0.001422
1330  0.020914  -0.020354  0.000852
1331  0.005394  -0.024297  0.000619
1332  0.018355  0.022431  0.000840
1333  0.043684  -0.002499  0.001915
1334  -0.006023  -0.001544  0.000039
1335  -0.012343  -0.030141  0.001061
1336  -0.007988  -0.006396  0.000105
1337  0.013075  -0.022789  0.000690
1338  0.014665  0.009599  0.000307
1339  -0.010860  -0.018217  0.000450
1340  0.008071  0.001372  0.000067
1341  -0.021569  -0.034580  0.001661
1342  -0.033417  -0.030636  0.002055
1343  -0.013528  -0.045873  0.002287
1344  -0.008908  -0.001532  0.000082
1345  -0.001046  0.000622  0.000001
1346  0.029980  -0.001350  0.000901
1347  0.000011  -0.022253  0.000495
1348  -0.013731  0.007261  0.000241
1349  0.001391  -0.014793  0.000221
1350  -0.005914  0.023379  0.000582
1351  -0.001638  0.000146  0.000003
1352  -0.027160  -0.019518  0.001119
1353  0.010639  -0.013677  0.000300
1354  -0.006192  -0.022053  0.000525
1355  0.008298  -0.008773  0.000146
1356  0.023566  0.004128  0.000572
1357  0.008071  -0.022145  0.000556
1358  0.030130  -0.012982  0.001076
1359  -0.005335  -0.036275  0.001344
1360  0.025950  -0.020049  0.001075
1361  -0.011230  -0.004415  0.000146
1362  -0.005717  -0.001072  0.000034
1363  0.012804  -0.026477  0.000865
1364  0.030528  -0.033978  0.002086
1365  0.010321  -0.020119  0.000511
1366  0.000376  -0.017113  0.000293
1367  0.007755  0.013158  0.000233
1368  0.004094  0.010052  0.000118
1369  -0.044039  0.005333  0.001968
1370  -0.012401  -0.014952  0.000377
1371  0.026391  0.019173  0.001064
1372  0.039000  -0.021506  0.001983
1373  -0.001116  0.015963  0.000256
1374  -0.027885  -0.004477  0.000798
1375  0.006154  0.037200  0.001422
1376  -0.032057  0.002332  0.001033
1377  -0.049490  -0.038175  0.003907
1378  0.012846  -0.012646  0.000325
1379  0.021803  0.065274  0.004736
1380  0.006318  -0.014395  0.000247
1381  -0.005270  0.021188  0.000477
1382  0.010558  -0.008171  0.000178
1383  0.006817  -0.004210  0.000064
1384  0.014938  0.018916  0.000581
1385  0.006026  0.026808  0.000755
1386  -0.008061  0.014657  0.000280
1387  0.003366  -0.007476  0.000067
1388  0.028071  0.000789  0.000789
1389  -0.018105  -0.017822  0.000645
1390  -0.006936  0.005792  0.000082
1391  0.000377  -0.021445  0.000460
1392  -0.048054  0.041170  0.004004
1393  0.006971  -0.000464  0.000049
1394  0.010830  0.000393  0.000117
1395  0.027150  0.001740  0.000740
1396  0.048971  0.016731  0.002678
1397  -0.006689  -0.038724  0.001544
1398  0.003081  -0.034841  0.001223
1399  0.002375  -0.020779  0.000437
1400  0.000782  0.028783  0.000829
1401  -0.009630  -0.002541  0.000099
1402  -0.027730  -0.013633  0.000955
1403  -0.038269  -0.011138  0.001589
1404  0.013502  -0.010251  0.000287
1405  0.052421  -0.022062  0.003235
1406  0.036946  -0.033188  0.002466
1407  -0.010088  0.033162  0.001202
1408  0.016976  -0.001608  0.000291
1409  -0.011119  -0.022988  0.000652
1410  -0.013316  -0.033850  0.001323
1411  -0.010241  -0.019214  0.000474
1412  -0.008327  -0.006649  0.000114
1413  0.033334  -0.038912  0.002625
1414  -0.034627  -0.048464  0.003548
1415  -0.030998  -0.008933  0.001041
1416  0.047727  -0.030099  0.003184
1417  0.006287  -0.013567  0.000224
1418  -0.026969  -0.048680  0.003097
1419  -0.026668  0.013396  0.000891
1420  -0.000747  -0.006391  0.000041
1421  0.005132  0.039140  0.001558
1422  0.027430  0.009158  0.000836
1423  0.038988  0.027838  0.002295
1424  0.025184  -0.047696  0.002909
1425  -0.013818  -0.011225  0.000317
1426  -0.022085  -0.011404  0.000618
1427  -0.025132  -0.024045  0.001210
1428  -0.030382  -0.030842  0.001874
1429  -0.000741  -0.031403  0.000987
1430  0.017320  0.037691  0.001721
1431  -0.006124  0.018067  0.000364
1432  0.040051  -0.011346  0.001733
1433  -0.010330  0.035406  0.001360
1434  0.011022  -0.009603  0.000214
1435  0.018215  -0.004647  0.000353
1436  0.020737  -0.016238  0.000694
1437  0.014243  0.039806  0.001787
1438  0.012823  0.005429  0.000194
1439  -0.001347  -0.010864  0.000120
1440  -0.034485  0.048470  0.003539
1441  -0.027348  -0.012828  0.000912
1442  -0.031005  0.001718  0.000964
1443  -0.002397  0.029519  0.000877
1444  -0.000412  -0.023593  0.000557
1445  -0.000082  0.025836  0.000667
1446  0.028148  0.019006  0.001154
1447  -0.002682  -0.008830  0.000085
1448  0.007265  0.004541  0.000073
1449  0.018328  0.041303  0.002042
1450  -0.014978  -0.009091  0.000307
1451  0.042971  0.011076  0.001969
1452  0.008885  0.014737  0.000296
1453  -0.038202  -0.021188  0.001908
1454  0.011577  -0.022936  0.000660
1455  0.051190  -0.002268  0.002626
1456  0.006332  -0.038946  0.001557
1457  -0.001474  0.037328  0.001396
1458  0.053262  -0.000448  0.002837
1459  0.026407  0.019540  0.001079
1460  0.000743  0.030195  0.000912
1461  0.011093  0.012048  0.000268
1462  0.033161  0.014255  0.001303
1463  0.011842  0.008591  0.000214
1464  0.037730  0.004608  0.001445
1465  -0.004627  0.040278  0.001644
1466  -0.002544  0.057854  0.003354
1467  -0.004930  -0.019433  0.000402
1468  0.025923  -0.019664  0.001059
1469  0.044659  -0.019756  0.002385
1470  0.036650  0.007414  0.001398
1471  0.019192  -0.021635  0.000836
1472  -0.005497  -0.012808  0.000194
1473  0.003470  -0.043757  0.001927
1474  -0.017968  -0.028890  0.001157
1475  0.001303  -0.032697  0.001071
1476  -0.025276  0.000633  0.000639
1477  -0.047807  0.024067  0.002865
1478  -0.003104  -0.023647  0.000569
1479  0.029454  0.014996  0.001092
1480  0.046416  -0.017073  0.002446
1481  0.033815  0.001513  0.001146
1482  -0.010405  -0.030790  0.001056
1483  -0.052768  -0.003152  0.002794
1484  0.004464  -0.029051  0.000864
1485  -0.002874  0.041623  0.001741
1486  0.008863  -0.035471  0.001337
1487  0.007928  -0.039472  0.001621
1488  0.003301  0.017221  0.000307
1489  -0.019066  -0.001901  0.000367
1490  -0.018843  0.020626  0.000780
1491  0.004894  0.031362  0.001008
1492  0.028468  -0.044768  0.002815
1493  -0.022466  0.008293  0.000573
1494  -0.002561  -0.048588  0.002367
1495  0.045920  -0.015132  0.002338
1496  0.012490  0.032121  0.001188
1497  -0.004905  0.034755  0.001232
1498  -0.023962  -0.011353  0.000703
1499  0.037813  -0.013795  0.001620
1500  0.011963  -0.027207  0.000883
1501  0.016766  -0.036205  0.001592
1502  0.039795  -0.007109  0.001634
1503  -0.059792  -0.006055  0.003612
1504  -0.031205  -0.001447  0.000976
1505  0.007377  -0.031647  0.001056
1506  -0.022945  -0.020002  0.000927
1507  -0.002072  0.019936  0.000402
1508  0.020858  -0.036513  0.001768
1509  0.003968  0.028627  0.000835
1510  -0.040152  0.033106  0.002708
1511  -0.028147  0.021898  0.001272
1512  0.011302  0.038325  0.001596
1513  0.003024  0.030088  0.000914
1514  0.013914  0.030121  0.001101
1515  0.022445  -0.033239  0.001609
1516  -0.025251  0.009137  0.000721
1517  -0.011846  -0.054803  0.003144
1518  0.026033  -0.013617  0.000863
1519  -0.031869  0.005091  0.001042
1520  -0.002551  -0.051225  0.002631
1521  0.014253  0.010998  0.000324
1522  -0.018729  0.049229  0.002774
1523  0.038480  -0.004097  0.001497
1524  0.010291  -0.001472  0.000108
1525  0.000839  0.058959  0.003477
1526  -0.009847  -0.002154  0.000102
1527  0.035448  -0.004525  0.001277
1528  0.005633  -0.010628  0.000145
1529  0.030424  -0.001841  0.000929
1530  0.025038  0.023627  0.001185
1531  0.010587  -0.025759  0.000776
1532  -0.025361  -0.045856  0.002746
1533  0.004916  0.020379  0.000439
1534  -0.014052  -0.021882  0.000676
1535  0.008371  0.044136  0.002018
1536  0.012517  0.018192  0.000488
1537  0.045995  -0.043154  0.003978
1538  0.018686  -0.013365  0.000528
1539  0.048027  0.011260  0.002433
1540  0.009572  -0.013904  0.000285
1541  0.014592  0.021472  0.000674
1542  0.013671  -0.004204  0.000205
1543  0.032357  -0.014440  0.001255
1544  -0.001951  -0.022299  0.000501
1545  0.037773  -0.006061  0.001464
1546  -0.026558  -0.009959  0.000805
1547  0.001973  -0.008340  0.000073
1548  0.017712  -0.044431  0.002288
1549  0.039382  -0.042246  0.003336
1550  -0.014042  0.016598  0.000473
1551  0.016644  0.033697  0.001413
1552  -0.016708  0.008526  0.000352
1553  -0.005674  0.033579  0.001160
1554  -0.014619  -0.026838  0.000934
1555  -0.050058  0.008935  0.002586
1556  0.022372  -0.009380  0.000588
1557  0.028038  -0.022024  0.001271
1558  0.005049  0.021437  0.000485
1559  0.028099  0.012464  0.000945
1560  -0.020686  0.038120  0.001881
1561  0.002306  0.002264  0.000010
1562  -0.034177  0.018782  0.001521
1563  -0.030471  0.006342  0.000969
1564  -0.013893  -0.048460  0.002541
1565  0.033277  -0.006106  0.001145
1566  0.007519  -0.046575  0.002226
1567  0.011466  -0.020888  0.000568
1568  0.008790  -0.010950  0.000197
1569  0.000138  -0.027532  0.000758
1570  -0.023198  -0.004392  0.000557
1571  0.021899  -0.043244  0.002350
1572  0.012894  -0.000868  0.000167
1573  -0.032541  -0.023820  0.001626
1574  -0.010477  -0.001361  0.000112
1575  0.026614  -0.052420  0.003456
1576  0.039100  0.032364  0.002576
1577  0.016221  -0.000765  0.000264
1578  0.014020  -0.014092  0.000395
1579  -0.032804  -0.005600  0.001107
1580  0.031581  -0.034320  0.002175
1581  -0.040390  0.017866  0.001951
1582  -0.002908  0.037627  0.001424
1583  -0.001623  -0.007819  0.000064
1584  -0.017125  0.021188  0.000742
1585  0.010816  -0.016987  0.000406
1586  -0.013391  -0.027368  0.000928
1587  0.010632  0.007592  0.000171
1588  -0.053233  -0.001438  0.002836
1589  0.015524  0.013078  0.000412
1590  0.017060  -0.009729  0.000386
1591  -0.005615  0.011611  0.000166
1592  0.008291  0.008809  0.000146
1593  0.030270  0.027498  0.001672
1594  0.007745  0.023498  0.000612
1595  0.022282  -0.026103  0.001178
1596  0.044080  -0.015839  0.002194
1597  0.006604  -0.002899  0.000052
1598  -0.068265  0.019522  0.005041
1599  0.042212  -0.023727  0.002345
1600  0.033012  -0.023134  0.001625
1601  0.023452  -0.006512  0.000592
1602  0.009935  -0.027016  0.000829
1603  0.007772  -0.020728  0.000490
1604  -0.017729  0.030358  0.001236
1605  0.009281  -0.049870  0.002573
1606  0.053022  -0.022368  0.003312
1607  -0.014732  0.023761  0.000782
1608  0.040618  -0.004206  0.001668
1609  -0.005220  0.041641  0.001761
1610  -0.004855  0.046288  0.002166
1611  0.027570  0.014908  0.000982
1612  0.028083  0.014582  0.001001
1613  0.016182  0.006220  0.000301
1614  0.059894  -0.031994  0.004611
1615  -0.001401  -0.043625  0.001905
1616  -0.037538  0.022900  0.001934
1617  0.023166  0.026780  0.001254
1618  0.023685  0.015139  0.000790
1619  0.021522  0.016934  0.000750
1620  -0.015542  -0.007978  0.000305
1621  -0.003916  0.015378  0.000252
1622  0.014631  -0.008275  0.000283
1623  0.031693  -0.002300  0.001010
1624  0.011289  0.034458  0.001315
1625  0.005276  -0.023465  0.000578
1626  -0.029002  0.019250  0.001212
1627  0.012328  -0.007187  0.000204
1628  0.014279  0.001699  0.000207
1629  -0.006280  -0.025532  0.000691
1630  0.030134  0.047464  0.003161
1631  0.015979  -0.004629  0.000277
1632  -0.020766  -0.015424  0.000669
1633  0.024731  -0.030407  0.001536
1634  -0.004925  0.035612  0.001292
1635  -0.014124  -0.046310  0.002344
1636  -0.068852  0.027863  0.005517
1637  0.008620  -0.017862  0.000393
1638  0.005510  -0.021680  0.000500
1639  0.027108  -0.010289  0.000841
1640  -0.023396  -0.009993  0.000647
1641  0.021762  0.003567  0.000486
1642  -0.011597  0.023748  0.000698
1643  0.000850  -0.021171  0.000449
1644  -0.022148  -0.013331  0.000668
1645  0.037902  -0.000837  0.001437
1646  0.001095  0.005385  0.000030
1647  -0.024760  0.033120  0.001710
1648  -0.011562  -0.013567  0.000318
1649  0.022219  0.005466  0.000524
1650  -0.024322  0.011212  0.000717
1651  -0.023148  -0.067674  0.005116
1652  -0.012173  0.004397  0.000168
1653  -0.028915  -0.022842  0.001358
1654  -0.051298  -0.015750  0.002880
1655  0.004362  -0.007231  0.000071
1656  0.012423  0.007668  0.000213
1657  0.010798  -0.004917  0.000141
1658  -0.037549  0.007148  0.001461
1659  0.009338  0.011752  0.000225
1660  0.002965  0.038991  0.001529
1661  0.009919  -0.009645  0.000191
1662  -0.038115  -0.006902  0.001500
1663  -0.051230  0.010050  0.002725
1664  -0.032210  0.030722  0.001981
1665  -0.025212  -0.020796  0.001068
1666  0.080084  0.001695  0.006416
1667  -0.021606  0.002861  0.000475
1668  -0.021032  -0.046816  0.002634
1669  0.035938  -0.068909  0.006040
1670  -0.034071  0.033979  0.002315
1671  0.036913  0.020008  0.001763
1672  0.037580  0.013392  0.001592
1673  -0.066889  0.009667  0.004568
1674  0.009971  -0.013114  0.000271
1675  -0.067914  -0.026418  0.005310
1676  -0.022605  0.002620  0.000518
1677  0.010103  -0.045872  0.002206
1678  0.001873  -0.000910  0.000004
1679  0.016026  -0.005959  0.000292
1680  -0.003257  -0.027085  0.000744
1681  0.015856  0.003111  0.000261
1682  0.001802  -0.021147  0.000450
1683  0.001615  0.037182  0.001385
1684  -0.000239  -0.002144  0.000005
1685  0.012889  -0.015201  0.000397
1686  0.006201  0.012559  0.000196
1687  0.037739  -0.018544  0.001768
1688  0.005622  -0.016162  0.000293
1689  -0.000234  0.032250  0.001040
1690  -0.038995  -0.026064  0.002200
1691  -0.008057  0.007981  0.000129
1692  0.026844  -0.025484  0.001370
1693  0.003674  -0.046027  0.002132
1694  0.044755  0.005610  0.002034
1695  0.047674  -0.040063  0.003878
1696  -0.003419  -0.003417  0.000023
1697  0.035995  -0.020023  0.001697
1698  -0.015815  -0.008090  0.000316
1699  0.023954  0.024489  0.001174
1700  0.002778  -0.029230  0.000862
1701  0.023691  -0.054017  0.003479
1702  -0.012974  0.003596  0.000181
1703  0.038254  0.031191  0.002436
1704  -0.022842  -0.041266  0.002225
1705  -0.022353  0.022395  0.001001
1706  0.014769  -0.078772  0.006423
1707  -0.009467  -0.001336  0.000091
1708  -0.013628  0.030306  0.001104
1709  0.012180  -0.013913  0.000342
1710  0.036707  0.003557  0.001360
1711  -0.001385  0.018229  0.000334
1712  -0.041825  -0.050146  0.004264
1713  -0.007098  -0.033023  0.001141
1714  0.003973  -0.017674  0.000328
1715  -0.007302  0.009903  0.000151
1716  -0.039495  -0.019425  0.001937
1717  -0.011501  -0.003050  0.000142
1718  -0.010435  -0.008733  0.000185
1719  0.061573  -0.008144  0.003858
1720  -0.006426  0.050753  0.002617
1721  -0.024449  0.013183  0.000772
1722  0.004453  0.003403  0.000031
1723  -0.045270  0.013666  0.002236
1724  -0.032390  -0.012970  0.001217
1725  -0.009525  -0.004552  0.000111
1726  -0.017425  -0.059183  0.003806
1727  0.053674  0.003333  0.002892
1728  0.013463  -0.024912  0.000802
1729  0.061907  0.013377  0.004011
1730  0.006779  -0.018477  0.000387
1731  0.055248  -0.012539  0.003210
1732  0.016836  -0.034420  0.001468
1733  0.034672  -0.028448  0.002011
1734  0.071538  0.013991  0.005313
1735  -0.027904  -0.005675  0.000811
1736  0.021487  -0.094687  0.009427
1737  0.010984  0.037527  0.001529
1738  0.001661  0.015233  0.000235
1739  -0.060566  0.008134  0.003734
1740  -0.013445  -0.010038  0.000282
1741  0.013354  -0.003446  0.000190
1742  0.010571  0.009934  0.000210
1743  0.006808  0.017826  0.000364
1744  -0.039274  -0.016214  0.001805
1745  -0.017304  0.003479  0.000312
1746  -0.060223  0.013176  0.003800
1747  0.029621  -0.026378  0.001573
1748  -0.010446  -0.026640  0.000819
1749  0.001748  -0.037557  0.001414
1750  0.060441  -0.034472  0.004842
1751  -0.022459  0.040873  0.002175
1752  0.002899  -0.013647  0.000195
1753  -0.020882  -0.028496  0.001248
1754  -0.047277  0.066165  0.006613
1755  -0.003583  -0.060989  0.003732
1756  -0.061288  -0.055140  0.006797
1757  0.004832  0.011887  0.000165
1758  0.027766  -0.003336  0.000782
1759  0.028654  -0.029989  0.001720
1760  0.013123  0.011388  0.000302
1761  0.006312  -0.016321  0.000306
1762  0.007986  0.032198  0.001100
1763  -0.003655  -0.030493  0.000943
1764  0.039934  -0.034672  0.002797
1765  0.002874  -0.003277  0.000019
1766  0.011806  0.060526  0.003803
1767  -0.017116  -0.042571  0.002105
1768  -0.001495  -0.003874  0.000017
1769  -0.036612  -0.026860  0.002062
1770  -0.008486  -0.025508  0.000723
1771  -0.012584  -0.062864  0.004110
1772  -0.030455  -0.022954  0.001454
1773  -0.012289  0.067004  0.004641
1774  0.010558  -0.012109  0.000258
1775  -0.001426  -0.049000  0.002403
1776  -0.002804  -0.033184  0.001109
1777  -0.059440  0.001706  0.003536
1778  -0.043266  -0.035080  0.003103
1779  -0.021393  -0.028048  0.001244
1780  -0.036163  -0.033409  0.002424
1781  -0.017564  -0.023106  0.000842
1782  0.006112  0.050561  0.002594
1783  0.018318  -0.024020  0.000913
1784  0.036693  -0.054355  0.004301
1785  0.029343  -0.029958  0.001759
1786  0.000888  -0.057773  0.003338
1787  0.010784  -0.009753  0.000211
1788  0.001537  0.033805  0.001145
1789  0.012598  0.052324  0.002896
1790  -0.028405  -0.009334  0.000894
1791  0.016481  0.059449  0.003806
1792  0.004895  -0.000783  0.000025
1793  -0.023293  0.010527  0.000653
1794  -0.013368  -0.095992  0.009393
1795  0.020003  0.014417  0.000608
1796  -0.034740  -0.003429  0.001219
1797  0.041029  0.000701  0.001684
1798  -0.030924  -0.002263  0.000961
1799  -0.061183  0.058254  0.007137
1800  -0.009876  0.000110  0.000098
1801  -0.023070  -0.002284  0.000537
1802  0.027074  0.047534  0.002992
1803  -0.010500  0.008384  0.000181
1804  0.038761  0.024729  0.002114
1805  -0.026602  0.069214  0.005498
1806  0.001981  0.009061  0.000086
1807  0.069550  -0.014708  0.005053
1808  -0.021326  0.043234  0.002324
1809  -0.015564  0.038408  0.001717
1810  0.005756  -0.057952  0.003392
1811  -0.013910  -0.082383  0.006980
1812  0.003260  -0.005472  0.000041
1813  -0.058780  -0.010790  0.003572
1814  0.005085  0.017439  0.000330
1815  -0.056094  -0.017287  0.003445
1816  0.016889  0.033738  0.001424
1817  -0.030722  0.042329  0.002736
1818  -0.051966  -0.026792  0.003418
1819  -0.015433  0.030624  0.001176
1820  0.016050  -0.027947  0.001039
1821  -0.013559  -0.014366  0.000390
1822  0.006833  -0.008679  0.000122
1823  -0.045971  -0.016125  0.002373
1824  0.016264  0.017145  0.000558
1825  -0.022919  -0.048657  0.002893
1826  0.057360  -0.064969  0.007511
1827  0.024092  0.009973  0.000680
1828  -0.041189  -0.012574  0.001855
1829  -0.042007  -0.053969  0.004677
1830  0.041241  -0.068315  0.006368
1831  -0.008304  -0.031588  0.001067
1832  0.011879  -0.030255  0.001056
1833  0.006899  -0.017746  0.000363
1834  -0.053151  -0.005880  0.002860
1835  0.035404  0.011236  0.001380
1836  0.059280  -0.034152  0.004680
1837  -0.003559  0.037945  0.001453
1838  0.042128  -0.043544  0.003671
1839  -0.029864  -0.013037  0.001062
1840  0.025171  0.021519  0.001097
1841  0.013968  -0.006371  0.000236
1842  -0.068190  -0.005558  0.004681
1843  0.024840  -0.073048  0.005953
1844  0.008493  -0.041642  0.001806
1845  0.056839  -0.075460  0.008925
1846  0.036667  -0.009231  0.001430
1847  0.000131  -0.029928  0.000896
1848  -0.015725  -0.012111  0.000394
1849  -0.042874  -0.004433  0.001858
1850  0.017125  0.031334  0.001275
1851  0.022568  -0.025417  0.001155
1852  0.002769  -0.054169  0.002942
1853  0.050335  -0.026589  0.003241
1854  -0.112373  -0.011127  0.012751
1855  -0.030598  -0.025284  0.001576
1856  0.032867  -0.069250  0.005876
1857  0.087039  0.072013  0.012762
1858  -0.007704  -0.085995  0.007454
1859  0.053187  -0.010218  0.002933
1860  -0.067908  0.031594  0.005610
1861  -0.050932  0.033587  0.003722
1862  -0.013971  -0.036078  0.001497
1863  0.025604  0.061021  0.004379
1864  0.049182  -0.011178  0.002544
1865  -0.106227  0.083562  0.018267
1866  -0.012361  -0.017606  0.000463
1867  0.007755  -0.050509  0.002611
1868  -0.020990  -0.033299  0.001549
1869  -0.006940  -0.055808  0.003163
1870  0.058539  -0.044405  0.005399
1871  -0.010620  -0.038258  0.001576
1872  0.009704  0.040696  0.001750
1873  0.006857  0.033982  0.001202
1874  -0.018968  -0.024786  0.000974
1875  0.057841  -0.093344  0.012059
1876  -0.009988  -0.082764  0.006950
1877  -0.010240  0.018225  0.000437
1878  0.028592  -0.005767  0.000851
1879  0.031185  -0.064531  0.005137
1880  0.022124  -0.026772  0.001206
1881  0.003826  -0.048269  0.002345
1882  -0.050291  0.009732  0.002624
1883  0.001400  0.078533  0.006169
1884  0.025345  -0.052082  0.003355
1885  -0.024492  0.081290  0.007208
1886  -0.024234  0.026119  0.001269
1887  -0.014521  -0.068068  0.004844
1888  0.092517  0.011015  0.008681
1889  -0.040468  -0.000022  0.001638
1890  0.058267  -0.079118  0.009655
1891  -0.036495  0.087005  0.008902
1892  -0.044934  -0.005799  0.002053
1893  0.079931  -0.048776  0.008768
1894  0.093240  0.099404  0.018575
1895  -0.041773  0.030601  0.002681
1896  0.083109  0.020262  0.007318
1897  0.023441  -0.082868  0.007417
1898  0.049372  -0.009002  0.002519
1899  -0.080512  0.032448  0.007535
1900  0.019391  0.071875  0.005542
1901  0.042092  -0.069132  0.006551
1902  -0.115033  -0.106407  0.024555
1903  -0.038923  -0.049304  0.003946
1904  -0.033992  -0.089894  0.009236
1905  -0.033592  -0.085896  0.008507
1906  -0.048129  0.076608  0.008185
1907  -0.057184  -0.063135  0.007256
1908  -0.039411  -0.094309  0.010447
1909  -0.049087  -0.008325  0.002479
1910  -0.044534  0.055413  0.005054
1911  0.027758  -0.028072  0.001559
1912  0.036136  0.051456  0.003954
1913  0.066142  0.052872  0.007170
1914  -0.029092  -0.073100  0.006190
1915  -0.036043  -0.102870  0.011881
1916  -0.057629  0.099704  0.013262
1917  -0.029652  -0.133985  0.018831
1918  0.155698  -0.063605  0.028288
1919  -0.024172  0.009357  0.000672
1920  -0.053767  -0.059419  0.006422
1921  0.052782  -0.069243  0.007581
1922  0.026459  -0.128175  0.017129
1923  0.128185  0.075153  0.022079
1924  0.041124  0.104344  0.012579
1925  0.019214  -0.039650  0.001941
1926  -0.040014  -0.065801  0.005931
1927  -0.117494  -0.018699  0.014154
1928  -0.100969  -0.070481  0.015162
1929  0.009715  -0.118573  0.014154
1930  0.071449  -0.115838  0.018523
1931  -0.040743  0.066722  0.006112
1932  -0.000237  0.013146  0.000173
1933  -0.027823  -0.051117  0.003387
1934  -0.024765  -0.068351  0.005285
1935  0.019452  0.094918  0.009388
1936  -0.041969  0.065901  0.006104
1937  0.082476  -0.122098  0.021710
1938  0.006293  0.114525  0.013156
1939  -0.009730  -0.119701  0.014423
1940  0.013835  -0.005218  0.000219
1941  0.022371  -0.009212  0.000585
1942  -0.015465  0.112554  0.012908
1943  -0.081782  -0.177808  0.038304
1944  -0.025968  -0.105796  0.011867
1945  -0.021452  0.056923  0.003700
1946  0.032056  -0.010505  0.001138
1947  -0.056478  -0.057970  0.006550
1948  -0.087185  -0.115886  0.021031
1949  0.083963  -0.045290  0.009101
1950  0.085759  -0.050079  0.009863
1951  0.054467  -0.163845  0.029812
1952  -0.082193  -0.124616  0.022285
1953  0.117705  0.100568  0.023968
1954  0.088504  0.085779  0.015191
1955  -0.052561  0.082925  0.009639
1956  -0.062830  -0.141658  0.024015
1957  -0.021155  0.082672  0.007282
1958  0.040732  -0.161877  0.027863
1959  0.103998  0.029777  0.011702
1960  0.015741  -0.040598  0.001896
1961  -0.025514  0.026425  0.001349
1962  -0.060257  -0.056768  0.006853
1963  0.041229  0.041754  0.003443
1964  0.062647  0.070335  0.008872
1965  0.022734  -0.001485  0.000519
1966  -0.000521  0.146136  0.021356
1967  -0.025429  -0.214659  0.046725
1968  -0.206124  0.024393  0.043082
1969  0.067673  -0.063791  0.008649
1970  -0.110209  -0.039990  0.013745
1971  -0.024188  -0.060094  0.004196
1972  0.028667  0.105930  0.012043
1973  -0.101650  -0.154451  0.034188
1974  -0.026231  0.062422  0.004585
1975  0.058223  0.099841  0.013358
1976  -0.151194  0.067109  0.027363
1977  0.011165  -0.033663  0.001258
1978  0.011825  0.040200  0.001756
1979  -0.215664  -0.041679  0.048248
1980  -0.107418  -0.035039  0.012766
1981  0.102183  -0.000898  0.010442
1982  -0.187814  0.018709  0.035624
1983  -0.064096  -0.044242  0.006066
1984  0.126055  0.152318  0.039091
1985  0.116330  0.166633  0.041299
1986  -0.082073  0.059560  0.010283
1987  0.009594  -0.155063  0.024137
1988  -0.224330  0.057247  0.053601
1989  0.015167  -0.012773  0.000393
1990  0.041563  -0.087425  0.009371
1991  -0.021015  -0.050290  0.002971
1992  0.121946  0.063588  0.018914
1993  -0.104483  0.199309  0.050641
1994  0.051422  -0.024264  0.003233
1995  -0.104641  -0.155933  0.035265
1996  -0.115434  0.261333  0.081620
1997  -0.046184  0.037646  0.003550
1998  -0.114106  0.206651  0.055725
1999  -0.022555  0.056724  0.003726
2000  -0.017282  -0.068154  0.004944
2001  0.048127  -0.046020  0.004434
2002  -0.139781  -0.149878  0.042002
2003  -0.071669  0.161726  0.031292
2004  -0.323551  -0.034912  0.105904
2005  0.130097  -0.009495  0.017015
2006  -0.080186  -0.036534  0.007765
2007  -0.173859  -0.087310  0.037850
2008  -0.129820  0.069622  0.021700
2009  0.037257  -0.043353  0.003267
2010  0.180982  -0.069141  0.037535
2011  0.168505  -0.072545  0.033657
2012  0.026548  -0.290569  0.085135
2013  0.054266  -0.083405  0.009901
2014  -0.143378  0.164779  0.047709
2015  0.016263  -0.004149  0.000282
2016  0.044273  -0.264446  0.071892
2017  -0.001852  -0.043062  0.001858
2018  -0.017124  -0.074160  0.005793
2019  -0.045619  0.022469  0.002586
2020  0.162416  -0.010177  0.026482
2021  0.064079  0.252063  0.067642
2022  0.052563  0.063420  0.006785
2023  0.059715  -0.051833  0.006253
2024  0.140392  0.169000  0.048271
2025  0.199623  0.157384  0.064619
2026  -0.135152  0.095936  0.027470
2027  0.131068  0.070131  0.022097
2028  -0.485080  -0.184937  0.269505
2029  0.154375  -0.038335  0.025301
2030  -0.143426  -0.060277  0.024204
2031  -0.242386  -0.235123  0.114034
2032  0.179208  -0.131958  0.049528
2033  -0.316853  -0.020951  0.100835
2034  0.040208  -0.275511  0.077523
2035  -0.001674  0.264871  0.070159
2036  0.226867  -0.218078  0.099027
2037  0.058396  0.215956  0.050047
2038  -0.042011  -0.052851  0.004558
2039  -0.161237  -0.041221  0.027697
2040  -0.075958  -0.170473  0.034831
2041  -0.332755  -0.034475  0.111915
2042  -0.165371  -0.243990  0.086879
2043  0.037648  -0.105588  0.012566
2044  0.006227  0.239291  0.057299
2045  -0.027351  -0.003987  0.000764
2046  -0.087047  -0.052519  0.010335
2047  0.010729  -0.140552  0.019870
