0  0.012121  0.030113  0.001054
1  0.033753  0.038234  0.002601
2  -0.012900  0.024322  0.000758
3  0.039622  0.029260  0.002426
4  -0.059485  0.038152  0.004994
5  0.016091  -0.025851  0.000927
6  -0.010963  -0.047521  0.002378
7  -0.024502  -0.023474  0.001151
8  0.019385  -0.037237  0.001762
9  -0.079430  0.052202  0.009034
10  0.019023  0.031278  0.001340
11  0.034722  0.067608  0.005777
12  0.052031  0.070818  0.007722
13  0.017001  -0.016025  0.000546
14  0.002992  -0.021019  0.000451
15  0.063928  0.017666  0.004399
16  0.014354  0.035662  0.001478
17  -0.029416  -0.015433  0.001103
18  -0.014523  -0.062518  0.004119
19  0.028575  0.034116  0.001980
20  -0.006129  -0.001689  0.000040
21  0.032374  -0.018445  0.001388
22  0.000165  -0.007860  0.000062
23  -0.026228  -0.013701  0.000876
24  0.049268  -0.027529  0.003185
25  0.034937  -0.029038  0.002064
26  -0.017167  -0.001578  0.000297
27  0.001420  -0.005111  0.000028
28  0.027180  -0.036183  0.002048
29  -0.029282  0.016293  0.001123
30  0.040442  0.012307  0.001787
31  0.022852  -0.016223  0.000785
32  -0.024999  -0.049627  0.003088
33  -0.029908  -0.027662  0.001660
34  -0.007176  -0.013272  0.000228
35  -0.016007  -0.017317  0.000556
36  0.064496  -0.028383  0.004965
37  0.009301  0.021924  0.000567
38  -0.105590  -0.005763  0.011182
39  -0.045495  0.019356  0.002444
40  0.002726  0.050633  0.002571
41  0.035380  -0.009150  0.001335
42  -0.020262  -0.001947  0.000414
43  -0.054796  0.057734  0.006336
44  0.013801  -0.006964  0.000239
45  -0.008346  0.021755  0.000543
46  0.016383  -0.029949  0.001165
47  -0.047939  -0.019043  0.002661
48  0.020299  -0.020883  0.000848
49  -0.027238  -0.021752  0.001215
50  -0.035896  0.042477  0.003093
51  -0.079289  0.012291  0.006438
52  0.003120  -0.036786  0.001363
53  0.002669  -0.020445  0.000425
54  0.000367  0.068744  0.004726
55  -0.027980  -0.056260  0.003948
56  -0.010047  -0.023179  0.000638
57  0.004602  0.022334  0.000520
58  0.029941  -0.058936  0.004370
59  -0.009177  -0.035166  0.001321
60  -0.033145  -0.022843  0.001620
61  0.017118  0.017034  0.000583
62  0.039339  0.048532  0.003903
63  0.042204  -0.013496  0.001963
64  0.004098  -0.047078  0.002233
65  -0.084708  -0.002211  0.007180
66  -0.055490  -0.001667  0.003082
67  0.071532  0.048955  0.007513
68  0.030192  0.003763  0.000926
69  0.015967  -0.014375  0.000462
70  0.019367  0.019193  0.000743
71  -0.011003  -0.033451  0.001240
72  -0.050294  0.001908  0.002533
73  -0.030739  -0.061276  0.004700
74  -0.084148  -0.032769  0.008155
75  -0.046984  0.031588  0.003205
76  -0.014375  -0.002041  0.000211
77  0.006434  0.020918  0.000479
78  0.030097  -0.050934  0.003500
79  0.003946  -0.014994  0.000240
80  0.031871  0.005732  0.001049
81  0.081004  0.010400  0.006670
82  0.004997  0.027745  0.000795
83  0.022256  -0.035536  0.001758
84  0.011384  -0.054666  0.003118
85  0.060513  -0.054685  0.006652
86  -0.033493  0.006108  0.001159
87  -0.042254  -0.005862  0.001820
88  -0.016574  0.051515  0.002929
89  0.060644  -0.012732  0.003840
90  0.020406  0.008804  0.000494
91  0.000928  0.000160  0.000001
92  0.009461  -0.004896  0.000113
93  -0.036463  -0.048786  0.003710
94  -0.041622  -0.016459  0.002003
95  0.043922  -0.007765  0.001989
96  -0.050332  -0.043218  0.004401
97  -0.028134  -0.031199  0.001765
98  0.006748  -0.000306  0.000046
99  -0.003576  0.036746  0.001363
100  0.035591  -0.030217  0.002180
101  0.060853  -0.007962  0.003767
102  -0.021940  -0.006186  0.000520
103  -0.016604  -0.020530  0.000697
104  -0.011436  -0.002474  0.000137
105  0.000238  -0.013797  0.000190
106  -0.001606  -0.015535  0.000244
107  0.024876  0.011581  0.000753
108  0.034196  -0.035687  0.002443
109  0.001574  -0.029718  0.000886
110  -0.021246  0.028729  0.001277
111  -0.060156  0.022624  0.004131
112  -0.036015  -0.009725  0.001392
113  0.058471  -0.014386  0.003626
114  -0.041207  0.066319  0.006096
115  0.022802  -0.049109  0.002932
116  -0.016480  0.009860  0.000369
117  -0.023197  0.049781  0.003016
118  0.002218  -0.020416  0.000422
119  -0.031736  0.013937  0.001201
120  0.033056  -0.012629  0.001252
121  0.051155  -0.029690  0.003498
122  0.018180  0.047514  0.002588
123  -0.019270  -0.016469  0.000643
124  0.013876  -0.022513  0.000699
125  -0.017686  -0.009127  0.000396
126  -0.061203  -0.034022  0.004903
127  0.037726  -0.019782  0.001815
128  0.049679  -0.019763  0.002859
129  -0.013964  -0.000432  0.000195
130  0.004449  -0.082174  0.006772
131  -0.018561  -0.024057  0.000923
132  -0.042777  -0.016188  0.002092
133  0.084164  0.029049  0.007927
134  0.032788  0.012804  0.001239
135  -0.021812  -0.011589  0.000610
136  -0.022860  0.039505  0.002083
137  0.055483  0.013648  0.003265
138  0.011125  0.013758  0.000313
139  -0.050108  0.064679  0.006694
140  -0.045345  -0.007095  0.002107
141  -0.083131  -0.016237  0.007174
142  0.043802  -0.023606  0.002476
143  0.076736  -0.067565  0.010453
144  -0.005463  -0.052739  0.002811
145  -0.010577  0.026180  0.000797
146  0.026625  -0.045685  0.002796
147  -0.014846  -0.013662  0.000407
148  -0.002715  -0.008018  0.000072
149  0.005348  0.043528  0.001923
150  0.024150  0.011239  0.000710
151  -0.029331  0.056115  0.004009
152  -0.053685  0.012521  0.003039
153  0.029318  -0.000325  0.000860
154  -0.013305  -0.040749  0.001838
155  0.008457  -0.067008  0.004562
156  -0.008443  -0.015248  0.000304
157  0.053583  0.031125  0.003840
158  0.013368  0.016792  0.000461
159  -0.049430  -0.060377  0.006089
160  0.001467  -0.036558  0.001339
161  0.039645  0.081733  0.008252
162  -0.039774  0.071994  0.006765
163  0.078333  0.045325  0.008190
164  -0.045577  0.078549  0.008247
165  0.007174  -0.111955  0.012585
166  0.042333  -0.025802  0.002458
167  -0.080398  -0.075782  0.012207
168  -0.024566  0.028133  0.001395
169  0.031578  -0.052386  0.003741
170  0.026389  0.020856  0.001131
171  0.015229  -0.007676  0.000291
172  -0.007668  -0.039092  0.001587
173  0.044719  -0.055998  0.005136
174  -0.023884  0.059538  0.004115
175  -0.013519  -0.029082  0.001029
176  -0.005829  -0.036291  0.001351
177  -0.050266  -0.046434  0.004683
178  -0.040084  -0.015464  0.001846
179  0.083621  -0.010761  0.007108
180  0.005862  0.007705  0.000094
181  -0.006380  -0.023613  0.000598
182  0.000887  -0.044291  0.001962
183  0.004515  -0.030248  0.000935
184  0.070981  -0.033398  0.006154
185  0.019907  0.018705  0.000746
186  -0.020343  -0.045041  0.002443
187  -0.041759  -0.088227  0.009528
188  0.058178  -0.028321  0.004187
189  0.009686  -0.058498  0.003516
190  0.077486  -0.008255  0.006072
191  0.056901  0.094662  0.012199
192  0.024892  -0.010140  0.000722
193  0.003645  0.080698  0.006525
194  0.002174  0.030073  0.000909
195  0.042452  0.050163  0.004319
196  -0.003569  0.074853  0.005616
197  0.007947  -0.037016  0.001433
198  0.085476  -0.020072  0.007709
199  0.039374  0.024515  0.002151
200  0.047857  -0.059596  0.005842
201  -0.018447  0.055177  0.003385
202  0.012768  -0.042637  0.001981
203  0.019775  -0.004863  0.000415
204  -0.062790  -0.012475  0.004098
205  0.039889  -0.077906  0.007661
206  -0.060539  -0.043664  0.005572
207  0.000735  -0.026241  0.000689
208  0.065852  -0.024189  0.004922
209  -0.054509  -0.003470  0.002983
210  0.035596  -0.019931  0.001664
211  -0.040748  0.004531  0.001681
212  -0.030738  -0.009822  0.001041
213  -0.030881  -0.014778  0.001172
214  -0.060055  -0.041147  0.005300
215  -0.000477  0.031582  0.000998
216  0.020254  -0.037733  0.001834
217  0.018305  0.024287  0.000925
218  -0.020704  0.001433  0.000431
219  0.009149  -0.137748  0.019058
220  0.040695  -0.028091  0.002445
221  -0.040624  0.026347  0.002344
222  0.051194  -0.011056  0.002743
223  -0.054011  -0.040700  0.004574
224  -0.047124  0.070188  0.007147
225  0.019562  -0.053216  0.003215
226  -0.014214  0.032816  0.001279
227  0.033836  -0.041582  0.002874
228  0.031724  -0.004229  0.001024
229  -0.054385  0.007766  0.003018
230  0.020231  -0.102626  0.010941
231  0.080765  -0.074628  0.012092
232  -0.094643  -0.031460  0.009947
233  -0.011902  0.020360  0.000556
234  -0.010170  -0.007808  0.000164
235  0.033943  0.003946  0.001168
236  -0.096160  -0.027756  0.010017
237  -0.106604  -0.067345  0.015900
238  -0.073514  0.066287  0.009798
239  0.045039  0.028840  0.002860
240  -0.037313  -0.003324  0.001403
241  -0.009575  0.094293  0.008983
242  -0.013409  0.014723  0.000397
243  -0.008967  0.077924  0.006153
244  0.067484  -0.066947  0.009036
245  0.056192  -0.038290  0.004624
246  0.007493  0.000365  0.000056
247  0.039899  -0.036950  0.002957
248  -0.006625  0.020752  0.000475
249  0.014932  0.040083  0.001830
250  0.045740  -0.002436  0.002098
251  -0.045422  -0.073496  0.007465
252  -0.000806  -0.014856  0.000221
253  -0.047441  -0.044166  0.004201
254  0.067049  -0.060622  0.008171
255  0.015411  -0.055981  0.003371
256  -0.064229  0.057091  0.007385
257  -0.046184  -0.038156  0.003589
258  -0.042682  0.018135  0.002151
259  -0.016500  -0.111700  0.012749
260  -0.030609  0.029358  0.001799
261  0.050684  0.008628  0.002643
262  -0.034502  0.022838  0.001712
263  -0.013853  0.035190  0.001430
264  0.077445  -0.133845  0.023912
265  0.033966  -0.051647  0.003821
266  -0.010631  0.007459  0.000169
267  -0.015182  -0.078991  0.006470
268  0.005200  -0.013044  0.000197
269  0.051751  -0.005462  0.002708
270  -0.039849  -0.051189  0.004208
271  0.000490  -0.044472  0.001978
272  0.079953  0.019778  0.006784
273  0.002361  0.027597  0.000767
274  0.047607  -0.006538  0.002309
275  -0.025939  0.096216  0.009930
276  0.013022  0.106531  0.011518
277  -0.017926  -0.022646  0.000834
278  0.075882  -0.067725  0.010345
279  -0.000399  -0.043994  0.001936
280  -0.065580  -0.016905  0.004587
281  0.027127  0.072410  0.005979
282  0.040355  -0.008146  0.001695
283  0.096203  0.032552  0.010315
284  0.060446  0.053304  0.006495
285  -0.085091  -0.107422  0.018780
286  0.048749  -0.015012  0.002602
287  -0.035223  -0.035544  0.002504
288  -0.001751  -0.023171  0.000540
289  -0.009645  -0.095230  0.009162
290  -0.011302  0.046029  0.002246
291  0.098172  0.042461  0.011441
292  -0.084251  0.006866  0.007145
293  -0.025347  0.074401  0.006178
294  -0.033601  0.003421  0.001141
295  -0.004066  -0.077351  0.006000
296  -0.026067  0.005310  0.000708
297  0.071689  -0.086413  0.012607
298  -0.060649  -0.014482  0.003888
299  0.044456  -0.051237  0.004602
300  0.085111  0.054665  0.010232
301  0.186093  -0.072488  0.039885
302  0.096821  -0.041342  0.011084
303  -0.037975  0.023653  0.002002
304  0.080855  0.065222  0.010791
305  0.043396  0.002251  0.001888
306  0.105658  -0.012034  0.011308
307  0.134761  0.107624  0.029744
308  -0.040365  0.022379  0.002130
309  -0.118840  -0.024103  0.014704
310  0.002995  0.030314  0.000928
311  0.007756  -0.119130  0.014252
312  0.018853  0.012442  0.000510
313  0.131034  0.077481  0.023173
314  -0.033528  -0.053223  0.003957
315  -0.068616  0.007008  0.004757
316  -0.076451  -0.058354  0.009250
317  0.010778  0.079737  0.006474
318  -0.263270  -0.042496  0.071117
319  0.042222  -0.017991  0.002106
320  -0.006236  0.061210  0.003786
321  -0.025145  0.014400  0.000840
322  -0.126555  0.085076  0.023254
323  -0.130052  0.092343  0.025441
324  0.045946  0.102330  0.012582
325  0.134549  0.002556  0.018110
326  0.124340  -0.017038  0.015751
327  -0.000912  0.006350  0.000041
328  -0.027847  -0.081231  0.007374
329  -0.192251  -0.100894  0.047140
330  0.083134  -0.045365  0.008969
331  0.123502  -0.106710  0.026640
332  -0.120375  0.068235  0.019146
333  0.138665  0.028309  0.020029
334  -0.073370  0.066139  0.009758
335  0.035404  0.171904  0.030804
336  -0.167290  -0.052141  0.030705
337  -0.172537  -0.118444  0.043798
338  -0.130447  0.079283  0.023302
339  -0.029368  -0.044533  0.002846
340  -0.125564  -0.162041  0.042024
341  0.009621  -0.027358  0.000841
342  0.080220  -0.071200  0.011505
343  0.127680  -0.089998  0.024402
344  -0.071077  0.139837  0.024606
345  -0.024354  0.054160  0.003526
346  -0.035643  0.012987  0.001439
347  -0.025940  -0.004619  0.000694
348  -0.004688  0.090719  0.008252
349  0.091993  -0.159698  0.033966
350  -0.029319  0.151855  0.023920
351  0.107215  0.134529  0.029593
352  0.004978  0.032844  0.001103
353  0.049767  -0.044100  0.004421
354  0.097059  -0.131644  0.026751
355  -0.064206  0.076900  0.010036
356  0.002723  -0.140585  0.019772
357  0.018010  -0.150871  0.023087
358  0.069978  -0.009504  0.004987
359  0.057334  0.024202  0.003873
360  -0.179823  -0.011712  0.032474
361  -0.047283  -0.070279  0.007175
362  -0.094033  -0.130303  0.025821
363  -0.086080  0.179857  0.039758
364  -0.029330  -0.008118  0.000926
365  0.117235  0.105884  0.024955
366  0.047473  0.027176  0.002992
367  0.110967  -0.152421  0.035546
368  0.020564  -0.047787  0.002706
369  -0.102487  -0.047098  0.012722
370  0.037874  -0.148860  0.023594
371  0.000094  -0.037154  0.001380
372  0.015587  -0.108981  0.012120
373  -0.020751  0.006484  0.000473
374  -0.011310  0.051228  0.002752
375  -0.010681  -0.002881  0.000122
376  0.033398  -0.176047  0.032108
377  0.133275  -0.054267  0.020707
378  -0.196858  0.030981  0.039713
379  -0.067294  0.000122  0.004528
380  0.005394  0.018070  0.000356
381  -0.233114  0.070151  0.059263
382  -0.053713  -0.041913  0.004642
383  -0.277723  -0.154857  0.101111
384  0.042442  -0.289605  0.085672
385  -0.106884  0.113992  0.024418
386  -0.089041  -0.143078  0.028399
387  0.054550  -0.044246  0.004933
388  0.035670  0.157865  0.026194
389  -0.022494  0.050274  0.003033
390  0.133648  -0.143760  0.038529
391  0.036993  -0.123537  0.016630
392  0.044219  0.169716  0.030759
393  0.065351  -0.001512  0.004273
394  -0.113069  -0.321781  0.116328
395  0.061553  0.090478  0.011975
396  -0.099224  0.096994  0.019253
397  -0.052103  -0.087709  0.010408
398  0.117410  -0.020445  0.014203
399  -0.055278  0.030145  0.003964
400  0.013727  -0.004791  0.000211
401  0.205603  -0.133491  0.060093
402  -0.086559  0.082790  0.014347
403  -0.051784  0.019149  0.003048
404  -0.037191  0.074483  0.006931
405  0.332951  0.122519  0.125867
406  -0.166612  -0.087683  0.035448
407  0.064552  -0.055108  0.007204
408  -0.380498  0.076325  0.150605
409  -0.141165  0.009189  0.020012
410  -0.022671  0.155384  0.024658
411  -0.068113  -0.196556  0.043274
412  -0.170944  0.138050  0.048280
413  -0.007788  -0.030528  0.000993
414  -0.056502  -0.111181  0.015554
415  0.241197  0.127162  0.074346
416  -0.198157  0.342112  0.156307
417  0.067132  0.037112  0.005884
418  0.184479  0.008923  0.034112
419  -0.130128  -0.138497  0.036115
420  0.078693  0.125516  0.021947
421  -0.009691  0.111744  0.012581
422  -0.016470  -0.219475  0.048440
423  0.005208  -0.079739  0.006385
424  -0.046996  -0.179817  0.034543
425  -0.077135  0.014021  0.006146
426  -0.103336  0.094857  0.019676
427  0.316301  -0.076388  0.105881
428  0.156577  -0.059262  0.028028
429  0.271529  -0.150184  0.096283
430  0.022538  0.029595  0.001384
431  0.052338  0.187706  0.037973
432  -0.225340  0.185925  0.085346
433  0.084185  0.035818  0.008370
434  0.063899  0.303579  0.096243
435  0.271182  0.206872  0.116336
436  0.089411  -0.174973  0.038610
437  -0.070789  0.101033  0.015219
438  -0.007270  -0.037158  0.001434
439  -0.178204  -0.120624  0.046307
440  0.064663  -0.048960  0.006578
441  -0.097416  -0.425813  0.190807
442  -0.052952  -0.265936  0.073526
443  -0.119571  -0.103542  0.025018
444  -0.211071  0.004424  0.044571
445  -0.155360  -0.185867  0.058683
446  0.129668  0.097300  0.026281
447  0.075800  0.160039  0.031358
448  -0.105889  -0.367891  0.146556
449  0.156395  -0.031117  0.025428
450  0.232605  0.064663  0.058286
451  0.097174  0.045480  0.011511
452  -0.168592  0.224495  0.078821
453  -0.053302  -0.015200  0.003072
454  0.065018  -0.022928  0.004753
455  -0.008054  -0.070279  0.005004
456  -0.005821  0.204779  0.041968
457  -0.096436  -0.323985  0.114266
458  -0.144836  0.011204  0.021103
459  0.013867  -0.031683  0.001196
460  -0.274912  -0.117556  0.089396
461  0.079894  0.030464  0.007311
462  -0.006914  -0.057785  0.003387
463  0.208014  0.368015  0.178705
464  -0.075466  -0.177797  0.037307
465  0.072288  0.008892  0.005305
466  0.033698  0.257136  0.067254
467  0.228384  0.122880  0.067259
468  -0.117589  -0.114270  0.026885
469  -0.089710  0.035242  0.009290
470  -0.105437  -0.324229  0.116241
471  -0.136988  -0.110942  0.031074
472  -0.459345  -0.076238  0.216810
473  0.206322  -0.329995  0.151466
474  0.133636  0.314602  0.116833
475  -0.011330  -0.007415  0.000183
476  -0.157627  -0.444754  0.222653
477  -0.102456  -0.330401  0.119662
478  0.392065  -0.099517  0.163618
479  -0.045174  0.057116  0.005303
480  0.183304  -0.320324  0.136208
481  -0.039689  -0.034656  0.002776
482  -0.033490  0.098126  0.010750
483  0.071254  -0.091612  0.013470
484  0.043082  -0.159819  0.027398
485  0.214689  0.318373  0.147452
486  0.074402  0.064924  0.009751
487  -0.143516  0.264169  0.090382
488  0.126867  -0.394177  0.171471
489  0.287191  0.031319  0.083459
490  0.028504  -0.052038  0.003520
491  -0.219466  0.243804  0.107606
492  -0.343094  -0.405353  0.282024
493  0.386159  0.263265  0.218427
494  -0.195888  -0.441687  0.233460
495  -0.100583  -0.079950  0.016509
496  0.053590  0.102328  0.013343
497  0.233276  -0.145886  0.075700
498  -0.002904  -0.069541  0.004844
499  -0.276564  -0.022754  0.077006
500  0.230194  -0.011164  0.053114
501  0.071711  -0.034706  0.006347
502  0.151721  -0.016723  0.023299
503  0.331668  -0.101386  0.120282
504  -0.244012  -0.119562  0.073837
505  0.122530  0.059501  0.018554
506  0.201526  0.106810  0.052021
507  0.054800  -0.073203  0.008362
508  -0.111462  0.201819  0.053155
509  0.018331  0.089316  0.008313
510  -0.099744  -0.286614  0.092096
511  0.026785  0.027804  0.001491
512  -0.052735  0.501222  0.254004
513  -0.295427  0.040281  0.088900
514  0.133403  -0.361205  0.148266
515  -0.199163  -0.376855  0.181686
516  0.286997  0.122247  0.097312
517  -0.308548  0.029996  0.096102
518  0.219885  -0.063119  0.052333
519  -0.069224  0.025368  0.005435
520  -0.208505  -0.061121  0.047210
521  0.242861  0.124046  0.074369
522  -0.253401  0.227601  0.116014
523  -0.229810  0.156961  0.077449
524  0.101754  -0.185786  0.044870
525  0.026981  -0.053836  0.003626
526  -0.020532  -0.204558  0.042266
527  0.301275  0.269845  0.163582
528  -0.328076  0.032079  0.108663
529  -0.266519  0.053431  0.073887
530  -0.106811  -0.050319  0.013941
531  0.085186  -0.103980  0.018069
532  -0.187586  -0.290528  0.119595
533  -0.058501  0.039680  0.004997
534  0.001877  0.241828  0.058484
535  -0.049096  0.374690  0.142803
536  0.323182  -0.272457  0.178680
537  -0.165021  0.457039  0.236117
538  0.009174  0.376408  0.141767
539  -0.313709  0.096993  0.107821
540  0.052255  -0.085166  0.009984
541  -0.511374  0.009154  0.261587
542  -0.297795  0.034490  0.089871
543  0.538492  0.452476  0.494708
544  -0.007419  0.646213  0.417646
545  -0.012922  0.399157  0.159493
546  0.379084  -0.325533  0.249677
547  -0.462808  0.076247  0.220005
548  -0.403133  -0.274977  0.238129
549  0.129712  -0.038687  0.018322
550  -0.758035  0.175809  0.605526
551  -0.112984  -0.229866  0.065604
552  -0.115554  -0.076417  0.019192
553  0.258182  -0.193159  0.103968
554  0.123579  -0.033920  0.016422
555  0.384240  -0.129588  0.164434
556  0.389932  -0.479547  0.382012
557  -0.119072  -0.434362  0.202848
558  -0.360624  0.023718  0.130612
559  0.169771  0.049669  0.031289
560  0.056873  0.034136  0.004400
561  -0.380817  -0.220183  0.193502
562  -0.146509  0.181467  0.054395
563  0.023028  0.104355  0.011420
564  0.152936  -0.130701  0.040472
565  -0.267162  -0.203010  0.112588
566  0.753186  0.168713  0.595753
567  -0.149966  -0.443499  0.219181
568  -0.168615  -0.277864  0.105640
569  -0.077609  0.105868  0.017231
570  0.241252  -0.006553  0.058245
571  0.061028  0.332175  0.114064
572  0.080937  -0.107732  0.018157
573  0.481742  0.060602  0.235748
574  0.007552  -0.085848  0.007427
575  -0.728057  -0.107411  0.541604
576  0.195797  -0.019591  0.038720
577  0.129906  -0.138524  0.036064
578  0.185608  0.108671  0.046260
579  0.431792  -0.088396  0.194258
580  -0.015520  -0.075815  0.005989
581  0.076352  -0.047666  0.008102
582  0.074994  -0.490011  0.245735
583  -0.372637  0.112008  0.151404
584  -0.500129  -0.076322  0.255954
585  -0.053771  -0.458412  0.213033
586  -0.080840  -0.577588  0.340143
587  -0.540512  0.263579  0.361627
588  0.124339  0.337177  0.129149
589  0.078689  0.158678  0.031371
590  0.545307  0.374904  0.437914
591  -0.108620  0.029817  0.012687
592  0.253285  -0.228275  0.116263
593  -0.023446  0.632184  0.400207
594  -0.339536  0.059544  0.118830
595  -0.424402  0.371859  0.318397
596  -0.440585  0.057391  0.197409
597  0.591602  0.160009  0.375596
598  0.094194  0.116861  0.022529
599  0.294724  0.225627  0.137769
600  0.185301  0.126661  0.050379
601  0.157918  -0.499161  0.274100
602  -0.337889  0.223408  0.164081
603  -0.514751  -0.101420  0.275254
604  -0.223956  0.069901  0.055042
605  0.593943  -0.121924  0.367633
606  -0.094136  -0.001779  0.008865
607  0.072213  0.006243  0.005254
608  0.492235  0.201191  0.282773
609  -0.121693  0.254561  0.079611
610  -0.124080  0.481825  0.247551
611  0.260740  0.215614  0.114475
612  0.058994  -0.189344  0.039331
613  0.488097  0.425192  0.419027
614  -0.176779  0.557252  0.341780
615  -0.377222  -0.440357  0.336211
616  0.044143  -0.135754  0.020378
617  0.333780  0.479457  0.341288
618  0.136686  -0.231372  0.072216
619  0.440533  0.019912  0.194466
620  -0.454731  0.269710  0.279524
621  0.289086  -0.035843  0.084855
622  -0.395434  -0.262030  0.225028
623  -0.235699  -0.745426  0.611214
624  0.548232  0.116769  0.314193
625  -0.230009  -0.301099  0.143564
626  -0.342766  0.100973  0.127684
627  0.119056  -0.447088  0.214062
628  0.115211  -0.262352  0.082102
629  0.496861  0.226943  0.298374
630  0.123178  -0.128357  0.031648
631  -0.461261  -0.168074  0.241011
632  0.417333  -0.298786  0.263440
633  0.001544  0.298808  0.089288
634  -0.628413  -0.227782  0.446787
635  0.108371  0.240265  0.069472
636  -0.855881  -0.293762  0.818828
637  0.236069  -0.572750  0.383771
638  0.426631  -0.144653  0.202938
639  0.210109  0.173215  0.074149
640  0.082481  0.100699  0.016943
641  0.090044  -0.103827  0.018888
642  0.046117  -0.235000  0.057352
643  -0.105868  0.022373  0.011708
644  -0.076796  -0.235622  0.061415
645  -0.425069  -0.066305  0.185080
646  -0.198586  0.196118  0.077899
647  0.338361  -0.119543  0.128779
648  -0.075349  -0.142084  0.025865
649  -0.878522  0.277026  0.848545
650  0.096876  0.263039  0.078574
651  0.525279  -0.307478  0.370461
652  -0.177565  -0.204135  0.073200
653  0.627250  -0.447849  0.594011
654  -0.308553  -0.561981  0.411027
655  0.205403  0.375258  0.183009
656  -0.350940  0.392522  0.277232
657  -0.425006  -0.604990  0.546643
658  0.290016  0.078877  0.090331
659  0.672342  -0.624835  0.842462
660  -0.541997  -0.297485  0.382258
661  0.305800  0.254997  0.158538
662  0.222864  -0.058019  0.053034
663  0.323174  -0.675957  0.561359
664  0.101927  -0.140267  0.030064
665  -0.233504  -0.151104  0.077357
666  0.147029  1.102658  1.237471
667  0.798008  0.022087  0.637305
668  -0.584886  0.024904  0.342711
669  -0.480470  0.220581  0.279507
670  -0.000102  0.386326  0.149247
671  -0.816388  1.034361  1.736392
672  -0.266439  -0.034685  0.072193
673  0.400875  -0.260443  0.228532
674  -0.015751  -0.277513  0.077262
675  -0.219865  0.317728  0.149291
676  -0.054693  0.061122  0.006727
677  0.044265  -0.151276  0.024844
678  0.099715  0.565237  0.329436
679  -0.424391  -0.245433  0.240345
680  -0.214683  0.472693  0.269527
681  0.137094  0.174057  0.049091
682  0.833415  -0.038262  0.696044
683  -0.293314  0.191573  0.122734
684  0.264421  -0.269462  0.142528
685  0.663157  0.216561  0.486676
686  -0.778176  0.298925  0.694914
687  -0.252660  -0.135975  0.082326
688  0.425794  -0.045875  0.183405
689  -0.492857  0.334468  0.354777
690  0.104709  0.274666  0.086405
691  -0.031333  0.128053  0.017379
692  -0.338021  -0.100858  0.124431
693  0.484016  0.525094  0.509995
694  0.041118  -0.377034  0.143845
695  -0.232585  -0.225289  0.104851
696  -0.183202  0.193276  0.070919
697  -0.047801  -0.514615  0.267113
698  -0.546234  -0.033949  0.299525
699  0.618670  -0.408223  0.549398
700  0.028163  -0.119395  0.015048
701  -0.599170  -0.248266  0.420641
702  -0.456331  0.927296  1.068116
703  -0.088434  0.572813  0.335935
704  0.375464  -0.066197  0.145355
705  0.209671  0.265181  0.114283
706  0.184467  -0.313804  0.132501
707  0.160528  -0.168621  0.054202
708  0.268857  0.655917  0.502511
709  0.194538  0.288120  0.120858
710  -0.242616  -0.125963  0.074729
711  0.288405  -0.705262  0.580572
712  0.696944  0.051225  0.488355
713  0.002880  -0.073467  0.005406
714  -0.831430  -1.081107  1.860069
715  -0.616673  0.177921  0.411941
716  0.717569  -0.028036  0.515691
717  0.236644  0.206876  0.098798
718  -0.161939  -0.368170  0.161773
719  -0.179397  -0.129093  0.048848
720  0.311289  0.366761  0.231414
721  -0.561355  -0.683897  0.782834
722  -0.227776  -0.017761  0.052197
723  0.345264  0.127465  0.135455
724  -0.338760  0.898970  0.922906
725  -0.572513  0.204444  0.369568
726  -0.145906  -0.818802  0.691726
727  0.160578  0.252019  0.089299
728  -0.025698  -0.138849  0.019939
729  0.360513  0.104265  0.140841
730  0.815839  0.350896  0.788720
731  -0.554750  0.332318  0.418182
732  -0.242695  0.058903  0.062370
733  0.340673  0.011654  0.116194
734  0.097690  -0.047470  0.011797
735  -0.139147  0.174012  0.049642
736  -0.303341  -0.033849  0.093161
737  -0.724296  -0.498696  0.773302
738  0.213601  0.227238  0.097262
739  -0.255283  0.420372  0.241882
740  -0.396082  0.249737  0.219250
741  -0.824771  0.073488  0.685648
742  0.011774  -0.374130  0.140112
743  0.132897  0.000347  0.017662
744  -0.457721  0.291302  0.294365
745  -0.642383  0.818951  1.083336
746  0.165427  0.307930  0.122187
747  -0.014175  -0.453323  0.205703
748  0.074835  -0.097363  0.015080
749  0.323096  0.232529  0.158461
750  0.648979  -0.074833  0.426774
751  0.125973  0.309962  0.111945
752  0.442796  -0.219018  0.244037
753  0.079452  -0.682206  0.471718
754  0.273523  -0.588984  0.421716
755  -0.080869  0.428301  0.189981
756  0.475462  0.211915  0.270972
757  0.292209  0.240205  0.143084
758  -0.369574  0.804895  0.784441
759  -0.008607  0.352478  0.124315
760  -0.568814  0.126543  0.339562
761  0.141810  0.679653  0.482039
762  0.453050  0.109648  0.217277
763  0.542632  0.344873  0.413387
764  -0.539478  0.051645  0.293704
765  -0.038264  0.035035  0.002692
766  0.240974  -0.285404  0.139524
767  0.143178  -0.270335  0.093581
768  -0.379884  -0.229416  0.196944
769  0.183213  -0.415942  0.206575
770  -0.372987  0.259828  0.206630
771  -0.066003  0.209009  0.048041
772  0.710406  -0.390490  0.657160
773  -0.515841  -0.001423  0.266093
774  0.445537  -0.121350  0.213229
775  -0.097223  0.048958  0.011849
776  0.108009  0.167223  0.039629
777  0.037080  0.426348  0.183147
778  -0.235787  0.891245  0.849913
779  0.579713  0.058998  0.339548
780  0.314983  0.503811  0.353039
781  0.684844  0.794701  1.100560
782  -0.101574  -0.023843  0.010886
783  0.090413  -0.215905  0.054790
784  0.051382  -0.505035  0.257700
785  -0.126479  -0.683633  0.483351
786  -0.213128  -0.144038  0.066170
787  0.078389  -0.174716  0.036670
788  0.271419  -0.676113  0.530797
789  -0.000121  0.581703  0.338379
790  0.370946  0.214799  0.183740
791  0.171950  0.212696  0.074806
792  0.009772  0.491257  0.241429
793  0.391423  -0.007639  0.153270
794  -0.247845  -0.241975  0.119979
795  -0.465421  0.061773  0.220433
796  0.126206  0.102612  0.026457
797  0.817714  -0.072994  0.673984
798  0.446607  0.113830  0.212416
799  -0.375523  0.098464  0.150713
800  0.154195  0.519696  0.293860
801  0.196292  -0.240144  0.096200
802  0.280261  0.415493  0.251181
803  -0.722691  -0.378937  0.665876
804  -0.579727  0.389466  0.487768
805  -0.417880  0.189814  0.210653
806  -0.025683  0.217722  0.048062
807  0.683887  0.121773  0.482531
808  0.150970  -0.264487  0.092745
809  0.707033  -0.023707  0.500457
810  0.123675  -0.702094  0.508231
811  -0.014304  -0.086600  0.007704
812  0.184607  0.040424  0.035714
813  0.009744  -0.821054  0.674225
814  -0.323474  0.368620  0.240516
815  0.135967  -0.015722  0.018734
816  -0.113049  -0.205817  0.055141
817  0.338399  -0.093310  0.123221
818  0.044923  0.091130  0.010323
819  -0.190061  -0.048496  0.038475
820  0.118024  -0.101466  0.024225
821  0.306540  -0.027504  0.094723
822  -0.038514  -0.330457  0.110685
823  -0.414510  -0.292528  0.257391
824  -0.338317  -0.030644  0.115398
825  -0.283472  -0.696891  0.566014
826  -0.660030  0.274485  0.510982
827  -0.181408  0.125400  0.048634
828  0.156937  0.377994  0.167508
829  0.179612  0.273299  0.106953
830  -0.237776  0.148317  0.078535
831  0.214514  -0.070108  0.050932
832  0.225129  -0.073038  0.056018
833  0.107558  -0.504458  0.266047
834  0.536307  0.160365  0.313342
835  0.061880  -0.045992  0.005944
836  0.001450  -0.209246  0.043786
837  0.121579  -0.346716  0.134993
838  0.001522  0.038381  0.001475
839  -0.238052  -0.126125  0.072576
840  -0.069041  0.003826  0.004781
841  -0.373183  0.168309  0.167594
842  0.000459  -0.223888  0.050126
843  -0.145166  0.491046  0.262200
844  0.088293  0.212668  0.053023
845  0.112597  0.059234  0.016187
846  0.162116  -0.675999  0.483256
847  0.197101  -0.351779  0.162598
848  -0.026862  -0.037566  0.002133
849  -0.214889  0.470840  0.267868
850  -0.141379  -0.341945  0.136915
851  -0.080270  -0.347085  0.126911
852  -0.476917  -0.123400  0.242677
853  0.141791  -0.345591  0.139538
854  -0.237198  0.261849  0.124828
855  0.313936  -0.236353  0.154418
856  -0.458657  -0.006756  0.210412
857  -0.036352  0.459480  0.212443
858  0.163359  -0.264060  0.096414
859  -0.277218  -0.255813  0.142290
860  -0.329054  -0.203299  0.149607
861  0.485643  0.254912  0.300830
862  -0.345015  0.012528  0.119192
863  -0.297556  0.555086  0.396660
864  0.273392  -0.069143  0.079524
865  0.124011  0.251461  0.078611
866  -0.095123  -0.116814  0.022694
867  0.358090  0.391281  0.281329
868  0.560020  0.042686  0.315445
869  -0.087765  -0.082261  0.014470
870  -0.143108  0.340687  0.136548
871  -0.244880  -0.257678  0.126364
872  -0.002114  -0.217668  0.047384
873  0.291548  0.096629  0.094337
874  -0.176264  0.047209  0.033298
875  -0.201179  -0.174372  0.070879
876  0.320284  0.258711  0.169513
877  -0.199345  -0.056120  0.042888
878  0.100039  0.228368  0.062160
879  0.412271  -0.167170  0.197913
880  0.180199  -0.171180  0.061774
881  -0.231775  0.027269  0.054463
882  0.265229  0.042179  0.072125
883  0.059890  -0.342724  0.121046
884  -0.225920  -0.012377  0.051193
885  -0.512100  -0.007318  0.262300
886  0.224089  -0.067526  0.054776
887  0.150204  -0.344402  0.141174
888  -0.088062  0.142568  0.028081
889  0.521979  0.067957  0.277080
890  -0.196284  0.137973  0.057564
891  -0.082710  -0.020217  0.007250
892  0.488629  0.119837  0.253119
893  0.324787  -0.029199  0.106339
894  -0.271592  -0.196583  0.112407
895  0.297890  0.254239  0.153376
896  0.146010  0.326475  0.127905
897  -0.394292  0.017466  0.155771
898  -0.003607  0.055077  0.003046
899  0.106176  0.223688  0.061310
900  0.022515  0.238549  0.057413
901  0.183797  0.096831  0.043158
902  0.179496  0.200598  0.072458
903  -0.094027  -0.050477  0.011389
904  -0.104537  0.133483  0.028746
905  0.056487  -0.212927  0.048529
906  0.332270  0.252763  0.174293
907  0.019870  -0.260904  0.068466
908  0.288928  0.282916  0.163521
909  0.141850  -0.121630  0.034915
910  0.033482  0.097462  0.010620
911  0.110666  -0.582043  0.351021
912  -0.142957  -0.234894  0.075612
913  0.020555  -0.038221  0.001883
914  -0.250378  0.229934  0.115558
915  -0.001445  0.106806  0.011410
916  0.119402  -0.037235  0.015643
917  0.119046  -0.118948  0.028321
918  -0.059277  0.092325  0.012038
919  -0.169611  0.077967  0.034847
920  -0.004340  0.160978  0.025933
921  0.407077  -0.052394  0.168457
922  -0.037579  -0.253398  0.065623
923  0.198504  0.161758  0.065570
924  -0.166708  0.084401  0.034915
925  -0.029104  -0.062685  0.004776
926  0.052913  -0.013297  0.002977
927  -0.003290  0.176914  0.031309
928  -0.318763  -0.028756  0.102437
929  -0.336705  -0.195172  0.151462
930  0.150599  -0.024524  0.023281
931  -0.123923  -0.240827  0.073355
932  -0.011578  0.436363  0.190547
933  0.081970  0.351201  0.130061
934  0.115584  0.086986  0.020926
935  0.374289  -0.129444  0.156848
936  0.210069  0.140103  0.063758
937  0.037170  -0.070295  0.006323
938  -0.100198  0.251101  0.073091
939  -0.323488  -0.104284  0.115520
940  -0.124606  0.169955  0.044411
941  -0.294211  -0.013973  0.086755
942  -0.093312  0.370757  0.146168
943  0.158989  0.193040  0.062542
944  0.059666  -0.080765  0.010083
945  -0.201769  0.117906  0.054613
946  -0.234563  -0.072470  0.060272
947  -0.227625  0.386116  0.200899
948  -0.082401  0.050134  0.009303
949  0.166516  -0.055978  0.030861
950  0.048972  -0.095732  0.011563
951  -0.076699  -0.026210  0.006570
952  0.063657  0.009855  0.004149
953  -0.025516  -0.014280  0.000855
954  -0.110445  -0.012869  0.012364
955  -0.022744  -0.032698  0.001586
956  -0.285970  -0.115626  0.095149
957  -0.049804  0.067341  0.007015
958  -0.119493  -0.032991  0.015367
959  0.018943  -0.116373  0.013901
960  0.075851  0.092511  0.014312
961  0.179938  0.087058  0.039957
962  0.204796  -0.114489  0.055049
963  0.069011  0.106317  0.016066
964  -0.092070  0.044121  0.010424
965  0.031756  0.057006  0.004258
966  -0.119482  0.053104  0.017096
967  -0.065734  0.021877  0.004800
968  -0.046195  -0.004450  0.002154
969  -0.034611  0.153086  0.024633
970  0.042452  0.083443  0.008765
971  0.042143  0.057930  0.005132
972  -0.044629  0.193750  0.039531
973  0.137823  -0.322240  0.122834
974  -0.136155  -0.225337  0.069315
975  0.003759  0.129297  0.016732
976  -0.073485  0.031771  0.006410
977  0.159815  -0.091701  0.033950
978  -0.215478  -0.198802  0.085953
979  -0.469760  0.010940  0.220794
980  -0.063879  0.174252  0.034444
981  -0.035804  -0.070496  0.006252
982  -0.133607  -0.214222  0.063742
983  -0.067646  -0.068435  0.009259
984  -0.133332  -0.151707  0.040793
985  0.347731  0.163958  0.147799
986  0.239464  0.019731  0.057732
987  0.009715  0.042482  0.001899
988  -0.126694  -0.180951  0.048795
989  0.167726  0.036866  0.029491
990  0.016120  -0.287749  0.083060
991  -0.120303  -0.078788  0.020680
992  -0.323221  -0.055168  0.107515
993  -0.093449  -0.098137  0.018363
994  -0.076485  -0.026196  0.006536
995  -0.090087  -0.013287  0.008292
996  0.105723  0.063042  0.015152
997  -0.007785  -0.019194  0.000429
998  -0.112842  0.081887  0.019439
999  0.187453  0.087112  0.042727
1000  0.230014  -0.082958  0.059789
1001  0.122519  0.076318  0.020836
1002  -0.016125  -0.124270  0.015703
1003  -0.066171  -0.119127  0.018570
1004  0.029516  0.049072  0.003279
1005  0.030817  0.085690  0.008293
1006  0.032037  0.038370  0.002499
1007  -0.101735  -0.004523  0.010371
1008  -0.022059  -0.038838  0.001995
1009  0.177982  0.025270  0.032316
1010  0.166918  0.032878  0.028943
1011  0.054672  -0.036492  0.004321
1012  -0.018496  -0.142760  0.020723
1013  -0.215029  -0.114725  0.059399
1014  0.068136  0.043853  0.006566
1015  -0.057099  -0.068345  0.007931
1016  0.076949  -0.038420  0.007397
1017  0.053770  -0.166302  0.030547
1018  0.028131  -0.080977  0.007349
1019  0.081826  0.145643  0.027907
1020  -0.133263  -0.062395  0.021652
1021  -0.141835  -0.041789  0.021864
1022  -0.062470  -0.070278  0.008841
1023  -0.045039  -0.030019  0.002930
1024  -0.081798  -0.051067  0.009299
1025  0.056863  0.051454  0.005881
1026  0.027374  0.129619  0.017550
1027  0.151731  0.043569  0.024920
1028  -0.163516  -0.209121  0.070469
1029  0.072745  0.142393  0.025568
1030  0.000388  0.145384  0.021137
1031  -0.030051  -0.072026  0.006091
1032  0.139946  -0.080944  0.026137
1033  -0.066932  0.042918  0.006322
1034  0.082442  -0.152357  0.030009
1035  -0.176903  -0.066243  0.035683
1036  0.058769  0.070480  0.008421
1037  -0.042272  0.062884  0.005741
1038  0.108437  -0.106007  0.022996
1039  -0.097639  -0.124145  0.024945
1040  -0.018088  -0.067982  0.004949
1041  0.049242  -0.047593  0.004690
1042  0.119294  0.061345  0.017994
1043  -0.133032  -0.046923  0.019899
1044  0.025465  0.059224  0.004156
1045  0.274170  0.006874  0.075217
1046  0.028266  0.053057  0.003614
1047  0.057369  -0.140531  0.023040
1048  -0.066679  0.021621  0.004914
1049  -0.052830  0.101199  0.013032
1050  0.062302  -0.057059  0.007137
1051  -0.111241  -0.073307  0.017749
1052  0.008291  0.008422  0.000140
1053  -0.062085  0.121277  0.018563
1054  -0.013062  0.196714  0.038867
1055  0.001970  0.068169  0.004651
1056  0.025836  -0.025272  0.001306
1057  -0.154950  -0.131948  0.041420
1058  -0.008902  0.066402  0.004489
1059  -0.111340  -0.041060  0.014082
1060  0.111984  -0.046861  0.014736
1061  -0.022272  0.030726  0.001440
1062  -0.061614  -0.118382  0.017811
1063  -0.003590  0.135375  0.018339
1064  0.151089  -0.090716  0.031057
1065  -0.043176  -0.021431  0.002323
1066  0.040256  -0.024705  0.002231
1067  -0.160344  0.070913  0.030739
1068  -0.025321  0.190921  0.037092
1069  -0.073492  0.019376  0.005776
1070  0.074815  -0.028794  0.006426
1071  0.053279  0.041717  0.004579
1072  0.012915  0.136755  0.018869
1073  -0.030865  -0.034557  0.002147
1074  0.013920  -0.006912  0.000242
1075  0.073189  0.070606  0.010342
1076  0.085707  -0.046939  0.009549
1077  -0.010406  -0.121816  0.014947
1078  0.006219  -0.058235  0.003430
1079  0.138271  -0.007257  0.019172
1080  0.049942  0.021388  0.002952
1081  0.058388  0.068889  0.008155
1082  0.024956  -0.094750  0.009600
1083  0.084123  0.141620  0.027133
1084  -0.094810  0.043314  0.010865
1085  -0.070844  0.022239  0.005514
1086  -0.038168  0.106011  0.012695
1087  -0.090847  -0.012090  0.008399
1088  0.013783  -0.003470  0.000202
1089  0.025224  0.038767  0.002139
1090  0.136586  -0.018220  0.018988
1091  -0.061398  0.135461  0.022119
1092  0.004396  0.012943  0.000187
1093  -0.071624  -0.034965  0.006353
1094  0.015378  -0.124789  0.015809
1095  -0.115180  0.001358  0.013268
1096  -0.033722  -0.036104  0.002441
1097  0.020646  -0.042462  0.002229
1098  -0.107632  0.046339  0.013732
1099  0.038867  -0.082440  0.008307
1100  -0.002240  0.023696  0.000567
1101  -0.002157  0.001878  0.000008
1102  0.045865  -0.105502  0.013234
1103  0.015988  0.032103  0.001286
1104  0.038255  0.059663  0.005023
1105  -0.053800  0.013225  0.003069
1106  0.018544  -0.007850  0.000406
1107  -0.072180  -0.019383  0.005586
1108  -0.042359  0.015653  0.002039
1109  0.110851  -0.071724  0.017432
1110  -0.145391  -0.096120  0.030377
1111  -0.020615  0.041429  0.002141
1112  -0.042830  -0.089415  0.009829
1113  -0.005838  0.015874  0.000286
1114  0.040993  -0.016244  0.001944
1115  0.057735  0.126428  0.019317
1116  -0.072832  0.012525  0.005461
1117  0.036063  -0.080766  0.007824
1118  -0.058289  0.056169  0.006553
1119  0.038868  0.128594  0.018047
1120  0.024962  -0.000144  0.000623
1121  0.131001  0.018443  0.017501
1122  -0.031389  -0.034815  0.002197
1123  0.045800  0.087619  0.009775
1124  -0.006746  0.111149  0.012400
1125  -0.074195  -0.075967  0.011276
1126  -0.016079  0.046818  0.002450
1127  0.014445  -0.066691  0.004656
1128  -0.072188  -0.037465  0.006615
1129  0.077759  0.045747  0.008139
1130  -0.017884  -0.031746  0.001328
1131  -0.049340  0.011703  0.002571
1132  -0.011581  0.043775  0.002050
1133  0.037552  0.021192  0.001859
1134  -0.099987  -0.024279  0.010587
1135  0.126555  -0.021358  0.016472
1136  -0.092258  -0.016635  0.008788
1137  -0.049435  -0.010354  0.002551
1138  -0.080905  -0.041037  0.008230
1139  0.068076  -0.020189  0.005042
1140  0.039969  0.006689  0.001642
1141  -0.036263  0.028148  0.002107
1142  -0.077656  0.033573  0.007158
1143  0.030328  -0.072290  0.006146
1144  -0.000995  0.067496  0.004557
1145  -0.022676  0.030991  0.001475
1146  0.080957  -0.041450  0.008272
1147  -0.038024  0.045544  0.003520
1148  0.075602  0.030345  0.006637
1149  -0.011529  -0.058267  0.003528
1150  0.023448  0.023419  0.001098
1151  -0.004544  -0.017503  0.000327
1152  -0.063453  0.002595  0.004033
1153  -0.005338  0.077148  0.005980
1154  0.016435  -0.045697  0.002358
1155  -0.043320  0.039846  0.003464
1156  0.016746  -0.029579  0.001155
1157  -0.047682  0.052264  0.005005
1158  0.095579  -0.037684  0.010555
1159  0.081238  0.030909  0.007555
1160  0.007410  0.016357  0.000322
1161  0.067418  -0.001554  0.004548
1162  0.007692  -0.026237  0.000748
1163  -0.076552  0.016870  0.006145
1164  -0.026339  -0.015142  0.000923
1165  0.008037  0.006998  0.000114
1166  0.064692  0.014269  0.004389
1167  0.039359  -0.015062  0.001776
1168  0.045912  -0.055417  0.005179
1169  0.077206  0.011847  0.006101
1170  -0.041502  -0.010312  0.001829
1171  0.018586  0.025592  0.001000
1172  0.006099  -0.025384  0.000682
1173  -0.065597  0.029540  0.005176
1174  0.006388  0.004424  0.000060
1175  0.080634  0.094387  0.015411
1176  -0.021361  -0.022878  0.000980
1177  -0.017300  -0.028117  0.001090
1178  0.026964  0.002267  0.000732
1179  -0.063590  -0.066014  0.008401
1180  0.045794  -0.003895  0.002112
1181  -0.104596  -0.040651  0.012593
1182  -0.006622  0.008526  0.000117
1183  0.092815  -0.096319  0.017892
1184  0.005091  0.014375  0.000233
1185  0.069222  0.039131  0.006323
1186  0.013483  -0.038983  0.001701
1187  0.014261  -0.033844  0.001349
1188  0.076208  0.052190  0.008532
1189  0.035527  0.004451  0.001282
1190  0.020904  -0.033581  0.001565
1191  -0.055749  -0.101230  0.013356
1192  -0.047775  -0.064900  0.006494
1193  -0.006682  -0.008115  0.000110
1194  0.009600  -0.016897  0.000378
1195  0.008871  0.062477  0.003982
1196  0.020177  -0.052696  0.003184
1197  0.027393  -0.024162  0.001334
1198  0.026116  -0.067780  0.005276
1199  0.034544  -0.011339  0.001322
1200  0.044849  -0.034922  0.003231
1201  0.005897  -0.026297  0.000726
1202  0.005647  0.042187  0.001812
1203  0.030823  -0.020422  0.001367
1204  0.009488  0.019213  0.000459
1205  0.007666  -0.043255  0.001930
1206  0.032660  -0.043170  0.002930
1207  -0.005011  0.032117  0.001057
1208  -0.035098  0.004484  0.001252
1209  -0.004587  -0.032918  0.001105
1210  0.011406  -0.013406  0.000310
1211  0.037021  -0.056174  0.004526
1212  -0.033404  -0.050520  0.003668
1213  0.067008  0.010112  0.004592
1214  -0.016963  -0.028933  0.001125
1215  0.027841  -0.068163  0.005421
1216  0.024474  -0.102468  0.011099
1217  -0.012128  0.009664  0.000240
1218  0.025641  -0.007800  0.000718
1219  0.013013  0.038448  0.001648
1220  -0.007558  0.043655  0.001963
1221  0.019265  -0.038395  0.001845
1222  -0.002610  -0.010592  0.000119
1223  0.015216  -0.026938  0.000957
1224  -0.076332  -0.049232  0.008250
1225  -0.044013  -0.030495  0.002867
1226  -0.033319  0.053924  0.004018
1227  -0.004558  -0.034518  0.001212
1228  0.034576  -0.038434  0.002673
1229  -0.035997  -0.080576  0.007788
1230  -0.021533  -0.048282  0.002795
1231  0.017402  -0.029941  0.001199
1232  0.027529  0.017056  0.001049
1233  0.001727  0.002039  0.000007
1234  0.015243  -0.012165  0.000380
1235  -0.027241  0.005398  0.000771
1236  0.000669  -0.036562  0.001337
1237  0.005332  -0.005045  0.000054
1238  0.009231  0.024594  0.000690
1239  0.027368  -0.029493  0.001619
1240  0.040582  -0.023801  0.002213
1241  0.013058  -0.036651  0.001514
1242  -0.011297  0.010422  0.000236
1243  0.000622  0.003474  0.000012
1244  -0.019987  -0.009321  0.000486
1245  -0.014248  -0.014364  0.000409
1246  0.019750  -0.016348  0.000657
1247  -0.055936  0.017981  0.003452
1248  0.037611  -0.001557  0.001417
1249  -0.076910  0.024759  0.006528
1250  -0.050125  -0.004281  0.002531
1251  -0.007131  -0.018734  0.000402
1252  0.004219  0.022502  0.000524
1253  0.015356  -0.030955  0.001194
1254  -0.017728  0.001212  0.000316
1255  0.003682  -0.025730  0.000676
1256  0.002838  -0.035667  0.001280
1257  -0.004959  -0.087407  0.007665
1258  0.008221  0.004287  0.000086
1259  0.014140  0.005353  0.000229
1260  0.026031  -0.016628  0.000954
1261  -0.000120  0.007118  0.000051
1262  0.052721  0.001855  0.002783
1263  -0.015790  0.038578  0.001738
1264  -0.038671  -0.011778  0.001634
1265  0.002166  -0.005901  0.000040
1266  0.039829  -0.007207  0.001638
1267  0.057895  -0.025024  0.003978
1268  -0.021059  -0.028012  0.001228
1269  -0.021156  0.001141  0.000449
1270  -0.004228  -0.039075  0.001545
1271  0.003259  -0.031055  0.000975
1272  -0.052086  0.004188  0.002731
1273  -0.043326  -0.033908  0.003027
1274  -0.046824  0.075249  0.007855
1275  0.049874  -0.004467  0.002507
1276  -0.009394  0.010656  0.000202
1277  0.016624  -0.006527  0.000319
1278  -0.011614  0.016884  0.000420
1279  0.012777  -0.036036  0.001462
1280  0.004356  0.043645  0.001924
1281  -0.004189  0.033469  0.001138
1282  0.033187  -0.022269  0.001597
1283  0.023409  0.065470  0.004834
1284  0.045510  0.001485  0.002073
1285  0.039645  -0.027755  0.002342
1286  0.038022  -0.042495  0.003251
1287  -0.035091  0.044842  0.003242
1288  0.005705  -0.016994  0.000321
1289  -0.002095  0.030077  0.000909
1290  0.005978  0.001644  0.000038
1291  0.037545  -0.070437  0.006371
1292  -0.007399  0.040477  0.001693
1293  0.045396  0.008055  0.002126
1294  -0.030863  0.104393  0.011850
1295  0.048125  -0.008160  0.002383
1296  0.052841  0.041905  0.004548
1297  -0.014977  -0.042539  0.002034
1298  0.014826  -0.017704  0.000533
1299  -0.013900  0.007928  0.000256
1300  -0.037303  -0.002005  0.001396
1301  -0.018285  -0.051649  0.003002
1302  -0.002120  -0.036657  0.001348
1303  0.077876  0.014082  0.006263
1304  -0.050051  0.063696  0.006562
1305  0.074742  -0.002706  0.005594
1306  -0.046284  0.061960  0.005981
1307  -0.010528  -0.043224  0.001979
1308  0.018231  -0.010920  0.000452
1309  0.045333  0.010545  0.002166
1310  0.015678  -0.034617  0.001444
1311  0.034365  0.048776  0.003560
1312  -0.023717  -0.020425  0.000980
1313  -0.044529  0.001113  0.001984
1314  0.021256  -0.036286  0.001768
1315  -0.003228  -0.030110  0.000917
1316  -0.018638  -0.013192  0.000521
1317  -0.016587  -0.044562  0.002261
1318  -0.071694  -0.043697  0.007049
1319  0.010654  -0.019626  0.000499
1320  0.064570  -0.017698  0.004482
1321  0.019753  -0.048604  0.002753
1322  -0.006247  -0.025320  0.000680
1323  0.020438  0.071578  0.005541
1324  0.036589  0.021139  0.001786
1325  -0.018341  0.031912  0.001355
1326  -0.017882  0.048467  0.002669
1327  0.028155  0.021730  0.001265
1328  -0.043466  -0.026326  0.002582
1329  0.000523  -0.009729  0.000095
1330  -0.052533  0.034485  0.003949
1331  -0.014160  0.000463  0.000201
1332  -0.048021  0.032799  0.003382
1333  -0.016783  -0.017579  0.000591
1334  -0.021087  -0.028500  0.001257
1335  -0.005840  -0.046536  0.002200
1336  0.025516  0.069120  0.005429
1337  -0.057366  0.022438  0.003794
1338  -0.059463  -0.011397  0.003666
1339  -0.012372  -0.035870  0.001440
1340  -0.028572  -0.030710  0.001759
1341  -0.043098  -0.015153  0.002087
1342  -0.007654  0.022896  0.000583
1343  0.040448  -0.027918  0.002415
1344  0.035177  0.029550  0.002111
1345  0.000384  0.024165  0.000584
1346  0.050449  0.016602  0.002821
1347  -0.001825  -0.008541  0.000076
1348  0.022153  -0.009871  0.000588
1349  -0.035203  0.001211  0.001241
1350  0.014881  -0.005265  0.000249
1351  0.041499  -0.071667  0.006858
1352  0.050594  -0.073299  0.007933
1353  -0.014820  0.033676  0.001354
1354  -0.047486  -0.055561  0.005342
1355  0.001854  0.026845  0.000724
1356  0.036023  -0.016178  0.001559
1357  0.025584  0.007457  0.000710
1358  0.002256  -0.006888  0.000053
1359  0.005495  -0.001540  0.000033
1360  0.011172  -0.029274  0.000982
1361  -0.029335  0.049265  0.003288
1362  -0.003498  -0.033474  0.001133
1363  -0.007254  -0.023509  0.000605
1364  0.050610  0.068010  0.007187
1365  -0.022611  0.025526  0.001163
1366  -0.020309  0.005133  0.000439
1367  -0.020324  -0.014738  0.000630
1368  0.003281  -0.021726  0.000483
1369  -0.015475  -0.020781  0.000671
1370  -0.005900  -0.033203  0.001137
1371  0.023996  -0.038825  0.002083
1372  0.010888  -0.025683  0.000778
1373  -0.021994  -0.019638  0.000869
1374  -0.070101  0.084590  0.012070
1375  -0.059325  0.025089  0.004149
1376  0.000810  -0.039195  0.001537
1377  0.076114  -0.062330  0.009678
1378  -0.018014  0.072592  0.005594
1379  0.046403  0.024445  0.002751
1380  0.050690  -0.009037  0.002651
1381  -0.021987  0.034427  0.001669
1382  0.035005  -0.000192  0.001225
1383  -0.019089  -0.040747  0.002025
1384  0.034087  0.021976  0.001645
1385  -0.010158  -0.028137  0.000895
1386  -0.014915  -0.031474  0.001213
1387  0.016862  -0.014397  0.000492
1388  0.036335  0.006779  0.001366
1389  -0.051906  0.034145  0.003860
1390  0.028122  0.027257  0.001534
1391  0.041156  0.013515  0.001876
1392  0.054220  -0.010291  0.003046
1393  0.028583  -0.063271  0.004820
1394  -0.045167  0.017230  0.002337
1395  0.021921  -0.026605  0.001188
1396  -0.054087  0.010985  0.003046
1397  0.085187  0.037881  0.008692
1398  0.030679  -0.056616  0.004147
1399  0.000582  -0.031042  0.000964
1400  -0.034508  0.071435  0.006294
1401  -0.032686  0.054403  0.004028
1402  -0.003981  0.024172  0.000600
1403  -0.023872  -0.029553  0.001443
1404  0.044832  -0.003041  0.002019
1405  0.033097  -0.005212  0.001123
1406  0.014789  -0.032007  0.001243
1407  -0.049359  -0.034874  0.003652
1408  0.007912  0.024275  0.000652
1409  0.019337  0.017789  0.000690
1410  0.025313  0.025026  0.001267
1411  -0.042105  -0.000018  0.001773
1412  0.022079  0.003993  0.000503
1413  0.007079  -0.047462  0.002303
1414  0.021070  0.035891  0.001732
1415  -0.013649  0.052523  0.002945
1416  0.074207  -0.053635  0.008383
1417  -0.017374  0.010213  0.000406
1418  0.014539  0.034217  0.001382
1419  0.013105  0.006934  0.000220
1420  0.018936  -0.032959  0.001445
1421  -0.046657  -0.055468  0.005254
1422  0.024986  -0.023581  0.001180
1423  0.038695  0.023286  0.002040
1424  0.009066  -0.051684  0.002753
1425  0.020325  -0.016791  0.000695
1426  0.042778  0.023956  0.002404
1427  -0.013566  -0.003609  0.000197
1428  -0.002245  -0.003721  0.000019
1429  -0.022204  -0.042261  0.002279
1430  -0.006490  -0.017553  0.000350
1431  0.005377  0.027454  0.000783
1432  -0.009777  0.015587  0.000339
1433  -0.019738  0.019084  0.000754
1434  0.013260  0.036656  0.001520
1435  0.012877  -0.046039  0.002285
1436  0.020784  0.001664  0.000435
1437  0.026779  -0.000640  0.000718
1438  -0.018699  -0.009310  0.000436
1439  -0.021035  -0.036205  0.001753
1440  0.015891  0.032179  0.001288
1441  -0.004370  -0.000857  0.000020
1442  -0.019155  0.003430  0.000379
1443  0.013869  -0.097528  0.009704
1444  -0.014177  -0.043300  0.002076
1445  -0.017184  -0.022737  0.000812
1446  -0.046146  0.002186  0.002134
1447  0.009867  -0.021748  0.000570
1448  0.028890  -0.017261  0.001133
1449  -0.023951  0.049821  0.003056
1450  -0.009820  -0.035379  0.001348
1451  0.033838  0.002539  0.001151
1452  0.038019  -0.001923  0.001449
1453  0.009687  -0.036050  0.001393
1454  0.003549  -0.026087  0.000693
1455  0.054538  0.010802  0.003091
1456  0.007694  -0.023444  0.000609
1457  0.046885  0.087426  0.009842
1458  0.028416  0.003698  0.000821
1459  -0.018163  -0.027543  0.001089
1460  -0.027732  -0.014954  0.000993
1461  0.028546  0.021829  0.001291
1462  0.040024  -0.021918  0.002082
1463  0.026748  -0.010705  0.000830
1464  0.011655  -0.014311  0.000341
1465  -0.008751  -0.020779  0.000508
1466  0.004851  0.024146  0.000607
1467  0.025883  -0.029762  0.001556
1468  -0.009643  -0.047746  0.002373
1469  -0.003111  -0.006804  0.000056
1470  -0.003699  0.019560  0.000396
1471  0.020041  -0.021214  0.000852
1472  -0.007068  -0.002792  0.000058
1473  0.035884  -0.001257  0.001289
1474  0.055050  0.037338  0.004425
1475  -0.019308  0.006197  0.000411
1476  0.027579  -0.035188  0.001999
1477  0.004985  -0.050672  0.002593
1478  0.009563  -0.003157  0.000101
1479  -0.031184  0.023657  0.001532
1480  0.001779  0.007329  0.000057
1481  0.003096  0.017080  0.000301
1482  0.002591  0.013615  0.000192
1483  -0.046589  -0.007974  0.002234
1484  0.012410  -0.048939  0.002549
1485  0.020603  0.011168  0.000549
1486  -0.006541  0.003132  0.000053
1487  0.050924  -0.014362  0.002800
1488  0.021529  -0.002037  0.000468
1489  0.013516  -0.003024  0.000192
1490  -0.060255  0.001113  0.003632
1491  -0.033387  0.012009  0.001259
1492  -0.001089  -0.035539  0.001264
1493  0.029394  -0.012513  0.001021
1494  0.001516  -0.000971  0.000003
1495  0.018759  0.000824  0.000353
1496  -0.016126  0.017223  0.000557
1497  -0.038670  -0.018491  0.001837
1498  -0.011559  -0.020864  0.000569
1499  0.014979  -0.036511  0.001557
1500  0.031123  -0.060029  0.004572
1501  -0.027639  -0.024134  0.001346
1502  0.044051  -0.039110  0.003470
1503  0.021069  -0.005230  0.000471
1504  -0.011993  -0.028156  0.000937
1505  -0.003053  0.024265  0.000598
1506  -0.006597  0.027692  0.000810
1507  0.027218  -0.035326  0.001989
1508  -0.013086  -0.011278  0.000298
1509  -0.003143  -0.009273  0.000096
1510  0.003907  0.001469  0.000017
1511  0.014763  -0.018256  0.000551
1512  0.040640  0.020429  0.002069
1513  0.059815  0.014060  0.003775
1514  -0.024405  -0.057277  0.003876
1515  0.025853  0.010234  0.000773
1516  -0.066654  -0.036885  0.005803
1517  0.050584  -0.054661  0.005546
1518  -0.010088  0.018837  0.000457
1519  -0.052698  0.013115  0.002949
1520  -0.017700  -0.004085  0.000330
1521  0.023615  0.021376  0.001015
1522  -0.010189  0.010325  0.000210
1523  0.007543  -0.031562  0.001053
1524  -0.057191  0.014614  0.003484
1525  0.025292  0.064188  0.004760
1526  0.006617  -0.007982  0.000107
1527  -0.005473  -0.008841  0.000108
1528  -0.051397  0.005968  0.002677
1529  -0.005086  0.010811  0.000143
1530  -0.044118  0.037503  0.003353
1531  0.043986  0.022897  0.002459
1532  -0.022643  0.043978  0.002447
1533  -0.061409  0.019570  0.004154
1534  0.029702  0.021971  0.001365
1535  0.006688  0.006571  0.000088
1536  -0.019751  0.030605  0.001327
1537  -0.015506  0.012526  0.000397
1538  0.013180  0.018533  0.000517
1539  -0.074542  -0.006134  0.005594
1540  0.001026  -0.017163  0.000296
1541  0.053985  0.007501  0.002971
1542  -0.031043  -0.005388  0.000993
1543  0.015481  -0.006357  0.000280
1544  0.010704  -0.039159  0.001648
1545  -0.007194  0.017660  0.000364
1546  -0.001717  -0.007982  0.000067
1547  -0.006162  -0.056246  0.003202
1548  0.006137  -0.020461  0.000456
1549  0.008386  0.004440  0.000090
1550  0.026575  0.048651  0.003073
1551  0.007607  -0.022330  0.000557
1552  -0.056693  0.006205  0.003253
1553  0.019228  -0.044535  0.002353
1554  -0.036345  -0.012306  0.001472
1555  0.087811  -0.008162  0.007777
1556  -0.015985  -0.020501  0.000676
1557  0.002501  -0.006665  0.000051
1558  -0.007385  0.013191  0.000229
1559  -0.029565  -0.008107  0.000940
1560  0.037572  -0.000181  0.001412
1561  -0.055991  -0.000541  0.003135
1562  -0.015044  -0.036218  0.001538
1563  0.021522  0.011306  0.000591
1564  0.011868  -0.018118  0.000469
1565  0.027966  0.045514  0.002854
1566  -0.012951  -0.008970  0.000248
1567  0.022860  -0.011706  0.000660
1568  0.041781  0.048962  0.004143
1569  -0.017371  -0.030540  0.001234
1570  -0.013741  -0.027649  0.000953
1571  0.026568  0.018056  0.001032
1572  0.008571  0.026128  0.000756
1573  0.015613  0.006990  0.000293
1574  0.024777  0.004423  0.000633
1575  0.026816  0.019906  0.001115
1576  0.019021  -0.005126  0.000388
1577  0.007418  0.005421  0.000084
1578  0.032440  0.014011  0.001249
1579  0.048811  0.023005  0.002912
1580  -0.007718  0.009078  0.000142
1581  0.027330  0.024548  0.001350
1582  0.000405  -0.035301  0.001246
1583  -0.004252  -0.020414  0.000435
1584  0.028381  -0.016131  0.001066
1585  -0.000483  -0.062473  0.003903
1586  -0.030178  0.021082  0.001355
1587  0.001749  0.012617  0.000162
1588  -0.033213  0.016438  0.001373
1589  -0.042817  0.008957  0.001914
1590  -0.000783  0.029557  0.000874
1591  0.017767  0.016924  0.000602
1592  0.038852  0.036236  0.002823
1593  -0.004328  -0.006594  0.000062
1594  0.017486  -0.022046  0.000792
1595  0.041980  -0.016935  0.002049
1596  0.033671  -0.016791  0.001416
1597  -0.000103  0.001095  0.000001
1598  0.038685  -0.038002  0.002941
1599  0.022137  -0.045252  0.002538
1600  -0.059815  -0.011201  0.003703
1601  0.007008  0.029198  0.000902
1602  -0.019528  -0.023583  0.000938
1603  0.020232  0.006087  0.000446
1604  -0.011068  -0.032080  0.001152
1605  0.010473  -0.018102  0.000437
1606  -0.038891  0.000001  0.001513
1607  0.002276  0.035663  0.001277
1608  -0.014205  0.027850  0.000977
1609  0.008299  -0.055206  0.003117
1610  0.013908  -0.008861  0.000272
1611  0.083052  0.002585  0.006904
1612  0.018777  0.045872  0.002457
1613  -0.017460  0.018423  0.000644
1614  -0.007703  0.014338  0.000265
1615  -0.004179  0.029785  0.000905
1616  0.016385  0.025439  0.000916
1617  -0.040732  -0.002463  0.001665
1618  0.023510  -0.031611  0.001552
1619  0.001418  0.010362  0.000109
1620  0.019959  0.018135  0.000727
1621  0.033139  0.011370  0.001227
1622  -0.018550  0.015695  0.000590
1623  0.051887  0.005708  0.002725
1624  -0.020829  0.026461  0.001134
1625  -0.025802  -0.000344  0.000666
1626  0.060279  0.028695  0.004457
1627  -0.014080  -0.017459  0.000503
1628  -0.037424  0.023934  0.001973
1629  -0.031003  0.042817  0.002795
1630  0.030120  -0.018390  0.001245
1631  0.015813  0.028740  0.001076
1632  0.000304  -0.029452  0.000868
1633  0.047064  0.001053  0.002216
1634  0.038012  0.019181  0.001813
1635  0.046448  -0.023199  0.002696
1636  -0.006809  0.058553  0.003475
1637  -0.036415  0.020199  0.001734
1638  0.035680  0.048862  0.003661
1639  -0.028144  0.031101  0.001759
1640  0.024424  0.022174  0.001088
1641  -0.040346  0.002224  0.001633
1642  0.009143  0.019211  0.000453
1643  0.009564  -0.037720  0.001514
1644  -0.036103  0.006980  0.001352
1645  0.011008  -0.059202  0.003626
1646  -0.012499  -0.042524  0.001965
1647  0.027685  -0.008794  0.000844
1648  -0.015083  0.027557  0.000987
1649  -0.018945  -0.054918  0.003375
1650  -0.005352  -0.005884  0.000063
1651  0.005419  0.027531  0.000787
1652  0.007546  -0.033016  0.001147
1653  -0.004762  -0.001853  0.000026
1654  -0.021149  -0.002573  0.000454
1655  -0.004317  -0.005058  0.000044
1656  0.025159  0.031361  0.001617
1657  0.043104  -0.022482  0.002363
1658  -0.019105  -0.013170  0.000538
1659  0.012756  0.023096  0.000696
1660  0.017600  -0.071034  0.005356
1661  -0.023072  -0.003215  0.000543
1662  0.012091  -0.026270  0.000836
1663  0.013806  -0.003643  0.000204
1664  -0.013844  0.006980  0.000240
1665  -0.029456  0.073456  0.006263
1666  0.049151  0.039379  0.003967
1667  -0.008880  0.009354  0.000166
1668  0.033201  -0.051356  0.003740
1669  -0.001516  -0.020528  0.000424
1670  0.034334  0.014288  0.001383
1671  -0.044246  -0.025229  0.002594
1672  0.002039  0.006670  0.000049
1673  -0.025399  -0.013467  0.000826
1674  0.010673  -0.004058  0.000130
1675  0.008746  0.030426  0.001002
1676  -0.044916  0.050387  0.004556
1677  0.000369  0.001772  0.000003
1678  -0.029914  -0.035693  0.002169
1679  0.013135  -0.032020  0.001198
1680  -0.007031  -0.004709  0.000072
1681  -0.060221  0.021999  0.004110
1682  0.033785  0.009703  0.001236
1683  -0.003859  0.001768  0.000018
1684  0.030579  0.043460  0.002824
1685  0.021484  -0.012817  0.000626
1686  0.007263  0.004997  0.000078
1687  -0.004275  0.014383  0.000225
1688  -0.040120  -0.031811  0.002622
1689  0.014654  -0.032621  0.001279
1690  -0.011413  -0.015547  0.000372
1691  0.007317  -0.014970  0.000278
1692  0.025779  -0.027149  0.001402
1693  -0.002452  0.041872  0.001759
1694  -0.006696  -0.010502  0.000155
1695  0.041844  0.030884  0.002705
1696  0.040347  0.024690  0.002237
1697  -0.011900  0.008889  0.000221
1698  -0.010392  0.040447  0.001744
1699  -0.039634  -0.043464  0.003460
1700  0.036859  0.024709  0.001969
1701  -0.019533  0.007237  0.000434
1702  -0.035632  -0.016097  0.001529
1703  -0.014955  0.012809  0.000388
1704  0.014744  -0.030374  0.001140
1705  -0.000464  -0.029601  0.000876
1706  -0.036290  0.020335  0.001730
1707  0.010966  -0.001028  0.000121
1708  0.014688  -0.043005  0.002065
1709  -0.022788  -0.007003  0.000568
1710  -0.006422  -0.030131  0.000949
1711  0.028864  0.004678  0.000855
1712  0.007404  0.000640  0.000055
1713  -0.016526  0.032143  0.001306
1714  0.016324  -0.045079  0.002299
1715  0.021520  0.000284  0.000463
1716  -0.032204  -0.070039  0.005943
1717  -0.012803  0.043978  0.002098
1718  -0.002415  0.011389  0.000136
1719  0.014909  -0.018242  0.000555
1720  0.043356  0.018819  0.002234
1721  -0.040208  -0.003790  0.001631
1722  0.021023  0.008056  0.000507
1723  -0.016591  -0.011475  0.000407
1724  -0.000255  0.035202  0.001239
1725  -0.050713  -0.035650  0.003843
1726  0.012052  -0.001374  0.000147
1727  -0.028904  -0.057492  0.004141
1728  -0.016598  0.017103  0.000568
1729  -0.030096  0.017193  0.001201
1730  -0.007362  0.033635  0.001185
1731  0.024675  -0.008096  0.000674
1732  0.012656  -0.006138  0.000198
1733  -0.012561  -0.001807  0.000161
1734  -0.056244  -0.005329  0.003192
1735  -0.004678  0.035201  0.001261
1736  -0.036136  -0.034625  0.002505
1737  0.019969  -0.030565  0.001333
1738  0.037512  0.019171  0.001775
1739  0.001974  -0.027967  0.000786
1740  0.018067  -0.003733  0.000340
1741  0.047283  0.021328  0.002691
1742  -0.004890  0.020938  0.000462
1743  -0.017761  -0.000852  0.000316
1744  0.016196  -0.004341  0.000281
1745  0.007499  0.028024  0.000842
1746  -0.015710  0.014608  0.000460
1747  0.043293  0.040491  0.003514
1748  0.015097  -0.015852  0.000479
1749  0.012179  0.003232  0.000159
1750  0.030302  0.042807  0.002751
1751  -0.027073  0.026894  0.001456
1752  -0.006036  -0.002696  0.000044
1753  0.033373  0.012201  0.001263
1754  -0.008461  -0.001439  0.000074
1755  -0.000486  0.060923  0.003712
1756  -0.010486  0.002517  0.000116
1757  -0.016962  0.017862  0.000607
1758  -0.007718  -0.028953  0.000898
1759  -0.027951  0.051646  0.003449
1760  0.036622  -0.006992  0.001390
1761  0.007161  0.011425  0.000182
1762  -0.015976  -0.023445  0.000805
1763  -0.013771  -0.025996  0.000865
1764  -0.013414  0.019998  0.000580
1765  -0.005552  0.025450  0.000679
1766  -0.012494  0.050467  0.002703
1767  0.050083  0.008433  0.002579
1768  -0.016397  0.051447  0.002916
1769  0.015586  0.009305  0.000329
1770  0.055011  0.005650  0.003058
1771  -0.017936  -0.000119  0.000322
1772  0.012539  0.057272  0.003437
1773  0.013983  -0.024562  0.000799
1774  -0.026875  -0.034546  0.001916
1775  -0.007717  0.049467  0.002507
1776  0.024057  0.065385  0.004854
1777  0.014090  0.034851  0.001413
1778  0.012421  0.011200  0.000280
1779  0.009402  0.013082  0.000260
1780  -0.000168  -0.005879  0.000035
1781  -0.002058  0.021482  0.000466
1782  0.046388  -0.023160  0.002688
1783  0.008673  0.034996  0.001300
1784  0.009535  -0.005497  0.000121
1785  -0.049436  0.009143  0.002527
1786  -0.005858  -0.004731  0.000057
1787  -0.032241  -0.028394  0.001846
1788  -0.006178  0.016735  0.000318
1789  -0.043588  0.036854  0.003258
1790  0.038783  0.023149  0.002040
1791  -0.031064  0.012809  0.001129
1792  -0.008916  0.014346  0.000285
1793  -0.061793  -0.015435  0.004057
1794  0.007777  0.010744  0.000176
1795  -0.026267  0.029985  0.001589
1796  0.011696  0.018410  0.000476
1797  0.013078  -0.033911  0.001321
1798  0.019611  -0.033094  0.001480
1799  -0.011067  -0.024281  0.000712
1800  0.005583  -0.009783  0.000127
1801  0.021995  -0.000559  0.000484
1802  -0.014135  -0.026751  0.000915
1803  0.012693  -0.045350  0.002218
1804  -0.010307  -0.006621  0.000150
1805  -0.011802  -0.000817  0.000140
1806  -0.011858  0.042722  0.001966
1807  -0.022141  -0.011358  0.000619
1808  -0.022831  -0.006677  0.000566
1809  -0.038329  0.004304  0.001488
1810  0.038425  0.000111  0.001477
1811  0.002248  -0.012591  0.000164
1812  0.000136  0.011658  0.000136
1813  0.015138  -0.045413  0.002292
1814  0.027498  0.045676  0.002842
1815  0.027569  -0.030370  0.001682
1816  0.014067  -0.022295  0.000695
1817  -0.005474  0.043950  0.001962
1818  0.040504  0.004448  0.001660
1819  -0.003067  0.017826  0.000327
1820  0.020322  -0.010829  0.000530
1821  0.012253  0.017722  0.000464
1822  -0.026416  -0.026464  0.001398
1823  0.042162  -0.042216  0.003560
1824  -0.045030  -0.052406  0.004774
1825  -0.019226  -0.026552  0.001075
1826  -0.012606  -0.040346  0.001787
1827  0.038860  -0.004026  0.001526
1828  0.007967  -0.030902  0.001018
1829  -0.016373  -0.013147  0.000441
1830  0.010711  0.017924  0.000436
1831  0.032799  0.013027  0.001245
1832  0.007045  -0.017778  0.000366
1833  0.021737  -0.008593  0.000546
1834  0.021045  0.004849  0.000466
1835  -0.027773  -0.002347  0.000777
1836  0.009536  -0.007463  0.000147
1837  -0.020802  -0.047408  0.002680
1838  -0.010880  0.006296  0.000158
1839  -0.009918  0.030313  0.001017
1840  -0.030871  -0.012605  0.001112
1841  0.036660  0.018296  0.001679
1842  0.003758  -0.024407  0.000610
1843  0.044833  -0.021341  0.002465
1844  -0.009117  -0.018267  0.000417
1845  0.004428  -0.029697  0.000902
1846  -0.023159  -0.040406  0.002169
1847  -0.044313  -0.019798  0.002356
1848  0.042337  -0.010953  0.001912
1849  -0.014950  0.011092  0.000347
1850  0.003323  -0.026680  0.000723
1851  -0.000634  -0.020532  0.000422
1852  -0.024969  -0.006377  0.000664
1853  -0.046549  -0.026526  0.002870
1854  -0.078500  -0.010344  0.006269
1855  -0.045367  -0.053427  0.004913
1856  0.014906  -0.000608  0.000223
1857  -0.000754  0.022221  0.000494
1858  0.028860  0.028213  0.001629
1859  0.026866  -0.042744  0.002549
1860  0.017754  0.031017  0.001277
1861  -0.017986  -0.056660  0.003534
1862  0.039588  -0.001576  0.001570
1863  -0.005752  -0.038853  0.001543
1864  -0.001418  -0.007972  0.000066
1865  0.012140  0.015288  0.000381
1866  0.022780  -0.016586  0.000794
1867  0.028010  -0.012628  0.000944
1868  0.025629  0.018376  0.000995
1869  -0.003117  0.016902  0.000295
1870  0.052098  -0.001455  0.002716
1871  -0.000017  -0.008747  0.000077
1872  0.030045  0.003996  0.000919
1873  -0.029447  -0.021666  0.001337
1874  0.002297  -0.040979  0.001685
1875  -0.009114  -0.037215  0.001468
1876  0.028501  -0.030233  0.001726
1877  0.009822  -0.009267  0.000182
1878  0.000918  0.004399  0.000020
1879  -0.010407  0.012934  0.000276
1880  -0.028273  0.022459  0.001304
1881  -0.029278  -0.025395  0.001502
1882  0.045312  -0.027716  0.002821
1883  0.005114  -0.037905  0.001463
1884  0.025106  -0.019621  0.001015
1885  0.002147  0.040544  0.001648
1886  -0.025894  -0.028125  0.001462
1887  0.011370  -0.019117  0.000495
1888  -0.011658  0.003670  0.000149
1889  -0.054248  0.042184  0.004722
1890  -0.039398  0.021006  0.001993
1891  0.014258  0.010463  0.000313
1892  0.009094  0.000790  0.000083
1893  0.037411  -0.000383  0.001400
1894  -0.016852  0.018374  0.000622
1895  0.021592  -0.026171  0.001151
1896  0.056821  -0.007457  0.003284
1897  -0.023583  0.016518  0.000829
1898  0.058945  -0.040819  0.005141
1899  0.016595  -0.024216  0.000862
1900  0.008231  -0.047990  0.002371
1901  0.003117  -0.039950  0.001606
1902  0.031000  0.022979  0.001489
1903  -0.002874  -0.024280  0.000598
1904  -0.021288  0.004773  0.000476
1905  0.018140  -0.023273  0.000871
1906  0.008859  0.025566  0.000732
1907  0.007561  -0.044196  0.002010
1908  -0.018262  0.041135  0.002026
1909  -0.024846  -0.041644  0.002352
1910  0.005278  -0.002929  0.000036
1911  -0.041025  0.008510  0.001755
1912  -0.007674  -0.032076  0.001088
1913  -0.000727  -0.069043  0.004767
1914  -0.000389  0.002292  0.000005
1915  -0.011284  -0.022918  0.000653
1916  0.062706  -0.018185  0.004263
1917  -0.014281  -0.024082  0.000784
1918  -0.053776  -0.007924  0.002955
1919  0.047094  0.015243  0.002450
1920  -0.006942  0.016850  0.000332
1921  0.034460  -0.001912  0.001191
1922  -0.001043  -0.012375  0.000154
1923  0.008357  0.010935  0.000189
1924  -0.000987  -0.041260  0.001703
1925  0.026923  -0.010561  0.000836
1926  0.003014  0.009146  0.000093
1927  -0.003719  0.013559  0.000198
1928  0.028705  -0.007376  0.000878
1929  -0.026909  -0.029107  0.001571
1930  0.035878  -0.071388  0.006384
1931  0.032224  -0.033837  0.002183
1932  0.023243  0.017038  0.000831
1933  0.000027  0.037736  0.001424
1934  0.025087  0.012157  0.000777
1935  -0.013953  0.049141  0.002609
1936  -0.028138  -0.006343  0.000832
1937  0.023327  -0.051178  0.003163
1938  -0.003171  -0.002468  0.000016
1939  -0.016344  -0.032168  0.001302
1940  -0.048115  0.011349  0.002444
1941  -0.004409  0.019620  0.000404
1942  0.029221  -0.043844  0.002776
1943  0.001875  -0.021253  0.000455
1944  0.058534  0.004337  0.003445
1945  -0.034809  0.001869  0.001215
1946  0.016160  -0.002065  0.000265
1947  0.013806  0.027443  0.000944
1948  0.001367  0.005502  0.000032
1949  0.019117  -0.059363  0.003889
1950  -0.063023  0.057672  0.007298
1951  -0.045600  -0.000575  0.002080
1952  0.018644  -0.019191  0.000716
1953  -0.031366  0.009331  0.001071
1954  -0.001887  0.010417  0.000112
1955  -0.012438  -0.028549  0.000970
1956  0.039076  0.065477  0.005814
1957  0.042624  -0.009204  0.001902
1958  -0.051066  0.055194  0.005654
1959  -0.086271  0.045922  0.009551
1960  -0.022425  -0.039549  0.002067
1961  0.019623  0.090582  0.008590
1962  0.040797  0.037438  0.003066
1963  -0.027775  0.007451  0.000827
1964  0.008450  -0.059212  0.003577
1965  -0.024548  0.007501  0.000659
1966  0.013141  -0.027952  0.000954
1967  0.040469  -0.004034  0.001654
1968  0.053988  -0.043539  0.004810
1969  0.015951  -0.033831  0.001399
1970  0.037073  0.014085  0.001573
1971  -0.026779  -0.024571  0.001321
1972  -0.030193  0.017168  0.001206
1973  -0.004936  0.056342  0.003199
1974  -0.000125  -0.066978  0.004486
1975  -0.000187  -0.029359  0.000862
1976  -0.041107  0.013349  0.001868
1977  -0.034249  0.012170  0.001321
1978  0.003090  -0.018093  0.000337
1979  0.034205  0.014837  0.001390
1980  0.012641  -0.001413  0.000162
1981  -0.017290  -0.011237  0.000425
1982  0.010240  0.010370  0.000212
1983  0.026948  -0.010294  0.000832
1984  -0.004880  0.050181  0.002542
1985  0.054692  -0.039810  0.004576
1986  0.015381  -0.014602  0.000450
1987  -0.032649  0.010419  0.001174
1988  0.031699  0.002325  0.001010
1989  -0.007589  -0.019768  0.000448
1990  0.015728  0.000548  0.000248
1991  -0.022283  0.003114  0.000506
1992  0.011190  -0.030466  0.001053
1993  0.017709  0.043456  0.002202
1994  -0.000124  -0.036438  0.001328
1995  0.036712  -0.028998  0.002189
1996  -0.033468  0.002039  0.001124
1997  -0.019693  -0.017193  0.000683
1998  0.014922  0.046095  0.002347
1999  -0.013659  0.021736  0.000659
2000  -0.000722  -0.035938  0.001292
2001  -0.044462  -0.028301  0.002778
2002  -0.018585  -0.038364  0.001817
2003  -0.010443  -0.009730  0.000204
2004  0.037043  -0.016419  0.001642
2005  0.005955  -0.002916  0.000044
2006  -0.044248  0.012825  0.002122
2007  0.011022  -0.010673  0.000235
2008  -0.016712  0.030725  0.001223
2009  0.006424  -0.002541  0.000048
2010  -0.013099  0.033824  0.001316
2011  -0.021726  0.040393  0.002104
2012  0.031168  0.020882  0.001408
2013  -0.024584  -0.042606  0.002420
2014  -0.017051  0.028289  0.001091
2015  -0.002007  0.007768  0.000064
2016  -0.014994  0.019185  0.000593
2017  0.043586  -0.017158  0.002194
2018  -0.025324  0.034237  0.001813
2019  -0.008827  -0.032036  0.001104
2020  -0.008155  -0.011478  0.000198
2021  -0.039028  0.052737  0.004304
2022  0.038453  -0.054239  0.004420
2023  0.049613  -0.020675  0.002889
2024  -0.039511  -0.018841  0.001916
2025  -0.021233  -0.000858  0.000452
2026  0.021309  -0.010141  0.000557
2027  0.009118  -0.024108  0.000664
2028  -0.029225  0.033561  0.001980
2029  0.040438  -0.011123  0.001759
2030  -0.050472  -0.029531  0.003419
2031  -0.046006  -0.015463  0.002356
2032  -0.036410  -0.006592  0.001369
2033  -0.013000  -0.061934  0.004005
2034  0.016793  0.001084  0.000283
2035  0.008537  0.021971  0.000556
2036  -0.027945  -0.016137  0.001041
2037  -0.019430  -0.057440  0.003677
2038  0.043239  -0.011394  0.001999
2039  -0.043375  -0.040544  0.003525
2040  -0.037394  -0.014950  0.001622
2041  -0.018321  -0.028644  0.001156
2042  0.015958  -0.053365  0.003102
2043  0.001586  0.038735  0.001503
2044  -0.002419  -0.030951  0.000964
2045  0.015048  0.006235  0.000265
2046  0.005546  -0.016379  0.000299
2047  -0.020903  -0.029029  0.001280
