0  -0.012921  0.337934  0.114367
1  -0.059363  -0.009079  0.003606
2  -0.022537  0.278187  0.077896
3  -0.208464  -0.025944  0.044130
4  -0.233196  0.210187  0.098559
5  -0.190690  0.138705  0.055602
6  0.284383  0.269381  0.153440
7  0.072758  0.019468  0.005673
8  0.292006  -0.386047  0.234300
9  0.052719  0.247520  0.064045
10  0.180674  0.136812  0.051361
11  0.505179  -0.121375  0.269938
12  -0.374515  -0.366511  0.274592
13  -0.146891  0.240438  0.079387
14  -0.409864  -0.106880  0.179412
15  -0.142035  0.134833  0.038354
16  0.166425  0.075669  0.033423
17  -0.082793  0.022663  0.007368
18  0.304320  0.137136  0.111417
19  0.144592  -0.017855  0.021226
20  -0.035383  -0.048586  0.003613
21  0.298213  0.069981  0.093828
22  -0.125693  -0.278355  0.093280
23  -0.168489  0.117256  0.042138
24  0.135475  -0.137690  0.037312
25  0.306289  -0.279332  0.171839
26  0.050244  0.080593  0.009020
27  0.089325  -0.049907  0.010470
28  0.073452  -0.003044  0.005404
29  0.049549  -0.117149  0.016179
30  -0.130433  -0.079593  0.023348
31  -0.005244  -0.191470  0.036688
32  0.060839  -0.047767  0.005983
33  -0.212735  -0.183704  0.079003
34  -0.280701  -0.245841  0.139231
35  -0.005404  -0.146822  0.021586
36  -0.254476  -0.029958  0.065656
37  -0.095791  0.096586  0.018505
38  -0.180024  0.134927  0.050614
39  0.126668  -0.106994  0.027493
40  -0.246947  -0.137652  0.079931
41  -0.200206  -0.159599  0.065555
42  -0.118216  0.246481  0.074728
43  -0.236563  0.173815  0.086174
44  0.256485  0.330942  0.175307
45  -0.185941  -0.125461  0.050314
46  -0.003051  0.126537  0.016021
47  0.115313  0.094784  0.022281
48  -0.184712  -0.098743  0.043869
49  -0.239518  0.160558  0.083148
50  0.135904  0.097721  0.028019
51  0.013005  -0.151365  0.023081
52  -0.180370  -0.190523  0.068832
53  -0.100143  0.196414  0.048607
54  0.041720  -0.180280  0.034242
55  0.178617  0.187272  0.066975
56  0.241791  -0.003360  0.058474
57  -0.029735  -0.081845  0.007583
58  -0.003761  -0.109876  0.012087
59  0.379869  0.030208  0.145213
60  -0.290825  0.027981  0.085362
61  -0.022075  -0.246350  0.061176
62  -0.082338  -0.036422  0.008106
63  -0.045400  0.041863  0.003814
64  0.103847  -0.154555  0.034671
65  -0.041978  -0.001653  0.001765
66  0.004823  0.044395  0.001994
67  -0.104732  -0.168481  0.039355
68  -0.076054  0.047223  0.008014
69  -0.029464  -0.081893  0.007575
70  -0.193536  0.092550  0.046022
71  -0.046950  0.185587  0.036647
72  0.065586  0.077420  0.010295
73  0.131694  -0.000004  0.017343
74  -0.094206  0.012049  0.009020
75  -0.092915  -0.103122  0.019267
76  -0.164764  0.000667  0.027148
77  -0.173355  0.037404  0.031451
78  0.056952  -0.187545  0.038417
79  0.047800  0.103189  0.012933
80  -0.039354  0.068531  0.006245
81  -0.069892  0.022177  0.005377
82  -0.007854  -0.022403  0.000564
83  -0.030266  0.090821  0.009165
84  0.009879  -0.031893  0.001115
85  -0.004926  0.113793  0.012973
86  0.101382  -0.093138  0.018953
87  -0.110140  -0.026597  0.012838
88  -0.151980  0.024809  0.023713
89  -0.123506  -0.005157  0.015280
90  0.000470  0.187704  0.035233
91  0.002781  -0.129874  0.016875
92  0.034342  -0.019124  0.001545
93  -0.134999  -0.047529  0.020484
94  -0.091787  0.079473  0.014741
95  0.122302  0.002278  0.014963
96  -0.180944  -0.085061  0.039976
97  -0.007808  0.130647  0.017130
98  -0.008781  0.034649  0.001278
99  0.050260  0.052293  0.005261
100  -0.098752  -0.020219  0.010161
101  0.006605  0.085853  0.007414
102  0.089426  0.094924  0.017008
103  0.043418  -0.026490  0.002587
104  0.090343  0.022162  0.008653
105  0.042760  0.049252  0.004254
106  -0.012319  -0.085279  0.007424
107  0.058851  -0.115311  0.016760
108  -0.140488  0.008425  0.019808
109  -0.116105  -0.054959  0.016501
110  0.077331  0.024552  0.006583
111  -0.117312  -0.087448  0.021409
112  0.023447  -0.100562  0.010662
113  -0.044541  0.047697  0.004259
114  0.050764  -0.005506  0.002607
115  -0.079947  -0.043587  0.008291
116  -0.005691  0.028609  0.000851
117  -0.148948  -0.002689  0.022193
118  -0.029165  0.081605  0.007510
119  0.050325  -0.034406  0.003716
120  -0.131648  -0.017293  0.017630
121  0.059169  0.231480  0.057084
122  0.001475  0.001859  0.000006
123  0.001193  0.059662  0.003561
124  -0.046860  -0.065495  0.006485
125  0.051917  -0.017791  0.003012
126  0.068625  0.001895  0.004713
127  0.015888  0.079252  0.006533
128  -0.050090  -0.114727  0.015671
129  -0.048935  -0.059798  0.005970
130  -0.159324  -0.087720  0.033079
131  -0.073520  0.027057  0.006137
132  -0.077513  -0.111079  0.018347
133  0.023831  0.058563  0.003998
134  0.070574  0.059615  0.008535
135  0.020484  -0.034637  0.001619
136  0.070933  -0.014800  0.005251
137  -0.024106  -0.118885  0.014715
138  -0.133193  0.035173  0.018978
139  0.014140  0.130438  0.017214
140  0.012434  0.019527  0.000536
141  -0.041634  0.084301  0.008840
142  0.020953  -0.028100  0.001229
143  -0.025998  -0.024769  0.001289
144  0.030814  -0.066516  0.005374
145  -0.033215  -0.122071  0.016005
146  0.067155  -0.056504  0.007702
147  -0.118919  0.000581  0.014142
148  -0.045210  0.000636  0.002044
149  0.029633  0.062051  0.004728
150  -0.035267  -0.049118  0.003656
151  0.147095  -0.003150  0.021647
152  -0.003569  0.023410  0.000561
153  -0.013118  -0.020344  0.000586
154  -0.048837  0.113765  0.015327
155  -0.053479  -0.016306  0.003126
156  -0.001868  0.003022  0.000013
157  0.018121  -0.034414  0.001513
158  -0.063704  0.090867  0.012315
159  0.035536  -0.122182  0.016191
160  -0.105136  -0.024555  0.011657
161  0.099454  0.049641  0.012355
162  -0.003650  0.038083  0.001464
163  0.047171  -0.044418  0.004198
164  0.037661  -0.076530  0.007275
165  -0.089754  -0.018222  0.008388
166  0.051764  0.071333  0.007768
167  0.127752  -0.094687  0.025286
168  -0.037226  -0.046542  0.003552
169  0.020452  -0.001843  0.000422
170  0.015171  -0.066210  0.004614
171  0.011336  0.072725  0.005417
172  0.036348  -0.087789  0.009028
173  0.008127  -0.017540  0.000374
174  0.016250  -0.022950  0.000791
175  0.007009  0.027083  0.000783
176  -0.067940  -0.088084  0.012375
177  0.004644  -0.034684  0.001225
178  -0.010138  -0.019738  0.000492
179  0.042662  -0.029257  0.002676
180  0.027937  -0.061419  0.004553
181  0.012208  -0.054775  0.003149
182  -0.006969  -0.023610  0.000606
183  -0.029013  -0.010007  0.000942
184  -0.071071  -0.032589  0.006113
185  -0.011284  0.077869  0.006191
186  0.010051  -0.071551  0.005221
187  -0.033631  0.030828  0.002081
188  -0.008292  -0.063932  0.004156
189  0.007085  0.043064  0.001905
190  -0.058407  -0.008164  0.003478
191  -0.067899  0.018597  0.004956
192  0.005814  -0.008977  0.000114
193  -0.098010  -0.018767  0.009958
194  -0.069463  0.023022  0.005355
195  -0.020744  -0.020285  0.000842
196  0.025515  -0.012714  0.000813
197  -0.026860  0.012061  0.000867
198  -0.009982  -0.011938  0.000242
199  -0.019273  0.012086  0.000518
200  -0.031710  0.031595  0.002004
201  -0.138571  0.010335  0.019309
202  0.015243  -0.068479  0.004922
203  -0.011495  -0.002635  0.000139
204  0.047845  0.107487  0.013843
205  -0.011405  -0.049797  0.002610
206  -0.003781  -0.021159  0.000462
207  -0.024142  -0.052082  0.003295
208  -0.031419  0.046593  0.003158
209  0.105876  -0.012932  0.011377
210  -0.030714  0.048365  0.003283
211  -0.024874  0.005473  0.000649
212  -0.047201  0.058842  0.005690
213  -0.110104  -0.011675  0.012259
214  0.001899  0.063024  0.003976
215  -0.016609  0.051188  0.002896
216  -0.003189  0.009759  0.000105
217  0.016954  0.051809  0.002972
218  -0.032512  -0.037496  0.002463
219  -0.043226  0.047830  0.004156
220  0.035616  0.002350  0.001274
221  0.024169  -0.027031  0.001315
222  0.004979  0.000547  0.000025
223  0.029761  0.058787  0.004342
224  0.051712  -0.042821  0.004508
225  -0.104294  0.010639  0.010990
226  -0.024396  -0.025670  0.001254
227  -0.013233  0.024477  0.000774
228  -0.026218  0.025242  0.001325
229  -0.041165  -0.000984  0.001696
230  0.024914  0.034818  0.001833
231  -0.027713  0.040560  0.002413
232  -0.009335  0.046222  0.002224
233  -0.053343  0.045738  0.004937
234  -0.026954  0.041020  0.002409
235  0.049629  -0.055412  0.005533
236  -0.047050  0.016124  0.002474
237  0.010144  0.047359  0.002346
238  0.026707  0.024619  0.001319
239  -0.027583  0.045816  0.002860
240  -0.079154  -0.009494  0.006356
241  -0.042282  -0.011006  0.001909
242  -0.022700  -0.038151  0.001971
243  -0.028654  0.074860  0.006425
244  0.020688  -0.011722  0.000565
245  -0.035344  0.028057  0.002036
246  0.000154  -0.046273  0.002141
247  -0.014916  0.067194  0.004738
248  0.064936  0.015454  0.004456
249  0.019656  0.053364  0.003234
250  0.048114  -0.007747  0.002375
251  0.001447  0.015132  0.000231
252  -0.000781  0.016422  0.000270
253  0.037467  0.018119  0.001732
254  -0.010839  0.024236  0.000705
255  -0.065290  0.002716  0.004270
256  -0.017264  -0.019529  0.000679
257  0.000433  -0.000255  0.000000
258  -0.060209  0.027720  0.004394
259  0.022353  0.014859  0.000720
260  0.011525  0.019760  0.000523
261  -0.009524  -0.042691  0.001913
262  0.040796  0.015168  0.001894
263  -0.025774  0.032859  0.001744
264  -0.072051  0.030761  0.006138
265  -0.062631  0.062266  0.007800
266  -0.006285  0.014096  0.000238
267  -0.039118  -0.010360  0.001638
268  -0.019662  -0.019047  0.000749
269  -0.009260  -0.081545  0.006735
270  -0.006586  0.009677  0.000137
271  -0.069914  -0.002214  0.004893
272  0.017045  0.012691  0.000452
273  -0.003625  0.021533  0.000477
274  -0.024844  0.006200  0.000656
275  -0.038089  -0.023465  0.002001
276  0.005348  0.010757  0.000144
277  0.002059  0.025190  0.000639
278  -0.044618  0.016370  0.002259
279  -0.017650  -0.033882  0.001459
280  0.047427  -0.006888  0.002297
281  0.012400  0.031615  0.001153
282  -0.047304  -0.030665  0.003178
283  -0.043748  -0.020123  0.002319
284  -0.023912  0.035547  0.001835
285  -0.024539  -0.001649  0.000605
286  -0.007479  -0.068493  0.004747
287  0.003926  0.021816  0.000491
288  0.041422  -0.022097  0.002204
289  0.005593  0.012432  0.000186
290  -0.078058  0.032834  0.007171
291  -0.036846  0.036719  0.002706
292  0.009857  -0.049836  0.002581
293  -0.062176  0.034819  0.005078
294  0.042866  0.001401  0.001839
295  -0.047133  0.032758  0.003295
296  0.070477  -0.017820  0.005285
297  -0.035528  0.009287  0.001348
298  -0.022228  -0.002705  0.000501
299  -0.004655  -0.016564  0.000296
300  -0.039297  0.013227  0.001719
301  0.007973  -0.003733  0.000078
302  -0.052772  0.008062  0.002850
303  -0.019318  -0.028143  0.001165
304  0.023610  0.071436  0.005661
305  0.018514  -0.005535  0.000373
306  -0.041026  0.005908  0.001718
307  -0.007038  0.001820  0.000053
308  0.035770  -0.023946  0.001853
309  -0.013112  -0.019294  0.000544
310  0.023360  -0.015609  0.000789
311  -0.047736  0.005458  0.002309
312  -0.055724  0.006472  0.003147
313  -0.015605  -0.004526  0.000264
314  -0.043767  0.027320  0.002662
315  -0.010447  0.002965  0.000118
316  -0.051229  0.005385  0.002653
317  -0.019511  -0.001728  0.000384
318  0.008978  0.023655  0.000640
319  -0.040355  0.001198  0.001630
320  0.002201  -0.012310  0.000156
321  -0.005160  0.022879  0.000550
322  -0.026417  0.003615  0.000711
323  -0.034214  0.014203  0.001372
324  0.002441  0.038867  0.001517
325  0.001586  -0.053821  0.002899
326  -0.009815  -0.012608  0.000255
327  -0.010448  -0.007287  0.000162
328  -0.041312  -0.004493  0.001727
329  0.016010  0.007173  0.000308
330  -0.013319  -0.012776  0.000341
331  -0.005555  0.022777  0.000550
332  -0.048048  -0.002896  0.002317
333  -0.005645  0.003958  0.000048
334  -0.015561  -0.022348  0.000742
335  0.030093  -0.002660  0.000913
336  -0.026323  0.018698  0.001043
337  -0.005821  -0.055094  0.003069
338  -0.011091  0.008897  0.000202
339  -0.003005  0.011172  0.000134
340  -0.007983  0.016794  0.000346
341  0.042496  -0.040408  0.003439
342  0.011718  0.030733  0.001082
343  -0.011179  -0.035460  0.001382
344  -0.026006  -0.018814  0.001030
345  -0.021374  -0.020251  0.000867
346  0.001743  0.000309  0.000003
347  -0.046318  0.008253  0.002213
348  -0.033836  0.033002  0.002234
349  -0.020766  0.009075  0.000514
350  0.013391  0.013143  0.000352
351  -0.026259  0.036929  0.002053
352  0.023095  0.002718  0.000541
353  -0.028969  0.031335  0.001821
354  0.015921  0.006037  0.000290
355  -0.024482  -0.008076  0.000665
356  0.006941  0.005464  0.000078
357  0.002603  -0.035274  0.001251
358  0.018500  0.018003  0.000666
359  -0.051872  0.002484  0.002697
360  -0.046156  -0.009891  0.002228
361  -0.027016  0.015001  0.000955
362  -0.016098  -0.028502  0.001072
363  0.011108  -0.013848  0.000315
364  0.007769  -0.013425  0.000241
365  0.003758  0.019974  0.000413
366  -0.014439  0.003014  0.000218
367  0.012644  0.003894  0.000175
368  0.006348  -0.003642  0.000054
369  -0.006238  0.020268  0.000450
370  -0.025897  -0.008999  0.000752
371  0.024547  -0.015499  0.000843
372  0.016358  -0.018120  0.000596
373  0.008116  -0.015425  0.000304
374  0.032399  0.002883  0.001058
375  -0.052820  -0.012526  0.002947
376  0.021467  -0.029825  0.001350
377  0.021651  0.052380  0.003212
378  0.025760  -0.041093  0.002352
379  -0.007780  -0.008393  0.000131
380  -0.022470  0.005746  0.000538
381  0.021472  0.059689  0.004024
382  0.008513  0.019486  0.000452
383  -0.000106  0.040822  0.001666
384  -0.020821  0.045598  0.002513
385  0.046456  0.013392  0.002338
386  0.003476  -0.033967  0.001166
387  -0.050511  0.014800  0.002770
388  0.023883  0.024230  0.001157
389  0.002188  0.021508  0.000467
390  0.009790  -0.030729  0.001040
391  -0.027005  -0.036143  0.002036
392  -0.033437  0.016215  0.001381
393  -0.012642  0.013271  0.000336
394  -0.020003  0.009823  0.000497
395  -0.044874  -0.037340  0.003408
396  0.011393  -0.034058  0.001290
397  0.004694  -0.031125  0.000991
398  0.006188  -0.008774  0.000115
399  -0.014436  -0.021431  0.000668
400  0.004248  -0.018285  0.000352
401  -0.049881  0.030923  0.003444
402  0.017001  0.054040  0.003209
403  -0.005069  -0.020899  0.000462
404  -0.001784  -0.009017  0.000084
405  0.036549  0.002328  0.001341
406  0.028537  0.021545  0.001279
407  -0.055734  0.041279  0.004810
408  0.000852  -0.013961  0.000196
409  -0.030801  -0.004397  0.000968
410  0.034763  0.023556  0.001763
411  0.007705  -0.022756  0.000577
412  -0.009173  0.024377  0.000678
413  -0.078637  0.010918  0.006303
414  0.014855  0.016455  0.000491
415  -0.016793  -0.012123  0.000429
416  -0.003758  0.033367  0.001128
417  -0.055247  0.004747  0.003075
418  0.012897  -0.021973  0.000649
419  -0.027421  -0.035154  0.001988
420  -0.007839  0.021006  0.000503
421  0.051072  0.039222  0.004147
422  -0.006686  -0.027511  0.000802
423  -0.044405  0.030299  0.002890
424  0.009495  -0.018664  0.000439
425  0.038044  -0.000175  0.001447
426  -0.028393  0.024362  0.001400
427  -0.011979  0.003768  0.000158
428  -0.021173  -0.043802  0.002367
429  0.005467  -0.009894  0.000128
430  0.000969  0.023207  0.000539
431  -0.095668  0.016194  0.009415
432  -0.036853  0.014257  0.001561
433  -0.047492  0.027117  0.002991
434  -0.018896  0.036537  0.001692
435  -0.009507  0.011069  0.000213
436  -0.003452  0.008596  0.000086
437  -0.033339  -0.013556  0.001295
438  -0.000323  -0.028013  0.000785
439  -0.043288  -0.027369  0.002623
440  -0.012137  -0.022987  0.000676
441  0.016303  0.006431  0.000307
442  0.032097  -0.012303  0.001182
443  -0.002658  0.000147  0.000007
444  -0.011798  0.005137  0.000166
445  -0.036687  0.019949  0.001744
446  -0.064652  -0.039172  0.005714
447  0.021354  0.005007  0.000481
448  -0.010329  0.012684  0.000268
449  -0.042088  -0.009904  0.001870
450  -0.005895  0.003031  0.000044
451  0.065517  0.010324  0.004399
452  0.010749  0.011616  0.000250
453  0.076334  -0.014213  0.006029
454  -0.024210  0.036909  0.001948
455  -0.013519  0.013410  0.000363
456  0.005518  0.024747  0.000643
457  -0.023883  -0.040131  0.002181
458  0.015507  -0.040169  0.001854
459  -0.044746  0.002746  0.002010
460  -0.055644  0.018144  0.003425
461  -0.041483  0.042512  0.003528
462  -0.046756  -0.001394  0.002188
463  -0.007563  0.056013  0.003195
464  0.005521  -0.017176  0.000325
465  -0.008289  -0.015918  0.000322
466  0.009814  -0.001489  0.000099
467  0.011396  -0.014254  0.000333
468  0.036734  0.025057  0.001977
469  0.016514  -0.007049  0.000322
470  -0.024404  0.018555  0.000940
471  -0.007498  -0.000596  0.000057
472  -0.029223  0.023518  0.001407
473  0.031599  0.000257  0.000999
474  -0.053487  0.033655  0.003994
475  0.012406  -0.008643  0.000229
476  -0.020400  0.012739  0.000578
477  -0.008319  -0.033159  0.001169
478  -0.040603  -0.035743  0.002926
479  -0.001941  -0.006271  0.000043
480  -0.023046  0.005167  0.000558
481  0.000444  0.020794  0.000433
482  0.013934  0.033304  0.001303
483  0.003258  -0.030780  0.000958
484  0.016442  0.068298  0.004935
485  0.001153  -0.021722  0.000473
486  0.005838  0.010878  0.000152
487  0.011176  -0.008192  0.000192
488  0.044985  0.013088  0.002195
489  0.004419  0.013883  0.000212
490  -0.010941  -0.033346  0.001232
491  -0.027470  0.007308  0.000808
492  -0.039884  -0.008138  0.001657
493  0.005659  0.001621  0.000035
494  -0.039407  0.026628  0.002262
495  0.018001  0.011167  0.000449
496  -0.029196  -0.032789  0.001928
497  -0.016205  -0.032623  0.001327
498  -0.029422  -0.020019  0.001266
499  0.013134  0.033830  0.001317
500  -0.032549  -0.024777  0.001673
501  0.024560  0.006939  0.000651
502  -0.019172  0.027388  0.001118
503  -0.023360  0.006156  0.000584
504  0.042655  -0.019089  0.002184
505  0.001280  -0.033917  0.001152
506  -0.009796  0.007519  0.000152
507  -0.038515  0.019821  0.001876
508  0.003084  -0.013118  0.000182
509  -0.045004  0.052375  0.004768
510  -0.032867  0.016550  0.001354
511  0.011676  0.038984  0.001656
512  0.022730  0.026757  0.001233
513  -0.030085  0.023297  0.001448
514  -0.035786  0.020722  0.001710
515  -0.045381  -0.022838  0.002581
516  0.027404  0.007182  0.000803
517  -0.025644  -0.015899  0.000910
518  0.001967  0.016029  0.000261
519  0.008180  0.019126  0.000433
520  -0.046884  -0.019974  0.002597
521  0.017683  -0.044919  0.002330
522  -0.037065  0.001046  0.001375
523  -0.013066  -0.056697  0.003385
524  -0.009411  -0.040485  0.001728
525  0.026337  -0.016734  0.000974
526  -0.021491  0.000049  0.000462
527  -0.011083  -0.014519  0.000334
528  -0.042195  0.010795  0.001897
529  -0.052926  -0.006219  0.002840
530  -0.017091  -0.001994  0.000296
531  0.015953  -0.017378  0.000556
532  -0.016470  0.003351  0.000282
533  -0.014952  0.034202  0.001393
534  -0.003504  -0.018514  0.000355
535  0.013514  0.016771  0.000464
536  0.004483  -0.017975  0.000343
537  0.004515  0.002086  0.000025
538  -0.047729  0.024475  0.002877
539  0.013693  0.008519  0.000260
540  -0.009927  -0.004133  0.000116
541  -0.015459  0.003653  0.000252
542  -0.032599  0.024058  0.001641
543  -0.000697  -0.005501  0.000031
544  0.026511  -0.011668  0.000839
545  0.003627  -0.034405  0.001197
546  -0.011084  -0.000517  0.000123
547  0.004829  -0.010716  0.000138
548  0.002481  0.040817  0.001672
549  -0.035033  0.071302  0.006311
550  0.018795  -0.007722  0.000413
551  -0.007087  0.010735  0.000165
552  -0.019648  0.003183  0.000396
553  0.005209  0.028430  0.000835
554  -0.016692  0.010679  0.000393
555  -0.031175  0.003734  0.000986
556  0.006698  0.029049  0.000889
557  0.014517  0.041009  0.001892
558  0.014377  -0.015113  0.000435
559  0.015043  0.025978  0.000901
560  -0.042152  -0.018024  0.002102
561  0.006581  0.001837  0.000047
562  0.019182  -0.001907  0.000372
563  0.007193  0.015963  0.000307
564  0.015301  0.042350  0.002028
565  -0.010129  0.000903  0.000103
566  -0.002210  0.030232  0.000919
567  -0.009811  -0.018578  0.000441
568  -0.003468  0.018216  0.000344
569  0.031830  -0.001692  0.001016
570  -0.002718  0.038644  0.001501
571  -0.005162  -0.043873  0.001951
572  0.001749  0.020938  0.000441
573  0.012530  -0.015171  0.000387
574  0.015201  0.024091  0.000811
575  -0.021660  0.028143  0.001261
576  -0.029885  -0.004391  0.000912
577  -0.038951  0.029335  0.002378
578  0.022059  -0.015247  0.000719
579  -0.011841  0.015357  0.000376
580  0.014230  -0.006665  0.000247
581  0.002682  0.008791  0.000084
582  -0.061666  -0.028134  0.004594
583  -0.038932  0.000822  0.001516
584  0.003883  0.015380  0.000252
585  -0.003388  -0.015958  0.000266
586  -0.003494  0.020878  0.000448
587  -0.031478  -0.040301  0.002615
588  -0.015131  -0.006599  0.000273
589  -0.024150  -0.000556  0.000584
590  0.012580  0.022005  0.000642
591  0.013191  -0.018598  0.000520
592  -0.039621  -0.032715  0.002640
593  -0.010085  -0.003346  0.000113
594  0.009016  0.004997  0.000106
595  0.010836  -0.004423  0.000137
596  0.062450  0.003065  0.003909
597  0.028205  0.008957  0.000876
598  -0.025030  0.018931  0.000985
599  -0.007073  0.011762  0.000188
600  -0.019758  0.008442  0.000462
601  -0.009957  -0.009966  0.000198
602  -0.024249  0.016476  0.000859
603  -0.017838  -0.003668  0.000332
604  -0.007500  -0.005007  0.000081
605  0.008233  -0.017947  0.000390
606  -0.004203  -0.006210  0.000056
607  0.027356  -0.015815  0.000998
608  -0.009348  0.031331  0.001069
609  0.019831  0.016977  0.000681
610  0.022692  -0.006641  0.000559
611  -0.010665  0.016477  0.000385
612  0.027029  0.039618  0.002300
613  0.000946  -0.004233  0.000019
614  -0.000580  0.004925  0.000025
615  0.006967  0.002383  0.000054
616  0.015851  -0.014793  0.000470
617  0.006130  0.029516  0.000909
618  -0.005313  0.007742  0.000088
619  -0.003016  -0.012681  0.000170
620  0.004615  -0.010591  0.000133
621  -0.000948  -0.000188  0.000001
622  -0.015370  -0.006391  0.000277
623  0.001960  0.022963  0.000531
624  0.012448  -0.014449  0.000364
625  -0.024725  -0.003253  0.000622
626  0.003569  0.020259  0.000423
627  -0.044940  0.012102  0.002166
628  0.033340  0.015452  0.001350
629  -0.020517  -0.021360  0.000877
630  -0.020337  0.001407  0.000416
631  -0.009609  0.001017  0.000093
632  -0.018348  0.011109  0.000460
633  -0.012191  0.012357  0.000301
634  -0.005780  0.016332  0.000300
635  -0.012967  0.001608  0.000171
636  -0.004948  0.000310  0.000025
637  -0.006367  0.011522  0.000173
638  -0.010650  0.045006  0.002139
639  -0.016159  0.050347  0.002796
640  0.015888  -0.005147  0.000279
641  -0.012906  0.029443  0.001033
642  -0.029022  0.017898  0.001163
643  -0.024305  -0.011853  0.000731
644  -0.006173  0.004158  0.000055
645  0.057960  -0.013570  0.003543
646  -0.020213  0.021202  0.000858
647  -0.039884  -0.015239  0.001823
648  0.001478  -0.025115  0.000633
649  0.009609  0.001392  0.000094
650  -0.018112  -0.022799  0.000848
651  -0.039391  0.025094  0.002181
652  0.004987  -0.020793  0.000457
653  -0.053763  0.019666  0.003277
654  -0.005546  0.009935  0.000129
655  0.010587  0.028376  0.000917
656  -0.017874  0.020738  0.000750
657  -0.009797  -0.001391  0.000098
658  -0.015734  -0.042507  0.002054
659  0.031165  -0.022561  0.001480
660  0.031318  -0.003438  0.000993
661  -0.021228  0.009708  0.000545
662  0.010671  0.006907  0.000162
663  -0.015960  0.026173  0.000940
664  -0.026750  -0.006419  0.000757
665  0.017912  0.005033  0.000346
666  -0.024222  -0.023385  0.001134
667  0.017912  0.004687  0.000343
668  -0.010352  -0.011204  0.000233
669  0.020843  -0.053866  0.003336
670  -0.004648  0.015309  0.000256
671  0.024566  0.039873  0.002193
672  0.039633  0.018538  0.001914
673  -0.009242  0.003978  0.000101
674  -0.012422  -0.012680  0.000315
675  -0.031558  0.033016  0.002086
676  0.016171  0.003258  0.000272
677  0.028917  0.008012  0.000900
678  -0.018780  -0.019557  0.000735
679  -0.004425  -0.028666  0.000841
680  0.019631  -0.015682  0.000631
681  0.017697  -0.008395  0.000384
682  -0.017725  -0.004087  0.000331
683  -0.016648  0.010723  0.000392
684  0.017954  0.023614  0.000880
685  0.007510  -0.008452  0.000128
686  -0.029125  0.031400  0.001834
687  -0.021566  0.001323  0.000467
688  0.012383  0.013962  0.000348
689  0.018110  -0.007097  0.000378
690  -0.002768  -0.031273  0.000986
691  -0.010789  0.017221  0.000413
692  -0.009193  -0.034522  0.001276
693  -0.008441  -0.020409  0.000488
694  -0.022200  -0.011127  0.000617
695  -0.017744  0.053314  0.003157
696  0.023474  -0.008767  0.000628
697  -0.024547  -0.022245  0.001097
698  0.005515  -0.014313  0.000235
699  -0.022840  -0.019092  0.000886
700  -0.015933  0.028815  0.001084
701  -0.015143  -0.025569  0.000883
702  0.017935  0.037025  0.001693
703  0.003433  0.012375  0.000165
704  -0.027547  0.002204  0.000764
705  -0.020406  0.035768  0.001696
706  -0.021754  0.002861  0.000481
707  -0.007169  -0.006258  0.000091
708  0.021952  0.012206  0.000631
709  -0.030021  0.007342  0.000955
710  -0.018112  0.048335  0.002664
711  -0.059543  -0.010429  0.003654
712  -0.038489  0.026966  0.002209
713  -0.019924  0.008627  0.000471
714  0.002707  0.023492  0.000559
715  -0.007371  0.006947  0.000103
716  0.036809  0.043533  0.003250
717  -0.002299  0.009952  0.000104
718  -0.016955  0.040573  0.001934
719  0.036589  0.003878  0.001354
720  -0.007829  0.003876  0.000076
721  0.000874  0.024662  0.000609
722  -0.029264  -0.005503  0.000887
723  -0.014784  0.007428  0.000274
724  0.004223  0.010728  0.000133
725  -0.007001  -0.000257  0.000049
726  0.005064  0.040984  0.001705
727  -0.002535  0.003453  0.000018
728  -0.008153  -0.006895  0.000114
729  -0.001775  -0.008479  0.000075
730  0.011359  0.051009  0.002731
731  0.005757  0.010869  0.000151
732  0.009837  0.010217  0.000201
733  -0.006584  0.049288  0.002473
734  0.001055  0.022051  0.000487
735  0.010651  0.001172  0.000115
736  0.001129  0.025268  0.000640
737  0.006129  -0.012506  0.000194
738  -0.031332  0.016932  0.001268
739  0.019576  -0.010976  0.000504
740  -0.001933  -0.004818  0.000027
741  -0.027235  0.032336  0.001787
742  0.003368  0.046420  0.002166
743  -0.004299  -0.011954  0.000161
744  0.005900  -0.007287  0.000088
745  0.015267  0.024532  0.000835
746  -0.014158  0.017705  0.000514
747  -0.014489  0.018427  0.000549
748  -0.003000  0.012853  0.000174
749  0.000929  0.051292  0.002632
750  0.032752  0.009977  0.001172
751  0.001490  0.015732  0.000250
752  -0.009862  0.044444  0.002072
753  -0.036524  -0.013339  0.001512
754  -0.004368  -0.010654  0.000133
755  -0.028152  0.015965  0.001047
756  -0.035242  -0.013496  0.001424
757  -0.034563  -0.005925  0.001230
758  -0.007401  0.019482  0.000434
759  -0.012153  0.000396  0.000148
760  -0.010804  -0.011154  0.000241
761  -0.014531  0.005421  0.000241
762  -0.019156  -0.007260  0.000420
763  -0.028293  -0.000081  0.000801
764  -0.025644  0.024195  0.001243
765  0.001782  -0.013674  0.000190
766  -0.012032  0.011213  0.000270
767  -0.020871  -0.003244  0.000446
768  0.023645  0.019094  0.000924
769  -0.004893  0.050319  0.002556
770  -0.003500  -0.011905  0.000154
771  0.004225  0.039172  0.001552
772  0.006477  0.011333  0.000170
773  -0.030165  -0.030090  0.001815
774  -0.007918  -0.013737  0.000251
775  0.010268  -0.004852  0.000129
776  -0.009021  0.011027  0.000203
777  -0.030225  -0.019472  0.001293
778  -0.007581  -0.001052  0.000059
779  0.038294  -0.023490  0.002018
780  -0.003444  -0.021441  0.000472
781  0.048618  0.025095  0.002993
782  0.003823  0.025643  0.000672
783  0.034124  0.021119  0.001610
784  -0.007945  0.023885  0.000634
785  -0.003669  -0.035157  0.001249
786  0.015284  -0.026074  0.000913
787  0.012138  0.016088  0.000406
788  -0.017991  -0.013346  0.000502
789  -0.031901  0.003468  0.001030
790  -0.006002  0.019825  0.000429
791  -0.056779  0.011422  0.003354
792  -0.025003  -0.000405  0.000625
793  -0.006821  0.000391  0.000047
794  0.008492  0.023143  0.000608
795  0.005503  -0.000552  0.000031
796  0.007944  0.021410  0.000522
797  -0.048806  0.002158  0.002387
798  0.023471  0.008282  0.000619
799  -0.055972  0.012475  0.003288
800  -0.006453  -0.011429  0.000172
801  -0.058848  -0.031288  0.004442
802  -0.031471  -0.019029  0.001352
803  0.004732  0.025444  0.000670
804  0.029617  0.005298  0.000905
805  -0.008889  0.011539  0.000212
806  0.028818  -0.009137  0.000914
807  0.025381  0.029493  0.001514
808  -0.049471  0.006738  0.002493
809  -0.002648  0.028026  0.000792
810  0.023305  0.029635  0.001421
811  -0.002824  0.023899  0.000579
812  -0.020613  0.013443  0.000606
813  0.020176  0.006107  0.000444
814  -0.032461  0.037366  0.002450
815  0.013326  0.022207  0.000671
816  -0.006549  -0.014265  0.000246
817  -0.013731  -0.008685  0.000264
818  -0.041566  0.037091  0.003103
819  0.005520  -0.013548  0.000214
820  -0.010923  0.000875  0.000120
821  -0.031359  0.033920  0.002134
822  -0.035657  0.007693  0.001331
823  -0.005177  0.017578  0.000336
824  0.031725  -0.017839  0.001325
825  -0.002385  0.030495  0.000936
826  0.025641  -0.008833  0.000735
827  0.007302  -0.014725  0.000270
828  -0.025435  0.038722  0.002146
829  0.016955  0.041679  0.002025
830  0.014593  0.011337  0.000341
831  -0.011462  0.028650  0.000952
832  -0.040424  0.045072  0.003666
833  0.009585  0.044761  0.002095
834  0.008217  0.020126  0.000473
835  -0.023010  -0.036859  0.001888
836  -0.006584  -0.023135  0.000579
837  -0.009210  -0.024295  0.000675
838  -0.013403  -0.014854  0.000400
839  0.029983  0.004275  0.000917
840  -0.013828  -0.007718  0.000251
841  -0.002171  0.009546  0.000096
842  -0.052697  0.011549  0.002910
843  0.001053  0.004273  0.000019
844  -0.015555  0.017737  0.000557
845  -0.013115  0.034872  0.001388
846  0.002143  -0.006919  0.000052
847  0.010132  -0.002435  0.000109
848  0.034506  0.011470  0.001322
849  0.000221  0.007616  0.000058
850  -0.009174  0.009226  0.000169
851  0.019457  0.000172  0.000379
852  -0.000503  0.001095  0.000001
853  -0.025085  0.030946  0.001587
854  0.013392  -0.006625  0.000223
855  0.022938  -0.012361  0.000679
856  -0.011022  -0.008300  0.000190
857  -0.003477  -0.023209  0.000551
858  0.001646  -0.038824  0.001510
859  0.027328  -0.007444  0.000802
860  -0.002167  0.002795  0.000013
861  0.022762  0.038808  0.002024
862  -0.004807  0.019411  0.000400
863  -0.001373  0.028725  0.000827
864  0.016821  0.008071  0.000348
865  0.003182  -0.006548  0.000053
866  -0.017049  0.021033  0.000733
867  -0.014988  0.029891  0.001118
868  0.000252  0.032893  0.001082
869  -0.026577  0.025651  0.001364
870  0.009390  -0.005993  0.000124
871  -0.031493  -0.003523  0.001004
872  0.010234  -0.010064  0.000206
873  -0.038410  -0.007986  0.001539
874  -0.032225  -0.007369  0.001093
875  -0.009826  -0.007402  0.000151
876  0.006876  -0.018454  0.000388
877  -0.009543  0.018595  0.000437
878  -0.036215  0.032127  0.002344
879  -0.017965  0.016557  0.000597
880  0.011246  0.022582  0.000636
881  0.011794  0.022645  0.000652
882  -0.007856  0.004843  0.000085
883  0.004565  0.042873  0.001859
884  -0.018354  0.024473  0.000936
885  -0.005490  0.015556  0.000272
886  -0.008681  0.006239  0.000114
887  0.012515  0.015133  0.000386
888  -0.016289  -0.016998  0.000554
889  -0.025571  -0.013871  0.000846
890  -0.026142  0.006997  0.000732
891  -0.003320  -0.039161  0.001545
892  0.013486  -0.038970  0.001701
893  0.002997  0.013195  0.000183
894  -0.015667  -0.031113  0.001213
895  -0.008942  0.003101  0.000090
896  0.002417  0.010044  0.000107
897  -0.011797  0.028262  0.000938
898  -0.014440  0.032924  0.001292
899  -0.024764  0.016722  0.000893
900  -0.018386  0.016582  0.000613
901  -0.001863  0.015653  0.000248
902  -0.019231  0.017028  0.000660
903  0.004925  0.020937  0.000463
904  0.003686  0.003579  0.000026
905  0.027410  -0.023316  0.001295
906  0.003760  -0.004474  0.000034
907  0.017687  0.015182  0.000543
908  -0.037721  0.025570  0.002077
909  0.008130  0.018273  0.000400
910  0.019725  0.012504  0.000545
911  -0.031090  -0.011552  0.001100
912  0.024420  0.023008  0.001126
913  0.015981  -0.025312  0.000896
914  0.003534  -0.020805  0.000445
915  -0.050149  0.018009  0.002839
916  -0.034251  -0.012236  0.001323
917  -0.005499  0.000968  0.000031
918  0.035573  0.002182  0.001270
919  -0.015705  0.019375  0.000622
920  -0.029510  0.001577  0.000873
921  0.024679  0.021412  0.001068
922  0.004548  -0.014622  0.000234
923  -0.014576  0.020230  0.000622
924  -0.036900  -0.006662  0.001406
925  0.025685  0.021427  0.001119
926  -0.026637  -0.002520  0.000716
927  -0.003714  0.018817  0.000368
928  -0.014378  -0.008056  0.000272
929  -0.014185  -0.010068  0.000303
930  0.023438  0.000358  0.000549
931  0.014847  0.031746  0.001228
932  -0.006934  -0.019284  0.000420
933  -0.025573  -0.014532  0.000865
934  0.030351  -0.001115  0.000922
935  0.015059  0.037351  0.001622
936  -0.008100  0.006969  0.000114
937  -0.018205  -0.011562  0.000465
938  -0.038682  0.008621  0.001571
939  0.039933  -0.005533  0.001625
940  0.006080  0.004147  0.000054
941  -0.014707  -0.022938  0.000742
942  0.011792  0.021399  0.000597
943  -0.015697  0.006355  0.000287
944  -0.001109  -0.036909  0.001364
945  -0.018843  0.027690  0.001122
946  -0.017659  0.002014  0.000316
947  0.022762  0.004135  0.000535
948  0.021259  0.028283  0.001252
949  -0.002432  0.020654  0.000432
950  0.017836  0.002311  0.000323
951  0.008701  -0.003775  0.000090
952  0.019575  0.042667  0.002204
953  -0.008175  0.017626  0.000378
954  -0.004207  -0.032749  0.001090
955  -0.001236  -0.006513  0.000044
956  -0.008705  0.021585  0.000542
957  0.002918  0.007691  0.000068
958  -0.007817  -0.002526  0.000067
959  0.016411  -0.003487  0.000281
960  0.023330  0.012841  0.000709
961  0.013944  -0.011126  0.000318
962  -0.038121  -0.005415  0.001483
963  0.020883  0.027268  0.001180
964  -0.003368  -0.021322  0.000466
965  -0.013993  0.015293  0.000430
966  -0.028929  0.043126  0.002697
967  -0.000553  0.020384  0.000416
968  -0.010107  0.031395  0.001088
969  -0.012528  0.050324  0.002689
970  -0.010857  -0.020429  0.000535
971  -0.052258  0.006926  0.002779
972  0.007552  0.007326  0.000111
973  0.006317  0.013484  0.000222
974  -0.002707  -0.027733  0.000776
975  -0.005808  0.038441  0.001511
976  -0.024010  0.012353  0.000729
977  -0.043775  0.000326  0.001916
978  0.034394  0.030157  0.002092
979  -0.025576  0.012475  0.000810
980  -0.024716  0.030600  0.001547
981  0.012907  -0.005358  0.000195
982  -0.003052  -0.014757  0.000227
983  -0.008029  -0.034152  0.001231
984  -0.023773  0.032594  0.001628
985  -0.002837  -0.021964  0.000490
986  0.024934  -0.024298  0.001212
987  -0.002193  -0.009872  0.000102
988  0.032052  -0.005075  0.001053
989  -0.010421  -0.004929  0.000133
990  0.037406  0.034007  0.002556
991  0.011027  0.025218  0.000758
992  -0.005938  0.025771  0.000699
993  -0.031180  0.024799  0.001587
994  -0.010230  -0.033678  0.001239
995  -0.000405  -0.005322  0.000028
996  0.017920  0.002285  0.000326
997  0.014586  0.038746  0.001714
998  -0.029049  0.010821  0.000961
999  0.005311  -0.004996  0.000053
1000  0.014568  0.023300  0.000755
1001  -0.007158  0.025374  0.000695
1002  0.013718  -0.000013  0.000188
1003  -0.049412  -0.002849  0.002450
1004  -0.013410  0.021498  0.000642
1005  -0.014173  -0.011345  0.000330
1006  -0.026757  0.002270  0.000721
1007  0.014861  0.010428  0.000330
1008  -0.061716  0.021098  0.004254
1009  -0.003665  0.043030  0.001865
1010  -0.011028  0.017975  0.000445
1011  0.031981  -0.008111  0.001089
1012  -0.029681  0.039485  0.002440
1013  -0.017972  0.028166  0.001116
1014  -0.024659  -0.059615  0.004162
1015  -0.018796  0.024267  0.000942
1016  0.016568  -0.024617  0.000881
1017  -0.015514  0.022309  0.000738
1018  -0.036112  0.005037  0.001329
1019  -0.005280  0.016069  0.000286
1020  0.029431  -0.004201  0.000884
1021  0.004873  0.014291  0.000228
1022  -0.017148  -0.004595  0.000315
1023  -0.002110  -0.026112  0.000686
1024  -0.031017  0.012849  0.001127
1025  -0.035135  -0.010239  0.001339
1026  0.004665  -0.007263  0.000075
1027  0.024550  -0.010449  0.000712
1028  -0.020480  -0.053878  0.003322
1029  0.016329  0.018910  0.000624
1030  -0.011284  0.026959  0.000854
1031  -0.024586  -0.000232  0.000605
1032  0.002542  0.028132  0.000798
1033  0.004227  0.007360  0.000072
1034  -0.005335  -0.012137  0.000176
1035  -0.013497  -0.008919  0.000262
1036  -0.024197  -0.041949  0.002345
1037  -0.009052  0.015432  0.000320
1038  0.004045  -0.010552  0.000128
1039  0.007430  0.000998  0.000056
1040  0.013953  0.003986  0.000211
1041  -0.003523  0.015034  0.000238
1042  -0.009945  -0.005693  0.000131
1043  -0.026115  0.011161  0.000807
1044  -0.025852  0.033837  0.001813
1045  0.041657  0.001500  0.001738
1046  -0.025932  0.015689  0.000919
1047  0.019529  -0.001767  0.000384
1048  0.014724  -0.013180  0.000391
1049  0.000864  0.016511  0.000273
1050  -0.044950  0.008068  0.002086
1051  0.015174  0.011341  0.000359
1052  -0.005729  -0.007146  0.000084
1053  0.003454  0.023064  0.000544
1054  -0.008727  0.004223  0.000094
1055  -0.029234  0.023697  0.001416
1056  0.003524  0.009218  0.000097
1057  0.010215  -0.016781  0.000386
1058  0.046834  -0.008830  0.002271
1059  -0.008683  0.001229  0.000077
1060  0.008087  -0.004866  0.000089
1061  0.009127  -0.032682  0.001151
1062  -0.011941  0.003831  0.000157
1063  0.015105  0.043614  0.002130
1064  -0.020796  -0.005080  0.000458
1065  -0.040722  0.009098  0.001741
1066  0.033455  -0.012084  0.001265
1067  -0.012640  0.018875  0.000516
1068  0.014415  -0.029519  0.001079
1069  -0.012603  -0.005843  0.000193
1070  0.010240  0.026825  0.000824
1071  -0.034288  -0.009419  0.001264
1072  0.012216  0.042013  0.001914
1073  0.024419  0.026492  0.001298
1074  0.030049  0.036019  0.002200
1075  -0.011289  0.019753  0.000518
1076  0.005727  -0.002543  0.000039
1077  -0.016020  -0.011375  0.000386
1078  -0.025520  0.013803  0.000842
1079  0.010662  0.021524  0.000577
1080  0.029799  0.008735  0.000964
1081  -0.005771  0.020665  0.000460
1082  0.015594  0.039221  0.001781
1083  -0.011424  0.008867  0.000209
1084  0.001782  -0.005883  0.000038
1085  -0.030443  0.002145  0.000931
1086  0.019301  -0.048990  0.002773
1087  0.018010  -0.000655  0.000325
1088  0.008924  -0.010941  0.000199
1089  0.039945  0.006798  0.001642
1090  -0.005728  0.024661  0.000641
1091  -0.014702  -0.001569  0.000219
1092  0.013033  -0.005244  0.000197
1093  -0.003993  0.030580  0.000951
1094  0.008336  0.023296  0.000612
1095  0.016760  0.007559  0.000338
1096  0.022792  -0.026956  0.001246
1097  -0.020568  0.016903  0.000709
1098  0.021206  0.056848  0.003681
1099  0.014100  -0.019438  0.000577
1100  -0.023306  -0.001758  0.000546
1101  0.006905  0.007474  0.000104
1102  -0.003783  -0.014397  0.000222
1103  -0.026830  0.055001  0.003745
1104  0.033899  0.002273  0.001154
1105  0.005119  0.009117  0.000109
1106  -0.034378  0.030214  0.002095
1107  -0.000658  0.009577  0.000092
1108  0.004487  0.023029  0.000550
1109  0.022173  0.010083  0.000593
1110  -0.061471  -0.006985  0.003827
1111  0.001186  -0.039071  0.001528
1112  0.008264  0.018462  0.000409
1113  0.007246  -0.047171  0.002278
1114  0.007524  0.007924  0.000119
1115  0.005892  0.026062  0.000714
1116  -0.006168  0.014267  0.000242
1117  0.043471  -0.008939  0.001970
1118  0.037206  0.042005  0.003149
1119  0.001017  -0.010878  0.000119
1120  -0.008486  -0.005982  0.000108
1121  0.050658  -0.016320  0.002833
1122  0.009563  0.014422  0.000299
1123  -0.009827  -0.020630  0.000522
1124  -0.004930  -0.023286  0.000567
1125  0.027174  -0.025040  0.001365
1126  0.005816  0.013074  0.000205
1127  -0.031656  -0.041721  0.002743
1128  0.013714  0.031270  0.001166
1129  -0.014648  0.017902  0.000535
1130  -0.045341  0.016181  0.002318
1131  -0.015791  -0.009910  0.000348
1132  -0.023286  0.021340  0.000998
1133  0.007049  0.004480  0.000070
1134  -0.036885  0.028812  0.002191
1135  0.040509  -0.009061  0.001723
1136  -0.014968  -0.018052  0.000550
1137  -0.006561  0.001523  0.000045
1138  -0.006975  0.009015  0.000130
1139  -0.007248  0.024105  0.000634
1140  -0.011169  -0.002607  0.000132
1141  -0.007287  -0.000913  0.000054
1142  0.009336  0.013002  0.000256
1143  0.019216  0.021247  0.000821
1144  0.028858  0.054274  0.003778
1145  0.016598  0.011078  0.000398
1146  0.011873  0.029962  0.001039
1147  0.024965  0.015218  0.000855
1148  -0.032056  -0.028957  0.001866
1149  -0.000743  0.004665  0.000022
1150  0.038401  0.019150  0.001841
1151  0.000270  0.033891  0.001149
1152  0.000512  -0.021140  0.000447
1153  0.006889  0.033539  0.001172
1154  0.013753  0.006290  0.000229
1155  -0.005955  -0.014443  0.000244
1156  -0.012223  -0.009660  0.000243
1157  0.018498  0.001888  0.000346
1158  -0.009953  0.015968  0.000354
1159  0.015877  0.004990  0.000277
1160  0.007258  0.005961  0.000088
1161  0.044914  0.064875  0.006226
1162  -0.000876  -0.017755  0.000316
1163  -0.030396  0.033830  0.002068
1164  -0.026789  -0.011303  0.000845
1165  0.023181  -0.018365  0.000875
1166  0.013378  -0.042372  0.001974
1167  0.003760  -0.001959  0.000018
1168  0.021363  0.026090  0.001137
1169  -0.036777  -0.000844  0.001353
1170  0.008853  -0.019041  0.000441
1171  0.006188  -0.002379  0.000044
1172  0.022925  -0.034615  0.001724
1173  -0.018150  -0.016152  0.000590
1174  0.047043  0.009279  0.002299
1175  0.003409  0.054319  0.002962
1176  0.003753  0.000013  0.000014
1177  -0.016974  0.030054  0.001191
1178  -0.038810  0.002005  0.001510
1179  0.024774  0.010302  0.000720
1180  -0.004898  0.007491  0.000080
1181  0.033376  0.022816  0.001635
1182  -0.027125  -0.014460  0.000945
1183  0.031712  -0.016761  0.001287
1184  0.021390  0.000933  0.000458
1185  -0.021749  -0.003357  0.000484
1186  0.016011  -0.010520  0.000367
1187  0.004228  0.034698  0.001222
1188  -0.009745  -0.017932  0.000417
1189  0.000795  0.032628  0.001065
1190  -0.009005  -0.006683  0.000126
1191  0.005830  -0.007224  0.000086
1192  0.046994  0.067245  0.006730
1193  0.032519  -0.006418  0.001099
1194  0.000013  -0.006030  0.000036
1195  -0.022401  0.016789  0.000784
1196  0.004563  0.010708  0.000135
1197  -0.033005  -0.007871  0.001151
1198  -0.019733  0.036058  0.001690
1199  0.000396  -0.014562  0.000212
1200  0.017641  -0.009172  0.000395
1201  -0.000342  -0.013861  0.000192
1202  0.009506  -0.001204  0.000092
1203  0.030258  -0.049091  0.003325
1204  0.017730  0.046850  0.002509
1205  0.063199  0.002094  0.003999
1206  -0.030654  0.055559  0.004026
1207  -0.003477  0.010518  0.000123
1208  0.019323  -0.002465  0.000379
1209  0.009732  0.004676  0.000117
1210  -0.037448  -0.000880  0.001403
1211  -0.013403  0.023544  0.000734
1212  0.006365  0.050372  0.002578
1213  -0.006701  0.004063  0.000061
1214  -0.005085  0.027136  0.000762
1215  0.031131  -0.004646  0.000991
1216  -0.013710  -0.004208  0.000206
1217  -0.004700  0.016719  0.000302
1218  0.040516  0.005476  0.001672
1219  -0.008937  0.007218  0.000132
1220  0.004927  -0.036892  0.001385
1221  0.009032  -0.009466  0.000171
1222  -0.026391  -0.012557  0.000854
1223  -0.023222  0.022613  0.001051
1224  0.034784  -0.024193  0.001795
1225  0.018787  0.010775  0.000469
1226  0.022964  -0.012767  0.000690
1227  0.006834  -0.041086  0.001735
1228  -0.023944  0.018920  0.000931
1229  0.019887  0.000465  0.000396
1230  -0.003796  -0.009183  0.000099
1231  -0.028473  0.014008  0.001007
1232  0.016942  0.034246  0.001460
1233  0.017551  0.016314  0.000574
1234  0.005778  -0.009852  0.000130
1235  -0.018072  -0.012958  0.000495
1236  0.032895  -0.012718  0.001244
1237  0.021873  0.031453  0.001468
1238  0.012950  0.026693  0.000880
1239  0.017668  0.048747  0.002688
1240  0.038967  0.014106  0.001717
1241  0.012089  -0.000141  0.000146
1242  0.040744  0.004576  0.001681
1243  0.040177  -0.026880  0.002337
1244  -0.045539  0.002604  0.002081
1245  0.056236  0.027871  0.003939
1246  -0.004020  0.008504  0.000088
1247  0.017130  0.008312  0.000363
1248  -0.017953  0.034517  0.001514
1249  0.016822  0.029768  0.001169
1250  0.014817  0.021254  0.000671
1251  -0.002782  0.028054  0.000795
1252  0.008858  0.059003  0.003560
1253  0.018185  -0.042310  0.002121
1254  -0.001154  -0.046956  0.002206
1255  0.055817  0.036389  0.004440
1256  0.014992  0.064883  0.004435
1257  0.004430  0.042142  0.001796
1258  -0.009089  -0.019146  0.000449
1259  -0.027821  0.006040  0.000811
1260  -0.003940  -0.006877  0.000063
1261  0.017512  0.015594  0.000550
1262  -0.061657  -0.020631  0.004227
1263  0.056399  -0.014669  0.003396
1264  0.027757  -0.032335  0.001816
1265  0.011568  0.001583  0.000136
1266  -0.022292  0.009800  0.000593
1267  -0.018933  0.033653  0.001491
1268  -0.026689  0.025083  0.001341
1269  -0.006543  0.023896  0.000614
1270  0.030078  0.007040  0.000954
1271  -0.008231  -0.008347  0.000137
1272  0.008462  0.020105  0.000476
1273  -0.002591  -0.009385  0.000095
1274  -0.012834  -0.006677  0.000209
1275  -0.045147  -0.000535  0.002039
1276  -0.024523  0.023383  0.001148
1277  -0.006934  -0.020138  0.000454
1278  -0.038630  -0.020434  0.001910
1279  0.015192  0.038224  0.001692
1280  -0.021822  -0.045867  0.002580
1281  -0.006624  0.006240  0.000083
1282  0.018183  -0.000027  0.000331
1283  0.008523  0.031254  0.001049
1284  -0.002115  0.050243  0.002529
1285  0.041199  -0.000398  0.001698
1286  0.012920  -0.036116  0.001471
1287  0.021284  0.003301  0.000464
1288  0.025032  0.012127  0.000774
1289  0.032940  0.000982  0.001086
1290  0.013348  0.020868  0.000614
1291  0.027242  0.018040  0.001068
1292  -0.012613  0.039906  0.001752
1293  -0.004809  -0.015889  0.000276
1294  0.014124  -0.005458  0.000229
1295  -0.022835  -0.019046  0.000884
1296  0.030119  -0.042747  0.002735
1297  -0.032138  -0.012712  0.001194
1298  -0.037868  0.005481  0.001464
1299  0.002931  0.002690  0.000016
1300  0.021050  -0.025720  0.001105
1301  0.021239  -0.007727  0.000511
1302  0.009397  0.062914  0.004046
1303  -0.012502  -0.021674  0.000626
1304  0.035168  -0.009599  0.001329
1305  0.042536  0.043858  0.003733
1306  -0.007353  0.002615  0.000061
1307  0.006758  -0.029084  0.000892
1308  0.006271  -0.021857  0.000517
1309  0.048102  -0.013437  0.002494
1310  0.007073  0.000800  0.000051
1311  0.014462  0.035163  0.001446
1312  0.011336  0.018027  0.000453
1313  -0.024733  -0.007090  0.000662
1314  -0.009928  0.014310  0.000303
1315  -0.001528  -0.031361  0.000986
1316  0.024271  -0.014442  0.000798
1317  -0.014970  -0.013257  0.000400
1318  -0.027489  0.020081  0.001159
1319  -0.022085  -0.016958  0.000775
1320  0.055459  0.037003  0.004445
1321  -0.021209  -0.021051  0.000893
1322  0.040203  -0.050910  0.004208
1323  -0.012379  -0.002690  0.000160
1324  0.076766  0.000063  0.005893
1325  0.021972  0.023830  0.001051
1326  0.010827  0.013463  0.000298
1327  -0.021078  -0.012085  0.000590
1328  0.004267  -0.037750  0.001443
1329  0.008830  0.012063  0.000223
1330  -0.006234  0.032528  0.001097
1331  -0.002561  0.017337  0.000307
1332  -0.027939  0.007267  0.000833
1333  0.030968  -0.016447  0.001229
1334  -0.024284  0.003956  0.000605
1335  0.008315  -0.007251  0.000122
1336  0.014938  0.014963  0.000447
1337  -0.013229  -0.032607  0.001238
1338  0.026827  0.036276  0.002036
1339  0.034690  0.007823  0.001265
1340  0.032766  -0.002340  0.001079
1341  -0.017010  0.008145  0.000356
1342  -0.024806  0.057351  0.003905
1343  0.017008  -0.016446  0.000560
1344  -0.002553  -0.016642  0.000283
1345  0.006320  0.000458  0.000040
1346  0.024770  -0.014188  0.000815
1347  -0.033529  -0.004938  0.001149
1348  0.020833  0.043043  0.002287
1349  -0.006375  0.017591  0.000350
1350  0.012104  0.000963  0.000147
1351  0.026397  -0.011907  0.000839
1352  -0.011659  -0.017532  0.000443
1353  0.078066  -0.000354  0.006094
1354  -0.046484  0.042603  0.003976
1355  0.011231  -0.018247  0.000459
1356  -0.019881  0.005859  0.000430
1357  0.002023  -0.025440  0.000651
1358  -0.018589  -0.043026  0.002197
1359  0.007967  -0.003374  0.000075
1360  0.022059  -0.028156  0.001279
1361  0.003518  -0.030810  0.000962
1362  -0.004562  0.024649  0.000628
1363  -0.035636  -0.045487  0.003339
1364  -0.006969  0.030650  0.000988
1365  0.004408  -0.030008  0.000920
1366  -0.017809  0.049146  0.002733
1367  0.021801  0.000423  0.000475
1368  0.021275  0.037139  0.001832
1369  0.028424  0.023900  0.001379
1370  -0.007925  -0.025073  0.000691
1371  -0.017280  -0.034592  0.001495
1372  0.003740  -0.009214  0.000099
1373  -0.004414  0.025554  0.000672
1374  -0.006348  0.002182  0.000045
1375  0.025867  0.023245  0.001209
1376  0.012869  0.037807  0.001595
1377  0.026162  0.021062  0.001128
1378  -0.044733  0.023366  0.002547
1379  0.046156  0.012872  0.002296
1380  -0.002081  0.016110  0.000264
1381  0.065509  0.073954  0.009761
1382  -0.062615  -0.015635  0.004165
1383  -0.029678  0.017872  0.001200
1384  0.034849  -0.010049  0.001315
1385  0.076807  -0.003272  0.005910
1386  0.003587  -0.000985  0.000014
1387  0.055592  0.001956  0.003094
1388  0.025112  0.008687  0.000706
1389  -0.025439  0.023158  0.001183
1390  0.041645  -0.013327  0.001912
1391  -0.034838  0.009525  0.001304
1392  0.014855  0.042123  0.001995
1393  -0.027477  0.022764  0.001273
1394  0.008250  -0.014128  0.000268
1395  0.026072  0.016128  0.000940
1396  0.053700  0.006741  0.002929
1397  -0.049612  0.029805  0.003350
1398  -0.029195  0.079606  0.007189
1399  -0.042231  0.013787  0.001974
1400  -0.033311  0.068754  0.005837
1401  0.006595  -0.041814  0.001792
1402  0.013662  0.026932  0.000912
1403  0.010540  -0.045652  0.002195
1404  0.042895  0.067327  0.006373
1405  -0.009453  -0.019050  0.000452
1406  -0.000652  -0.007736  0.000060
1407  -0.019443  0.003419  0.000390
1408  -0.007926  -0.016715  0.000342
1409  -0.045739  0.010216  0.002196
1410  -0.007153  -0.000698  0.000052
1411  -0.022023  0.001705  0.000488
1412  -0.017827  -0.012275  0.000468
1413  -0.022067  0.020598  0.000911
1414  0.002319  -0.008029  0.000070
1415  0.022299  0.008256  0.000565
1416  -0.026983  0.030487  0.001658
1417  0.017120  -0.052323  0.003031
1418  0.020457  0.015924  0.000672
1419  -0.002839  0.023340  0.000553
1420  -0.016194  0.050196  0.002782
1421  0.011098  0.046310  0.002268
1422  0.024900  0.014940  0.000843
1423  0.021051  -0.024906  0.001063
1424  0.041214  0.001022  0.001700
1425  0.001404  0.000839  0.000003
1426  0.016381  0.013736  0.000457
1427  0.023580  -0.006716  0.000601
1428  -0.028122  0.056037  0.003931
1429  0.038931  0.024611  0.002121
1430  0.006354  -0.019103  0.000405
1431  -0.053277  -0.027097  0.003573
1432  0.045915  0.028220  0.002905
1433  0.028600  0.030347  0.001739
1434  -0.015503  0.005565  0.000271
1435  -0.024108  0.004805  0.000604
1436  0.034422  -0.053102  0.004005
1437  0.041833  0.039008  0.003272
1438  -0.019205  -0.041961  0.002130
1439  -0.025898  0.048594  0.003032
1440  0.041965  0.020862  0.002196
1441  -0.000367  -0.019461  0.000379
1442  0.054836  -0.003737  0.003021
1443  -0.004803  -0.010752  0.000139
1444  -0.046762  -0.039682  0.003761
1445  0.022990  0.037053  0.001901
1446  0.045928  0.004361  0.002128
1447  0.016703  0.002447  0.000285
1448  0.056808  -0.016814  0.003510
1449  0.004697  -0.057764  0.003359
1450  0.050612  0.013248  0.002737
1451  0.013473  0.052915  0.002982
1452  0.034681  0.030098  0.002109
1453  -0.012354  0.005536  0.000183
1454  0.045714  -0.010890  0.002208
1455  0.014897  0.050666  0.002789
1456  -0.062663  -0.026855  0.004648
1457  0.001055  -0.007918  0.000064
1458  0.045863  0.013722  0.002292
1459  0.011454  -0.003346  0.000142
1460  0.059989  0.051752  0.006277
1461  0.003653  -0.005152  0.000040
1462  0.041191  0.038660  0.003191
1463  -0.011702  -0.015491  0.000377
1464  0.043906  -0.025861  0.002597
1465  0.018969  0.073749  0.005799
1466  0.023244  -0.023652  0.001100
1467  0.016883  0.026340  0.000979
1468  0.020636  -0.025525  0.001077
1469  -0.000915  0.002281  0.000006
1470  0.029111  0.020888  0.001284
1471  -0.051143  -0.043989  0.004551
1472  -0.014983  0.015509  0.000465
1473  0.050181  0.046425  0.004673
1474  0.002669  0.052034  0.002715
1475  0.041644  0.065164  0.005981
1476  0.017238  -0.021768  0.000771
1477  0.047417  -0.006250  0.002287
1478  0.040757  -0.004013  0.001677
1479  0.011715  0.040484  0.001776
1480  -0.038779  -0.026243  0.002193
1481  -0.092698  0.069308  0.013396
1482  -0.053995  0.007303  0.002969
1483  -0.024208  0.027399  0.001337
1484  0.045956  -0.011386  0.002242
1485  0.036868  0.043962  0.003292
1486  -0.009669  0.003624  0.000107
1487  0.010858  0.058656  0.003558
1488  -0.001539  0.045404  0.002064
1489  -0.038075  0.046435  0.003606
1490  0.000983  0.015422  0.000239
1491  0.031101  -0.008606  0.001041
1492  0.027720  -0.000443  0.000769
1493  0.028901  -0.010031  0.000936
1494  -0.061117  0.058809  0.007194
1495  0.014114  0.068379  0.004875
1496  -0.062538  -0.020972  0.004351
1497  0.032039  -0.015931  0.001280
1498  -0.059025  -0.003268  0.003495
1499  -0.000255  0.039369  0.001550
1500  -0.040816  0.099331  0.011533
1501  0.011111  -0.036181  0.001432
1502  0.005429  0.112287  0.012638
1503  0.023996  -0.000110  0.000576
1504  0.070485  0.051396  0.007610
1505  -0.026800  0.020024  0.001119
1506  -0.018563  0.040691  0.002000
1507  0.031673  0.012329  0.001155
1508  -0.011367  0.068489  0.004820
1509  0.008547  -0.014152  0.000273
1510  -0.047032  0.014077  0.002410
1511  -0.068602  0.064171  0.008824
1512  0.025102  0.033244  0.001735
1513  0.029928  0.032335  0.001941
1514  0.041592  0.044517  0.003712
1515  -0.016688  -0.023464  0.000829
1516  0.023298  0.010045  0.000644
1517  -0.078274  0.030732  0.007071
1518  0.021669  0.005664  0.000502
1519  -0.029766  -0.041683  0.002624
1520  0.010416  0.071066  0.005159
1521  -0.024432  -0.035499  0.001857
1522  0.040616  0.015438  0.001888
1523  0.053007  0.028207  0.003605
1524  0.068118  0.033854  0.005786
1525  -0.023443  0.052425  0.003298
1526  0.102768  0.036237  0.011874
1527  0.030334  -0.022414  0.001423
1528  -0.021543  0.061431  0.004238
1529  0.071774  -0.002198  0.005156
1530  -0.005663  -0.056709  0.003248
1531  0.058190  -0.018264  0.003720
1532  -0.061278  0.065802  0.008085
1533  -0.009804  0.027487  0.000852
1534  0.030651  0.010145  0.001042
1535  0.082975  -0.030283  0.007802
1536  -0.011800  -0.002397  0.000145
1537  -0.061180  0.023501  0.004295
1538  0.020460  0.033797  0.001561
1539  0.017883  -0.062855  0.004271
1540  0.146291  0.011835  0.021541
1541  0.036904  0.037355  0.002757
1542  0.046190  -0.028291  0.002934
1543  0.112400  0.055096  0.015669
1544  0.054174  0.158377  0.028018
1545  -0.028060  0.106709  0.012174
1546  -0.063634  0.052068  0.006760
1547  -0.078109  -0.010267  0.006206
1548  0.044346  -0.017378  0.002269
1549  0.034282  -0.032253  0.002216
1550  -0.011654  0.009885  0.000234
1551  0.008671  0.023208  0.000614
1552  0.018796  0.055846  0.003472
1553  0.054354  0.013167  0.003128
1554  -0.108064  -0.022911  0.012203
1555  0.001444  0.002684  0.000009
1556  0.027846  -0.006780  0.000821
1557  0.106028  0.115056  0.024480
1558  -0.019447  0.138728  0.019624
1559  -0.002187  0.111602  0.012460
1560  -0.056824  -0.016355  0.003496
1561  -0.050559  -0.009175  0.002640
1562  -0.032845  -0.015136  0.001308
1563  -0.059799  0.014337  0.003782
1564  0.032202  0.072505  0.006294
1565  -0.141371  0.042071  0.021756
1566  0.034166  -0.075644  0.006889
1567  0.003208  -0.094942  0.009024
1568  -0.052740  0.084687  0.009953
1569  -0.007662  -0.043844  0.001981
1570  -0.036826  -0.079632  0.007697
1571  0.045985  -0.077684  0.008149
1572  0.107917  0.021106  0.012092
1573  0.036147  0.034182  0.002475
1574  0.029584  -0.040623  0.002525
1575  0.040266  0.018515  0.001964
1576  0.096130  0.045664  0.011326
1577  0.111436  0.051994  0.015121
1578  0.033382  0.044495  0.003094
1579  0.060467  0.006083  0.003693
1580  0.155070  -0.071210  0.029118
1581  0.087427  -0.023063  0.008175
1582  0.065484  -0.013169  0.004462
1583  0.132783  -0.018031  0.017956
1584  0.030105  0.041815  0.002655
1585  -0.116487  0.021014  0.014011
1586  0.010934  0.020974  0.000559
1587  0.031067  0.092501  0.009522
1588  0.002015  0.013222  0.000179
1589  -0.020253  0.076649  0.006285
1590  -0.046307  -0.052375  0.004887
1591  0.086703  0.000796  0.007518
1592  -0.035135  -0.030515  0.002166
1593  0.234621  0.081898  0.061754
1594  -0.020448  -0.020540  0.000840
1595  -0.001321  0.114820  0.013185
1596  -0.066405  -0.011051  0.004532
1597  -0.078366  0.020096  0.006545
1598  -0.006651  0.065461  0.004329
1599  0.024039  0.081395  0.007203
1600  -0.024836  0.050617  0.003179
1601  0.013321  0.049594  0.002637
1602  -0.080666  0.099389  0.016385
1603  0.129411  -0.192861  0.053942
1604  -0.165790  -0.032288  0.028529
1605  0.138569  -0.101668  0.029538
1606  -0.003221  0.127264  0.016207
1607  0.047937  -0.043976  0.004232
1608  -0.018629  -0.137752  0.019323
1609  0.156420  0.187986  0.059806
1610  -0.028943  0.158153  0.025850
1611  -0.149848  -0.104142  0.033300
1612  -0.111490  -0.181490  0.045369
1613  0.136927  0.035089  0.019980
1614  0.108664  0.069674  0.016662
1615  -0.065450  -0.093361  0.013000
1616  -0.043845  0.036108  0.003226
1617  0.215890  -0.031389  0.047594
1618  -0.081127  0.075179  0.012234
1619  0.073777  -0.023364  0.005989
1620  0.047490  -0.039801  0.003839
1621  0.063235  -0.097025  0.013412
1622  0.095778  0.125473  0.024917
1623  -0.002267  -0.131182  0.017214
1624  0.012663  0.206856  0.042950
1625  0.024312  -0.046704  0.002772
1626  0.067254  0.179910  0.036891
1627  0.077321  -0.038868  0.007489
1628  0.019306  0.180619  0.032996
1629  0.101945  -0.088880  0.018292
1630  0.090966  0.021986  0.008758
1631  0.102931  -0.155769  0.034859
1632  0.098847  -0.017645  0.010082
1633  -0.067604  0.095655  0.013720
1634  -0.112363  -0.112116  0.025195
1635  -0.087121  -0.165169  0.034871
1636  0.034390  0.225879  0.052204
1637  0.106915  0.199622  0.051280
1638  0.009875  -0.020804  0.000530
1639  -0.016591  -0.129930  0.017157
1640  -0.010863  0.095630  0.009263
1641  0.081385  0.054989  0.009647
1642  0.052512  0.020217  0.003166
1643  0.187476  0.175711  0.066022
1644  0.188552  0.079795  0.041919
1645  0.162990  0.011595  0.026700
1646  -0.011980  0.063443  0.004169
1647  0.115176  -0.036034  0.014564
1648  -0.001970  0.048877  0.002393
1649  0.177141  -0.043529  0.033274
1650  0.013329  0.066145  0.004553
1651  -0.130123  -0.266513  0.087961
1652  0.018409  0.117979  0.014258
1653  -0.231273  -0.055086  0.056522
1654  0.078610  0.002184  0.006184
1655  -0.190943  0.182732  0.069850
1656  -0.147262  -0.000513  0.021686
1657  -0.233950  -0.270804  0.128068
1658  0.096933  0.001040  0.009397
1659  0.199118  0.388858  0.190859
1660  0.034354  0.139700  0.020696
1661  0.192587  0.027838  0.037865
1662  0.037940  0.056477  0.004629
1663  -0.084886  0.020120  0.007610
1664  0.230195  0.319636  0.155157
1665  -0.098440  0.094430  0.018607
1666  0.017543  0.140584  0.020072
1667  -0.081008  -0.031986  0.007586
1668  -0.055927  0.058329  0.006530
1669  0.309460  -0.105988  0.106999
1670  0.065448  0.377177  0.146546
1671  0.153105  -0.047999  0.025745
1672  0.081986  0.172427  0.036453
1673  -0.058881  0.081113  0.010046
1674  -0.239582  0.012265  0.057550
1675  0.001653  -0.267287  0.071445
1676  -0.026712  0.050591  0.003273
1677  0.125693  -0.397305  0.173650
1678  -0.151252  0.273668  0.097771
1679  0.073762  -0.004839  0.005464
1680  0.154441  -0.072878  0.029163
1681  0.078756  -0.011469  0.006334
1682  -0.301052  0.081363  0.097252
1683  -0.047533  -0.180641  0.034891
1684  0.230308  0.231219  0.106504
1685  -0.273826  0.111134  0.087331
1686  -0.071313  0.050937  0.007680
1687  0.255979  0.288565  0.148795
1688  -0.143824  0.020002  0.021085
1689  0.062316  0.101705  0.014227
1690  0.021213  -0.392322  0.154366
1691  0.140676  0.353440  0.144710
1692  -0.075048  0.104598  0.016573
1693  -0.345132  -0.013295  0.119293
1694  0.109084  -0.184706  0.046016
1695  -0.037009  -0.051602  0.004032
1696  -0.147505  -0.171875  0.051299
1697  0.212075  0.363636  0.177207
1698  -0.125132  -0.099437  0.025546
1699  0.159068  0.095977  0.034514
1700  0.020687  -0.240677  0.058353
1701  -0.014166  0.195870  0.038566
1702  -0.446582  0.064099  0.203544
1703  -0.028339  -0.040406  0.002436
1704  -0.113534  -0.177116  0.044260
1705  0.070409  0.267731  0.076637
1706  -0.013654  0.069320  0.004992
1707  0.112742  0.144614  0.033624
1708  0.242036  -0.154287  0.082386
1709  -0.077039  0.314977  0.105146
1710  0.293634  -0.182684  0.119595
1711  -0.387729  -0.448996  0.351931
1712  -0.018805  0.064034  0.004454
1713  -0.067677  0.562348  0.320815
1714  0.233526  -0.189629  0.090494
1715  0.064602  0.003072  0.004183
1716  -0.238019  0.068352  0.061325
1717  -0.132829  -0.187187  0.052683
1718  0.402071  0.287737  0.244454
1719  0.061011  -0.242179  0.062373
1720  0.260827  -0.046907  0.070231
1721  0.312441  0.358975  0.226482
1722  -0.078886  -0.302161  0.097524
1723  0.155448  0.029026  0.025006
1724  -0.247794  -0.047223  0.063632
1725  0.037832  -0.035557  0.002696
1726  -0.164033  0.203875  0.068472
1727  0.208495  0.040767  0.045132
1728  -0.058462  0.059028  0.006902
1729  0.133420  0.262284  0.086594
1730  0.190811  -0.010882  0.036527
1731  -0.134158  0.056615  0.021204
1732  0.222113  0.131142  0.066533
1733  0.268595  0.442405  0.267865
1734  0.026007  0.109433  0.012652
1735  -0.246330  0.207192  0.103607
1736  0.243801  0.445260  0.257696
1737  0.576139  0.258304  0.398657
1738  0.281533  0.118358  0.093270
1739  0.013558  -0.051865  0.002874
1740  0.292384  0.324007  0.190469
1741  -0.210309  -0.065412  0.048509
1742  0.408082  -0.022709  0.167047
1743  0.441267  0.074824  0.200315
1744  -0.435730  0.197089  0.228705
1745  -0.145302  -0.109746  0.033157
1746  -0.543793  -0.321435  0.399032
1747  0.150202  -0.068051  0.027192
1748  0.061306  -0.147737  0.025585
1749  0.896144  0.328188  0.910782
1750  -0.429798  0.467305  0.403101
1751  -0.072699  -0.630537  0.402862
1752  -0.308835  -0.489726  0.335210
1753  0.117727  0.219692  0.062124
1754  0.239536  0.126145  0.073290
1755  0.488928  -0.405947  0.403844
1756  0.121119  0.133599  0.032519
1757  0.084204  0.069631  0.011939
1758  -0.103719  0.163758  0.037574
1759  0.201982  -0.069922  0.045686
1760  0.370720  -0.621744  0.523999
1761  0.008783  -0.087398  0.007716
1762  0.254339  0.161120  0.090648
1763  0.060183  0.394589  0.159322
1764  0.088706  0.379454  0.151854
1765  -0.171896  0.637135  0.435489
1766  0.104275  0.074497  0.016423
1767  -0.374958  -0.134492  0.158682
1768  -0.250859  0.458231  0.272906
1769  -0.072863  0.007650  0.005368
1770  0.035529  0.096110  0.010499
1771  0.077963  0.090329  0.014238
1772  0.252185  -0.315167  0.162927
1773  -0.366580  -0.787919  0.755197
1774  -0.015606  -0.407216  0.166068
1775  -0.200446  0.038669  0.041674
1776  0.122954  0.139124  0.034473
1777  0.004507  0.402936  0.162378
1778  -0.189674  0.429783  0.220690
1779  -0.058873  0.195411  0.041651
1780  -0.266337  0.887997  0.859473
1781  0.592896  0.593705  0.704011
1782  -0.534017  -0.002991  0.285183
1783  -0.075551  0.602266  0.368433
1784  -0.113155  0.261354  0.081110
1785  0.098390  -0.068270  0.014341
1786  0.470947  -0.520475  0.492685
1787  -0.111793  0.613336  0.388678
1788  -0.170189  -0.359391  0.158126
1789  0.684089  0.454992  0.674996
1790  -0.144584  0.224836  0.071456
1791  0.071041  -0.094607  0.013997
1792  0.101850  0.252226  0.073991
1793  0.187141  -0.391346  0.188173
1794  0.062440  0.706316  0.502782
1795  0.053249  0.010088  0.002937
1796  -0.349239  -0.172237  0.151634
1797  -0.436179  -0.198778  0.229764
1798  0.402167  -0.079565  0.168069
1799  0.223128  -0.191956  0.086633
1800  0.051164  -0.247718  0.063982
1801  0.198301  0.039660  0.040896
1802  -0.566667  0.204024  0.362737
1803  -0.075305  -0.078756  0.011873
1804  0.125211  -0.202810  0.056810
1805  0.691309  0.548046  0.778262
1806  0.032917  -0.113119  0.013879
1807  0.366349  0.135544  0.152584
1808  0.118286  0.381514  0.159544
1809  -0.128428  0.205692  0.058803
1810  -0.238272  -0.568503  0.379969
1811  -0.603780  0.246787  0.425454
1812  0.329918  -0.476034  0.335455
1813  -0.053039  0.379710  0.146993
1814  -0.236923  0.197203  0.095021
1815  -0.291411  1.056880  1.201915
1816  -0.575823  -0.212987  0.376936
1817  -0.159781  -0.430194  0.210597
1818  -0.324307  -0.217127  0.152319
1819  -0.082044  0.304932  0.099715
1820  -0.062225  -0.055747  0.006980
1821  -0.304998  -0.097866  0.102602
1822  -0.834510  0.468012  0.915441
1823  0.534065  -0.480159  0.515778
1824  -0.037168  0.645970  0.418659
1825  0.300952  -0.064246  0.094700
1826  -0.375329  0.198473  0.180263
1827  -0.109749  0.324960  0.117644
1828  -0.270639  0.187737  0.108491
1829  0.377822  -0.034027  0.143907
1830  -0.209752  -0.308564  0.139208
1831  -0.082060  -0.722623  0.528918
1832  -0.472128  0.691660  0.701298
1833  -0.519594  -0.349953  0.392445
1834  -0.558868  -0.136581  0.330988
1835  0.003829  -0.586461  0.343951
1836  0.089407  0.129148  0.024673
1837  -0.463627  0.555573  0.523611
1838  0.068738  -0.176089  0.035732
1839  0.060251  -0.263775  0.073208
1840  -0.285695  0.007192  0.081673
1841  -0.275441  -0.250440  0.138588
1842  -0.166999  0.534035  0.313082
1843  0.168412  0.442718  0.224362
1844  0.749931  -0.186058  0.597014
1845  0.584421  0.492273  0.583881
1846  0.492211  -0.373887  0.382063
1847  -0.602596  0.265752  0.433746
1848  -0.283404  -0.917163  0.921506
1849  0.120431  -0.126063  0.030396
1850  0.268439  0.048770  0.074438
1851  -0.340482  0.793590  0.745713
1852  -0.355990  -0.091519  0.135104
1853  0.048842  0.096825  0.011761
1854  -0.132459  0.776703  0.620812
1855  -0.101487  0.525728  0.286690
1856  -0.334672  -0.318028  0.213147
1857  -0.411457  0.884482  0.951606
1858  -0.273759  -0.510982  0.336047
1859  0.217427  1.237326  1.578250
1860  0.035756  0.225983  0.052347
1861  -0.116959  0.980424  0.974911
1862  0.174779  -0.310989  0.127262
1863  0.091746  -0.476049  0.235040
1864  -0.324739  -0.315161  0.204782
1865  -0.229105  0.716794  0.566282
1866  -0.151784  0.045707  0.025128
1867  -0.723185  -0.150214  0.545560
1868  -0.178967  0.241480  0.090342
1869  0.180562  0.035122  0.033836
1870  -0.333032  -0.539999  0.402509
1871  0.344566  -0.360682  0.248817
1872  0.424001  0.088972  0.187693
1873  0.593358  0.351243  0.475446
1874  -0.818578  0.153422  0.693609
1875  -0.240144  0.071259  0.062747
1876  -0.574686  -0.782162  0.942040
1877  0.446323  -0.347048  0.319646
1878  0.259096  -0.061201  0.070876
1879  0.227076  -0.019436  0.051942
1880  -0.040101  0.015913  0.001861
1881  0.015316  -0.163061  0.026823
1882  0.192550  0.174545  0.067541
1883  0.993589  -0.295478  1.074526
1884  -0.042326  -0.341034  0.118095
1885  0.211207  0.117605  0.058439
1886  0.561621  -0.454978  0.522423
1887  0.369686  -0.667980  0.582865
1888  0.391945  -0.115655  0.166997
1889  0.895668  -0.096058  0.811448
1890  -0.488130  -0.486857  0.475301
1891  0.256929  0.220976  0.114843
1892  -0.076854  0.607983  0.375549
1893  0.910417  -0.242983  0.887901
1894  0.223287  0.140489  0.069594
1895  0.399372  -0.054234  0.162439
1896  -0.764479  -0.487099  0.821693
1897  -0.224113  -0.191364  0.086847
1898  -0.216203  0.520989  0.318173
1899  -0.138159  0.067722  0.023674
1900  0.125341  -0.670078  0.464716
1901  -0.791501  -0.922382  1.477262
1902  1.245247  -0.119025  1.564808
1903  -0.238220  -0.298739  0.145994
1904  -0.175935  -0.217350  0.078194
1905  0.318382  0.202568  0.142401
1906  0.603419  -0.460019  0.575733
1907  -0.352395  0.277422  0.201145
1908  -1.060319  -0.300219  1.214408
1909  0.034082  0.110339  0.013336
1910  -0.552856  -0.768556  0.896329
1911  0.934549  0.292060  0.958681
1912  -0.546824  0.057933  0.302373
1913  -0.440422  0.225604  0.244868
1914  0.007240  0.742280  0.551031
1915  0.253398  -0.314130  0.162888
1916  0.135492  -1.060096  1.142163
1917  -0.146377  0.135900  0.039895
1918  1.022739  0.195550  1.084235
1919  0.566501  -0.746269  0.877840
1920  -0.893261  -0.284619  0.878923
1921  -0.148898  -0.117053  0.035872
1922  -0.743085  0.457891  0.761839
1923  0.119112  -0.547830  0.314305
1924  0.244849  0.002082  0.059955
1925  0.107389  0.162131  0.037819
1926  -0.010496  0.078377  0.006253
1927  -0.294835  -0.114864  0.100121
1928  0.183967  -0.229043  0.086304
1929  0.342621  0.676455  0.574981
1930  -0.228598  -0.154535  0.076138
1931  -0.718190  -0.494738  0.760562
1932  -0.126359  -0.781043  0.625995
1933  -0.079546  0.335817  0.119101
1934  0.503867  0.125207  0.269558
1935  0.113435  -0.238393  0.069699
1936  -0.085456  -0.799375  0.646304
1937  -0.059784  -0.171137  0.032862
1938  0.211271  0.156029  0.068981
1939  0.016354  0.018875  0.000624
1940  -0.114043  -0.105999  0.024242
1941  0.456494  -0.576449  0.540680
1942  0.363457  -0.129861  0.148965
1943  0.168637  -0.047082  0.030655
1944  0.582576  0.156189  0.363790
1945  0.386521  -0.696793  0.634918
1946  0.569942  0.865450  1.073838
1947  -0.627485  0.244753  0.453642
1948  -0.659024  0.105432  0.445428
1949  0.257095  0.769649  0.658458
1950  0.298022  -0.196269  0.127339
1951  0.090068  0.142732  0.028485
1952  0.280282  0.644498  0.493935
1953  -0.245924  0.093461  0.069213
1954  0.014775  -0.558875  0.312560
1955  0.587356  -0.774091  0.944203
1956  0.046128  -0.088537  0.009967
1957  -0.046198  -0.335838  0.114922
1958  -0.125984  0.213852  0.061605
1959  -0.112812  -0.235661  0.068263
1960  -0.136975  0.539064  0.309352
1961  -0.262845  -0.268281  0.141062
1962  0.087542  -0.238699  0.064641
1963  0.022942  -0.441528  0.195473
1964  -0.252149  -1.352484  1.892792
1965  0.304834  -0.017216  0.093220
1966  0.019519  0.135403  0.018715
1967  -0.118550  0.542160  0.307991
1968  -0.370242  -0.333802  0.248503
1969  0.108787  0.244421  0.071576
1970  0.065642  0.673468  0.457868
1971  0.198752  0.130841  0.056622
1972  0.079478  0.326088  0.112650
1973  0.086551  0.346048  0.127240
1974  -0.299093  -0.000072  0.089456
1975  0.160695  -0.516588  0.292686
1976  -0.177580  -0.663699  0.472031
1977  0.689921  0.490988  0.717060
1978  -0.007425  0.551123  0.303792
1979  -0.120903  0.098359  0.024292
1980  -0.042229  0.181561  0.034748
1981  0.060260  -0.071794  0.008786
1982  -0.016440  0.317584  0.101130
1983  0.176975  -0.019769  0.031711
1984  0.227087  -0.029272  0.052426
1985  0.541410  -0.423053  0.472098
1986  0.080033  -0.080605  0.012903
1987  0.374204  0.377785  0.282750
1988  -0.197452  -0.105204  0.050055
1989  0.303113  -0.033594  0.093006
1990  0.557660  0.112666  0.323678
1991  0.560512  0.017299  0.314473
1992  -0.065071  0.509722  0.264051
1993  -0.184104  -0.381863  0.179714
1994  0.013913  -0.507106  0.257351
1995  -0.048254  0.348851  0.124025
1996  -0.193560  -0.155665  0.061697
1997  -0.468992  -0.476693  0.447190
1998  0.326425  -0.135317  0.124864
1999  -0.083739  0.233211  0.061400
2000  -0.688878  -0.209948  0.518631
2001  0.306453  -0.020038  0.094315
2002  -0.013198  -0.041734  0.001916
2003  0.891803  -0.298555  0.884447
2004  -0.167529  -0.637504  0.434478
2005  -0.430217  -0.016917  0.185373
2006  0.149543  0.548824  0.323571
2007  -0.125170  0.167808  0.043827
2008  -0.350807  0.304855  0.216002
2009  0.144461  0.110551  0.033090
2010  0.012921  -0.125912  0.016021
2011  -0.117899  0.160510  0.039663
2012  0.123739  -0.150524  0.037969
2013  0.038291  -0.132666  0.019067
2014  -0.068379  0.157546  0.029496
2015  0.024973  0.815690  0.665974
2016  0.010637  0.343326  0.117986
2017  0.026205  -0.563373  0.318076
2018  0.362858  0.006972  0.131715
2019  -0.213295  0.656163  0.476044
2020  0.136270  0.472701  0.242015
2021  -0.115490  0.306652  0.107373
2022  0.330292  0.142702  0.129457
2023  0.452212  -0.092743  0.213097
2024  -0.071675  0.065455  0.009422
2025  -0.138728  -0.252419  0.082961
2026  -0.214855  -0.105690  0.057333
2027  -0.293035  -0.352578  0.210181
2028  0.002856  -0.182369  0.033267
2029  0.241581  0.020963  0.058801
2030  0.010496  -0.089523  0.008125
2031  -0.221415  -0.472822  0.272585
2032  -0.500652  -0.078908  0.256879
2033  0.064173  0.326644  0.110815
2034  0.133568  0.081387  0.024464
2035  0.297631  -0.098275  0.098242
2036  -0.401829  -0.011657  0.161602
2037  -0.201317  -0.244869  0.100489
2038  -0.428846  0.065611  0.188214
2039  -0.047844  0.278414  0.079803
2040  0.059872  0.093400  0.012308
2041  -0.496296  0.198734  0.285805
2042  -0.292115  0.216237  0.132090
2043  -0.034944  0.163397  0.027920
2044  -0.158581  0.041448  0.026866
2045  0.085766  -0.152942  0.030747
2046  0.095768  -0.040692  0.010827
2047  -0.068943  0.195584  0.043006
