0  -0.113246  0.844066  0.725272
1  0.446565  0.238605  0.256352
2  -0.303736  0.856747  0.826271
3  0.079298  -0.240782  0.064264
4  -0.056095  0.467330  0.221544
5  -0.917843  1.245873  2.394635
6  -0.590702  -0.120272  0.363394
7  -0.481683  -1.281509  1.874284
8  0.790385  0.212442  0.669840
9  -0.449102  -0.081449  0.208326
10  -0.335286  0.669492  0.560636
11  -0.424716  0.080293  0.186831
12  -1.002736  -0.724080  1.529771
13  0.636883  0.196420  0.444201
14  0.561669  -0.238819  0.372507
15  0.451053  -0.675261  0.659426
16  -0.151395  -0.096636  0.032259
17  -0.503699  -0.723375  0.776984
18  0.344681  0.109451  0.130785
19  0.227998  0.004708  0.052005
20  0.091894  0.138643  0.027666
21  0.273006  0.524195  0.349313
22  -0.408255  -0.005648  0.166704
23  0.157298  -0.323845  0.129618
24  -0.296834  -0.131093  0.105296
25  -0.424404  0.164883  0.207305
26  -1.156483  -0.337957  1.451667
27  0.313701  0.293268  0.184414
28  -0.771717  -0.342980  0.713183
29  0.357051  0.432176  0.314262
30  0.391759  -0.589369  0.500830
31  0.063783  -0.178253  0.035842
32  -0.856443  0.454938  0.940463
33  0.007488  -0.208578  0.043561
34  0.568701  -0.394581  0.479115
35  0.589773  0.268199  0.419763
36  -0.053942  -1.055751  1.117519
37  -0.685493  0.362042  0.600975
38  -0.315961  -0.136834  0.118555
39  -0.022925  0.154456  0.024382
40  0.061297  0.014215  0.003959
41  0.434832  0.145225  0.210169
42  -0.856339  0.325493  0.839262
43  -0.105423  -0.340656  0.127161
44  -0.031436  -0.292910  0.086785
45  0.018293  -0.155477  0.024508
46  0.458216  -0.111769  0.222454
47  -0.717377  0.375717  0.655793
48  -0.455035  -0.216155  0.253780
49  0.230668  -0.117256  0.066956
50  0.499401  -0.371594  0.387484
51  -0.044382  0.460297  0.213843
52  -0.110683  -0.463374  0.226966
53  -0.257685  0.418725  0.241732
54  0.152464  0.003046  0.023255
55  0.183179  0.435198  0.222952
56  0.019673  0.089941  0.008476
57  0.059661  0.584733  0.345472
58  -0.306518  -0.366175  0.228038
59  0.076887  0.505894  0.261841
60  0.925887  -0.163055  0.883853
61  0.037369  0.167360  0.029406
62  -0.593511  -0.058057  0.355626
63  -0.036862  -0.361296  0.131893
64  0.221146  -0.332253  0.159298
65  0.250216  -0.298862  0.151926
66  0.204843  0.529984  0.322844
67  -0.113943  -0.020032  0.013384
68  0.308013  0.046013  0.096989
69  -0.037388  -0.105057  0.012435
70  0.365337  -0.370058  0.270414
71  -0.586700  0.025246  0.344855
72  -0.412203  0.567754  0.492256
73  -0.024022  0.656051  0.430981
74  0.693420  -0.341769  0.597637
75  -0.016670  -0.045099  0.002312
76  -0.403563  0.243721  0.222263
77  0.542012  0.167668  0.321890
78  -0.052792  0.249569  0.065072
79  -0.489063  0.448097  0.439973
80  0.182841  -0.233710  0.088051
81  0.714558  -0.345051  0.629654
82  0.186895  -0.029128  0.035778
83  0.085565  0.346721  0.127537
84  -0.157256  0.180625  0.057355
85  -0.619052  -0.895088  1.184408
86  0.266688  0.662828  0.510463
87  -0.280532  0.543244  0.373811
88  0.211574  0.113714  0.057694
89  -0.052910  0.266471  0.073806
90  -0.888024  0.202127  0.829441
91  0.018243  0.104992  0.011356
92  -0.127253  -0.655494  0.445865
93  0.303754  -0.145039  0.113303
94  -0.112685  -0.272787  0.087110
95  0.358821  -0.170614  0.157862
96  -0.079941  0.041005  0.008072
97  0.044693  0.079470  0.008313
98  0.545524  -0.086190  0.305025
99  0.058850  -0.046703  0.005645
100  -0.068042  0.065101  0.008868
101  -0.058347  -0.720266  0.522188
102  0.228550  -0.430875  0.237888
103  -0.092659  -0.168861  0.037100
104  0.279161  -0.044225  0.079887
105  0.125243  -0.063442  0.019711
106  0.813197  -0.229462  0.713943
107  -0.411811  -0.073103  0.174932
108  0.082457  -0.089812  0.014865
109  -0.297064  0.431263  0.274234
110  0.144705  0.467086  0.239109
111  0.248967  -0.336665  0.175328
112  0.143963  -0.476084  0.247381
113  -0.020661  0.062342  0.004313
114  0.071602  -0.322167  0.108919
115  -0.418921  -0.135441  0.193839
116  -0.022317  0.185662  0.034969
117  0.509685  -0.099592  0.269698
118  0.170856  0.419111  0.204845
119  0.051226  0.373933  0.142450
120  0.317085  -0.291277  0.185385
121  -0.069351  0.205234  0.046930
122  -0.041608  0.447237  0.201752
123  -0.407610  -0.172627  0.195946
124  -0.252566  0.235603  0.119298
125  -0.041482  0.230597  0.054896
126  0.029519  -0.295492  0.088187
127  -0.009954  0.109549  0.012100
128  -0.030806  -0.241197  0.059125
129  -0.481814  -0.664924  0.674269
130  -0.410652  0.309129  0.264196
131  -0.191473  0.555175  0.344881
132  -0.609796  -0.043496  0.373743
133  0.090469  0.097577  0.017706
134  0.009273  0.233680  0.054692
135  0.295633  0.306792  0.181520
136  0.124355  0.068461  0.020151
137  0.105422  -0.073444  0.016508
138  -0.245731  0.142170  0.080596
139  -0.035807  -0.255143  0.066380
140  0.508456  0.207691  0.301664
141  -0.205246  0.424564  0.222381
142  0.012032  0.495978  0.246139
143  -0.117941  -0.471584  0.236302
144  0.152085  -0.366327  0.157325
145  -0.615830  0.136308  0.397827
146  0.107916  -0.003143  0.011656
147  0.407767  0.271258  0.239855
148  0.200588  0.056313  0.043407
149  0.009101  -0.111918  0.012609
150  0.112009  0.120539  0.027076
151  0.294430  -0.227980  0.138664
152  0.201054  0.079399  0.046727
153  -0.069330  0.041963  0.006568
154  0.188483  -0.171650  0.064990
155  -0.377214  0.221767  0.191471
156  0.093897  -0.066331  0.013216
157  0.450311  -0.017754  0.203096
158  -0.028471  0.197418  0.039784
159  -0.146359  0.079921  0.027808
160  -0.188813  0.151986  0.058750
161  0.066816  0.254995  0.069487
162  0.235312  -0.392187  0.209182
163  -0.250386  0.002079  0.062697
164  0.112365  -0.292467  0.098163
165  -0.074378  0.364535  0.138418
166  -0.277976  -0.070668  0.082265
167  -0.021956  0.008965  0.000562
168  0.203235  -0.073715  0.046738
169  0.009881  -0.170050  0.029015
170  0.314485  0.104940  0.109913
171  0.029546  0.427128  0.183312
172  0.058083  -0.114814  0.016556
173  0.020319  -0.025068  0.001041
174  0.202762  -0.204782  0.083048
175  -0.040475  0.012001  0.001782
176  0.239001  0.082780  0.063974
177  -0.059261  -0.199601  0.043352
178  -0.145892  -0.264125  0.091047
179  0.040437  -0.323886  0.106537
180  -0.178580  -0.028204  0.032686
181  -0.311795  0.012761  0.097379
182  -0.037771  0.033622  0.002557
183  0.218730  0.178951  0.079866
184  0.098538  0.189707  0.045698
185  0.206725  -0.005042  0.042761
186  -0.057322  0.375106  0.143990
187  -0.083122  0.287457  0.089541
188  -0.193562  0.201570  0.078097
189  0.244700  0.183763  0.093647
190  -0.037167  -0.359356  0.130518
191  -0.121987  -0.230167  0.067857
192  -0.110337  0.094071  0.021024
193  0.323088  0.182260  0.137605
194  0.156876  0.155690  0.048850
195  0.127407  -0.153332  0.039743
196  -0.075289  -0.009341  0.005756
197  -0.024418  -0.161768  0.026765
198  -0.073813  0.085178  0.012704
199  0.358477  -0.138453  0.147675
200  0.008052  -0.117173  0.013794
201  -0.238144  0.008023  0.056777
202  0.066780  -0.261914  0.073059
203  0.025978  -0.085363  0.007962
204  -0.368820  0.214892  0.182207
205  0.337834  0.048374  0.116472
206  -0.139307  -0.167036  0.047308
207  0.008174  0.041113  0.001757
208  -0.082065  0.126486  0.022733
209  0.079255  0.317204  0.106900
210  -0.150710  0.160396  0.048440
211  0.025129  0.226889  0.052110
212  0.026018  0.012558  0.000835
213  0.064760  0.206372  0.046783
214  0.149107  0.080111  0.028651
215  -0.084767  0.204933  0.049183
216  0.179796  -0.018833  0.032681
217  0.148078  -0.248565  0.083712
218  0.196946  -0.226442  0.090064
219  -0.188080  -0.134377  0.053431
220  0.060321  0.214132  0.049491
221  0.125793  0.011283  0.015951
222  0.016184  0.012245  0.000412
223  0.110928  -0.043628  0.014208
224  -0.125331  -0.075633  0.021428
225  -0.211542  -0.050911  0.047342
226  -0.110540  -0.047691  0.014493
227  -0.104945  0.053204  0.013844
228  0.087615  0.007819  0.007738
229  0.029678  -0.009785  0.000977
230  0.071778  -0.146419  0.026591
231  -0.287506  -0.164584  0.109748
232  -0.133085  0.148464  0.039753
233  -0.052885  -0.064345  0.006937
234  0.150223  0.131082  0.039749
235  0.117793  0.069592  0.018718
236  -0.053450  0.179598  0.035112
237  0.202209  -0.053544  0.043756
238  0.062206  -0.071008  0.008912
239  -0.033662  -0.126085  0.017031
240  -0.138557  -0.122867  0.034294
241  0.099352  -0.065351  0.014142
242  0.153132  -0.211462  0.068166
243  -0.043518  -0.065649  0.006204
244  -0.166066  -0.112084  0.040141
245  -0.073056  -0.033680  0.006472
246  0.066199  0.108363  0.016125
247  -0.124879  0.143485  0.036183
248  -0.027197  0.061500  0.004522
249  0.116314  0.066466  0.017947
250  0.083781  -0.041967  0.008780
251  0.139007  0.027547  0.020082
252  0.048319  -0.086562  0.009828
253  -0.004881  -0.082589  0.006845
254  0.239890  0.060638  0.061224
255  -0.134364  -0.047432  0.020303
256  -0.017320  0.100182  0.010336
257  0.081785  -0.023127  0.007224
258  -0.035712  -0.256085  0.066855
259  0.036209  0.013906  0.001504
260  0.070630  0.015666  0.005234
261  -0.072281  -0.108816  0.017065
262  0.091488  -0.095351  0.017462
263  0.056496  -0.222872  0.052864
264  0.044033  0.240300  0.059683
265  -0.004093  0.039775  0.001599
266  -0.182025  -0.012366  0.033286
267  0.007667  0.089566  0.008081
268  0.056232  0.037091  0.004538
269  0.035528  0.131204  0.018477
270  -0.236004  -0.081140  0.062282
271  0.051707  -0.128809  0.019265
272  0.004945  -0.040344  0.001652
273  -0.078748  0.084852  0.013401
274  0.107719  -0.022275  0.012099
275  -0.099759  -0.088760  0.017830
276  0.102936  -0.063765  0.014662
277  -0.053235  0.048516  0.005188
278  -0.156375  -0.005112  0.024479
279  -0.012580  0.091504  0.008531
280  -0.206401  -0.109707  0.054637
281  -0.146233  0.124465  0.036876
282  0.011485  0.107186  0.011621
283  0.029038  0.094178  0.009713
284  -0.008454  -0.099695  0.010011
285  0.047198  0.124502  0.017728
286  -0.068933  -0.011273  0.004879
287  -0.008915  0.028590  0.000897
288  0.024373  0.144721  0.021538
289  0.023415  0.052223  0.003275
290  0.045081  0.042471  0.003836
291  -0.025427  0.048929  0.003041
292  0.145174  0.084379  0.028195
293  0.031661  0.011242  0.001129
294  -0.009025  -0.008061  0.000146
295  0.065460  -0.036037  0.005584
296  -0.001197  -0.003973  0.000017
297  0.008803  0.009800  0.000174
298  0.044448  -0.041310  0.003682
299  -0.007393  -0.065608  0.004359
300  -0.066633  0.098497  0.014142
301  -0.065876  -0.066058  0.008703
302  -0.027386  -0.024128  0.001332
303  0.047488  -0.069381  0.007069
304  -0.016014  -0.152152  0.023407
305  -0.000120  -0.004362  0.000019
306  0.037542  0.213576  0.047024
307  -0.026017  -0.032753  0.001750
308  0.035907  0.057532  0.004599
309  0.046033  -0.087547  0.009783
310  0.022375  -0.040069  0.002106
311  -0.036985  0.048438  0.003714
312  0.063187  -0.163776  0.030815
313  -0.003793  -0.092128  0.008502
314  0.050804  -0.079161  0.008848
315  -0.017310  0.023258  0.000841
316  -0.034652  -0.017286  0.001500
317  0.062125  -0.082408  0.010651
318  -0.039196  0.025677  0.002196
319  -0.106775  0.116223  0.024909
320  0.077887  -0.006738  0.006112
321  0.009803  0.054006  0.003013
322  -0.033023  0.007211  0.001142
323  0.038882  0.042954  0.003357
324  0.056748  0.036335  0.004541
325  -0.152775  0.022832  0.023862
326  0.076081  -0.017993  0.006112
327  0.057914  -0.127944  0.019724
328  0.039248  0.117487  0.015344
329  0.023653  -0.064191  0.004680
330  -0.083533  0.000748  0.006978
331  0.029707  -0.016577  0.001157
332  0.048272  0.001306  0.002332
333  -0.098574  0.077127  0.015665
334  -0.027972  0.107601  0.012360
335  -0.008983  0.057176  0.003350
336  0.018247  -0.028506  0.001146
337  -0.033094  0.028203  0.001891
338  0.032659  0.030522  0.001998
339  0.036929  0.035066  0.002593
340  -0.052818  -0.057182  0.006059
341  -0.002153  -0.042756  0.001833
342  0.019054  -0.044434  0.002337
343  -0.022453  -0.002869  0.000512
344  -0.056736  -0.014916  0.003441
345  0.009282  0.103878  0.010877
346  -0.002604  0.048882  0.002396
347  -0.009787  -0.050121  0.002608
348  -0.061092  0.015700  0.003979
349  -0.089138  -0.007227  0.007998
350  0.034205  -0.016997  0.001459
351  -0.012593  -0.014123  0.000358
352  -0.062447  -0.003850  0.003914
353  -0.027187  0.076004  0.006516
354  -0.081362  0.051738  0.009297
355  -0.037838  0.033110  0.002528
356  0.017889  0.026013  0.000997
357  -0.023024  -0.011773  0.000669
358  0.041793  0.075540  0.007453
359  -0.018756  0.074001  0.005828
360  -0.033053  0.070951  0.006127
361  0.088065  -0.036735  0.009105
362  -0.015444  -0.073826  0.005689
363  0.002594  -0.009519  0.000097
364  -0.051777  0.040281  0.004303
365  0.031582  -0.006932  0.001046
366  -0.024083  0.028947  0.001418
367  0.028650  -0.072764  0.006115
368  0.003459  -0.070676  0.005007
369  -0.000842  0.023711  0.000563
370  0.015606  0.050874  0.002832
371  -0.047242  -0.008027  0.002296
372  -0.003256  0.025111  0.000641
373  -0.008656  -0.015117  0.000303
374  0.093347  0.020365  0.009128
375  0.032384  0.025468  0.001697
376  0.050285  -0.069597  0.007372
377  0.012298  -0.006151  0.000189
378  0.031921  0.002923  0.001027
379  0.048022  0.069115  0.007083
380  0.013950  -0.006593  0.000238
381  -0.025428  0.043017  0.002497
382  -0.025352  -0.005439  0.000672
383  -0.017650  -0.022180  0.000803
384  0.039494  0.030506  0.002490
385  0.029386  -0.012330  0.001016
386  -0.033871  -0.068976  0.005905
387  0.007362  -0.022322  0.000552
388  -0.036806  0.064109  0.005465
389  -0.004932  0.011740  0.000162
390  -0.039333  0.010279  0.001653
391  -0.033221  0.053775  0.003995
392  -0.010308  -0.009223  0.000191
393  -0.035002  -0.015527  0.001466
394  -0.036790  -0.053795  0.004247
395  -0.037900  0.012920  0.001603
396  -0.068184  0.060009  0.008250
397  0.024791  0.003169  0.000625
398  -0.062349  -0.021797  0.004362
399  -0.098189  0.053179  0.012469
400  0.003260  0.010233  0.000115
401  -0.021437  0.067935  0.005075
402  -0.030743  0.045068  0.002976
403  0.004912  0.025025  0.000650
404  -0.056211  0.067552  0.007723
405  -0.011799  0.065588  0.004441
406  0.010547  -0.076259  0.005927
407  0.022456  0.005985  0.000540
408  0.051995  -0.009062  0.002786
409  -0.003127  0.029564  0.000884
410  -0.065502  -0.027673  0.005056
411  -0.084935  -0.073820  0.012663
412  -0.007287  0.014518  0.000264
413  -0.026242  0.060690  0.004372
414  0.025648  -0.043709  0.002568
415  -0.030346  0.002635  0.000928
416  -0.031458  -0.032036  0.002016
417  -0.006741  -0.021033  0.000488
418  -0.046951  0.031991  0.003228
419  -0.001671  -0.048307  0.002336
420  -0.054115  0.003050  0.002938
421  -0.016707  0.048086  0.002591
422  0.028251  0.056025  0.003937
423  0.015357  0.020613  0.000661
424  0.020996  0.003251  0.000451
425  -0.017392  0.010386  0.000410
426  0.030431  0.002566  0.000933
427  0.028056  0.032926  0.001871
428  -0.045500  -0.063915  0.006155
429  -0.000626  -0.001033  0.000001
430  -0.058168  0.061791  0.007202
431  0.088977  0.027928  0.008697
432  0.020805  0.041236  0.002133
433  0.028160  -0.027125  0.001529
434  -0.004286  0.002094  0.000023
435  0.027939  0.002750  0.000788
436  0.021229  0.065771  0.004776
437  -0.017212  0.017180  0.000591
438  0.002879  -0.039259  0.001550
439  0.073179  -0.052834  0.008147
440  -0.025210  0.002837  0.000644
441  -0.046094  0.009293  0.002211
442  -0.020246  -0.032393  0.001459
443  -0.037248  -0.020775  0.001819
444  -0.004998  0.027707  0.000793
445  0.015954  0.032315  0.001299
446  0.007745  0.039554  0.001625
447  -0.006750  0.004709  0.000068
448  0.023740  -0.015773  0.000812
449  0.001253  0.061736  0.003813
450  0.030460  -0.031909  0.001946
451  -0.023397  -0.065334  0.004816
452  0.024810  -0.091355  0.008961
453  0.001338  -0.011425  0.000132
454  -0.069514  -0.040998  0.006513
455  -0.035830  0.006045  0.001320
456  -0.010190  0.053093  0.002923
457  -0.055225  0.010524  0.003161
458  -0.008329  -0.023616  0.000627
459  -0.015929  -0.007850  0.000315
460  0.025087  0.033529  0.001754
461  0.009447  -0.019806  0.000482
462  -0.023594  0.018472  0.000898
463  -0.076128  -0.004844  0.005819
464  0.031228  -0.004839  0.000999
465  -0.011666  -0.026814  0.000855
466  -0.026138  0.027536  0.001441
467  0.018555  -0.021542  0.000808
468  -0.038010  -0.050101  0.003955
469  0.014564  -0.030268  0.001128
470  -0.006169  0.007152  0.000089
471  0.002102  -0.000238  0.000004
472  0.005271  -0.006950  0.000076
473  -0.048621  -0.036011  0.003661
474  -0.018412  -0.029890  0.001232
475  0.000983  0.010855  0.000119
476  -0.033325  -0.007129  0.001161
477  0.008316  0.016399  0.000338
478  0.041306  0.020121  0.002111
479  0.056893  0.073908  0.008699
480  0.028204  0.000412  0.000796
481  0.027187  0.003056  0.000748
482  0.015790  0.015181  0.000480
483  -0.031948  0.013137  0.001193
484  -0.039260  0.015565  0.001784
485  0.029897  0.030459  0.001822
486  0.038060  -0.006694  0.001493
487  -0.005537  -0.028846  0.000863
488  -0.050290  -0.043024  0.004380
489  -0.021445  -0.010760  0.000576
490  0.000500  -0.005949  0.000036
491  0.007766  -0.006351  0.000101
492  0.018428  0.002379  0.000345
493  -0.029201  0.021346  0.001308
494  -0.004908  0.013280  0.000200
495  -0.000865  -0.059988  0.003599
496  0.020304  -0.030133  0.001320
497  -0.038952  0.067004  0.006007
498  -0.000545  0.017127  0.000294
499  -0.023245  0.035284  0.001785
500  -0.035585  0.020030  0.001667
501  -0.003953  0.017282  0.000314
502  -0.033282  -0.022753  0.001625
503  0.056463  0.017297  0.003487
504  0.013421  0.029747  0.001065
505  -0.004153  -0.017657  0.000329
506  0.004396  -0.009473  0.000109
507  -0.018159  -0.012572  0.000488
508  -0.035177  0.011906  0.001379
509  -0.016371  0.012414  0.000422
510  -0.016467  0.035983  0.001566
511  0.026809  -0.027141  0.001455
512  0.062068  -0.013151  0.004025
513  -0.033629  0.005910  0.001166
514  -0.013140  -0.027501  0.000929
515  -0.008782  -0.025762  0.000741
516  0.066395  -0.043385  0.006291
517  -0.040628  -0.002253  0.001656
518  0.025437  0.003912  0.000662
519  -0.007397  0.024195  0.000640
520  0.000833  -0.014375  0.000207
521  0.003908  -0.000996  0.000016
522  0.038452  -0.018385  0.001817
523  0.033392  -0.010389  0.001223
524  -0.028980  -0.025860  0.001509
525  -0.014186  -0.005560  0.000232
526  0.020192  0.005172  0.000434
527  0.004422  -0.039669  0.001593
528  -0.027663  -0.040924  0.002440
529  -0.018412  0.004857  0.000363
530  0.009197  0.001595  0.000087
531  0.005735  0.025354  0.000676
532  -0.012181  -0.002995  0.000157
533  -0.002759  0.051185  0.002627
534  -0.006779  0.010375  0.000154
535  -0.043324  -0.003602  0.001890
536  0.002410  0.007443  0.000061
537  0.029325  0.022125  0.001349
538  -0.002397  -0.033862  0.001152
539  0.039306  0.001412  0.001547
540  -0.010498  -0.000917  0.000111
541  -0.009857  -0.042928  0.001940
542  0.024435  0.000555  0.000597
543  -0.011879  -0.036312  0.001460
544  -0.040648  -0.039690  0.003228
545  0.030967  0.019317  0.001332
546  0.012620  0.045220  0.002204
547  -0.118739  0.052144  0.016818
548  0.010062  -0.041903  0.001857
549  -0.030796  -0.023702  0.001510
550  0.009179  0.014739  0.000301
551  0.039571  -0.002346  0.001571
552  0.005611  -0.064781  0.004228
553  -0.019129  -0.034240  0.001538
554  0.020303  0.023597  0.000969
555  -0.014290  0.062893  0.004160
556  -0.082821  0.024822  0.007475
557  0.018741  -0.047658  0.002622
558  -0.060463  -0.001230  0.003657
559  0.017057  0.044613  0.002281
560  0.019820  -0.011682  0.000529
561  -0.016440  -0.009768  0.000366
562  0.037619  0.001541  0.001418
563  0.004214  0.030829  0.000968
564  -0.033193  0.052318  0.003839
565  -0.044928  0.024478  0.002618
566  -0.024966  0.005774  0.000657
567  -0.014424  0.018767  0.000560
568  -0.023380  0.050135  0.003060
569  -0.058250  -0.004415  0.003413
570  0.022617  -0.001661  0.000514
571  -0.005937  0.028266  0.000834
572  0.026271  0.011579  0.000824
573  0.034203  0.014240  0.001373
574  0.012602  -0.004128  0.000176
575  -0.025628  0.001593  0.000659
576  -0.055110  -0.029186  0.003889
577  0.022736  0.018922  0.000875
578  -0.028795  0.006591  0.000873
579  -0.038415  -0.008634  0.001550
580  0.011412  0.042608  0.001946
581  0.003912  0.005119  0.000042
582  0.000017  0.009068  0.000082
583  0.034228  -0.049218  0.003594
584  0.024671  -0.035793  0.001890
585  0.005001  -0.018295  0.000360
586  0.033931  -0.035954  0.002444
587  -0.020054  -0.025158  0.001035
588  0.006281  -0.035139  0.001274
589  0.005747  -0.061413  0.003805
590  -0.016438  0.028257  0.001069
591  0.019988  -0.010594  0.000512
592  0.048418  0.036166  0.003652
593  -0.002760  -0.005494  0.000038
594  -0.010898  0.015952  0.000373
595  0.001792  -0.025179  0.000637
596  0.012099  -0.007336  0.000200
597  0.003107  0.002836  0.000018
598  0.013041  -0.006641  0.000214
599  0.014276  0.020165  0.000610
600  -0.050137  -0.022360  0.003014
601  0.000424  -0.009597  0.000092
602  0.056720  0.023640  0.003776
603  -0.030456  -0.038891  0.002440
604  -0.045388  -0.019624  0.002445
605  -0.022047  -0.016627  0.000762
606  -0.011666  0.009883  0.000234
607  0.021112  0.013295  0.000622
608  0.000733  0.033913  0.001151
609  -0.032566  -0.030766  0.002007
610  0.022873  0.032123  0.001555
611  0.036214  -0.014187  0.001513
612  0.012517  -0.033157  0.001256
613  -0.063183  -0.016933  0.004279
614  -0.032851  -0.053297  0.003920
615  -0.039121  0.012479  0.001686
616  -0.019391  0.033225  0.001480
617  -0.003928  0.029893  0.000909
618  -0.023393  -0.054859  0.003557
619  0.002588  -0.034577  0.001202
620  0.019359  0.057173  0.003644
621  -0.019148  0.004117  0.000384
622  -0.025204  0.009347  0.000723
623  -0.013767  0.048294  0.002522
624  0.014579  0.041261  0.001915
625  -0.029157  0.013211  0.001025
626  0.010329  0.042299  0.001896
627  -0.003606  0.039412  0.001566
628  0.014510  0.011332  0.000339
629  -0.000128  -0.007739  0.000060
630  -0.035033  0.004597  0.001248
631  -0.002400  0.061324  0.003766
632  0.036005  0.015862  0.001548
633  -0.035361  0.033076  0.002344
634  0.000030  0.048257  0.002329
635  0.008200  0.027951  0.000849
636  0.011585  -0.001184  0.000136
637  -0.030809  -0.010972  0.001070
638  0.043536  0.024679  0.002504
639  -0.005694  -0.041821  0.001781
640  0.017925  -0.004388  0.000341
641  -0.009352  0.002587  0.000094
642  0.027955  -0.012571  0.000939
643  -0.031705  -0.058049  0.004375
644  -0.005856  0.011808  0.000174
645  0.016313  0.038875  0.001777
646  0.012854  -0.013829  0.000356
647  -0.007163  0.003688  0.000065
648  0.024552  0.021505  0.001065
649  0.054976  0.048288  0.005354
650  0.023787  -0.027539  0.001324
651  -0.006773  -0.036406  0.001371
652  0.038372  -0.002591  0.001479
653  -0.032083  0.001470  0.001031
654  -0.050107  -0.002410  0.002517
655  -0.015111  0.001208  0.000230
656  0.004294  -0.003991  0.000034
657  -0.007022  -0.001476  0.000051
658  0.024500  -0.002950  0.000609
659  -0.004738  0.042126  0.001797
660  -0.005160  0.004254  0.000045
661  0.021311  0.010232  0.000559
662  -0.012479  0.033520  0.001279
663  -0.042607  0.033273  0.002922
664  0.042606  -0.009407  0.001904
665  0.007284  0.047909  0.002348
666  0.002563  -0.000583  0.000007
667  -0.019295  0.030333  0.001292
668  -0.009318  -0.003791  0.000101
669  -0.023434  -0.007219  0.000601
670  -0.016114  -0.061283  0.004015
671  0.000339  -0.019099  0.000365
672  0.029894  0.019537  0.001275
673  0.012531  -0.014190  0.000358
674  -0.013167  0.007517  0.000230
675  0.007056  0.008065  0.000115
676  0.030098  -0.023664  0.001466
677  -0.004106  0.003859  0.000032
678  0.035192  -0.012235  0.001388
679  -0.003675  -0.000134  0.000014
680  0.020939  0.012757  0.000601
681  0.004086  0.005541  0.000047
682  -0.001007  -0.021477  0.000462
683  0.001997  -0.001059  0.000005
684  0.024847  0.003353  0.000629
685  -0.010141  -0.012166  0.000251
686  0.027327  -0.024738  0.001359
687  -0.031387  0.013420  0.001165
688  0.024333  0.013027  0.000762
689  -0.004878  -0.025355  0.000667
690  -0.012412  0.039380  0.001705
691  0.005128  -0.019540  0.000408
692  -0.014497  0.006576  0.000253
693  -0.001496  -0.020118  0.000407
694  0.034079  -0.058582  0.004593
695  -0.018527  0.009213  0.000428
696  -0.008250  0.049341  0.002503
697  0.074064  -0.008967  0.005566
698  -0.010132  -0.024526  0.000704
699  0.035198  -0.003164  0.001249
700  0.041571  0.012502  0.001884
701  0.006487  -0.005241  0.000070
702  0.022477  -0.021745  0.000978
703  0.006767  -0.018121  0.000374
704  -0.047785  -0.041875  0.004037
705  0.030277  0.003348  0.000928
706  -0.033357  -0.001938  0.001116
707  0.032862  -0.023609  0.001637
708  0.001393  0.018691  0.000351
709  -0.032129  -0.035104  0.002265
710  0.008532  0.032030  0.001099
711  0.023304  0.007828  0.000604
712  -0.042231  0.008893  0.001863
713  0.001012  -0.000784  0.000002
714  -0.014981  -0.043561  0.002122
715  -0.003417  -0.026295  0.000703
716  0.006268  0.036549  0.001375
717  0.004932  -0.022308  0.000522
718  0.000134  -0.014855  0.000221
719  -0.025691  0.077195  0.006619
720  0.011443  -0.013703  0.000319
721  0.030144  0.007422  0.000964
722  -0.037926  0.011395  0.001568
723  0.007653  -0.042678  0.001880
724  0.005964  -0.048888  0.002426
725  0.002439  0.005241  0.000033
726  -0.017753  0.052119  0.003032
727  -0.000483  -0.031522  0.000994
728  0.001947  0.035780  0.001284
729  0.015784  -0.022020  0.000734
730  -0.021721  0.034298  0.001648
731  0.017953  -0.004761  0.000345
732  0.003269  0.034944  0.001232
733  -0.014070  -0.004300  0.000216
734  0.003634  0.029814  0.000902
735  0.017516  0.003742  0.000321
736  -0.012499  0.005658  0.000188
737  -0.032361  0.031266  0.002025
738  0.031669  -0.013445  0.001184
739  0.042575  -0.001961  0.001816
740  0.006237  -0.006550  0.000082
741  -0.037373  0.006961  0.001445
742  -0.005512  -0.004677  0.000052
743  0.013725  0.008992  0.000269
744  -0.006899  -0.019364  0.000423
745  0.002544  0.007129  0.000057
746  0.007929  -0.015118  0.000291
747  0.026729  -0.007748  0.000774
748  -0.034332  0.018429  0.001518
749  0.001660  -0.010521  0.000113
750  -0.015977  0.023127  0.000790
751  0.007415  -0.016677  0.000333
752  -0.002234  -0.005440  0.000035
753  0.001691  -0.036327  0.001322
754  -0.012012  0.017161  0.000439
755  0.019227  -0.017342  0.000670
756  0.003248  0.034542  0.001204
757  -0.011214  -0.011187  0.000251
758  -0.010717  0.027900  0.000893
759  -0.006787  0.008478  0.000118
760  -0.049906  0.004568  0.002511
761  0.011101  0.024533  0.000725
762  0.013188  -0.006662  0.000218
763  0.035785  -0.021983  0.001764
764  0.004315  -0.000790  0.000019
765  -0.038455  -0.028137  0.002270
766  0.037002  0.000631  0.001370
767  0.005075  0.001180  0.000027
768  0.010264  0.010230  0.000210
769  -0.007788  -0.040886  0.001732
770  0.021643  0.003299  0.000479
771  0.021469  -0.016111  0.000720
772  0.010641  -0.011037  0.000235
773  0.025409  0.002811  0.000654
774  0.008220  -0.024194  0.000653
775  0.022500  -0.006251  0.000545
776  0.016122  -0.019965  0.000659
777  0.019266  0.021234  0.000822
778  0.008687  0.066475  0.004494
779  -0.001903  0.002752  0.000011
780  0.040025  -0.013742  0.001791
781  0.009225  0.023321  0.000629
782  -0.013034  0.020725  0.000599
783  0.007586  0.009700  0.000152
784  -0.013605  -0.025716  0.000846
785  0.013156  -0.018590  0.000519
786  -0.029096  -0.048501  0.003199
787  -0.023147  -0.008309  0.000605
788  -0.000425  0.013711  0.000188
789  0.015089  -0.025179  0.000862
790  0.007374  0.001626  0.000057
791  -0.003183  0.049133  0.002424
792  -0.042226  -0.005755  0.001816
793  0.032062  0.050816  0.003610
794  -0.005863  0.002956  0.000043
795  0.010432  -0.009981  0.000208
796  -0.017233  0.033175  0.001398
797  -0.004101  0.030402  0.000941
798  -0.014180  0.029243  0.001056
799  -0.019520  -0.006779  0.000427
800  0.019920  -0.014872  0.000618
801  -0.034370  0.021348  0.001637
802  0.029326  0.011663  0.000996
803  0.007418  -0.024046  0.000633
804  0.008543  0.020237  0.000483
805  0.004466  -0.016513  0.000293
806  0.009333  0.028430  0.000895
807  -0.043603  0.003220  0.001912
808  0.001998  -0.011361  0.000133
809  0.008611  -0.002666  0.000081
810  0.007459  -0.011853  0.000196
811  0.022728  0.016271  0.000781
812  0.000145  0.016947  0.000287
813  -0.003478  0.010033  0.000113
814  0.015587  -0.007402  0.000298
815  -0.040144  -0.011708  0.001749
816  0.016332  0.013058  0.000437
817  0.000078  -0.005820  0.000034
818  -0.020923  0.045541  0.002512
819  -0.000947  0.026863  0.000723
820  0.014435  -0.020684  0.000636
821  -0.016831  0.001326  0.000285
822  0.012291  0.037134  0.001530
823  0.031029  0.039940  0.002558
824  0.042628  0.000469  0.001817
825  -0.018560  -0.006235  0.000383
826  0.020842  0.008607  0.000508
827  -0.002171  0.016331  0.000271
828  -0.028712  0.022713  0.001340
829  -0.052503  0.028845  0.003589
830  -0.007903  0.004369  0.000082
831  -0.035018  0.058060  0.004597
832  0.018691  -0.004108  0.000366
833  -0.030714  0.004706  0.000965
834  0.018797  -0.014138  0.000553
835  -0.013363  0.016318  0.000445
836  0.005882  0.012294  0.000186
837  -0.003909  0.008720  0.000091
838  0.015194  0.035264  0.001474
839  0.015041  0.011439  0.000357
840  -0.003349  -0.003802  0.000026
841  0.003635  -0.015504  0.000254
842  -0.010589  -0.006845  0.000159
843  -0.021350  -0.011348  0.000585
844  0.006245  -0.041222  0.001738
845  0.025742  0.031836  0.001676
846  -0.035011  0.005178  0.001253
847  0.041409  -0.016571  0.001989
848  -0.005750  0.009324  0.000120
849  -0.003298  0.028566  0.000827
850  0.043728  0.021539  0.002376
851  0.003571  -0.015000  0.000238
852  0.025712  -0.003975  0.000677
853  -0.039512  0.020534  0.001983
854  0.054215  0.021830  0.003416
855  -0.008189  -0.015216  0.000299
856  -0.000236  0.023884  0.000571
857  -0.010726  0.001144  0.000116
858  0.006145  -0.010409  0.000146
859  -0.016049  -0.003374  0.000269
860  -0.012425  -0.000733  0.000155
861  0.004880  -0.002853  0.000032
862  -0.010108  0.025795  0.000768
863  -0.022638  -0.001477  0.000515
864  -0.008305  -0.008715  0.000145
865  -0.043165  -0.010702  0.001978
866  0.005439  -0.004499  0.000050
867  0.014765  0.014161  0.000419
868  -0.001508  -0.011554  0.000136
869  -0.000809  0.001105  0.000002
870  -0.002215  -0.027570  0.000765
871  -0.011638  -0.040168  0.001749
872  -0.025252  0.011909  0.000779
873  0.030020  -0.032795  0.001977
874  -0.010587  0.013512  0.000295
875  -0.000749  -0.027072  0.000733
876  0.003143  0.024842  0.000627
877  -0.002670  0.007515  0.000064
878  0.021305  0.027998  0.001238
879  -0.022069  0.007167  0.000538
880  -0.012407  -0.046499  0.002316
881  -0.023191  0.036358  0.001860
882  -0.004854  -0.008048  0.000088
883  0.009151  0.025095  0.000713
884  0.006794  0.018253  0.000379
885  -0.013000  -0.027402  0.000920
886  -0.005981  -0.013181  0.000210
887  0.025160  -0.012426  0.000787
888  -0.001889  -0.008873  0.000082
889  0.029017  0.003821  0.000857
890  0.001121  -0.001939  0.000005
891  -0.025280  0.003604  0.000652
892  0.033338  0.013702  0.001299
893  0.015047  -0.017509  0.000533
894  0.006449  0.012033  0.000186
895  -0.006311  -0.021369  0.000496
896  -0.038168  0.030055  0.002360
897  -0.019450  0.006245  0.000417
898  0.041917  0.003335  0.001768
899  -0.018527  0.001845  0.000347
900  -0.010721  0.026374  0.000811
901  -0.017567  -0.037313  0.001701
902  -0.024105  -0.039193  0.002117
903  -0.017206  -0.017332  0.000596
904  0.003866  0.016294  0.000280
905  0.019873  -0.000851  0.000396
906  -0.030965  -0.005539  0.000990
907  -0.035367  0.008501  0.001323
908  0.004724  0.008978  0.000103
909  -0.018939  -0.018924  0.000717
910  -0.012126  0.015676  0.000393
911  0.036513  -0.034324  0.002511
912  0.025618  0.002308  0.000662
913  0.007395  -0.021388  0.000512
914  0.007035  -0.050133  0.002563
915  0.053570  0.026389  0.003566
916  -0.053393  -0.044106  0.004796
917  0.043325  0.016025  0.002134
918  0.037871  0.014675  0.001650
919  -0.029640  0.039418  0.002432
920  -0.007197  -0.013720  0.000240
921  -0.014733  0.015008  0.000442
922  0.021823  -0.001532  0.000479
923  -0.003978  0.038341  0.001486
924  -0.028365  -0.023678  0.001365
925  0.007645  -0.001229  0.000060
926  0.013793  -0.001116  0.000191
927  -0.041240  0.002025  0.001705
928  -0.042305  -0.030749  0.002735
929  -0.035212  0.004669  0.001262
930  -0.000694  0.025929  0.000673
931  -0.032315  -0.003616  0.001057
932  -0.026715  -0.034640  0.001914
933  -0.011285  -0.036978  0.001495
934  0.039856  0.014213  0.001790
935  0.008882  -0.008705  0.000155
936  0.035262  -0.001319  0.001245
937  0.007686  0.061117  0.003794
938  -0.034956  -0.034417  0.002406
939  0.022093  0.018850  0.000843
940  -0.020967  0.022111  0.000929
941  -0.047486  -0.018592  0.002601
942  0.009807  -0.010596  0.000208
943  0.018500  -0.010810  0.000459
944  -0.030310  -0.019323  0.001292
945  0.003520  0.007402  0.000067
946  0.000929  -0.001035  0.000002
947  -0.016315  0.007581  0.000324
948  -0.040085  0.015103  0.001835
949  -0.025655  0.003498  0.000670
950  -0.003542  -0.018778  0.000365
951  -0.015274  0.002515  0.000240
952  0.004428  -0.025910  0.000691
953  -0.008240  0.012943  0.000235
954  -0.001293  0.037014  0.001372
955  -0.012476  0.049549  0.002611
956  -0.011238  0.000897  0.000127
957  -0.019967  0.010145  0.000502
958  -0.009409  0.017954  0.000411
959  -0.027251  0.018202  0.001074
960  0.008644  0.015069  0.000302
961  -0.001884  0.027718  0.000772
962  0.008798  -0.022962  0.000605
963  -0.013800  -0.015215  0.000422
964  -0.004525  0.007178  0.000072
965  0.011318  -0.000398  0.000128
966  -0.047724  -0.000975  0.002279
967  -0.012693  -0.061543  0.003949
968  -0.001432  0.014270  0.000206
969  0.001450  -0.004380  0.000021
970  0.017618  -0.013349  0.000489
971  0.008317  -0.018959  0.000429
972  -0.018559  -0.001328  0.000346
973  -0.013667  -0.003276  0.000198
974  0.023751  -0.012849  0.000729
975  -0.014053  0.009531  0.000288
976  -0.007443  0.014175  0.000256
977  -0.007656  0.003049  0.000068
978  0.008089  0.025393  0.000710
979  -0.025586  0.010051  0.000756
980  -0.012857  -0.036645  0.001508
981  -0.015547  -0.001963  0.000246
982  -0.045009  -0.026021  0.002703
983  0.020769  -0.028578  0.001248
984  -0.022802  0.015330  0.000755
985  -0.011261  0.004754  0.000149
986  0.022721  0.015002  0.000741
987  -0.009536  -0.046844  0.002285
988  -0.004237  -0.048573  0.002377
989  -0.001897  0.016800  0.000286
990  -0.035544  -0.004707  0.001286
991  0.009152  0.036174  0.001392
992  0.010042  -0.016258  0.000365
993  -0.019922  0.006562  0.000440
994  0.036589  -0.036897  0.002700
995  0.019927  -0.020242  0.000807
996  -0.037902  0.018541  0.001780
997  0.034928  0.018535  0.001564
998  0.025271  -0.011519  0.000771
999  -0.017345  -0.019613  0.000686
1000  -0.006465  0.030417  0.000967
1001  -0.018757  -0.000879  0.000353
1002  -0.007116  -0.018946  0.000410
1003  -0.051118  -0.006704  0.002658
1004  -0.054201  -0.047910  0.005233
1005  0.030432  -0.031274  0.001904
1006  -0.012057  -0.028114  0.000936
1007  0.004016  0.020810  0.000449
1008  -0.021167  -0.000968  0.000449
1009  -0.045822  0.017711  0.002413
1010  -0.042347  0.012319  0.001945
1011  0.001561  0.011340  0.000131
1012  -0.048249  0.014102  0.002527
1013  -0.007817  0.022128  0.000551
1014  0.010147  0.007167  0.000154
1015  -0.008983  0.013602  0.000266
1016  -0.009176  -0.027783  0.000856
1017  -0.013203  -0.000107  0.000174
1018  0.011114  -0.000608  0.000124
1019  0.041265  -0.011721  0.001840
1020  -0.018121  0.040902  0.002001
1021  0.020873  -0.016499  0.000708
1022  0.036393  -0.001369  0.001326
1023  0.015428  -0.005737  0.000271
1024  0.013744  -0.018957  0.000548
1025  0.026862  -0.000709  0.000722
1026  -0.007750  -0.025469  0.000709
1027  0.006693  -0.031784  0.001055
1028  0.012745  -0.016844  0.000446
1029  -0.005032  0.001947  0.000029
1030  -0.023019  0.009527  0.000621
1031  -0.012433  -0.006245  0.000194
1032  -0.005403  -0.001044  0.000030
1033  0.010168  0.002750  0.000111
1034  -0.008774  -0.003070  0.000086
1035  0.007512  -0.008379  0.000127
1036  0.002003  -0.005154  0.000031
1037  -0.008435  0.038072  0.001521
1038  -0.013097  -0.009644  0.000265
1039  -0.016835  0.003599  0.000296
1040  -0.007713  -0.028048  0.000846
1041  0.004438  -0.042714  0.001844
1042  0.001770  0.002276  0.000008
1043  0.008609  -0.024631  0.000681
1044  0.039401  -0.006217  0.001591
1045  -0.000047  0.031768  0.001009
1046  -0.008158  0.002966  0.000075
1047  0.007388  0.005796  0.000088
1048  0.001867  -0.001767  0.000007
1049  0.015100  -0.025479  0.000877
1050  0.006618  -0.014900  0.000266
1051  -0.053997  0.014476  0.003125
1052  0.033897  0.009346  0.001236
1053  -0.028985  0.012845  0.001005
1054  0.023663  -0.025723  0.001222
1055  0.005195  0.022493  0.000533
1056  0.024512  -0.001208  0.000602
1057  -0.034034  0.000404  0.001158
1058  -0.032322  0.021804  0.001520
1059  -0.028075  0.026423  0.001486
1060  0.008563  0.005996  0.000109
1061  0.007109  0.005975  0.000086
1062  -0.006792  0.034307  0.001223
1063  -0.039082  0.021510  0.001990
1064  0.026650  -0.009240  0.000796
1065  0.000333  -0.001349  0.000002
1066  0.030195  -0.043435  0.002798
1067  0.012188  -0.023752  0.000713
1068  0.013481  -0.019306  0.000554
1069  -0.003433  0.011787  0.000151
1070  0.016632  0.000686  0.000277
1071  -0.006776  0.011142  0.000170
1072  -0.001079  -0.031511  0.000994
1073  0.019676  0.028034  0.001173
1074  -0.005462  -0.030181  0.000941
1075  -0.003877  -0.006103  0.000052
1076  0.004962  -0.014291  0.000229
1077  0.005511  0.015023  0.000256
1078  -0.020721  0.027430  0.001182
1079  0.000084  -0.005520  0.000030
1080  0.019654  -0.003409  0.000398
1081  -0.008303  -0.023796  0.000635
1082  0.023577  -0.041163  0.002250
1083  -0.007039  -0.028573  0.000866
1084  -0.035068  0.019814  0.001622
1085  -0.001323  -0.010445  0.000111
1086  -0.000671  -0.074213  0.005508
1087  0.005755  0.011717  0.000170
1088  -0.016344  -0.022317  0.000765
1089  -0.018614  0.004564  0.000367
1090  -0.004504  0.020777  0.000452
1091  -0.039438  0.040090  0.003163
1092  0.007061  -0.011560  0.000183
1093  -0.008233  -0.017740  0.000382
1094  -0.009022  0.019359  0.000456
1095  0.005898  0.041291  0.001740
1096  -0.034412  -0.023767  0.001749
1097  -0.028101  -0.032395  0.001839
1098  -0.027098  0.011230  0.000860
1099  -0.011102  0.006599  0.000167
1100  -0.013779  0.013862  0.000382
1101  -0.005109  0.012020  0.000171
1102  -0.022151  -0.009250  0.000576
1103  0.002244  -0.009361  0.000093
1104  0.010856  -0.001265  0.000119
1105  0.011600  -0.009517  0.000225
1106  -0.008435  0.005693  0.000104
1107  -0.006535  0.017008  0.000332
1108  -0.032445  -0.020569  0.001476
1109  -0.012544  0.004607  0.000179
1110  0.007134  -0.020770  0.000482
1111  0.043258  -0.003376  0.001883
1112  -0.003563  0.023023  0.000543
1113  0.021529  -0.003275  0.000474
1114  -0.001993  -0.010368  0.000111
1115  0.011557  0.023221  0.000673
1116  -0.031479  0.015072  0.001218
1117  0.016795  0.007115  0.000333
1118  -0.016618  0.018010  0.000601
1119  0.001604  0.017884  0.000322
1120  -0.011825  0.017622  0.000450
1121  -0.037637  0.037537  0.002826
1122  -0.072799  -0.001465  0.005302
1123  0.030568  -0.003976  0.000950
1124  0.000254  0.012374  0.000153
1125  0.000004  0.008465  0.000072
1126  -0.017166  0.021744  0.000767
1127  0.011340  -0.021294  0.000582
1128  -0.014323  0.045312  0.002258
1129  -0.007530  0.022139  0.000547
1130  0.025411  0.016310  0.000912
1131  0.015423  -0.028156  0.001031
1132  -0.017179  -0.029487  0.001165
1133  -0.006420  -0.034706  0.001246
1134  0.047744  -0.019726  0.002669
1135  -0.017374  -0.004666  0.000324
1136  -0.018131  -0.049415  0.002771
1137  -0.010642  0.019992  0.000513
1138  0.038819  0.012856  0.001672
1139  -0.024919  -0.000408  0.000621
1140  -0.015065  0.018500  0.000569
1141  0.005277  -0.026929  0.000753
1142  0.020042  0.020350  0.000816
1143  0.037708  -0.041889  0.003177
1144  0.020951  0.001424  0.000441
1145  0.043691  0.002573  0.001915
1146  0.034300  -0.020225  0.001586
1147  0.011387  -0.037226  0.001515
1148  0.027826  0.005810  0.000808
1149  -0.011631  -0.029632  0.001013
1150  -0.007380  -0.001821  0.000058
1151  -0.021463  0.017808  0.000778
1152  0.005567  -0.000971  0.000032
1153  0.019770  -0.003813  0.000405
1154  -0.021730  0.001543  0.000475
1155  0.002337  0.017513  0.000312
1156  0.018867  -0.003995  0.000372
1157  0.003416  0.034841  0.001226
1158  0.023245  0.002883  0.000549
1159  0.016030  0.028798  0.001086
1160  -0.011825  0.042784  0.001970
1161  -0.006820  0.044562  0.002032
1162  0.016045  -0.033837  0.001402
1163  0.005058  0.006331  0.000066
1164  0.029824  -0.035221  0.002130
1165  0.000614  0.046883  0.002198
1166  0.016435  -0.011793  0.000409
1167  0.006968  0.015242  0.000281
1168  0.036548  0.026353  0.002030
1169  -0.023926  0.041297  0.002278
1170  -0.008421  -0.002010  0.000075
1171  0.024586  0.014527  0.000816
1172  0.010439  -0.021098  0.000554
1173  -0.033365  0.017196  0.001409
1174  -0.024749  -0.017436  0.000917
1175  -0.026226  0.022124  0.001177
1176  -0.010632  0.009014  0.000194
1177  0.049942  -0.009680  0.002588
1178  0.026557  -0.009142  0.000789
1179  0.017165  -0.001769  0.000298
1180  0.000657  -0.004319  0.000019
1181  0.014141  0.001825  0.000203
1182  0.033963  0.015828  0.001404
1183  0.013005  0.001966  0.000173
1184  0.032448  0.016950  0.001340
1185  -0.026164  -0.014771  0.000903
1186  -0.003881  -0.005970  0.000051
1187  0.004114  -0.004813  0.000040
1188  0.030264  0.017086  0.001208
1189  0.026493  -0.009520  0.000792
1190  0.020285  0.013186  0.000585
1191  0.012079  -0.015853  0.000397
1192  -0.001585  -0.013459  0.000184
1193  -0.006672  0.047714  0.002321
1194  0.020659  -0.043487  0.002318
1195  0.019270  -0.009877  0.000469
1196  0.007325  0.021657  0.000523
1197  -0.027895  0.026942  0.001504
1198  0.042719  -0.031117  0.002793
1199  0.015244  0.030507  0.001163
1200  0.007846  0.026803  0.000780
1201  0.027764  0.012486  0.000927
1202  -0.016328  -0.008356  0.000336
1203  0.038399  -0.029901  0.002369
1204  -0.004770  0.003455  0.000035
1205  0.009720  0.003334  0.000106
1206  -0.012280  -0.018356  0.000488
1207  -0.030415  -0.006869  0.000972
1208  0.003378  -0.033992  0.001167
1209  -0.031437  0.013187  0.001162
1210  0.012817  0.029814  0.001053
1211  0.016038  0.019928  0.000654
1212  0.003243  0.024850  0.000628
1213  0.011336  0.005317  0.000157
1214  0.027759  0.021795  0.001246
1215  0.053390  -0.037113  0.004228
1216  -0.016187  0.005495  0.000292
1217  -0.031965  -0.000487  0.001022
1218  0.005949  0.037164  0.001417
1219  -0.009083  0.000583  0.000083
1220  -0.000522  0.015079  0.000228
1221  0.008834  0.045035  0.002106
1222  0.017198  -0.007601  0.000354
1223  -0.003547  -0.002674  0.000020
1224  -0.032823  -0.022009  0.001562
1225  -0.031905  0.018938  0.001377
1226  -0.010563  0.012609  0.000271
1227  0.020602  0.006197  0.000463
1228  -0.008123  0.030141  0.000974
1229  -0.027867  -0.015874  0.001029
1230  -0.036042  -0.034153  0.002465
1231  0.010269  -0.032150  0.001139
1232  0.010112  0.035363  0.001353
1233  -0.034149  0.031976  0.002189
1234  0.015982  0.011892  0.000397
1235  0.025542  -0.010261  0.000758
1236  0.029950  -0.025221  0.001533
1237  0.028474  -0.032152  0.001845
1238  0.026609  0.004126  0.000725
1239  0.035815  0.024668  0.001891
1240  -0.003465  0.024579  0.000616
1241  -0.007627  -0.011668  0.000194
1242  0.020829  0.012461  0.000589
1243  -0.046445  -0.004460  0.002177
1244  0.010396  -0.031623  0.001108
1245  0.020741  -0.002284  0.000435
1246  0.029406  -0.002131  0.000869
1247  0.016298  0.028524  0.001079
1248  0.015778  0.036587  0.001588
1249  -0.018265  0.053925  0.003242
1250  -0.020086  -0.008373  0.000474
1251  0.049861  -0.024393  0.003081
1252  0.002157  0.040188  0.001620
1253  -0.026258  0.001040  0.000691
1254  0.013925  -0.002799  0.000202
1255  -0.029387  0.002015  0.000868
1256  -0.004206  -0.017071  0.000309
1257  0.000774  -0.011656  0.000136
1258  -0.058245  -0.005886  0.003427
1259  0.001982  -0.002915  0.000012
1260  -0.016223  0.021133  0.000710
1261  -0.000504  -0.016320  0.000267
1262  -0.022986  0.012797  0.000692
1263  -0.017023  0.007897  0.000352
1264  -0.007882  0.005646  0.000094
1265  0.032126  0.017570  0.001341
1266  -0.017519  -0.001681  0.000310
1267  0.010727  0.015852  0.000366
1268  0.013711  -0.016958  0.000476
1269  0.016464  -0.011462  0.000402
1270  0.000324  0.041221  0.001699
1271  0.012025  -0.015843  0.000396
1272  -0.028508  0.007347  0.000867
1273  -0.000513  -0.006786  0.000046
1274  -0.017770  -0.004364  0.000335
1275  0.019455  0.004045  0.000395
1276  0.055973  0.015806  0.003383
1277  -0.002313  0.026360  0.000700
1278  0.001108  -0.033602  0.001130
1279  -0.009279  0.006747  0.000132
1280  -0.007421  0.012852  0.000220
1281  -0.039947  -0.005892  0.001630
1282  0.013309  -0.007575  0.000234
1283  -0.026986  0.062871  0.004681
1284  0.009806  0.059126  0.003592
1285  0.023144  0.043912  0.002464
1286  -0.011558  -0.003341  0.000145
1287  -0.031292  0.025598  0.001634
1288  0.019951  0.014762  0.000616
1289  0.007423  0.014685  0.000271
1290  -0.039181  0.025152  0.002168
1291  0.007291  0.008099  0.000119
1292  0.007381  -0.007761  0.000115
1293  -0.008709  0.024220  0.000662
1294  -0.008024  0.006944  0.000113
1295  0.019173  0.017378  0.000670
1296  -0.004503  -0.005169  0.000047
1297  0.042320  -0.044325  0.003756
1298  0.019938  -0.022315  0.000895
1299  0.007979  -0.013158  0.000237
1300  0.000096  0.006058  0.000037
1301  -0.028031  -0.014303  0.000990
1302  0.005120  -0.012662  0.000187
1303  0.036524  -0.014024  0.001531
1304  0.035352  0.018270  0.001584
1305  0.025259  0.013627  0.000824
1306  0.012725  0.006311  0.000202
1307  -0.004142  0.024478  0.000616
1308  -0.004307  0.004711  0.000041
1309  0.015131  0.021923  0.000710
1310  0.024061  -0.024874  0.001198
1311  0.012072  0.063635  0.004195
1312  0.046511  0.010674  0.002277
1313  0.029112  0.020394  0.001263
1314  -0.013882  0.009881  0.000290
1315  0.046969  -0.008028  0.002271
1316  -0.041303  -0.017438  0.002010
1317  0.017180  -0.027488  0.001051
1318  -0.047280  -0.012175  0.002384
1319  0.005140  0.029561  0.000900
1320  0.021179  0.017572  0.000757
1321  -0.002554  -0.029492  0.000876
1322  -0.009273  -0.008549  0.000159
1323  0.011873  -0.040608  0.001790
1324  0.041437  0.006894  0.001765
1325  0.004419  -0.019885  0.000415
1326  -0.017221  -0.026366  0.000992
1327  0.019073  0.023359  0.000909
1328  -0.038348  0.015259  0.001703
1329  0.021613  0.033802  0.001610
1330  0.037831  0.018982  0.001792
1331  -0.025278  -0.016065  0.000897
1332  0.009109  -0.032992  0.001171
1333  -0.045299  0.017912  0.002373
1334  -0.018271  -0.031947  0.001354
1335  0.056543  -0.024185  0.003782
1336  0.006212  0.011036  0.000160
1337  0.041929  -0.005727  0.001791
1338  0.020713  -0.003991  0.000445
1339  0.037086  -0.011135  0.001499
1340  -0.019403  -0.010851  0.000494
1341  -0.020732  0.031399  0.001416
1342  0.022479  0.000821  0.000506
1343  0.023260  -0.009354  0.000629
1344  -0.024268  0.010388  0.000697
1345  0.001139  0.014502  0.000212
1346  -0.009204  0.032336  0.001130
1347  -0.002924  0.022376  0.000509
1348  0.067104  -0.019919  0.004900
1349  0.002054  0.013504  0.000187
1350  0.016254  -0.015940  0.000518
1351  -0.001822  0.044531  0.001986
1352  -0.002631  -0.004385  0.000026
1353  -0.017655  0.003031  0.000321
1354  0.033979  -0.017470  0.001460
1355  0.007559  0.030718  0.001001
1356  0.002683  0.016926  0.000294
1357  -0.052024  0.015190  0.002937
1358  0.033568  0.024262  0.001715
1359  0.013219  -0.016366  0.000443
1360  0.016962  -0.029717  0.001171
1361  0.049420  0.008747  0.002519
1362  0.029946  0.034135  0.002062
1363  0.044676  -0.017183  0.002291
1364  0.035148  -0.003586  0.001248
1365  -0.039902  -0.045261  0.003641
1366  0.019092  -0.001795  0.000368
1367  -0.036312  0.000849  0.001319
1368  -0.034912  -0.021820  0.001695
1369  0.005150  -0.033558  0.001153
1370  0.000116  -0.000010  0.000000
1371  -0.006094  -0.008474  0.000109
1372  -0.002363  0.063094  0.003986
1373  -0.002558  -0.007307  0.000060
1374  -0.020454  -0.007567  0.000476
1375  0.010575  0.001670  0.000115
1376  -0.000319  0.022456  0.000504
1377  0.007840  -0.008452  0.000133
1378  0.012052  0.045250  0.002193
1379  -0.015355  0.034957  0.001458
1380  -0.042009  -0.026819  0.002484
1381  -0.040990  0.046651  0.003856
1382  -0.013826  0.010490  0.000301
1383  -0.009446  -0.035003  0.001314
1384  -0.024706  0.006970  0.000659
1385  0.008544  0.003171  0.000083
1386  0.001467  -0.015073  0.000229
1387  -0.022568  -0.008454  0.000581
1388  -0.003438  -0.047073  0.002228
1389  0.015286  0.007087  0.000284
1390  0.029108  -0.019028  0.001209
1391  -0.029931  -0.010346  0.001003
1392  0.007186  -0.041119  0.001742
1393  -0.019989  -0.018217  0.000731
1394  0.001303  0.011841  0.000142
1395  0.031379  0.008609  0.001059
1396  -0.028121  0.069444  0.005613
1397  -0.001954  0.007211  0.000056
1398  0.020693  0.010036  0.000529
1399  0.000806  -0.022679  0.000515
1400  -0.020725  0.025106  0.001060
1401  0.031043  0.005614  0.000995
1402  -0.049989  0.027811  0.003272
1403  0.061770  -0.002160  0.003820
1404  -0.020870  0.002172  0.000440
1405  -0.002989  -0.043248  0.001879
1406  0.027080  -0.031176  0.001705
1407  -0.006597  0.020248  0.000453
1408  -0.000660  0.000285  0.000001
1409  0.056153  -0.011538  0.003286
1410  -0.021335  0.036039  0.001754
1411  0.012752  -0.014449  0.000371
1412  0.000009  -0.014107  0.000199
1413  0.000947  -0.023890  0.000572
1414  0.022708  0.007685  0.000575
1415  -0.034284  -0.000130  0.001175
1416  -0.025862  -0.001469  0.000671
1417  0.037912  0.017405  0.001740
1418  -0.010636  0.012594  0.000272
1419  0.016188  0.028759  0.001089
1420  0.002262  -0.055959  0.003137
1421  -0.011587  0.038835  0.001642
1422  0.027432  -0.025099  0.001382
1423  0.017003  0.005471  0.000319
1424  0.044816  0.033529  0.003133
1425  -0.016745  0.000310  0.000280
1426  -0.005478  -0.020831  0.000464
1427  -0.006523  0.011622  0.000178
1428  -0.044353  0.033410  0.003083
1429  0.011965  0.030248  0.001058
1430  -0.059834  0.069862  0.008461
1431  -0.008654  0.015151  0.000304
1432  0.016140  0.015698  0.000507
1433  0.000108  0.000452  0.000000
1434  0.015797  0.036464  0.001579
1435  0.018225  -0.027036  0.001063
1436  0.027523  0.031492  0.001749
1437  0.054416  0.016823  0.003244
1438  -0.011507  0.009211  0.000217
1439  -0.016380  0.020018  0.000669
1440  -0.015138  0.004399  0.000249
1441  -0.008085  -0.018786  0.000418
1442  -0.008213  0.013987  0.000263
1443  -0.040622  0.001769  0.001653
1444  -0.050473  -0.003801  0.002562
1445  -0.000296  0.028436  0.000809
1446  -0.011372  0.010455  0.000239
1447  -0.037005  -0.012466  0.001525
1448  0.008413  0.028854  0.000903
1449  -0.000541  -0.044205  0.001954
1450  0.002345  -0.000984  0.000006
1451  -0.007430  -0.014213  0.000257
1452  0.006299  0.008153  0.000106
1453  0.007769  0.007572  0.000118
1454  0.014400  0.007240  0.000260
1455  0.006317  0.031833  0.001053
1456  0.003839  -0.023168  0.000551
1457  0.004393  -0.010337  0.000126
1458  0.004770  0.024378  0.000617
1459  -0.013678  -0.001204  0.000189
1460  0.003255  -0.072063  0.005204
1461  -0.012490  -0.018699  0.000506
1462  -0.019142  0.011446  0.000497
1463  0.075825  -0.062099  0.009606
1464  -0.028915  -0.040319  0.002462
1465  0.020135  -0.018357  0.000742
1466  -0.010627  0.021184  0.000562
1467  0.027424  0.045208  0.002796
1468  -0.033813  0.000544  0.001144
1469  -0.016675  -0.036663  0.001622
1470  0.032740  -0.015372  0.001308
1471  0.020262  -0.018051  0.000736
1472  -0.006171  0.006298  0.000078
1473  0.023857  -0.006288  0.000609
1474  0.038097  0.048103  0.003765
1475  0.015991  -0.017238  0.000553
1476  -0.028312  0.007529  0.000858
1477  0.017817  0.023461  0.000868
1478  0.047461  -0.001378  0.002254
1479  -0.007629  0.024750  0.000671
1480  -0.015873  0.029746  0.001137
1481  -0.011146  0.011906  0.000266
1482  0.048889  -0.028590  0.003208
1483  -0.006458  -0.027239  0.000784
1484  -0.030960  -0.002720  0.000966
1485  0.000043  0.029148  0.000850
1486  0.060278  0.001933  0.003637
1487  0.048981  0.009043  0.002481
1488  -0.018281  -0.011005  0.000455
1489  -0.022182  -0.008727  0.000568
1490  -0.012262  0.000028  0.000150
1491  -0.009291  0.019976  0.000485
1492  -0.027645  -0.018863  0.001120
1493  0.049050  0.037910  0.003843
1494  0.040426  0.009488  0.001724
1495  -0.000972  0.027059  0.000733
1496  -0.020170  -0.018024  0.000732
1497  0.021874  0.016229  0.000742
1498  0.008489  -0.047603  0.002338
1499  0.009225  0.016243  0.000349
1500  -0.021006  -0.000907  0.000442
1501  0.033091  0.048353  0.003433
1502  0.014964  0.017199  0.000520
1503  0.030503  -0.045139  0.002968
1504  0.046293  0.016397  0.002412
1505  0.052864  -0.016350  0.003062
1506  -0.001314  -0.037325  0.001395
1507  0.019096  0.018555  0.000709
1508  0.028214  -0.035064  0.002026
1509  -0.007687  -0.000341  0.000059
1510  -0.003427  0.001299  0.000013
1511  0.018563  -0.038004  0.001789
1512  0.015662  0.048300  0.002578
1513  0.007193  0.023197  0.000590
1514  0.039647  -0.038348  0.003042
1515  0.009637  0.001592  0.000095
1516  -0.042338  -0.007727  0.001852
1517  -0.019389  -0.027323  0.001122
1518  -0.012111  -0.030399  0.001071
1519  -0.033250  -0.020503  0.001526
1520  -0.059588  0.003282  0.003562
1521  -0.045236  -0.102779  0.012610
1522  0.025507  -0.026689  0.001363
1523  0.000709  -0.011697  0.000137
1524  0.044123  -0.011529  0.002080
1525  0.013649  0.068703  0.004906
1526  -0.030301  -0.044439  0.002893
1527  0.018280  -0.021247  0.000786
1528  -0.009573  -0.012069  0.000237
1529  0.002286  -0.026056  0.000684
1530  0.001184  0.021656  0.000470
1531  0.001416  -0.030853  0.000954
1532  0.003771  -0.012002  0.000158
1533  -0.030833  -0.007227  0.001003
1534  0.001933  0.001128  0.000005
1535  -0.016593  0.036021  0.001573
1536  0.026500  -0.048006  0.003007
1537  -0.011267  0.000577  0.000127
1538  -0.018315  -0.048593  0.002697
1539  -0.007680  -0.042900  0.001899
1540  0.011496  0.010170  0.000236
1541  -0.030620  0.017702  0.001251
1542  0.015935  0.006519  0.000296
1543  0.009671  0.025998  0.000769
1544  -0.041331  0.034950  0.002930
1545  0.017184  -0.001061  0.000296
1546  -0.013537  -0.039496  0.001743
1547  -0.011339  -0.003041  0.000138
1548  0.048970  -0.038908  0.003912
1549  0.024716  -0.004765  0.000634
1550  -0.056359  -0.012665  0.003337
1551  0.008061  -0.044359  0.002033
1552  -0.078786  -0.015766  0.006456
1553  0.089041  0.021791  0.008403
1554  -0.037741  -0.057044  0.004678
1555  -0.010527  -0.015555  0.000353
1556  -0.013772  -0.009786  0.000285
1557  -0.017806  0.016828  0.000600
1558  -0.007788  0.052237  0.002789
1559  0.033324  0.000933  0.001111
1560  -0.036291  0.010751  0.001433
1561  -0.067190  0.010085  0.004616
1562  -0.007846  -0.001199  0.000063
1563  -0.012660  -0.021469  0.000621
1564  0.025813  -0.004830  0.000690
1565  0.007867  -0.001033  0.000063
1566  -0.028720  0.007425  0.000880
1567  0.099543  -0.042650  0.011728
1568  0.004513  0.017417  0.000324
1569  -0.003000  -0.038590  0.001498
1570  -0.016775  0.018955  0.000641
1571  -0.022809  -0.007920  0.000583
1572  0.000587  0.021842  0.000477
1573  0.030295  0.007928  0.000981
1574  0.037225  0.032086  0.002415
1575  0.022076  0.071885  0.005655
1576  -0.024195  -0.001394  0.000587
1577  0.012075  -0.035392  0.001398
1578  0.009987  -0.026828  0.000820
1579  0.072018  -0.001722  0.005190
1580  0.007723  -0.040189  0.001675
1581  -0.012838  -0.004336  0.000184
1582  -0.044208  -0.028449  0.002764
1583  0.071191  -0.000516  0.005068
1584  0.053564  -0.027509  0.003626
1585  0.006625  -0.015723  0.000291
1586  0.003088  0.056806  0.003236
1587  -0.038751  0.017546  0.001809
1588  0.002450  -0.008740  0.000082
1589  0.039937  0.020146  0.002001
1590  0.035346  0.012375  0.001403
1591  -0.047931  -0.010847  0.002415
1592  0.031907  0.023139  0.001553
1593  -0.019502  0.034587  0.001577
1594  0.085973  -0.030516  0.008323
1595  0.035957  -0.001574  0.001295
1596  0.014616  0.032932  0.001298
1597  -0.060291  0.010554  0.003746
1598  -0.023123  0.026520  0.001238
1599  0.050377  0.046654  0.004714
1600  -0.032083  0.033322  0.002140
1601  -0.007571  0.083159  0.006973
1602  -0.017107  -0.010030  0.000393
1603  0.017571  -0.037720  0.001732
1604  0.032930  0.044233  0.003041
1605  -0.025839  0.066685  0.005114
1606  -0.000317  -0.001504  0.000002
1607  0.003327  0.002906  0.000020
1608  -0.017326  0.030744  0.001245
1609  0.015026  -0.046550  0.002393
1610  -0.097244  0.019785  0.009848
1611  0.049449  0.073808  0.007893
1612  -0.043094  0.038154  0.003313
1613  -0.049934  0.016215  0.002756
1614  0.000451  0.023321  0.000544
1615  0.039408  0.006806  0.001599
1616  -0.054041  0.061410  0.006692
1617  -0.010205  0.029989  0.001003
1618  -0.009115  -0.040180  0.001698
1619  -0.057243  -0.042155  0.005054
1620  0.030116  0.025286  0.001546
1621  0.044296  0.006936  0.002010
1622  0.034422  -0.026712  0.001898
1623  -0.005041  -0.006962  0.000074
1624  -0.020574  0.022502  0.000930
1625  0.017641  0.017011  0.000601
1626  0.007037  0.079726  0.006406
1627  -0.027833  0.008274  0.000843
1628  -0.027421  0.043065  0.002606
1629  0.004894  0.002966  0.000033
1630  -0.014037  -0.014508  0.000408
1631  0.022939  -0.023865  0.001096
1632  0.067673  -0.059581  0.008130
1633  -0.005094  0.085435  0.007325
1634  -0.012887  -0.048024  0.002472
1635  0.022960  0.038459  0.002006
1636  -0.013953  -0.029723  0.001078
1637  -0.027259  0.027434  0.001496
1638  0.057982  0.001295  0.003364
1639  0.046657  0.006275  0.002216
1640  -0.016356  -0.000658  0.000268
1641  0.020341  0.052921  0.003214
1642  -0.011838  0.072457  0.005390
1643  -0.087397  -0.032410  0.008689
1644  -0.056039  -0.060798  0.006837
1645  0.071421  0.002548  0.005107
1646  0.040605  0.020307  0.002061
1647  0.023430  0.018773  0.000901
1648  -0.026548  0.012926  0.000872
1649  0.048019  0.062379  0.006197
1650  -0.068816  0.049623  0.007198
1651  0.000218  -0.014050  0.000197
1652  -0.051617  0.011539  0.002797
1653  0.046765  -0.058787  0.005643
1654  0.108354  -0.007122  0.011791
1655  0.019076  0.035691  0.001638
1656  0.014485  0.019776  0.000601
1657  -0.003430  -0.018385  0.000350
1658  0.024095  0.080837  0.007115
1659  -0.030910  0.117694  0.014807
1660  -0.033774  -0.019274  0.001512
1661  0.020947  0.043452  0.002327
1662  -0.007683  -0.068945  0.004812
1663  0.091210  0.075182  0.013972
1664  -0.053023  -0.010886  0.002930
1665  0.036718  0.007110  0.001399
1666  0.057255  -0.034840  0.004492
1667  0.038111  -0.046992  0.003661
1668  0.055233  0.035333  0.004299
1669  0.060904  0.025655  0.004367
1670  0.003441  0.025317  0.000653
1671  -0.027184  0.029692  0.001621
1672  0.057232  0.005909  0.003310
1673  -0.085981  0.001954  0.007397
1674  0.004080  -0.052950  0.002820
1675  0.064685  0.009784  0.004280
1676  0.014359  0.014783  0.000425
1677  0.057789  -0.004602  0.003361
1678  0.005542  -0.036075  0.001332
1679  -0.046416  0.051550  0.004812
1680  -0.056644  -0.093637  0.011976
1681  -0.004810  0.012160  0.000171
1682  -0.000224  -0.129356  0.016733
1683  0.004327  -0.053900  0.002924
1684  0.049008  0.071962  0.007580
1685  0.064526  -0.119458  0.018434
1686  0.155474  -0.005428  0.024202
1687  -0.076729  0.045840  0.007989
1688  -0.026148  -0.036561  0.002020
1689  0.007135  -0.040708  0.001708
1690  0.050167  0.025882  0.003187
1691  -0.090848  -0.010384  0.008361
1692  0.012405  -0.025121  0.000785
1693  0.045985  -0.001093  0.002116
1694  0.086321  -0.026492  0.008153
1695  0.060757  -0.036570  0.005029
1696  0.056209  0.003067  0.003169
1697  0.047031  -0.013959  0.002407
1698  -0.010703  -0.098512  0.009819
1699  -0.035781  0.052002  0.003984
1700  0.110399  -0.033127  0.013285
1701  0.038052  0.055383  0.004515
1702  0.072634  -0.056956  0.008520
1703  -0.050266  0.073994  0.008002
1704  -0.016627  0.033116  0.001373
1705  -0.010310  -0.014164  0.000307
1706  -0.000776  -0.057910  0.003354
1707  0.032364  0.101833  0.011417
1708  -0.004626  0.083025  0.006915
1709  0.002673  0.046304  0.002151
1710  0.085388  -0.056775  0.010515
1711  0.220166  -0.016679  0.048751
1712  0.090083  -0.006564  0.008158
1713  0.050364  0.040288  0.004160
1714  0.030981  0.054407  0.003920
1715  -0.011464  0.018486  0.000473
1716  0.004550  -0.097117  0.009452
1717  0.072497  -0.039091  0.006784
1718  0.058821  0.125927  0.019317
1719  0.010864  -0.076124  0.005913
1720  0.097218  0.010596  0.009564
1721  0.025421  0.018891  0.001003
1722  0.076313  -0.029474  0.006692
1723  0.007601  0.108426  0.011814
1724  -0.075882  -0.012823  0.005923
1725  -0.052838  0.112229  0.015387
1726  0.105695  0.100044  0.021180
1727  -0.056948  -0.023302  0.003786
1728  -0.028622  -0.062563  0.004733
1729  -0.000811  0.026619  0.000709
1730  0.124152  -0.002268  0.015419
1731  0.038390  0.039691  0.003049
1732  0.065839  0.088542  0.012174
1733  -0.183176  0.163981  0.060443
1734  -0.085315  0.053802  0.010173
1735  -0.154937  0.081718  0.030683
1736  -0.080120  0.034034  0.007578
1737  0.045248  -0.106196  0.013325
1738  0.009079  -0.002025  0.000087
1739  -0.045675  -0.006485  0.002128
1740  0.044220  0.142930  0.022384
1741  -0.152827  -0.089830  0.031425
1742  0.086207  0.020434  0.007849
1743  0.058382  0.106326  0.014714
1744  -0.000578  -0.122933  0.015113
1745  0.007077  0.042214  0.001832
1746  -0.018582  -0.044269  0.002305
1747  -0.027822  0.067953  0.005392
1748  -0.008879  -0.080689  0.006590
1749  0.010773  -0.068751  0.004843
1750  -0.071727  0.029081  0.005990
1751  0.020167  -0.080396  0.006870
1752  -0.055335  0.003167  0.003072
1753  -0.074168  0.094193  0.014373
1754  -0.184724  -0.101424  0.044410
1755  0.111487  -0.070796  0.017442
1756  0.203487  0.050564  0.043964
1757  -0.065482  0.114912  0.017493
1758  0.009379  0.102445  0.010583
1759  0.127097  0.169458  0.044870
1760  -0.053374  -0.098979  0.012646
1761  -0.008548  -0.005283  0.000101
1762  0.095179  0.164128  0.035997
1763  0.102435  0.238818  0.067527
1764  -0.296499  0.044272  0.089872
1765  -0.261330  0.089593  0.076320
1766  -0.055907  -0.056461  0.006314
1767  0.032509  -0.102396  0.011542
1768  -0.009447  0.041442  0.001807
1769  -0.072831  0.103661  0.016050
1770  -0.048347  -0.060719  0.006024
1771  -0.027392  -0.008357  0.000820
1772  0.021249  -0.047961  0.002752
1773  -0.158171  -0.113253  0.037844
1774  0.194378  -0.017288  0.038082
1775  0.006130  0.096226  0.009297
1776  0.121720  0.257938  0.081348
1777  -0.052251  0.168415  0.031094
1778  0.020797  0.247688  0.061782
1779  -0.203718  0.135020  0.059731
1780  -0.040592  -0.207587  0.044740
1781  0.116023  0.089705  0.021508
1782  -0.168525  0.200436  0.068575
1783  -0.256359  0.029867  0.066612
1784  -0.008106  0.028385  0.000871
1785  -0.004063  -0.062626  0.003939
1786  -0.068846  -0.024794  0.005354
1787  0.013513  -0.168821  0.028683
1788  0.007259  0.099231  0.009899
1789  0.026294  -0.098407  0.010375
1790  0.024213  0.133934  0.018525
1791  -0.062449  0.102992  0.014507
1792  0.057439  -0.048623  0.005663
1793  -0.075774  -0.341722  0.122516
1794  -0.025739  0.042561  0.002474
1795  0.005973  0.125365  0.015752
1796  0.111115  -0.223289  0.062205
1797  0.185108  -0.273675  0.109163
1798  0.075393  0.196431  0.044269
1799  0.092349  0.018508  0.008871
1800  -0.053569  0.139110  0.022221
1801  -0.126965  0.104473  0.027035
1802  -0.225493  0.015735  0.051095
1803  -0.094823  0.099711  0.018934
1804  0.007791  0.084156  0.007143
1805  0.239044  0.156580  0.081659
1806  -0.192039  -0.022506  0.037386
1807  -0.090519  0.156622  0.032724
1808  -0.431637  -0.018369  0.186648
1809  -0.266964  -0.000977  0.071270
1810  0.213042  -0.281705  0.124745
1811  -0.017792  0.067433  0.004864
1812  0.025591  0.033230  0.001759
1813  -0.110945  -0.120572  0.026847
1814  -0.154352  -0.006503  0.023867
1815  -0.150107  0.279565  0.100688
1816  -0.012736  -0.202848  0.041309
1817  -0.128317  -0.209431  0.060326
1818  -0.019183  -0.317586  0.101229
1819  0.048112  0.200733  0.042608
1820  -0.044873  -0.195251  0.040137
1821  0.087121  0.053513  0.010454
1822  0.125904  0.134828  0.034030
1823  -0.163251  -0.285809  0.108338
1824  0.006666  -0.116452  0.013605
1825  -0.203319  -0.241169  0.099501
1826  0.011099  -0.105958  0.011350
1827  0.012353  -0.264186  0.069947
1828  0.089248  -0.344432  0.126599
1829  0.485614  0.175780  0.266720
1830  -0.068412  0.155290  0.028795
1831  0.145825  0.090935  0.029534
1832  0.062241  -0.042366  0.005669
1833  -0.239112  0.017478  0.057480
1834  0.034964  -0.102580  0.011745
1835  -0.149096  -0.335127  0.134540
1836  0.150248  0.079531  0.028900
1837  -0.267028  -0.184131  0.105208
1838  0.219720  0.130856  0.065400
1839  -0.015240  0.167664  0.028343
1840  -0.062584  0.078956  0.010151
1841  -0.176105  -0.151484  0.053960
1842  0.083712  -0.387929  0.157497
1843  0.036174  -0.175147  0.031985
1844  0.002303  0.272602  0.074317
1845  0.124334  -0.053468  0.018318
1846  0.328219  0.112412  0.120364
1847  0.134784  0.305771  0.111662
1848  -0.096201  0.282541  0.089084
1849  0.016895  -0.042226  0.002069
1850  -0.200179  -0.229763  0.092863
1851  -0.020150  -0.193975  0.038032
1852  0.187720  0.055688  0.038340
1853  0.005402  -0.271458  0.073719
1854  0.145520  -0.185020  0.055409
1855  0.019180  -0.054243  0.003310
1856  -0.234734  -0.305109  0.148192
1857  -0.166548  -0.128940  0.044364
1858  0.228582  0.104720  0.063216
1859  -0.079982  -0.055367  0.009463
1860  -0.029020  -0.360378  0.130714
1861  -0.142328  -0.257079  0.086347
1862  0.252506  0.545245  0.361052
1863  -0.357012  0.142782  0.147844
1864  -0.220961  -0.021024  0.049266
1865  -0.216000  -0.012617  0.046815
1866  0.465142  -0.157606  0.241197
1867  0.077033  0.046034  0.008053
1868  -0.107570  -0.170980  0.040806
1869  0.088531  0.046726  0.010021
1870  0.111161  0.088623  0.020211
1871  0.533845  -0.013538  0.285173
1872  0.169529  0.412993  0.199303
1873  -0.143691  0.022623  0.021159
1874  -0.163090  -0.368271  0.162222
1875  0.133489  0.719373  0.535317
1876  -0.196034  0.068712  0.043151
1877  0.014325  -0.297601  0.088772
1878  0.163899  0.060610  0.030536
1879  -0.228831  0.222781  0.101995
1880  0.315366  -0.147752  0.121286
1881  0.169084  0.069953  0.033483
1882  0.167179  -0.180630  0.060576
1883  0.064737  -0.184522  0.038239
1884  0.032717  0.103527  0.011788
1885  0.130615  0.239111  0.074234
1886  0.268299  0.049877  0.074472
1887  0.063101  -0.570631  0.329602
1888  0.443129  -0.092179  0.204861
1889  0.043053  0.221093  0.050735
1890  -0.001158  -0.032359  0.001048
1891  0.385472  -0.290671  0.233078
1892  -0.118104  -0.023774  0.014514
1893  0.154130  -0.073465  0.029153
1894  0.042408  -0.004935  0.001823
1895  0.120091  -0.041462  0.016141
1896  -0.116133  -0.341509  0.130115
1897  0.454504  -0.305444  0.299870
1898  0.374177  0.219934  0.188379
1899  -0.097735  -0.169117  0.038153
1900  -0.137819  -0.043678  0.020902
1901  0.387926  -0.514100  0.414786
1902  -0.193513  0.362546  0.168887
1903  0.002992  -0.119116  0.014198
1904  0.116083  -0.178718  0.045416
1905  -0.084694  -0.393888  0.162320
1906  0.134462  -0.048839  0.020465
1907  -0.562293  0.031079  0.317139
1908  -0.162384  0.094781  0.035352
1909  -0.205782  -0.167130  0.070279
1910  0.097841  -0.119026  0.023740
1911  0.260998  -0.203524  0.109542
1912  0.025207  0.183026  0.034134
1913  0.123136  -0.157120  0.039849
1914  0.131423  -0.186293  0.051977
1915  0.019442  -0.054885  0.003390
1916  0.243707  -0.151250  0.082270
1917  -0.608332  0.024635  0.370675
1918  -0.134993  0.329173  0.126578
1919  0.142185  -0.029387  0.021080
1920  0.028772  0.342688  0.118263
1921  -0.762246  0.483473  0.814766
1922  0.169035  0.050182  0.031091
1923  0.222929  -0.101156  0.059930
1924  -0.178680  -0.470950  0.253721
1925  0.337636  -0.293361  0.200059
1926  -0.424102  0.034320  0.181041
1927  -0.246778  0.200142  0.100956
1928  0.167604  0.096938  0.037488
1929  -0.213126  0.241021  0.103514
1930  -0.188558  0.257692  0.101959
1931  -0.207157  0.169119  0.071515
1932  0.540434  0.152745  0.315400
1933  0.289139  -0.507071  0.340723
1934  -0.107315  -0.448754  0.212896
1935  -0.014471  0.383725  0.147455
1936  0.089328  0.091935  0.016432
1937  0.102397  0.261877  0.079065
1938  -0.108176  0.267567  0.083294
1939  0.001783  0.271680  0.073813
1940  0.310000  -0.053501  0.098962
1941  0.500738  0.585623  0.593693
1942  0.124417  0.524477  0.290556
1943  -0.170412  0.547577  0.328881
1944  0.455882  -0.381552  0.353410
1945  0.358190  0.062593  0.132218
1946  -0.625005  0.242871  0.449618
1947  0.651479  -0.053945  0.427334
1948  -0.098042  0.337158  0.123288
1949  -0.155801  0.212835  0.069573
1950  0.415970  -0.081478  0.179670
1951  -0.228738  0.359119  0.181288
1952  0.044783  0.172069  0.031613
1953  -0.004570  0.649024  0.421253
1954  0.033343  0.059512  0.004653
1955  -0.044147  0.042386  0.003746
1956  0.052919  0.600514  0.363418
1957  0.234062  -0.336085  0.167738
1958  0.196435  0.168893  0.067112
1959  -0.024815  -0.554017  0.307550
1960  -0.256650  0.303748  0.158132
1961  0.115232  0.518918  0.282554
1962  -0.070421  -0.344669  0.123756
1963  -0.392271  -0.728661  0.684824
1964  0.154355  0.225868  0.074841
1965  0.763828  0.764379  1.167709
1966  0.415324  -0.412511  0.342659
1967  -0.018647  0.648129  0.420419
1968  -0.253153  0.240433  0.121895
1969  0.001811  -0.067650  0.004580
1970  -0.045128  -0.021019  0.002478
1971  -0.527017  -0.092616  0.286325
1972  0.007673  -0.260950  0.068154
1973  -0.122479  0.386741  0.164569
1974  -0.582647  -0.322780  0.443664
1975  -0.096820  -0.199997  0.049373
1976  -0.384673  -0.510334  0.408414
1977  0.798705  -0.268261  0.709893
1978  -0.562413  0.448590  0.517541
1979  0.216095  0.416268  0.219976
1980  0.142189  -0.023420  0.020766
1981  -0.142120  0.265508  0.090693
1982  0.551441  -0.038017  0.305532
1983  -0.875425  0.356376  0.893373
1984  -0.086866  0.390636  0.160142
1985  -0.591620  0.779129  0.957056
1986  -0.361554  -0.426656  0.312757
1987  0.649452  0.162974  0.448349
1988  -0.064313  -0.034322  0.005314
1989  -0.436613  -0.377519  0.333151
1990  0.307846  0.043432  0.096656
1991  -0.384896  -0.128198  0.164580
1992  -0.070641  -0.386927  0.154702
1993  -0.789524  -0.443105  0.819690
1994  -0.220330  -0.021316  0.049000
1995  0.327550  0.219141  0.155312
1996  0.299369  -0.557565  0.400501
1997  0.055085  -0.046011  0.005151
1998  0.429681  -0.527776  0.463174
1999  0.702512  0.432942  0.680962
2000  0.115001  -0.484408  0.247876
2001  0.244489  -0.729719  0.592265
2002  -0.204995  0.498659  0.290683
2003  -0.196271  0.644564  0.453985
2004  0.181316  -0.572612  0.360761
2005  0.337633  -0.000188  0.113996
2006  -0.237544  0.178350  0.088236
2007  -0.626403  0.447076  0.592258
2008  0.023804  -1.269525  1.612261
2009  0.253705  0.121036  0.079016
2010  0.272987  -0.101385  0.084801
2011  0.215425  1.068971  1.189106
2012  0.276035  0.415346  0.248707
2013  -0.390820  -0.179956  0.185125
2014  0.182126  -0.045325  0.035224
2015  0.049302  0.282115  0.082019
2016  -0.136598  0.348838  0.140347
2017  -0.182382  -0.197809  0.072391
2018  -0.257072  0.259771  0.133567
2019  0.119866  -0.390681  0.166999
2020  0.537549  -0.713089  0.797454
2021  0.643830  -0.088996  0.422437
2022  -0.388866  -0.615461  0.530009
2023  0.588095  -0.070998  0.350897
2024  -0.016782  -0.731826  0.535851
2025  -0.696233  0.289981  0.568829
2026  -0.366457  -0.163863  0.161142
2027  -0.206688  -0.575552  0.373980
2028  0.457650  0.161591  0.235555
2029  0.803070  -0.134604  0.663039
2030  0.150502  -0.713258  0.531387
2031  0.392636  -0.146182  0.175532
2032  -0.258012  0.659127  0.501019
2033  0.093063  0.401675  0.170003
2034  0.360546  0.490337  0.370424
2035  0.160974  -0.112590  0.038589
2036  -0.082119  0.099772  0.016698
2037  -0.135660  0.514143  0.282747
2038  -0.215816  -0.190534  0.082880
2039  0.725431  -0.090947  0.534521
2040  -0.039663  -0.405902  0.166329
2041  -1.000252  -0.296701  1.088535
2042  0.157570  0.683917  0.492570
2043  -0.247070  0.148052  0.082963
2044  0.012643  -0.728650  0.531091
2045  0.035962  0.027365  0.002042
2046  0.208605  -0.455318  0.250831
2047  0.131809  -0.019367  0.017749
