0  0.007747  0.058484  0.003480
1  0.099796  0.029410  0.010824
2  -0.022212  0.007387  0.000548
3  -0.021030  0.008502  0.000515
4  0.047210  0.027954  0.003010
5  0.006946  0.018431  0.000388
6  -0.003600  0.045239  0.002060
7  0.087368  -0.022553  0.008142
8  -0.020942  -0.018266  0.000772
9  -0.113090  0.022868  0.013312
10  0.081218  0.065426  0.010877
11  -0.031371  0.049659  0.003450
12  0.026930  0.040964  0.002403
13  0.010286  -0.053462  0.002964
14  -0.044185  -0.055369  0.005018
15  0.016664  -0.068025  0.004905
16  -0.042613  -0.017257  0.002114
17  -0.013843  0.041975  0.001953
18  0.019695  0.001932  0.000392
19  0.021070  -0.010580  0.000556
20  -0.011659  -0.035941  0.001428
21  -0.000841  -0.016875  0.000285
22  -0.005834  0.048500  0.002386
23  0.031438  0.063571  0.005030
24  0.007485  0.003196  0.000066
25  -0.000220  -0.016462  0.000271
26  -0.029246  0.024072  0.001435
27  0.051642  0.031101  0.003634
28  0.021535  0.068418  0.005145
29  0.048548  0.002225  0.002362
30  0.030087  0.003658  0.000919
31  -0.016989  -0.013116  0.000461
32  -0.011287  -0.058576  0.003559
33  0.000457  0.018699  0.000350
34  0.046097  0.028625  0.002944
35  -0.068974  0.033765  0.005897
36  0.047795  0.024231  0.002872
37  -0.033868  -0.016606  0.001423
38  0.012544  0.020573  0.000581
39  -0.008342  0.016189  0.000332
40  -0.001119  0.008550  0.000074
41  0.006823  0.031586  0.001044
42  0.018921  0.001928  0.000362
43  0.045086  -0.047265  0.004267
44  0.021259  -0.083564  0.007435
45  0.002782  -0.023458  0.000558
46  -0.027354  0.042524  0.002557
47  -0.024795  -0.048477  0.002965
48  -0.021309  0.042063  0.002223
49  0.023407  0.006372  0.000589
50  -0.046186  -0.020978  0.002573
51  -0.023062  -0.009392  0.000620
52  -0.004168  -0.014507  0.000228
53  -0.032012  0.023826  0.001592
54  0.008635  0.049460  0.002521
55  0.007858  -0.018468  0.000403
56  -0.018796  0.006656  0.000398
57  0.057243  0.007770  0.003337
58  0.016610  -0.005458  0.000306
59  0.022081  -0.029566  0.001362
60  0.022334  -0.001883  0.000502
61  -0.035360  0.069925  0.006140
62  0.020145  0.036529  0.001740
63  -0.018355  0.032281  0.001379
64  -0.059633  -0.015327  0.003791
65  0.032966  -0.030252  0.002002
66  0.035558  -0.027336  0.002012
67  0.051100  0.067357  0.007148
68  -0.005251  0.033723  0.001165
69  0.050308  -0.020030  0.002932
70  -0.021897  -0.011990  0.000623
71  -0.021514  -0.060405  0.004112
72  0.007157  -0.035131  0.001285
73  -0.005033  -0.002922  0.000034
74  0.054741  0.020619  0.003422
75  -0.007378  0.022475  0.000560
76  -0.005208  0.000308  0.000027
77  0.008626  0.016397  0.000343
78  0.040714  0.009569  0.001749
79  -0.033196  0.052272  0.003834
80  -0.013706  -0.007817  0.000249
81  0.048111  0.047793  0.004599
82  -0.014312  0.081538  0.006853
83  -0.007699  0.050022  0.002561
84  0.084558  0.027460  0.007904
85  -0.002125  0.002011  0.000009
86  -0.038679  -0.036754  0.002847
87  -0.033409  -0.040647  0.002768
88  -0.075422  -0.040879  0.007360
89  -0.007985  -0.031946  0.001084
90  0.036602  -0.075895  0.007100
91  -0.017784  -0.070005  0.005217
92  -0.028738  -0.005846  0.000860
93  -0.072698  0.034368  0.006466
94  0.014931  -0.011809  0.000362
95  -0.005654  -0.009048  0.000114
96  -0.012006  -0.036057  0.001444
97  -0.043720  -0.038558  0.003398
98  -0.001473  0.026192  0.000688
99  0.010728  0.038393  0.001589
100  0.020757  -0.035892  0.001719
101  0.002239  -0.049586  0.002464
102  0.020055  -0.068183  0.005051
103  -0.000218  -0.002206  0.000005
104  0.003297  -0.018055  0.000337
105  -0.020303  0.069685  0.005268
106  0.033031  0.008371  0.001161
107  -0.011137  -0.012653  0.000284
108  0.032717  -0.023418  0.001619
109  0.009141  0.018251  0.000417
110  -0.031717  -0.032088  0.002036
111  -0.019861  0.015740  0.000642
112  0.011728  0.010049  0.000239
113  -0.016825  -0.010491  0.000393
114  -0.022586  0.013958  0.000705
115  -0.026958  0.020381  0.001142
116  0.011097  -0.015853  0.000374
117  0.001980  0.097853  0.009579
118  0.019490  0.022403  0.000882
119  -0.015170  0.039972  0.001828
120  -0.026632  0.027071  0.001442
121  0.044981  0.033978  0.003178
122  -0.067927  0.014890  0.004836
123  0.025725  0.043402  0.002546
124  0.012817  -0.040725  0.001823
125  0.054288  0.046317  0.005092
126  0.005955  0.031132  0.001005
127  0.005087  -0.024523  0.000627
128  -0.009633  0.005287  0.000121
129  0.036210  -0.049168  0.003729
130  -0.032670  0.025277  0.001706
131  0.053993  0.049885  0.005404
132  -0.009876  -0.035874  0.001384
133  0.050753  0.000455  0.002576
134  0.009646  0.007654  0.000152
135  0.014056  0.003880  0.000213
136  0.038046  -0.031349  0.002430
137  -0.009322  0.042122  0.001861
138  0.004775  -0.008740  0.000099
139  -0.012315  -0.049839  0.002636
140  -0.080121  0.034985  0.007643
141  0.032636  -0.023717  0.001628
142  -0.004070  0.017106  0.000309
143  -0.037627  0.027494  0.002172
144  -0.031797  0.044038  0.002950
145  0.006472  0.017937  0.000364
146  0.016042  -0.029167  0.001108
147  0.022044  0.060136  0.004102
148  0.015385  -0.016294  0.000502
149  -0.013119  -0.002165  0.000177
150  0.083801  -0.022823  0.007543
151  0.064634  0.007277  0.004230
152  0.046416  0.000986  0.002155
153  0.049925  0.072045  0.007683
154  0.032969  -0.018175  0.001417
155  0.059415  -0.022453  0.004034
156  -0.015117  0.034218  0.001399
157  0.041959  -0.057644  0.005083
158  0.050084  0.030483  0.003438
159  -0.007626  0.023473  0.000609
160  0.046213  -0.015692  0.002382
161  0.020175  -0.020000  0.000807
162  0.018372  0.001321  0.000339
163  0.056171  0.047995  0.005459
164  0.025162  -0.007510  0.000690
165  -0.012074  -0.052068  0.002857
166  -0.029479  -0.050945  0.003464
167  -0.014703  0.019578  0.000599
168  -0.008501  0.037908  0.001509
169  -0.019371  0.007585  0.000433
170  -0.036521  0.069510  0.006165
171  0.030647  0.010500  0.001049
172  0.059150  -0.038299  0.004966
173  0.036612  -0.037522  0.002748
174  -0.009380  -0.007718  0.000148
175  -0.003253  0.040593  0.001658
176  0.042798  -0.064501  0.005992
177  -0.031773  0.001929  0.001013
178  0.036902  -0.009565  0.001453
179  0.073340  0.004791  0.005402
180  -0.002413  -0.035154  0.001242
181  -0.026623  -0.071716  0.005852
182  -0.022917  0.006606  0.000569
183  0.030893  -0.036731  0.002304
184  0.079668  0.023738  0.006910
185  0.038929  -0.012559  0.001673
186  0.018256  -0.005212  0.000360
187  -0.012426  0.000852  0.000155
188  0.006637  -0.026853  0.000765
189  -0.019825  0.050618  0.002955
190  0.013269  0.024801  0.000791
191  0.004980  -0.026780  0.000742
192  0.040023  0.055910  0.004728
193  0.009895  -0.004405  0.000117
194  0.030474  -0.013225  0.001104
195  0.004326  0.001638  0.000021
196  -0.069562  0.013585  0.005023
197  0.051910  -0.015305  0.002929
198  -0.002942  -0.026764  0.000725
199  0.006503  -0.018961  0.000402
200  -0.004879  0.017372  0.000326
201  -0.032617  0.063134  0.005050
202  0.005448  -0.024125  0.000612
203  -0.013760  -0.013960  0.000384
204  0.018201  -0.002361  0.000337
205  -0.024095  0.006562  0.000624
206  0.003272  -0.016648  0.000288
207  -0.011895  0.009727  0.000236
208  0.043472  -0.022439  0.002393
209  0.041967  -0.021940  0.002243
210  0.016062  0.056273  0.003425
211  0.013532  -0.005567  0.000214
212  0.004554  0.034818  0.001233
213  0.034214  -0.033386  0.002285
214  0.029630  -0.018729  0.001229
215  -0.043222  0.004869  0.001892
216  -0.035414  0.069352  0.006064
217  0.056412  0.033639  0.004314
218  0.001312  0.043927  0.001931
219  0.019437  -0.057580  0.003693
220  0.084576  -0.035965  0.008447
221  0.013345  0.036393  0.001503
222  -0.000977  0.036465  0.001331
223  0.017908  -0.014414  0.000528
224  -0.020764  -0.005268  0.000459
225  0.032270  -0.007278  0.001094
226  0.024215  0.003372  0.000598
227  0.081664  0.018019  0.006994
228  -0.011010  -0.041939  0.001880
229  -0.053912  -0.017599  0.003216
230  0.039568  -0.047016  0.003776
231  0.041804  0.014948  0.001971
232  -0.042623  -0.066413  0.006227
233  -0.023968  0.054449  0.003539
234  0.029879  -0.053814  0.003789
235  -0.007502  0.015777  0.000305
236  -0.076306  0.055821  0.008939
237  0.039491  0.025809  0.002226
238  0.003368  0.006347  0.000052
239  -0.032692  0.027116  0.001804
240  0.038725  0.015295  0.001734
241  -0.017252  -0.006263  0.000337
242  0.000094  0.010537  0.000111
243  -0.049489  0.022702  0.002965
244  0.007556  -0.045279  0.002107
245  0.034253  -0.019016  0.001535
246  0.024885  -0.007807  0.000680
247  0.016456  -0.025757  0.000934
248  0.007510  0.022529  0.000564
249  0.042241  -0.001744  0.001787
250  0.044058  0.000968  0.001942
251  -0.003105  -0.001207  0.000011
252  -0.031326  0.015185  0.001212
253  0.028592  0.022077  0.001305
254  -0.005997  -0.027457  0.000790
255  -0.012177  0.063098  0.004130
256  -0.010656  0.023880  0.000684
257  -0.042716  -0.029632  0.002703
258  -0.034688  0.027535  0.001961
259  0.001508  -0.044429  0.001976
260  -0.077303  0.028205  0.006771
261  0.066440  0.011628  0.004550
262  -0.040408  0.037392  0.003031
263  0.038293  -0.031033  0.002429
264  0.022958  -0.016447  0.000798
265  -0.013133  -0.074652  0.005745
266  -0.002174  0.015756  0.000253
267  0.026418  -0.050588  0.003257
268  -0.003360  0.033447  0.001130
269  -0.012884  0.045815  0.002265
270  -0.014188  0.040766  0.001863
271  0.009387  0.021869  0.000566
272  -0.045890  0.020890  0.002542
273  0.035911  -0.011979  0.001433
274  -0.060363  0.024507  0.004244
275  0.071876  0.007943  0.005229
276  0.046965  -0.018299  0.002541
277  -0.017610  -0.001881  0.000314
278  -0.026670  -0.018333  0.001047
279  0.033493  0.002427  0.001128
280  0.055389  0.008953  0.003148
281  0.044427  -0.011606  0.002108
282  -0.012048  -0.010904  0.000264
283  -0.005195  0.028145  0.000819
284  0.071325  0.019870  0.005482
285  -0.070659  -0.012711  0.005154
286  -0.002431  0.031569  0.001002
287  -0.012949  0.002581  0.000174
288  0.019723  0.004624  0.000410
289  0.022710  -0.015787  0.000765
290  -0.045675  0.016319  0.002353
291  0.054920  0.011776  0.003155
292  0.057243  -0.029183  0.004128
293  0.005033  0.020916  0.000463
294  -0.017553  -0.004399  0.000327
295  0.005085  0.017581  0.000335
296  0.037592  -0.005956  0.001449
297  0.031305  -0.036546  0.002316
298  0.039481  0.065264  0.005818
299  0.013104  0.018983  0.000532
300  -0.011991  0.048714  0.002517
301  -0.005830  0.092137  0.008523
302  -0.017850  0.061075  0.004049
303  -0.019378  -0.023892  0.000946
304  0.007515  0.018190  0.000387
305  -0.000592  0.057567  0.003314
306  0.073674  0.029711  0.006311
307  0.071237  -0.012337  0.005227
308  0.050815  -0.029934  0.003478
309  -0.033844  -0.081886  0.007851
310  -0.009969  0.051418  0.002743
311  0.005652  0.030205  0.000944
312  0.059524  0.043678  0.005451
313  0.014918  0.028524  0.001036
314  -0.024427  -0.038751  0.002098
315  0.005876  -0.027618  0.000797
316  -0.004019  -0.020529  0.000438
317  -0.005656  -0.041839  0.001782
318  0.013613  -0.024320  0.000777
319  -0.004406  -0.002373  0.000025
320  -0.034042  0.001858  0.001162
321  0.018420  -0.034378  0.001521
322  -0.020798  0.003734  0.000447
323  -0.028278  0.034227  0.001971
324  -0.035911  -0.001477  0.001292
325  -0.023167  -0.000113  0.000537
326  -0.035025  0.011489  0.001359
327  0.020821  0.005647  0.000465
328  0.006038  -0.033058  0.001129
329  0.031303  0.007175  0.001031
330  0.022801  0.019542  0.000902
331  0.024344  0.004227  0.000610
332  0.007529  -0.003972  0.000072
333  0.008136  -0.013635  0.000252
334  0.029718  -0.023945  0.001457
335  0.061872  -0.014340  0.004034
336  -0.039955  -0.005700  0.001629
337  -0.013940  0.000437  0.000195
338  -0.001925  0.002586  0.000010
339  -0.040507  -0.046123  0.003768
340  -0.013076  0.030170  0.001081
341  -0.063133  0.006467  0.004028
342  0.031492  0.007707  0.001051
343  0.018842  -0.010524  0.000466
344  -0.026407  0.058560  0.004127
345  0.028457  0.019866  0.001204
346  0.022675  -0.052811  0.003303
347  0.007548  -0.029732  0.000941
348  -0.009311  0.032042  0.001113
349  -0.057704  0.014519  0.003541
350  0.045033  0.005488  0.002058
351  0.050865  -0.031861  0.003602
352  0.013459  0.011821  0.000321
353  -0.013725  0.005571  0.000219
354  0.011732  -0.001940  0.000141
355  0.028900  -0.004159  0.000853
356  0.045427  -0.056056  0.005206
357  0.025189  -0.005105  0.000661
358  -0.049616  0.017848  0.002780
359  0.001663  -0.008579  0.000076
360  -0.005696  0.017612  0.000343
361  -0.000044  -0.021962  0.000482
362  0.039170  -0.064670  0.005716
363  -0.026177  -0.047705  0.002961
364  0.040395  0.023918  0.002204
365  0.024516  0.002802  0.000609
366  0.091727  -0.018036  0.008739
367  -0.032002  0.031762  0.002033
368  0.012309  0.006037  0.000188
369  -0.025580  -0.067895  0.005264
370  0.014046  -0.016550  0.000471
371  0.042883  -0.048201  0.004162
372  -0.056673  0.010727  0.003327
373  0.030835  -0.014060  0.001148
374  0.069881  -0.045653  0.006968
375  0.003790  0.009265  0.000100
376  0.032405  -0.007649  0.001109
377  0.021074  -0.005107  0.000470
378  -0.041160  0.032009  0.002719
379  -0.041976  -0.051578  0.004422
380  -0.006179  0.011333  0.000167
381  0.048320  -0.023275  0.002877
382  -0.004973  0.034022  0.001182
383  0.047338  0.046705  0.004422
384  0.022159  -0.044515  0.002473
385  0.002290  -0.031972  0.001027
386  -0.074560  0.004211  0.005577
387  0.011569  0.012507  0.000290
388  0.086789  -0.001727  0.007535
389  0.002949  0.060072  0.003617
390  0.060450  -0.035164  0.004891
391  0.031793  -0.004251  0.001029
392  0.008880  0.017834  0.000397
393  -0.000865  0.053853  0.002901
394  0.000689  0.015108  0.000229
395  0.050371  -0.014265  0.002741
396  0.014432  -0.066939  0.004689
397  -0.013694  -0.075514  0.005890
398  -0.012026  -0.010632  0.000258
399  -0.022562  0.014732  0.000726
400  0.017452  0.026320  0.000997
401  0.024114  -0.023382  0.001128
402  0.031729  0.040250  0.002627
403  -0.012272  -0.049052  0.002557
404  -0.039729  -0.003454  0.001590
405  -0.019756  0.025509  0.001041
406  -0.042599  -0.039725  0.003393
407  0.032782  -0.008142  0.001141
408  0.023393  0.007660  0.000606
409  -0.015588  -0.000226  0.000243
410  -0.009353  0.030217  0.001001
411  0.028095  -0.027712  0.001557
412  0.066375  -0.008998  0.004487
413  0.000860  0.024390  0.000596
414  -0.029411  0.031745  0.001873
415  -0.022797  0.017060  0.000811
416  -0.003617  0.049230  0.002437
417  0.037054  0.021955  0.001855
418  0.027599  -0.004068  0.000778
419  -0.002139  -0.044114  0.001951
420  -0.025642  0.056979  0.003904
421  0.041963  -0.027963  0.002543
422  -0.016100  0.022350  0.000759
423  -0.007733  -0.026165  0.000744
424  0.001025  -0.039877  0.001591
425  -0.000297  -0.024296  0.000590
426  -0.035993  -0.028639  0.002116
427  -0.011967  -0.010076  0.000245
428  0.002654  0.002720  0.000014
429  0.069026  -0.050365  0.007301
430  -0.039903  -0.063628  0.005641
431  -0.071321  0.031663  0.006089
432  -0.026044  0.004743  0.000701
433  -0.000059  0.086458  0.007475
434  0.044782  -0.007878  0.002067
435  -0.039802  -0.007649  0.001643
436  0.041673  0.063868  0.005816
437  -0.026339  -0.017717  0.001008
438  -0.016853  -0.081518  0.006929
439  -0.015984  -0.079316  0.006547
440  0.046009  0.017077  0.002408
441  0.011043  -0.004650  0.000144
442  -0.003414  0.059437  0.003544
443  -0.009479  -0.019224  0.000459
444  0.032750  0.024341  0.001665
445  -0.018067  -0.016704  0.000605
446  -0.034800  0.090438  0.009390
447  -0.003497  0.015729  0.000260
448  -0.015513  -0.040239  0.001860
449  -0.023279  -0.025693  0.001202
450  -0.021924  -0.024581  0.001085
451  -0.020975  -0.042280  0.002228
452  -0.023988  0.013037  0.000745
453  0.055671  0.007144  0.003150
454  0.020742  -0.013859  0.000622
455  0.007082  -0.011253  0.000177
456  0.031101  -0.032919  0.002051
457  0.008849  -0.004267  0.000097
458  0.069882  -0.021718  0.005355
459  -0.016802  -0.020054  0.000684
460  -0.026618  -0.028175  0.001502
461  0.010426  0.020078  0.000512
462  0.053270  0.025563  0.003491
463  0.027053  0.039542  0.002295
464  0.023252  -0.008679  0.000616
465  0.029786  0.002911  0.000896
466  -0.001336  0.027258  0.000745
467  -0.010340  0.057823  0.003450
468  0.048216  -0.088965  0.010240
469  0.014533  0.032813  0.001288
470  0.015821  -0.012321  0.000402
471  -0.070870  -0.001623  0.005025
472  0.039074  0.010953  0.001647
473  -0.018620  0.013975  0.000542
474  -0.040485  -0.027030  0.002370
475  0.021633  0.002905  0.000476
476  0.032833  -0.011534  0.001211
477  -0.028375  -0.041881  0.002559
478  0.045844  -0.056334  0.005275
479  0.071554  0.016061  0.005378
480  0.022368  -0.059873  0.004085
481  0.010876  0.008374  0.000188
482  0.018236  -0.040314  0.001958
483  -0.037991  -0.013514  0.001626
484  0.069119  -0.009138  0.004861
485  -0.008489  0.015901  0.000325
486  -0.010523  0.004893  0.000135
487  -0.041624  0.034081  0.002894
488  0.017992  -0.011432  0.000454
489  -0.019265  0.016641  0.000648
490  0.039588  0.033891  0.002716
491  -0.036757  -0.037619  0.002766
492  -0.043260  0.022268  0.002367
493  0.040326  0.004116  0.001643
494  0.003663  -0.003585  0.000026
495  -0.060783  0.033145  0.004793
496  0.008311  -0.015625  0.000313
497  0.022438  -0.008479  0.000575
498  -0.019575  -0.006633  0.000427
499  -0.003017  0.033380  0.001123
500  0.076461  0.037121  0.007224
501  -0.043481  -0.051425  0.004535
502  0.054494  -0.009887  0.003067
503  -0.056782  -0.004641  0.003246
504  -0.010031  0.019108  0.000466
505  -0.038716  -0.003884  0.001514
506  -0.007096  0.067656  0.004628
507  0.045102  -0.064877  0.006243
508  0.034277  0.067607  0.005746
509  -0.041426  0.006684  0.001761
510  0.048338  0.006215  0.002375
511  -0.033982  0.009894  0.001253
512  -0.028968  -0.013570  0.001023
513  0.045465  0.036766  0.003419
514  0.018164  0.036838  0.001687
515  0.049129  -0.010243  0.002519
516  0.047563  -0.000548  0.002263
517  -0.008597  0.000823  0.000075
518  0.033788  0.007934  0.001205
519  0.039278  -0.010086  0.001644
520  -0.017993  0.031861  0.001339
521  -0.027515  -0.004044  0.000773
522  0.006410  -0.021677  0.000511
523  -0.015880  0.011512  0.000385
524  0.026431  -0.014994  0.000923
525  0.065888  0.037392  0.005739
526  -0.053551  -0.017351  0.003169
527  -0.037054  0.027803  0.002146
528  -0.049884  0.016868  0.002773
529  0.079737  -0.003140  0.006368
530  0.044269  -0.047627  0.004228
531  0.013164  -0.007791  0.000234
532  0.000312  0.008011  0.000064
533  -0.018263  0.013309  0.000511
534  0.052279  0.024346  0.003326
535  0.029352  -0.010144  0.000964
536  -0.025176  -0.031032  0.001597
537  -0.030157  -0.021311  0.001364
538  -0.026818  0.044608  0.002709
539  -0.001396  0.052388  0.002746
540  0.038421  0.008157  0.001543
541  -0.021003  0.009858  0.000538
542  -0.034495  0.068569  0.005892
543  0.009391  -0.001622  0.000091
544  0.037822  0.038818  0.002937
545  0.015425  0.060614  0.003912
546  0.063057  0.014132  0.004176
547  -0.017003  -0.024505  0.000890
548  -0.023757  0.013634  0.000750
549  0.042770  -0.014025  0.002026
550  0.039740  -0.021356  0.002035
551  0.025888  -0.029650  0.001549
552  0.025086  0.024469  0.001228
553  -0.058109  0.011219  0.003503
554  0.006637  0.022871  0.000567
555  0.000212  0.028007  0.000784
556  -0.017813  -0.059580  0.003867
557  0.028820  0.025606  0.001486
558  0.020354  -0.019348  0.000789
559  -0.007491  0.019053  0.000419
560  -0.047115  0.014492  0.002430
561  0.001473  -0.070531  0.004977
562  0.007810  0.005568  0.000092
563  -0.000621  -0.033660  0.001133
564  0.022526  -0.001265  0.000509
565  -0.030543  -0.000810  0.000934
566  -0.010944  -0.040131  0.001730
567  -0.007560  -0.031089  0.001024
568  0.032156  -0.000962  0.001035
569  0.070592  0.043532  0.006878
570  0.001369  0.016896  0.000287
571  0.052339  -0.057143  0.006005
572  0.017916  -0.027552  0.001080
573  0.050211  -0.000687  0.002522
574  0.009498  -0.019955  0.000488
575  0.001224  -0.018527  0.000345
576  0.021274  0.006100  0.000490
577  0.020145  0.029058  0.001250
578  -0.010595  -0.002032  0.000116
579  -0.022934  0.002608  0.000533
580  0.027503  -0.000601  0.000757
581  -0.017785  -0.027910  0.001095
582  -0.028350  0.015389  0.001041
583  -0.008376  -0.022748  0.000588
584  0.013534  -0.053191  0.003012
585  0.035327  -0.021657  0.001717
586  0.020147  0.076160  0.006206
587  -0.044502  0.014299  0.002185
588  -0.024118  -0.024648  0.001189
589  0.006571  -0.031103  0.001011
590  0.005624  0.008198  0.000099
591  -0.013768  0.015387  0.000426
592  -0.037208  0.059671  0.004945
593  0.031563  -0.026359  0.001691
594  0.000842  -0.006143  0.000038
595  -0.009600  -0.011193  0.000217
596  0.018203  0.022933  0.000857
597  0.068474  0.091152  0.012997
598  -0.009425  0.019004  0.000450
599  -0.021900  0.009883  0.000577
600  0.000815  0.003603  0.000014
601  -0.021680  -0.012985  0.000639
602  -0.014057  -0.025112  0.000828
603  0.009478  -0.025861  0.000759
604  -0.015893  0.022574  0.000762
605  -0.017846  0.013052  0.000489
606  0.033151  -0.003720  0.001113
607  -0.025138  -0.042842  0.002467
608  0.041779  0.051994  0.004449
609  -0.023423  0.039197  0.002085
610  0.001263  0.014947  0.000225
611  0.035794  0.065917  0.005626
612  0.037343  0.032203  0.002432
613  -0.000936  0.044687  0.001998
614  0.042428  0.058864  0.005265
615  0.038639  -0.037334  0.002887
616  0.013060  0.010406  0.000279
617  -0.061440  -0.027981  0.004558
618  -0.085039  -0.000243  0.007232
619  -0.014285  0.014374  0.000411
620  -0.030353  0.012771  0.001084
621  -0.006865  -0.021847  0.000524
622  -0.037151  -0.006514  0.001423
623  -0.051040  -0.012695  0.002766
624  0.031907  0.060951  0.004733
625  0.022841  0.043954  0.002454
626  0.064584  -0.020110  0.004575
627  0.006137  0.052240  0.002767
628  0.079635  0.017141  0.006636
629  -0.017044  -0.047716  0.002567
630  0.060569  -0.058528  0.007094
631  -0.033655  0.030431  0.002059
632  0.007659  -0.047815  0.002345
633  0.041007  -0.030345  0.002602
634  0.048276  -0.049559  0.004787
635  0.007074  0.038742  0.001551
636  0.046247  -0.005781  0.002172
637  -0.033099  -0.026448  0.001795
638  0.066299  0.003614  0.004409
639  -0.045395  -0.035269  0.003305
640  -0.113856  -0.024883  0.013582
641  0.021745  -0.011142  0.000597
642  -0.048689  0.048373  0.004711
643  0.013137  0.006021  0.000209
644  0.015392  0.060477  0.003894
645  0.000818  -0.067893  0.004610
646  -0.031372  -0.066822  0.005449
647  0.028902  0.030183  0.001746
648  0.063959  -0.002481  0.004097
649  -0.010266  0.021249  0.000557
650  -0.044232  0.024800  0.002571
651  -0.047509  0.054358  0.005212
652  -0.022705  0.027230  0.001257
653  0.032353  -0.068321  0.005715
654  0.001639  0.019468  0.000382
655  -0.023098  -0.054880  0.003545
656  -0.001818  0.003001  0.000012
657  0.039119  -0.014266  0.001734
658  0.016083  -0.002381  0.000264
659  0.049455  0.065689  0.006761
660  -0.048092  0.057074  0.005570
661  -0.047101  -0.002678  0.002226
662  -0.032451  0.042916  0.002895
663  0.002498  -0.020885  0.000442
664  -0.021927  0.064693  0.004666
665  -0.021305  0.009775  0.000549
666  0.014224  -0.004281  0.000221
667  0.035362  -0.016764  0.001531
668  -0.021449  0.038901  0.001973
669  -0.002403  0.021782  0.000480
670  0.064800  -0.003164  0.004209
671  0.028757  -0.001657  0.000830
672  0.013155  0.067961  0.004792
673  0.004670  0.057071  0.003279
674  0.006261  0.000422  0.000039
675  -0.010911  0.009727  0.000214
676  -0.028384  -0.049441  0.003250
677  0.005995  0.025385  0.000680
678  0.028426  0.019699  0.001196
679  0.050573  0.022101  0.003046
680  0.029515  0.010131  0.000974
681  -0.007500  0.006070  0.000093
682  -0.008426  0.003452  0.000083
683  -0.038675  -0.035790  0.002777
684  -0.015964  -0.023366  0.000801
685  0.039016  -0.006235  0.001561
686  0.031240  -0.035610  0.002244
687  -0.031405  -0.002288  0.000991
688  0.025091  0.008443  0.000701
689  -0.104210  -0.015452  0.011099
690  0.037048  -0.017938  0.001694
691  0.035436  -0.006369  0.001296
692  0.013948  -0.022656  0.000708
693  -0.033233  -0.044433  0.003079
694  -0.004114  -0.025883  0.000687
695  -0.072178  -0.016408  0.005479
696  -0.014531  -0.066002  0.004567
697  0.043566  0.051259  0.004526
698  0.057615  0.087291  0.010939
699  -0.010827  -0.047118  0.002337
700  0.017165  -0.021094  0.000740
701  0.050928  0.016677  0.002872
702  -0.015275  0.032534  0.001292
703  -0.053496  0.004936  0.002886
704  0.052357  0.023445  0.003291
705  -0.058543  0.001793  0.003431
706  0.011318  0.004401  0.000147
707  0.051368  0.023930  0.003211
708  0.026039  0.024707  0.001288
709  -0.044021  0.046861  0.004134
710  -0.009875  0.000732  0.000098
711  0.027099  -0.039972  0.002332
712  0.057549  0.042010  0.005077
713  -0.026964  -0.053644  0.003605
714  0.035323  -0.015410  0.001485
715  0.060072  -0.008223  0.003676
716  0.052677  -0.009360  0.002863
717  0.005368  0.013803  0.000219
718  -0.016201  -0.021187  0.000711
719  0.041764  0.035421  0.002999
720  -0.034000  -0.006460  0.001198
721  0.062939  0.049602  0.006422
722  0.027306  0.000769  0.000746
723  -0.011555  -0.027748  0.000903
724  -0.016968  0.040977  0.001967
725  -0.036051  -0.037531  0.002708
726  -0.018536  -0.081290  0.006952
727  -0.029570  -0.087947  0.008609
728  0.013085  0.016128  0.000431
729  -0.021433  0.002248  0.000464
730  0.018635  -0.007381  0.000402
731  -0.016428  -0.037367  0.001666
732  0.030872  -0.002624  0.000960
733  -0.036235  0.009519  0.001404
734  -0.026159  -0.017700  0.000998
735  -0.017801  0.051435  0.002962
736  -0.014598  -0.047134  0.002435
737  -0.053569  -0.005489  0.002900
738  -0.026130  -0.119089  0.014865
739  -0.021232  0.004711  0.000473
740  -0.015784  -0.015854  0.000500
741  -0.007738  0.029137  0.000909
742  0.062725  -0.105309  0.015024
743  -0.023168  0.030989  0.001497
744  -0.009243  -0.005207  0.000113
745  0.014218  0.028400  0.001009
746  0.053894  0.026212  0.003592
747  -0.087594  0.049870  0.010160
748  0.075730  -0.012787  0.005899
749  0.015450  0.050529  0.002792
750  -0.030776  -0.044787  0.002953
751  0.024716  0.012339  0.000763
752  -0.015180  0.034656  0.001431
753  0.007060  0.027836  0.000825
754  -0.049370  0.040643  0.004089
755  -0.047647  -0.027594  0.003032
756  -0.012086  0.015179  0.000376
757  -0.030708  0.026527  0.001647
758  0.060449  0.045460  0.005721
759  0.026748  -0.026656  0.001426
760  0.050801  -0.022797  0.003100
761  0.054660  0.056948  0.006231
762  -0.025349  -0.007561  0.000700
763  -0.016115  0.021542  0.000724
764  -0.025526  -0.031536  0.001646
765  0.027922  0.068520  0.005475
766  0.003299  -0.008804  0.000088
767  0.091677  -0.031872  0.009420
768  -0.029302  -0.062453  0.004759
769  0.077694  -0.007546  0.006093
770  -0.063950  -0.060394  0.007737
771  -0.007127  0.041320  0.001758
772  0.085610  -0.000764  0.007330
773  0.024334  -0.021627  0.001060
774  0.021994  0.038053  0.001932
775  0.058370  0.056624  0.006613
776  -0.062933  0.014523  0.004171
777  -0.001684  0.064931  0.004219
778  0.035267  0.028868  0.002077
779  -0.048720  -0.020934  0.002812
780  -0.009552  -0.053031  0.002904
781  -0.006241  -0.026707  0.000752
782  0.010087  -0.013314  0.000279
783  -0.045557  -0.017718  0.002389
784  0.084543  0.026620  0.007856
785  0.060182  0.033618  0.004752
786  0.030271  0.043328  0.002794
787  0.035586  0.046580  0.003436
788  0.001151  0.074868  0.005607
789  0.084912  0.053016  0.010021
790  0.042384  0.049692  0.004266
791  -0.000230  -0.027400  0.000751
792  0.002585  -0.073342  0.005386
793  0.003462  -0.065570  0.004311
794  -0.045993  -0.021953  0.002597
795  -0.009552  -0.031688  0.001095
796  0.006192  -0.033824  0.001182
797  0.015359  -0.005153  0.000262
798  -0.069951  0.092228  0.013399
799  -0.000952  0.016694  0.000280
800  0.017789  0.020237  0.000726
801  0.034445  -0.043889  0.003113
802  -0.066474  -0.035354  0.005669
803  -0.040007  -0.017469  0.001906
804  0.006022  -0.075318  0.005709
805  0.031650  -0.051255  0.003629
806  0.043478  -0.010458  0.002000
807  0.013195  0.055571  0.003262
808  0.012559  -0.061468  0.003936
809  -0.018064  -0.012554  0.000484
810  0.024354  -0.022451  0.001097
811  0.016111  -0.067507  0.004817
812  0.080581  -0.040016  0.008095
813  0.069842  -0.045438  0.006942
814  0.003685  -0.030026  0.000915
815  -0.021265  -0.038203  0.001912
816  0.040252  0.082290  0.008392
817  0.020599  0.077200  0.006384
818  -0.025572  -0.015343  0.000889
819  -0.034369  0.039090  0.002709
820  -0.025170  -0.039862  0.002223
821  -0.085313  -0.040179  0.008893
822  0.121012  -0.062213  0.018514
823  -0.023959  -0.058848  0.004037
824  -0.032628  -0.040596  0.002713
825  0.047078  -0.020855  0.002651
826  -0.037420  0.021371  0.001857
827  0.008338  -0.060829  0.003770
828  -0.026266  -0.041329  0.002398
829  0.027795  -0.003123  0.000782
830  -0.039031  -0.004082  0.001540
831  -0.016225  -0.014707  0.000480
832  0.037491  0.043605  0.003307
833  0.015483  0.003104  0.000249
834  -0.023515  -0.022669  0.001067
835  -0.046765  -0.013348  0.002365
836  0.035344  0.054388  0.004207
837  0.107410  0.001474  0.011539
838  0.056131  0.061576  0.006942
839  -0.010184  0.089012  0.008027
840  0.057765  -0.071246  0.008413
841  0.018179  -0.021716  0.000802
842  0.004368  -0.104807  0.011004
843  0.067162  -0.052288  0.007245
844  -0.059881  -0.012789  0.003749
845  -0.012286  -0.025996  0.000827
846  -0.004711  0.014621  0.000236
847  -0.024652  0.038554  0.002094
848  -0.023367  -0.010624  0.000659
849  -0.078176  -0.020803  0.006544
850  -0.005307  -0.042223  0.001811
851  0.111706  0.010098  0.012580
852  0.052460  0.067605  0.007323
853  -0.037912  0.001477  0.001439
854  0.017029  0.039922  0.001884
855  -0.036152  -0.049235  0.003731
856  -0.060305  -0.011558  0.003770
857  0.013418  -0.102161  0.010617
858  0.019928  0.012330  0.000549
859  -0.097145  -0.003473  0.009449
860  -0.099925  -0.016272  0.010250
861  -0.007790  0.058333  0.003463
862  0.000006  -0.019950  0.000398
863  0.007770  -0.100764  0.010214
864  -0.023547  0.004328  0.000573
865  0.044438  0.005101  0.002001
866  0.025415  0.100425  0.010731
867  0.008459  -0.030421  0.000997
868  0.066728  0.057338  0.007740
869  -0.124750  0.048323  0.017898
870  0.064032  0.012433  0.004255
871  0.068056  0.013187  0.004806
872  -0.040440  -0.068472  0.006324
873  0.059547  -0.010284  0.003652
874  0.051240  0.088246  0.010413
875  0.130165  0.030782  0.017891
876  -0.045937  0.097619  0.011640
877  -0.007087  -0.067860  0.004655
878  0.027825  0.014936  0.000997
879  0.043578  -0.025818  0.002566
880  0.076572  0.005373  0.005892
881  -0.113975  -0.002213  0.012995
882  -0.025759  0.029475  0.001532
883  -0.055098  0.084354  0.010151
884  -0.003873  0.002793  0.000023
885  0.027494  0.045133  0.002793
886  0.016253  0.048444  0.002611
887  -0.127848  0.020816  0.016778
888  -0.043214  -0.089538  0.009884
889  -0.066855  -0.037794  0.005898
890  -0.019600  -0.032816  0.001461
891  -0.019582  -0.085448  0.007685
892  -0.043785  -0.024924  0.002538
893  0.049981  -0.037237  0.003885
894  0.112889  -0.042372  0.014539
895  -0.083856  0.061003  0.010753
896  0.006663  0.058161  0.003427
897  -0.063740  0.034508  0.005254
898  -0.069295  0.000224  0.004802
899  -0.123569  0.002979  0.015278
900  -0.036073  -0.089012  0.009224
901  0.031625  0.027156  0.001738
902  0.038255  0.040199  0.003079
903  -0.019752  0.060753  0.004081
904  0.072164  -0.011982  0.005351
905  -0.066181  -0.073830  0.009831
906  -0.071637  0.009546  0.005223
907  -0.000019  0.023780  0.000566
908  -0.000811  0.038606  0.001491
909  -0.048707  0.005379  0.002401
910  -0.013741  -0.101056  0.010401
911  0.012636  -0.024856  0.000777
912  0.029148  -0.021905  0.001329
913  -0.062526  -0.028090  0.004699
914  0.130123  -0.028198  0.017727
915  0.088588  -0.005309  0.007876
916  0.002402  0.008883  0.000085
917  0.055511  0.053905  0.005987
918  -0.015318  -0.079518  0.006558
919  -0.012786  0.045213  0.002208
920  -0.007188  -0.097605  0.009578
921  0.044279  0.045264  0.004010
922  -0.017416  0.077047  0.006240
923  0.072663  0.030532  0.006212
924  0.026797  -0.054941  0.003737
925  0.107851  0.026954  0.012358
926  -0.002843  0.021514  0.000471
927  -0.084492  -0.037059  0.008512
928  0.003063  0.018407  0.000348
929  -0.003578  0.019748  0.000403
930  0.089635  0.087982  0.015775
931  -0.021271  -0.115940  0.013895
932  -0.015202  0.106985  0.011677
933  -0.009440  -0.103052  0.010709
934  -0.030845  0.049264  0.003378
935  -0.081535  0.055908  0.009774
936  0.010333  0.055743  0.003214
937  -0.034435  -0.044174  0.003137
938  -0.060500  -0.079501  0.009981
939  -0.076004  0.014267  0.005980
940  -0.047036  -0.017762  0.002528
941  -0.014066  0.030198  0.001110
942  0.007492  -0.006911  0.000104
943  -0.072270  0.087952  0.012959
944  0.000452  0.067778  0.004594
945  0.059594  0.030847  0.004503
946  0.082309  0.018984  0.007135
947  0.053499  -0.043038  0.004714
948  -0.008461  0.012417  0.000226
949  -0.040486  0.013188  0.001813
950  0.096369  -0.034072  0.010448
951  0.002152  0.030309  0.000923
952  -0.098183  0.015212  0.009871
953  -0.025274  -0.175207  0.031336
954  0.130925  -0.071724  0.022286
955  0.006641  0.010767  0.000160
956  0.009857  -0.006600  0.000141
957  0.032943  0.118658  0.015165
958  -0.126457  -0.000985  0.015992
959  0.085752  0.047973  0.009655
960  -0.030832  0.020429  0.001368
961  0.058863  0.057155  0.006732
962  -0.005978  0.007368  0.000090
963  0.049294  -0.000898  0.002431
964  -0.070693  0.117669  0.018843
965  0.056776  -0.033653  0.004356
966  0.061311  -0.088224  0.011542
967  0.050085  0.067927  0.007123
968  -0.006211  -0.040044  0.001642
969  0.012305  0.130955  0.017301
970  0.018657  -0.012955  0.000516
971  -0.017661  -0.040335  0.001939
972  -0.006115  0.040072  0.001643
973  -0.084433  -0.015629  0.007373
974  0.151319  0.038896  0.024410
975  0.161668  -0.083371  0.033087
976  0.009151  0.084715  0.007260
977  -0.060233  -0.083491  0.010599
978  -0.065675  -0.139459  0.023762
979  0.154113  -0.029948  0.024648
980  -0.040601  0.086982  0.009214
981  0.026021  0.045216  0.002722
982  0.081731  0.007676  0.006739
983  0.132457  -0.073465  0.022942
984  -0.137880  0.109482  0.030997
985  -0.156978  0.010223  0.024747
986  -0.012530  0.088876  0.008056
987  -0.023486  -0.001268  0.000553
988  0.101564  -0.144336  0.031148
989  -0.137935  -0.017490  0.019332
990  -0.044683  0.096852  0.011377
991  -0.092577  -0.024778  0.009185
992  0.204849  0.000288  0.041963
993  0.000229  -0.007291  0.000053
994  0.036466  0.138432  0.020493
995  -0.039552  -0.078354  0.007704
996  0.099198  0.080522  0.016324
997  -0.084354  0.123320  0.022323
998  0.155775  -0.035557  0.025530
999  -0.028724  -0.070078  0.005736
1000  -0.000886  -0.069420  0.004820
1001  0.182349  0.063336  0.037263
1002  0.011585  -0.050923  0.002727
1003  -0.017418  -0.044064  0.002245
1004  0.024879  0.015874  0.000871
1005  -0.050863  0.100619  0.012711
1006  -0.156086  -0.066150  0.028739
1007  0.098661  0.085700  0.017078
1008  -0.069375  0.043741  0.006726
1009  0.111417  -0.076423  0.018254
1010  -0.107949  0.012868  0.011819
1011  -0.001501  0.026683  0.000714
1012  0.103832  -0.037973  0.012223
1013  0.073860  0.049044  0.007861
1014  -0.007359  -0.064535  0.004219
1015  0.084742  0.064892  0.011392
1016  -0.031508  0.148955  0.023180
1017  0.065728  0.033616  0.005450
1018  0.119911  -0.098994  0.024178
1019  0.167414  -0.051979  0.030729
1020  0.119668  -0.064580  0.018491
1021  0.025424  0.114904  0.013849
1022  -0.182733  0.015407  0.033629
1023  0.118065  -0.031531  0.014934
1024  0.007559  -0.124982  0.015678
1025  0.206978  0.053197  0.045670
1026  -0.086865  -0.091414  0.015902
1027  0.003766  0.187012  0.034988
1028  -0.058395  -0.010345  0.003517
1029  -0.047423  -0.039929  0.003843
1030  0.033823  0.022453  0.001648
1031  0.023981  -0.082850  0.007439
1032  -0.033336  -0.103044  0.011729
1033  0.027476  0.033980  0.001910
1034  0.066553  -0.250719  0.067290
1035  0.131979  0.089248  0.025384
1036  -0.080013  0.167186  0.034353
1037  0.098809  0.047232  0.011994
1038  -0.109548  0.026090  0.012681
1039  -0.282856  0.027981  0.080790
1040  0.005235  -0.089873  0.008105
1041  -0.070976  -0.057971  0.008398
1042  0.032849  0.014565  0.001291
1043  -0.101902  0.087855  0.018103
1044  -0.084088  -0.135670  0.025477
1045  -0.018825  -0.109511  0.012347
1046  0.161788  -0.033784  0.027317
1047  -0.174766  -0.027136  0.031279
1048  0.045279  0.200115  0.042096
1049  0.011625  0.029181  0.000987
1050  -0.007138  0.019639  0.000437
1051  0.004495  0.142473  0.020319
1052  0.217573  0.009658  0.047431
1053  0.131890  -0.058773  0.020849
1054  0.007908  -0.079671  0.006410
1055  0.146390  -0.009306  0.021517
1056  -0.048744  0.128500  0.018888
1057  0.195712  0.072680  0.043586
1058  -0.097313  -0.049346  0.011905
1059  0.162050  0.025267  0.026899
1060  0.276062  -0.092564  0.084778
1061  -0.001390  -0.089668  0.008042
1062  -0.158250  -0.032411  0.026093
1063  0.136597  -0.147118  0.040302
1064  -0.026550  0.150487  0.023351
1065  -0.053140  -0.067619  0.007396
1066  0.025841  0.072605  0.005939
1067  -0.119439  -0.054942  0.017284
1068  0.057653  0.015967  0.003579
1069  0.188110  0.216823  0.082398
1070  0.114167  0.051305  0.015666
1071  0.031388  -0.085993  0.008380
1072  0.059753  0.052772  0.006355
1073  0.060797  0.057522  0.007005
1074  -0.164306  0.136251  0.045561
1075  -0.158158  0.007114  0.025065
1076  0.227885  -0.109128  0.063840
1077  -0.008648  0.180937  0.032813
1078  -0.212654  -0.001996  0.045226
1079  -0.025132  0.061130  0.004369
1080  -0.068218  0.066948  0.009136
1081  0.244110  -0.080050  0.065997
1082  0.028892  -0.124853  0.016423
1083  0.173121  0.034337  0.031150
1084  0.204299  0.151383  0.064655
1085  -0.164532  -0.201653  0.067735
1086  -0.053542  -0.219147  0.050892
1087  0.154511  -0.008912  0.023953
1088  0.086035  0.044835  0.009412
1089  0.329589  -0.161097  0.134581
1090  -0.108703  -0.164402  0.038844
1091  0.070283  -0.076233  0.010751
1092  0.215041  -0.008813  0.046320
1093  -0.123260  -0.214451  0.061182
1094  0.097358  -0.092031  0.017948
1095  0.077947  0.166873  0.033922
1096  -0.122012  -0.128256  0.031337
1097  0.007121  -0.052978  0.002857
1098  -0.122195  -0.057437  0.018231
1099  -0.161140  0.063906  0.030050
1100  -0.151649  -0.103627  0.033736
1101  0.070724  -0.106801  0.016408
1102  0.162421  0.214384  0.072341
1103  0.118946  0.192254  0.051110
1104  0.040833  0.025939  0.002340
1105  -0.084112  -0.326187  0.113473
1106  -0.355712  -0.213883  0.172276
1107  -0.050934  -0.218667  0.050410
1108  -0.185573  -0.013307  0.034614
1109  -0.201643  -0.043219  0.042528
1110  -0.353609  -0.006292  0.125079
1111  -0.031122  0.249884  0.063410
1112  0.118191  0.033199  0.015071
1113  0.111662  -0.289034  0.096009
1114  0.136687  0.031534  0.019678
1115  -0.133286  -0.255452  0.083021
1116  -0.134593  -0.045366  0.020173
1117  0.089857  -0.087352  0.015705
1118  -0.088013  0.174568  0.038220
1119  -0.091088  -0.122188  0.023227
1120  -0.163554  0.008059  0.026815
1121  -0.035518  -0.165277  0.028578
1122  0.058960  0.059782  0.007050
1123  -0.199001  0.093443  0.048333
1124  0.157964  0.124965  0.040569
1125  -0.132674  -0.165543  0.045007
1126  0.047122  -0.008504  0.002293
1127  0.089341  -0.028238  0.008779
1128  0.281043  -0.046389  0.081137
1129  -0.234225  -0.241665  0.113263
1130  -0.019335  -0.261483  0.068747
1131  -0.068053  0.132095  0.022080
1132  -0.064131  -0.113795  0.017062
1133  -0.055737  -0.268984  0.075459
1134  -0.067193  0.054424  0.007477
1135  -0.057342  -0.023967  0.003862
1136  -0.056928  -0.220148  0.051706
1137  0.122449  0.107786  0.026612
1138  0.410608  0.045202  0.170642
1139  0.171445  0.199239  0.069090
1140  0.206480  -0.304218  0.135182
1141  0.203054  -0.007471  0.041287
1142  0.238675  -0.225322  0.107736
1143  -0.009077  -0.039568  0.001648
1144  -0.014199  0.230217  0.053201
1145  0.194937  -0.139157  0.057365
1146  0.050782  0.175792  0.033482
1147  -0.136303  0.002589  0.018585
1148  0.185156  -0.213212  0.079742
1149  -0.074094  -0.000116  0.005490
1150  -0.097677  0.071416  0.014641
1151  -0.120371  0.407608  0.180634
1152  0.183033  -0.230835  0.086786
1153  0.079287  -0.348230  0.127551
1154  -0.100066  -0.063004  0.013983
1155  0.286663  0.173578  0.112305
1156  -0.215159  -0.198760  0.085799
1157  0.257690  -0.114058  0.079413
1158  0.190713  0.025637  0.037029
1159  -0.356669  -0.004939  0.127237
1160  -0.081962  -0.172765  0.036565
1161  -0.104311  -0.224097  0.061100
1162  -0.050517  -0.202094  0.043394
1163  -0.122968  0.149535  0.037482
1164  0.161607  -0.056822  0.029346
1165  -0.080241  0.262461  0.075324
1166  0.177545  0.168256  0.059832
1167  -0.128773  0.288554  0.099846
1168  0.196431  0.118859  0.052713
1169  -0.110336  0.085738  0.019525
1170  -0.244147  0.007153  0.059659
1171  -0.019453  0.025719  0.001040
1172  0.072146  -0.401160  0.166135
1173  0.118187  -0.109657  0.025993
1174  -0.296821  0.552081  0.392896
1175  0.101558  -0.270216  0.083330
1176  0.056228  -0.345058  0.122227
1177  -0.113360  -0.149864  0.035310
1178  -0.260695  -0.471376  0.290158
1179  0.127538  0.069713  0.021126
1180  0.101353  0.028027  0.011058
1181  0.042558  -0.148326  0.023812
1182  -0.029878  0.182319  0.034133
1183  -0.353983  0.205427  0.167504
1184  0.142270  -0.068363  0.024914
1185  0.380152  0.030749  0.145461
1186  -0.085880  -0.154003  0.031092
1187  0.017318  -0.038957  0.001818
1188  -0.206118  -0.140895  0.062336
1189  -0.036893  0.296132  0.089055
1190  -0.119539  -0.289997  0.098388
1191  -0.286700  0.099847  0.092166
1192  0.316275  0.046378  0.102181
1193  -0.569384  -0.191281  0.360786
1194  -0.085895  -0.112136  0.019952
1195  0.206840  -0.171189  0.072088
1196  0.113685  -0.201507  0.053529
1197  -0.058938  0.438987  0.196183
1198  0.031756  0.319692  0.103211
1199  0.066517  0.363372  0.136464
1200  -0.286532  -0.315417  0.181589
1201  0.052040  -0.081686  0.009381
1202  0.294489  -0.268186  0.158648
1203  0.233455  -0.095818  0.063682
1204  -0.436896  -0.056267  0.194045
1205  0.175764  -0.065414  0.035172
1206  -0.244306  -0.056234  0.062848
1207  -0.206235  0.255841  0.107987
1208  -0.227367  -0.068164  0.056342
1209  0.135116  0.299399  0.107896
1210  0.107496  -0.310034  0.107677
1211  0.223042  0.270217  0.122765
1212  0.074580  0.675641  0.462052
1213  0.299626  0.283495  0.170145
1214  0.048194  -0.360340  0.132167
1215  -0.233914  0.004018  0.054732
1216  0.022279  0.225490  0.051342
1217  0.395031  -0.235216  0.211376
1218  -0.198269  -0.236399  0.095195
1219  0.309776  0.101829  0.106331
1220  0.116914  0.400452  0.174031
1221  -0.128651  -0.070434  0.021512
1222  0.134079  -0.096302  0.027251
1223  -0.130860  0.211065  0.061673
1224  0.658888  0.683425  0.901202
1225  0.155135  -0.014798  0.024286
1226  -0.045367  -0.327260  0.109157
1227  -0.002867  -0.169042  0.028583
1228  0.311435  0.116338  0.110527
1229  0.151287  0.401549  0.184129
1230  0.116684  -0.367795  0.148888
1231  0.407227  0.450886  0.369132
1232  0.064236  -0.156169  0.028515
1233  0.022890  -0.167872  0.028705
1234  0.288689  0.061288  0.087098
1235  -0.142485  0.111352  0.032701
1236  0.095392  -0.134893  0.027296
1237  -0.207828  -0.242085  0.101797
1238  0.034011  -0.256994  0.067203
1239  -0.175878  -0.383427  0.177949
1240  0.198627  0.451478  0.243285
1241  -0.026515  0.113785  0.013650
1242  -0.314083  0.084745  0.105830
1243  0.279090  0.128999  0.094532
1244  0.274746  -0.117533  0.089299
1245  -0.600872  -0.276942  0.437744
1246  0.161591  0.475756  0.252456
1247  0.160955  -0.129928  0.042788
1248  0.628888  -0.260104  0.463155
1249  -0.374483  -0.747377  0.698810
1250  -0.054450  0.297798  0.091648
1251  -0.207963  0.041871  0.045002
1252  0.140877  0.147789  0.041688
1253  -0.461038  0.157213  0.237272
1254  0.103219  0.043779  0.012571
1255  -0.206253  0.219412  0.090682
1256  0.278864  -0.005684  0.077798
1257  0.030553  0.189187  0.036725
1258  -0.213735  -0.004504  0.045703
1259  -0.027596  -0.063741  0.004824
1260  -0.115732  -0.015867  0.013646
1261  0.093017  -0.301283  0.099424
1262  0.087758  -0.419101  0.183347
1263  0.132356  -0.138668  0.036747
1264  0.275230  -0.083104  0.082658
1265  -0.164137  -0.195110  0.065009
1266  -0.015501  -0.054590  0.003220
1267  0.090830  -0.116030  0.021713
1268  0.063252  -0.157357  0.028762
1269  -0.261337  0.252185  0.131894
1270  -0.148532  -0.305476  0.115377
1271  0.104383  -0.097664  0.020434
1272  -0.024170  0.356624  0.127765
1273  -0.133300  0.160523  0.043537
1274  0.188242  0.320071  0.137880
1275  0.182494  -0.276286  0.109638
1276  -0.108285  0.045756  0.013819
1277  -0.224906  -0.024521  0.051184
1278  0.255731  -0.499014  0.314413
1279  -0.094733  0.140511  0.028718
1280  -0.166954  0.038723  0.029373
1281  0.255947  -0.322891  0.169767
1282  0.078590  -0.299723  0.096010
1283  -0.214439  -0.239683  0.103432
1284  0.725956  -0.246450  0.587750
1285  0.099825  0.291501  0.094938
1286  -0.388459  -0.172212  0.180557
1287  0.780535  -0.076627  0.615107
1288  0.096612  0.337558  0.123279
1289  -0.229051  -0.036226  0.053777
1290  -0.109003  -0.170691  0.041017
1291  0.176614  0.093344  0.039906
1292  0.238838  -0.258986  0.124117
1293  -0.189041  0.012441  0.035891
1294  -0.409551  -0.239933  0.225300
1295  0.279293  -0.164223  0.104974
1296  0.027998  -0.196901  0.039554
1297  -0.338204  -0.051008  0.116984
1298  -0.155389  0.380041  0.168577
1299  -0.340930  -0.013455  0.116414
1300  -0.386688  -0.266821  0.220721
1301  0.042662  -0.136286  0.020394
1302  -0.902354  -0.237438  0.870620
1303  -0.063112  0.063123  0.007968
1304  0.244429  -0.184157  0.093660
1305  -0.026451  0.282303  0.080395
1306  0.161316  0.186988  0.060987
1307  0.462155  0.092075  0.222065
1308  0.071822  0.395942  0.161929
1309  -0.160251  0.018715  0.026031
1310  0.029164  -0.735234  0.541420
1311  -0.447828  -1.043973  1.290430
1312  0.169607  0.351606  0.152393
1313  0.326975  -0.199895  0.146871
1314  0.478088  -0.073638  0.233990
1315  0.175361  -0.145181  0.051829
1316  0.081791  0.166883  0.034540
1317  0.119917  0.426422  0.196216
1318  0.465687  0.059191  0.220368
1319  -0.347771  0.024787  0.121559
1320  -0.691216  -0.156691  0.502332
1321  -0.108945  0.210264  0.056080
1322  0.086753  0.425563  0.188630
1323  -0.488784  -0.101756  0.249264
1324  0.319343  -0.602461  0.464939
1325  0.024729  -0.276250  0.076926
1326  -0.005177  0.107348  0.011550
1327  0.246031  -0.175780  0.091430
1328  -0.063054  -0.523524  0.278054
1329  -0.402773  0.583526  0.502729
1330  -0.233970  -0.499645  0.304387
1331  0.200937  0.142412  0.060657
1332  -0.252875  -0.098669  0.073681
1333  0.245056  0.026350  0.060747
1334  -0.157655  0.389123  0.176272
1335  -0.298699  -0.437516  0.280642
1336  -0.370905  0.115707  0.150958
1337  -0.149702  0.084883  0.029616
1338  0.714638  -0.673373  0.964138
1339  -0.651459  -0.258991  0.491475
1340  0.382123  0.289984  0.230109
1341  -0.221020  0.199503  0.088651
1342  0.003324  -0.110102  0.012134
1343  0.077468  -0.264167  0.075785
1344  -0.040196  -0.267512  0.073178
1345  -0.079328  -0.225770  0.057265
1346  0.425053  0.363043  0.312470
1347  -0.329225  0.129768  0.125229
1348  -0.126562  -0.562673  0.332619
1349  0.400356  0.386212  0.309444
1350  -0.396150  -0.395069  0.313014
1351  -0.105584  -0.224126  0.061380
1352  0.137992  0.167304  0.047032
1353  0.058739  -0.068465  0.008138
1354  -0.052103  0.391964  0.156350
1355  -0.160915  -0.570783  0.351687
1356  -0.006666  -0.231907  0.053825
1357  -0.014425  -0.074954  0.005826
1358  -0.131345  -0.733401  0.555129
1359  -0.010990  0.090101  0.008239
1360  -0.396454  0.247018  0.218193
1361  -0.201656  0.806525  0.691147
1362  -0.170872  0.428922  0.213172
1363  0.187498  -0.208280  0.078536
1364  -0.132926  0.343827  0.135887
1365  -0.658675  -0.624701  0.824103
1366  -0.305810  -0.172854  0.123398
1367  -0.076354  -0.083247  0.012760
1368  -0.033484  0.022091  0.001609
1369  -0.040828  -0.240777  0.059640
1370  -0.643275  0.186918  0.448741
1371  -0.528609  0.015675  0.279673
1372  -0.377234  -0.457194  0.351331
1373  0.589576  -0.078482  0.353760
1374  0.004340  -0.301363  0.090838
1375  0.450771  -0.166579  0.230943
1376  0.369725  -0.717309  0.651228
1377  0.396868  0.315848  0.257264
1378  0.375111  0.248773  0.202596
1379  -0.715148  -0.443006  0.707692
1380  0.150452  0.115609  0.036001
1381  0.372621  -0.157080  0.163521
1382  -0.332549  0.314409  0.209442
1383  -0.642457  -0.108453  0.424513
1384  -0.009346  -0.709935  0.504096
1385  0.343146  0.546685  0.416614
1386  -0.104285  0.218247  0.058507
1387  -0.337831  -0.177335  0.145578
1388  0.419327  0.393656  0.330800
1389  0.179596  -0.186003  0.066852
1390  -0.153141  0.246610  0.084269
1391  0.232914  -0.236108  0.109996
1392  0.028252  -0.155197  0.024884
1393  0.055747  0.817250  0.671006
1394  -0.216330  -0.307389  0.141287
1395  -0.748309  -0.055728  0.563073
1396  -0.079364  0.266608  0.077379
1397  0.101872  0.150836  0.033129
1398  -0.057343  0.219408  0.051428
1399  0.323353  -0.331884  0.214704
1400  -0.650163  0.331827  0.532821
1401  -0.354719  0.009326  0.125913
1402  0.426402  0.377101  0.324024
1403  0.766488  -0.410078  0.755667
1404  0.232690  -0.319315  0.156107
1405  -0.169299  -0.159529  0.054112
1406  0.274917  -0.203744  0.117091
1407  -0.082688  -0.358984  0.135707
1408  -0.471086  0.096740  0.231281
1409  -0.293032  0.787885  0.706630
1410  0.596232  0.335279  0.467904
1411  0.070424  0.033778  0.006101
1412  -0.034518  0.451004  0.204597
1413  -0.673323  -0.294277  0.539962
1414  -0.658203  -0.698289  0.920839
1415  0.016993  0.445822  0.199046
1416  -0.420783  0.088136  0.184827
1417  0.548471  0.089043  0.308750
1418  0.258477  -0.046828  0.069003
1419  -0.432930  -0.106689  0.198811
1420  -0.796652  -0.543124  0.929638
1421  0.147758  -0.353742  0.146966
1422  0.091092  0.224449  0.058675
1423  -0.026573  -0.332419  0.111208
1424  0.122613  -0.138589  0.034241
1425  0.516795  0.214955  0.313283
1426  -0.269156  -0.213153  0.117879
1427  0.084187  -0.211166  0.051679
1428  -0.238816  -0.152144  0.080181
1429  -0.889138  0.098880  0.800343
1430  -0.161476  -0.454160  0.232336
1431  0.008143  -0.184832  0.034229
1432  0.512316  0.593961  0.615258
1433  -0.091307  0.142770  0.028720
1434  0.115400  -0.014670  0.013532
1435  -0.081960  -0.432710  0.193956
1436  0.382077  0.552008  0.450696
1437  0.105161  0.346725  0.131277
1438  0.016424  -0.133159  0.018001
1439  0.655984  0.131548  0.447620
1440  -0.049813  0.182320  0.035722
1441  0.389265  -0.299568  0.241268
1442  -0.063593  0.248576  0.065834
1443  -0.144853  -0.170038  0.049895
1444  -0.176583  -0.089942  0.039271
1445  -0.339467  0.321431  0.218556
1446  -0.653905  0.209571  0.471511
1447  -0.338715  -0.407043  0.280412
1448  0.211608  -0.149384  0.067094
1449  0.075364  -0.418649  0.180947
1450  0.309007  -0.159859  0.121040
1451  -0.789258  0.543525  0.918348
1452  0.144937  0.460626  0.233184
1453  -0.385742  -0.759703  0.725946
1454  -0.095516  0.112534  0.021787
1455  0.522208  0.166439  0.300403
1456  0.320065  -0.372279  0.241034
1457  0.163907  -0.213490  0.072444
1458  -0.125259  -0.121187  0.030376
1459  -0.204467  0.161018  0.067733
1460  -1.017169  0.284089  1.115339
1461  0.139892  0.283900  0.100169
1462  -0.164405  0.125327  0.042736
1463  0.127904  0.093639  0.025128
1464  -0.174263  0.499853  0.280221
1465  -0.130248  -0.068228  0.021620
1466  -0.458498  -0.364532  0.343103
1467  0.224736  -0.317342  0.151212
1468  -0.030065  -0.247713  0.062266
1469  -0.010858  -0.180410  0.032666
1470  -0.248675  -0.303642  0.154037
1471  0.294335  0.291753  0.171753
1472  0.412227  -0.377068  0.312111
1473  0.573353  -0.275746  0.404770
1474  0.084784  0.199319  0.046916
1475  -0.309104  0.171018  0.124793
1476  1.088042  -0.543876  1.479636
1477  0.123720  0.236556  0.071265
1478  0.176251  0.141481  0.051081
1479  0.046490  0.134764  0.020323
1480  0.084022  0.167437  0.035095
1481  0.140917  0.280162  0.098349
1482  0.417968  -0.447472  0.374928
1483  0.518993  -0.537959  0.558753
1484  -0.348738  0.341388  0.238164
1485  0.611717  0.634090  0.776267
1486  -0.157604  -0.195916  0.063222
1487  -0.339317  -0.104772  0.126113
1488  0.009327  -0.266114  0.070904
1489  0.340898  -0.479070  0.345719
1490  -0.244305  0.213137  0.105112
1491  0.008363  0.376748  0.142009
1492  0.095653  -0.065110  0.013389
1493  -0.470959  -0.518110  0.490241
1494  -0.059899  0.079925  0.009976
1495  0.081029  -0.198435  0.045942
1496  0.361813  0.386225  0.280079
1497  0.147807  0.114101  0.034866
1498  0.270682  -0.238264  0.130039
1499  0.221410  -0.079344  0.055318
1500  -0.029507  0.148259  0.022851
1501  0.096006  0.072466  0.014469
1502  0.285180  0.269453  0.153932
1503  -0.358082  0.268376  0.200249
1504  0.701717  -0.000890  0.492408
1505  -0.675994  -0.229749  0.509753
1506  0.392980  0.102952  0.165033
1507  -0.088800  -0.412613  0.178135
1508  0.044934  0.211872  0.046909
1509  -0.536118  -0.189017  0.323149
1510  -0.476181  -0.337674  0.340772
1511  -0.455718  -0.082394  0.214468
1512  0.887823  -0.019184  0.788597
1513  -0.192908  -0.596057  0.392498
1514  0.386445  -0.000751  0.149340
1515  0.537129  -0.242639  0.347381
1516  0.383129  0.056963  0.150032
1517  -0.140768  -0.006507  0.019858
1518  -0.283704  -0.141186  0.100421
1519  -0.212034  0.129493  0.061727
1520  -0.016063  -0.393725  0.155277
1521  0.108913  0.388844  0.163062
1522  0.171560  -0.260784  0.097441
1523  0.376326  -0.104352  0.152511
1524  0.093629  0.305754  0.102252
1525  -0.137950  0.408675  0.186046
1526  0.640693  0.326711  0.517228
1527  0.607935  -0.418576  0.544791
1528  -0.234597  0.013587  0.055220
1529  -0.010774  0.156079  0.024477
1530  -0.054743  0.097713  0.012545
1531  -0.175191  -0.052808  0.033481
1532  -0.249900  0.371694  0.200607
1533  0.190094  -0.221436  0.085170
1534  0.539566  -0.439859  0.484608
1535  -0.347978  -0.073645  0.126512
1536  0.406188  0.264350  0.234870
1537  -0.311376  -0.347848  0.217954
1538  -0.026227  -0.256209  0.066331
1539  -0.626608  -0.088204  0.400417
1540  0.276197  -0.116438  0.089843
1541  -0.520432  0.242531  0.329671
1542  0.183505  0.017509  0.033981
1543  0.489764  -0.002236  0.239874
1544  -0.137517  -0.207915  0.062139
1545  -0.066991  -0.001110  0.004489
1546  -0.453065  0.288448  0.288470
1547  -0.336794  -0.404463  0.277020
1548  -0.084595  0.027094  0.007890
1549  -0.269160  -0.060187  0.076070
1550  0.206497  -0.263563  0.112107
1551  0.090383  0.276050  0.084373
1552  0.149801  -0.213298  0.067936
1553  0.140956  0.149674  0.042271
1554  -0.401314  0.531360  0.443397
1555  -0.013482  0.235808  0.055787
1556  -0.093949  -0.047136  0.011048
1557  0.414519  0.193438  0.209244
1558  0.248110  -0.003140  0.061568
1559  -0.202407  -0.038497  0.042451
1560  0.386365  0.022690  0.149793
1561  0.533045  -0.336294  0.397230
1562  0.072456  -0.352525  0.129524
1563  -0.235949  -0.353554  0.180672
1564  -0.317895  -0.353498  0.226018
1565  -0.092193  0.025785  0.009165
1566  -0.228633  -0.141939  0.072420
1567  -0.163943  -0.194777  0.064815
1568  0.295706  -0.092520  0.096002
1569  -0.456121  0.393254  0.362696
1570  -0.040928  0.299880  0.091603
1571  -0.463503  0.196725  0.253536
1572  -0.016802  0.303753  0.092548
1573  -0.090622  0.567255  0.329991
1574  0.372621  0.671230  0.589396
1575  0.139354  0.296282  0.107203
1576  0.250482  -0.151327  0.085641
1577  0.108273  -0.156593  0.036244
1578  0.242837  0.175224  0.089673
1579  -0.901717  -0.482076  1.045492
1580  -0.119986  -0.085633  0.021730
1581  0.083356  -0.179199  0.039061
1582  -0.328373  -0.199667  0.147696
1583  0.191889  0.186788  0.071711
1584  0.061374  0.185815  0.038294
1585  0.138841  -0.030025  0.020178
1586  -0.096071  0.032919  0.010313
1587  -0.215855  -0.043474  0.048484
1588  0.334486  0.020165  0.112288
1589  0.037486  0.268405  0.073446
1590  0.070815  -0.073261  0.010382
1591  0.168704  -0.024824  0.029077
1592  -0.029457  0.143161  0.021363
1593  -0.278331  -0.185502  0.111879
1594  0.548178  0.225066  0.351154
1595  0.306635  -0.221807  0.143223
1596  -0.269436  -0.229542  0.125285
1597  -0.183190  0.105646  0.044720
1598  0.356607  -0.087723  0.134864
1599  0.119347  0.082217  0.021003
1600  -0.010952  0.347441  0.120835
1601  0.077807  -0.103544  0.016775
1602  -0.173211  0.018229  0.030334
1603  -0.264659  0.032407  0.071095
1604  -0.321915  0.135521  0.121995
1605  -0.411436  -0.195415  0.207467
1606  0.244560  0.056602  0.063014
1607  -0.474465  0.134192  0.243125
1608  0.311629  0.101147  0.107343
1609  -0.083948  -0.078395  0.013193
1610  0.579698  -0.280081  0.414495
1611  0.241620  0.090449  0.066561
1612  0.053432  -0.056634  0.006062
1613  0.271218  -0.059052  0.077046
1614  0.335617  -0.052388  0.115383
1615  -0.382369  -0.277373  0.223142
1616  0.320978  0.118850  0.117152
1617  -0.417079  -0.063606  0.178000
1618  -0.142346  -0.200335  0.060396
1619  0.230457  0.427442  0.235817
1620  -0.094513  0.195704  0.047233
1621  -0.118778  0.047382  0.016353
1622  0.048135  -0.082656  0.009149
1623  0.036642  0.082527  0.008153
1624  0.154713  -0.370059  0.160880
1625  -0.211678  0.014052  0.045005
1626  0.315023  0.166530  0.126972
1627  0.090179  0.323060  0.112500
1628  -0.138288  -0.422857  0.197931
1629  -0.034742  -0.307913  0.096017
1630  -0.023498  0.249044  0.062575
1631  0.153187  -0.026716  0.024180
1632  -0.175166  -0.035588  0.031949
1633  0.369797  -0.193215  0.174082
1634  -0.004685  -0.021111  0.000468
1635  -0.064860  0.009201  0.004292
1636  -0.243118  -0.190718  0.095480
1637  -0.360205  0.185398  0.164120
1638  0.150193  0.560703  0.336946
1639  -0.223067  -0.206606  0.092445
1640  -0.062997  -0.213078  0.049371
1641  0.036294  -0.066299  0.005713
1642  -0.113457  0.327811  0.120333
1643  -0.119898  -0.054241  0.017318
1644  0.232977  0.004506  0.054299
1645  -0.224913  -0.293514  0.136736
1646  -0.170404  -0.139513  0.048501
1647  -0.098246  -0.262662  0.078644
1648  0.110751  -0.038929  0.013781
1649  0.016365  -0.062937  0.004229
1650  0.132605  -0.288472  0.100800
1651  0.205504  0.069649  0.047083
1652  -0.089130  -0.201918  0.048715
1653  -0.328428  -0.283995  0.188518
1654  -0.120641  0.160241  0.040231
1655  -0.351652  0.094030  0.132501
1656  0.062466  0.314612  0.102883
1657  0.201860  -0.090548  0.048947
1658  0.120285  0.076205  0.020276
1659  -0.257920  0.007866  0.066584
1660  -0.054823  0.164913  0.030202
1661  0.091288  0.119972  0.022727
1662  -0.083126  0.129408  0.023656
1663  0.053075  0.340339  0.118648
1664  0.264622  0.129524  0.086801
1665  0.105982  -0.077827  0.017289
1666  0.118201  0.118459  0.028004
1667  -0.255428  0.001381  0.065245
1668  0.032825  -0.215208  0.047392
1669  -0.058383  0.197787  0.042528
1670  -0.131190  -0.030576  0.018146
1671  0.251586  -0.085165  0.070549
1672  0.134212  -0.311593  0.115103
1673  -0.303231  -0.038982  0.093469
1674  0.097799  0.066108  0.013935
1675  0.297862  0.070571  0.093702
1676  0.089971  -0.093819  0.016897
1677  0.053723  0.001095  0.002887
1678  0.042491  -0.130323  0.018789
1679  -0.056092  0.041644  0.004881
1680  0.097108  -0.034180  0.010598
1681  -0.088691  -0.036231  0.009179
1682  0.087159  0.153072  0.031028
1683  -0.310803  -0.088460  0.104424
1684  -0.139137  -0.034519  0.020551
1685  -0.181297  0.096517  0.042184
1686  0.065736  -0.013311  0.004498
1687  -0.098109  -0.064008  0.013722
1688  0.078364  -0.184734  0.040268
1689  0.032522  -0.237859  0.057635
1690  0.102419  0.052624  0.013259
1691  -0.034493  -0.103671  0.011937
1692  -0.080143  0.046723  0.008606
1693  -0.190850  0.355922  0.163104
1694  -0.055164  -0.004916  0.003067
1695  -0.048854  0.010402  0.002495
1696  -0.001665  0.083883  0.007039
1697  -0.022489  0.020637  0.000932
1698  0.041602  -0.001554  0.001733
1699  0.100619  -0.027123  0.010860
1700  -0.199180  0.369913  0.176508
1701  -0.019703  0.017694  0.000701
1702  -0.118101  -0.055971  0.017081
1703  -0.057325  0.292180  0.088655
1704  0.161458  0.085516  0.033382
1705  -0.088151  -0.051599  0.010433
1706  0.086381  -0.005744  0.007495
1707  0.022344  -0.198358  0.039845
1708  0.105527  0.043738  0.013049
1709  0.280419  0.023681  0.079195
1710  0.127966  0.007710  0.016435
1711  -0.002060  -0.017458  0.000309
1712  -0.136627  -0.192887  0.055872
1713  0.164508  0.124152  0.042477
1714  0.030935  -0.099941  0.010945
1715  0.165462  0.044419  0.029351
1716  0.004925  0.226173  0.051178
1717  -0.174350  0.148776  0.052532
1718  0.301465  -0.098590  0.100601
1719  0.205368  -0.056615  0.045381
1720  -0.076050  -0.086706  0.013302
1721  0.001028  0.115610  0.013367
1722  -0.008803  -0.180267  0.032574
1723  0.021733  -0.243408  0.059720
1724  0.188319  -0.071115  0.040521
1725  0.035249  0.161193  0.027226
1726  0.097267  -0.134154  0.027458
1727  0.193601  -0.113175  0.050290
1728  -0.263929  -0.053673  0.072539
1729  -0.139292  0.010651  0.019516
1730  -0.164145  0.157075  0.051616
1731  0.048251  0.121815  0.017167
1732  -0.055256  -0.060654  0.006732
1733  -0.244163  -0.053917  0.062523
1734  0.142033  -0.078621  0.026355
1735  -0.087072  0.117297  0.021340
1736  -0.127226  0.008673  0.016262
1737  0.013011  -0.111745  0.012656
1738  0.243779  -0.049658  0.061894
1739  0.076762  0.009627  0.005985
1740  -0.307419  -0.023283  0.095049
1741  -0.030060  -0.100032  0.010910
1742  0.064341  0.137957  0.023172
1743  -0.199932  0.153683  0.063591
1744  -0.040965  0.120390  0.016172
1745  -0.009171  0.021742  0.000557
1746  0.068902  -0.015469  0.004987
1747  0.048571  0.025738  0.003022
1748  0.288707  -0.063665  0.087405
1749  0.000156  0.022805  0.000520
1750  0.010221  -0.155027  0.024138
1751  0.332395  -0.075731  0.116221
1752  0.168293  -0.079384  0.034624
1753  -0.179964  -0.062164  0.036251
1754  -0.088594  -0.004031  0.007865
1755  -0.013238  -0.144945  0.021184
1756  0.063353  0.034309  0.005191
1757  -0.141960  0.085140  0.027402
1758  0.032549  0.083232  0.007987
1759  -0.216878  0.206412  0.089642
1760  -0.025542  0.058413  0.004065
1761  0.020672  0.038604  0.001918
1762  0.026404  0.035727  0.001974
1763  0.013512  0.152807  0.023533
1764  0.096951  0.029127  0.010248
1765  -0.062548  0.071099  0.008967
1766  0.142609  0.073453  0.025733
1767  0.067079  0.072066  0.009693
1768  0.074124  -0.102661  0.016034
1769  -0.107944  0.207087  0.054537
1770  0.008023  0.140835  0.019899
1771  -0.068056  0.127692  0.020937
1772  0.233681  0.070575  0.059588
1773  -0.069292  -0.176876  0.036086
1774  0.159051  0.133586  0.043142
1775  0.043513  0.133040  0.019593
1776  -0.152301  0.207868  0.066405
1777  0.046312  -0.022970  0.002672
1778  -0.031522  -0.063679  0.005049
1779  0.062279  0.194966  0.041890
1780  -0.165071  0.115389  0.040563
1781  0.077410  0.173284  0.036020
1782  -0.149269  0.062474  0.026184
1783  -0.020153  -0.047344  0.002648
1784  0.068050  0.114845  0.017820
1785  -0.116628  -0.068207  0.018254
1786  0.221178  0.088014  0.056666
1787  0.108895  -0.018359  0.012195
1788  -0.027073  -0.070655  0.005725
1789  0.019311  0.037455  0.001776
1790  0.076163  0.070402  0.010757
1791  0.156840  0.122951  0.039716
1792  -0.106438  0.029923  0.012224
1793  0.011297  0.042588  0.001941
1794  0.116703  -0.106465  0.024954
1795  -0.024507  -0.032912  0.001684
1796  -0.116152  -0.141979  0.033649
1797  0.139741  0.059004  0.023009
1798  0.033852  0.043769  0.003062
1799  -0.085570  -0.042713  0.009147
1800  -0.030781  -0.236128  0.056704
1801  -0.097540  0.154459  0.033372
1802  -0.048337  0.066361  0.006740
1803  0.098867  0.149696  0.032184
1804  0.084660  0.008504  0.007240
1805  0.029057  0.121833  0.015688
1806  0.096601  -0.080810  0.015862
1807  -0.017188  0.199465  0.040082
1808  -0.267809  0.045535  0.073795
1809  0.231646  -0.083299  0.060599
1810  0.047095  -0.056754  0.005439
1811  0.047328  0.047176  0.004466
1812  0.019612  0.171705  0.029867
1813  0.125985  0.089447  0.023873
1814  0.070573  0.143720  0.025636
1815  0.262408  0.119842  0.083220
1816  -0.053605  -0.033182  0.003975
1817  -0.071557  0.021791  0.005595
1818  0.018053  -0.073590  0.005741
1819  0.062575  0.007150  0.003967
1820  0.026725  0.006994  0.000763
1821  0.059396  0.124299  0.018978
1822  0.037249  0.103061  0.012009
1823  -0.114042  0.076974  0.018930
1824  -0.091665  0.068246  0.013060
1825  0.083939  0.016662  0.007323
1826  -0.042889  -0.215456  0.048261
1827  0.167028  -0.066791  0.032359
1828  -0.063543  -0.165981  0.031588
1829  0.155336  -0.066147  0.028505
1830  0.019620  -0.127931  0.016751
1831  0.048180  0.052555  0.005083
1832  0.110414  0.002754  0.012199
1833  -0.031317  -0.032443  0.002033
1834  0.107944  0.098098  0.021275
1835  -0.010242  -0.139566  0.019583
1836  0.042594  0.060377  0.005460
1837  0.113762  -0.055347  0.016005
1838  -0.129108  -0.097877  0.026249
1839  -0.018160  -0.021142  0.000777
1840  0.046741  -0.133003  0.019874
1841  0.074132  0.034917  0.006715
1842  0.056705  0.163692  0.030011
1843  0.059328  -0.154886  0.027509
1844  0.057242  0.071881  0.008443
1845  0.131697  0.062547  0.021256
1846  -0.153152  -0.029025  0.024298
1847  0.032800  0.055056  0.004107
1848  0.023355  -0.107662  0.012137
1849  0.121569  0.096030  0.024001
1850  -0.022169  -0.172926  0.030395
1851  -0.035580  0.046024  0.003384
1852  -0.076849  -0.066770  0.010364
1853  -0.046393  0.088485  0.009982
1854  0.070493  -0.034760  0.006177
1855  0.118976  0.050952  0.016751
1856  0.081806  0.050511  0.009244
1857  -0.130226  -0.062012  0.020804
1858  0.044245  0.085378  0.009247
1859  0.008119  0.101687  0.010406
1860  0.032812  -0.025509  0.001727
1861  -0.039702  -0.075922  0.007340
1862  0.024689  0.040460  0.002247
1863  -0.008553  0.090533  0.008269
1864  0.037292  -0.000277  0.001391
1865  -0.012017  -0.098248  0.009797
1866  -0.081363  -0.082442  0.013417
1867  -0.026494  0.050838  0.003286
1868  -0.068186  0.079328  0.010942
1869  0.058965  0.134001  0.021433
1870  -0.010224  -0.084194  0.007193
1871  0.012421  0.056577  0.003355
1872  0.052289  0.000786  0.002735
1873  0.012315  -0.027902  0.000930
1874  0.058983  -0.066938  0.007960
1875  0.016957  -0.020885  0.000724
1876  0.004159  0.021673  0.000487
1877  0.068902  -0.074355  0.010276
1878  0.099961  -0.050626  0.012555
1879  0.090166  0.069480  0.012957
1880  0.049830  -0.025636  0.003140
1881  -0.102326  0.005960  0.010506
1882  0.039929  0.176372  0.032702
1883  0.033510  0.043716  0.003034
1884  0.009517  -0.049297  0.002521
1885  0.008463  0.032714  0.001142
1886  0.031034  0.053046  0.003777
1887  0.110987  0.023768  0.012883
1888  -0.016982  -0.105640  0.011448
1889  0.005635  -0.016647  0.000309
1890  -0.068418  0.071814  0.009838
1891  -0.003603  -0.036354  0.001335
1892  0.025776  0.086945  0.008224
1893  -0.045302  0.012257  0.002203
1894  0.099645  -0.045648  0.012013
1895  0.018172  -0.051602  0.002993
1896  0.036842  0.000997  0.001358
1897  0.019461  -0.067284  0.004906
1898  -0.068533  0.015532  0.004938
1899  0.019276  0.022138  0.000862
1900  0.042246  -0.048948  0.004181
1901  0.058820  0.066324  0.007859
1902  0.083054  0.072686  0.012181
1903  0.063055  0.055283  0.007032
1904  -0.020489  0.032551  0.001479
1905  -0.060736  -0.025706  0.004350
1906  0.019537  -0.002602  0.000388
1907  0.007145  0.067965  0.004670
1908  0.108946  0.030142  0.012778
1909  0.017771  -0.033752  0.001455
1910  0.050396  0.038458  0.004019
1911  -0.079451  -0.076740  0.012202
1912  -0.027345  -0.035444  0.002004
1913  0.004110  0.016217  0.000280
1914  0.054666  0.007921  0.003051
1915  0.000115  -0.000404  0.000000
1916  -0.022006  0.007793  0.000545
1917  -0.015762  -0.067105  0.004752
1918  -0.005063  -0.084081  0.007095
1919  -0.009842  0.022696  0.000612
1920  -0.024131  0.025615  0.001238
1921  0.020334  0.007625  0.000472
1922  -0.032872  0.040308  0.002705
1923  0.063820  0.044524  0.006055
1924  0.053962  0.063777  0.006979
1925  0.022892  0.078171  0.006635
1926  0.074900  0.045546  0.007685
1927  -0.008599  0.013545  0.000257
1928  -0.039002  -0.008797  0.001599
1929  0.013811  -0.013818  0.000382
1930  0.007239  0.038903  0.001566
1931  0.080725  -0.059391  0.010044
1932  -0.020867  -0.003668  0.000449
1933  -0.092470  -0.009049  0.008633
1934  0.073265  -0.000833  0.005368
1935  -0.029169  0.061540  0.004638
1936  0.014336  0.004877  0.000229
1937  0.021574  -0.000596  0.000466
1938  0.008022  -0.025019  0.000690
1939  0.032522  0.000718  0.001058
1940  -0.095802  -0.068070  0.013812
1941  0.014325  0.037364  0.001601
1942  0.005251  0.014558  0.000240
1943  0.008226  0.052526  0.002827
1944  0.062728  0.077037  0.009870
1945  0.002514  0.000413  0.000006
1946  0.048770  0.027082  0.003112
1947  -0.002439  0.009980  0.000106
1948  0.036052  -0.034411  0.002484
1949  0.029930  -0.033598  0.002025
1950  -0.020952  -0.037591  0.001852
1951  0.014494  0.051433  0.002855
1952  0.000489  -0.035592  0.001267
1953  0.009203  0.067333  0.004618
1954  -0.024100  -0.014267  0.000784
1955  -0.039497  0.027693  0.002327
1956  0.028003  0.105523  0.011919
1957  0.009798  0.004819  0.000119
1958  0.032582  -0.004976  0.001086
1959  -0.081781  -0.050256  0.009214
1960  0.028470  0.005372  0.000839
1961  0.083021  0.029229  0.007747
1962  0.005427  0.040182  0.001644
1963  0.073941  -0.137983  0.024507
1964  0.065166  -0.074480  0.009794
1965  0.010785  0.021775  0.000590
1966  0.037929  -0.019084  0.001803
1967  -0.016404  -0.003213  0.000279
1968  0.071908  -0.009290  0.005257
1969  0.075868  0.011404  0.005886
1970  0.015202  0.025563  0.000885
1971  -0.028859  -0.047984  0.003135
1972  0.033885  -0.047461  0.003401
1973  0.099538  -0.013025  0.010077
1974  -0.022753  0.047826  0.002805
1975  0.060969  -0.033200  0.004819
1976  -0.027217  0.028729  0.001566
1977  0.013464  0.038514  0.001665
1978  -0.028943  0.066313  0.005235
1979  0.000826  -0.046703  0.002182
1980  -0.041676  0.034346  0.002917
1981  -0.045638  0.028822  0.002914
1982  0.009720  -0.031055  0.001059
1983  -0.038492  0.094928  0.010493
1984  -0.068634  -0.051686  0.007382
1985  0.016151  0.010107  0.000363
1986  0.044598  -0.055330  0.005050
1987  0.001269  0.063336  0.004013
1988  0.026006  0.038219  0.002137
1989  -0.020384  0.030120  0.001323
1990  0.038856  -0.031950  0.002531
1991  -0.010592  0.064867  0.004320
1992  -0.004084  -0.070077  0.004928
1993  -0.030838  -0.043545  0.002847
1994  -0.013292  0.024905  0.000797
1995  -0.040835  -0.088396  0.009481
1996  0.029149  0.026509  0.001552
1997  0.002416  -0.041433  0.001722
1998  -0.024456  -0.091918  0.009047
1999  -0.056857  0.052289  0.005967
2000  -0.043459  0.016839  0.002172
2001  0.036292  -0.007111  0.001368
2002  0.048104  0.025392  0.002959
2003  0.051396  0.082511  0.009450
2004  -0.012856  0.036884  0.001526
2005  -0.004466  0.021636  0.000488
2006  -0.067585  -0.001929  0.004572
2007  -0.033916  0.008785  0.001227
2008  -0.002359  -0.065378  0.004280
2009  -0.062026  0.026564  0.004553
2010  -0.065482  0.026874  0.005010
2011  -0.012496  0.038625  0.001648
2012  -0.041697  0.034420  0.002923
2013  -0.087538  -0.015952  0.007917
2014  -0.072969  0.047114  0.007544
2015  -0.044520  0.042218  0.003764
2016  -0.036895  0.009039  0.001443
2017  0.024166  -0.022319  0.001082
2018  -0.015593  -0.006077  0.000280
2019  0.011682  -0.031926  0.001156
2020  0.042028  0.020091  0.002170
2021  -0.002638  0.038183  0.001465
2022  0.055658  -0.038160  0.004554
2023  0.042707  -0.047302  0.004061
2024  0.104451  0.029596  0.011786
2025  -0.019572  -0.020137  0.000789
2026  0.002515  -0.062119  0.003865
2027  -0.024741  -0.059563  0.004160
2028  -0.027424  0.099872  0.010726
2029  -0.007814  -0.010204  0.000165
2030  0.026785  0.038152  0.002173
2031  0.067940  -0.006256  0.004655
2032  -0.048228  -0.006673  0.002371
2033  0.047914  0.043581  0.004195
2034  -0.051286  0.021552  0.003095
2035  0.035022  0.035987  0.002522
2036  -0.025100  -0.035300  0.001876
2037  -0.009554  -0.015184  0.000322
2038  0.004260  -0.008667  0.000093
2039  0.010901  -0.034755  0.001327
2040  -0.006577  0.000720  0.000044
2041  0.114727  0.036449  0.014491
2042  0.075429  -0.001468  0.005692
2043  0.081263  0.027884  0.007381
2044  -0.030787  -0.100950  0.011139
2045  0.026053  -0.056532  0.003875
2046  0.003458  0.033229  0.001116
2047  0.019391  0.018050  0.000702
