0  0.027398  -0.040782  0.002414
1  0.039694  -0.055017  0.004602
2  -0.026956  -0.002679  0.000734
3  -0.010160  -0.077407  0.006095
4  -0.053016  0.036820  0.004166
5  -0.038745  -0.029011  0.002343
6  -0.088380  0.004525  0.007831
7  -0.070164  -0.050285  0.007452
8  0.001167  0.023830  0.000569
9  -0.062417  0.006305  0.003936
10  -0.047718  -0.062023  0.006124
11  -0.022664  -0.068953  0.005268
12  -0.032654  -0.008101  0.001132
13  0.004959  0.017974  0.000348
14  -0.017586  0.038048  0.001757
15  -0.007528  0.043754  0.001971
16  0.015560  0.018855  0.000598
17  0.110047  -0.016764  0.012391
18  -0.085360  0.022143  0.007777
19  -0.059835  0.013984  0.003776
20  0.032748  0.040232  0.002691
21  0.053349  0.034232  0.004018
22  0.016728  0.027611  0.001042
23  0.017707  0.043592  0.002214
24  -0.002836  -0.043871  0.001933
25  -0.040891  -0.006821  0.001719
26  0.021782  0.044511  0.002456
27  -0.114119  -0.055257  0.016076
28  -0.019956  -0.032698  0.001467
29  -0.000402  0.054690  0.002991
30  0.015883  0.005285  0.000280
31  0.026387  0.055411  0.003767
32  -0.043153  0.040135  0.003473
33  0.041685  0.059613  0.005291
34  -0.006478  0.023329  0.000586
35  -0.043415  -0.057198  0.005156
36  -0.060555  0.057500  0.006973
37  -0.068348  -0.038124  0.006125
38  -0.021300  -0.023917  0.001026
39  -0.045605  0.030926  0.003036
40  -0.033555  -0.058660  0.004567
41  0.028884  -0.096631  0.010172
42  -0.003215  -0.035186  0.001248
43  -0.071924  0.031694  0.006178
44  -0.060144  0.072144  0.008822
45  -0.036739  0.017023  0.001639
46  -0.018554  -0.008904  0.000424
47  -0.010829  0.011470  0.000249
48  -0.006547  -0.024330  0.000635
49  0.003901  -0.038576  0.001503
50  -0.056889  0.029874  0.004129
51  -0.042940  0.055518  0.004926
52  0.038126  -0.018826  0.001808
53  0.031371  -0.046447  0.003141
54  0.026438  -0.065546  0.004995
55  0.030714  0.018714  0.001294
56  0.029507  0.040999  0.002552
57  -0.067918  0.018240  0.004946
58  -0.003184  -0.012621  0.000169
59  0.011472  0.017271  0.000430
60  0.061637  0.003707  0.003813
61  0.023087  -0.022648  0.001046
62  -0.040178  0.020761  0.002045
63  0.079793  -0.024499  0.006967
64  -0.041368  -0.039096  0.003240
65  0.015081  -0.005181  0.000254
66  -0.064896  -0.060840  0.007913
67  -0.009666  0.033841  0.001239
68  -0.026682  0.029536  0.001584
69  -0.016976  0.007809  0.000349
70  -0.059289  -0.008548  0.003588
71  -0.079846  0.002355  0.006381
72  -0.020321  0.046908  0.002613
73  -0.081443  0.033477  0.007754
74  0.009419  0.004334  0.000108
75  -0.016647  0.053343  0.003123
76  -0.029400  0.016684  0.001143
77  0.029728  0.016377  0.001152
78  0.011505  0.009172  0.000217
79  0.001995  -0.040017  0.001605
80  0.040942  -0.060774  0.005370
81  -0.088822  -0.029705  0.008772
82  0.026056  0.024492  0.001279
83  -0.060200  -0.008974  0.003705
84  0.009577  0.028939  0.000929
85  -0.071113  -0.050286  0.007586
86  -0.023884  0.016666  0.000848
87  0.018269  -0.016851  0.000618
88  -0.041562  -0.010625  0.001840
89  -0.008686  0.047379  0.002320
90  0.028433  0.039043  0.002333
91  -0.095079  0.011160  0.009165
92  0.048186  0.023771  0.002887
93  0.010267  0.055190  0.003151
94  0.002929  -0.026311  0.000701
95  -0.013398  0.006725  0.000225
96  -0.057903  0.004953  0.003377
97  -0.046722  -0.006164  0.002221
98  0.002338  -0.057450  0.003306
99  0.008871  -0.071072  0.005130
100  0.000135  0.004134  0.000017
101  0.075863  -0.003143  0.005765
102  -0.021424  0.007129  0.000510
103  -0.021178  -0.031698  0.001453
104  -0.012893  0.050579  0.002724
105  0.052238  -0.001242  0.002730
106  -0.004935  -0.013328  0.000202
107  -0.028647  -0.012984  0.000989
108  -0.002457  0.030730  0.000950
109  0.030682  -0.026207  0.001628
110  -0.023243  -0.008727  0.000616
111  0.005604  -0.007051  0.000081
112  -0.013767  -0.071030  0.005235
113  0.002390  0.024312  0.000597
114  0.038975  -0.035257  0.002762
115  0.007718  -0.102220  0.010508
116  0.014659  0.054402  0.003174
117  0.023825  0.004675  0.000589
118  -0.032969  0.040525  0.002729
119  0.000101  -0.011851  0.000140
120  -0.007080  -0.020719  0.000479
121  -0.018426  -0.069799  0.005211
122  0.030933  -0.025298  0.001597
123  0.032177  -0.041228  0.002735
124  0.027862  0.040871  0.002447
125  -0.035714  -0.037461  0.002679
126  -0.020325  0.021844  0.000890
127  0.019230  0.040854  0.002039
128  -0.001123  -0.024245  0.000589
129  0.046512  -0.006261  0.002203
130  -0.044089  -0.079273  0.008228
131  -0.020561  -0.037315  0.001815
132  0.026232  0.023873  0.001258
133  -0.122999  0.004284  0.015147
134  -0.015404  -0.009762  0.000333
135  0.063199  0.043279  0.005867
136  -0.092603  -0.023427  0.009124
137  0.015829  0.001426  0.000253
138  -0.034647  0.038910  0.002714
139  -0.017566  -0.000759  0.000309
140  0.021209  0.049539  0.002904
141  -0.111879  0.022731  0.013034
142  -0.030698  -0.027450  0.001696
143  0.022530  -0.023135  0.001043
144  -0.000438  -0.005966  0.000036
145  -0.014682  -0.009457  0.000305
146  -0.054371  0.041533  0.004681
147  -0.011415  0.039795  0.001714
148  0.028784  -0.019365  0.001204
149  0.010086  -0.006947  0.000150
150  -0.031382  0.011715  0.001122
151  0.024845  0.027200  0.001357
152  -0.025383  0.034995  0.001869
153  -0.000229  -0.026470  0.000701
154  -0.049662  0.052367  0.005209
155  -0.014621  -0.018987  0.000574
156  0.052697  -0.027174  0.003515
157  0.001318  0.034591  0.001198
158  -0.026288  -0.022632  0.001203
159  -0.011155  0.006940  0.000173
160  0.022481  0.013259  0.000681
161  -0.054585  0.038181  0.004437
162  -0.008568  -0.004900  0.000097
163  -0.010064  -0.025150  0.000734
164  -0.044781  0.027247  0.002748
165  -0.034491  -0.046177  0.003322
166  -0.007792  -0.002626  0.000068
167  -0.014420  -0.001981  0.000212
168  -0.036086  0.012609  0.001461
169  0.024139  -0.004095  0.000599
170  0.023128  -0.037075  0.001909
171  -0.025688  -0.077393  0.006650
172  0.008278  0.007562  0.000126
173  -0.006533  0.016930  0.000329
174  -0.018603  0.074933  0.005961
175  0.001692  -0.054619  0.002986
176  -0.024244  0.048312  0.002922
177  0.027553  0.065637  0.005067
178  0.024898  -0.027057  0.001352
179  -0.017136  0.007349  0.000348
180  -0.043736  0.022434  0.002416
181  -0.037111  -0.027862  0.002154
182  0.005362  -0.036883  0.001389
183  -0.060222  0.022803  0.004147
184  -0.009769  -0.032704  0.001165
185  -0.001878  0.022966  0.000531
186  0.008961  -0.071969  0.005260
187  0.019434  -0.016883  0.000663
188  0.002969  -0.044482  0.001987
189  0.073241  0.002780  0.005372
190  0.022776  -0.052683  0.003294
191  0.022801  0.025199  0.001155
192  -0.065411  -0.027801  0.005051
193  -0.023696  0.022166  0.001053
194  -0.022801  0.002514  0.000526
195  0.054064  -0.007308  0.002976
196  0.052035  -0.013080  0.002879
197  0.000585  -0.011578  0.000134
198  0.028129  0.056787  0.004016
199  0.020665  -0.005432  0.000457
200  -0.034968  -0.045969  0.003336
201  0.024889  0.028834  0.001451
202  -0.001744  0.014124  0.000203
203  -0.068750  0.022090  0.005214
204  0.000784  -0.006553  0.000044
205  0.005695  -0.010807  0.000149
206  -0.012528  0.030468  0.001085
207  -0.021137  -0.050451  0.002992
208  -0.073750  0.053571  0.008309
209  -0.035752  0.074618  0.006846
210  -0.078745  -0.020627  0.006626
211  -0.045778  0.002835  0.002104
212  -0.041232  0.055990  0.004835
213  0.001243  0.036453  0.001330
214  -0.073295  -0.026632  0.006081
215  -0.013771  0.012823  0.000354
216  -0.057139  0.065902  0.007608
217  0.036739  0.012762  0.001513
218  0.038629  0.034236  0.002664
219  -0.037629  -0.003590  0.001429
220  -0.047616  0.021762  0.002741
221  -0.078785  0.015701  0.006454
222  -0.063976  -0.040415  0.005726
223  0.013383  -0.065138  0.004422
224  0.012907  0.015130  0.000395
225  0.043260  0.035760  0.003150
226  0.006808  0.017611  0.000356
227  -0.011768  0.030521  0.001070
228  0.001195  0.065252  0.004259
229  0.049032  0.007462  0.002460
230  -0.000002  -0.023588  0.000556
231  0.016338  0.029786  0.001154
232  -0.027508  -0.000264  0.000757
233  -0.079490  -0.018336  0.006655
234  -0.029789  0.032023  0.001913
235  -0.041547  0.006793  0.001772
236  -0.040885  -0.040033  0.003274
237  -0.029609  0.033611  0.002006
238  -0.052203  -0.042954  0.004570
239  0.040997  0.004241  0.001699
240  0.007990  0.026630  0.000773
241  0.040259  0.012739  0.001783
242  0.023792  -0.035607  0.001834
243  -0.040432  -0.038254  0.003098
244  -0.020998  0.001042  0.000442
245  -0.002209  0.014142  0.000205
246  0.010780  0.033352  0.001229
247  0.006560  0.017865  0.000362
248  -0.049205  -0.011154  0.002546
249  0.009869  0.012072  0.000243
250  -0.038078  0.048941  0.003845
251  0.008459  -0.024838  0.000688
252  -0.010986  0.009229  0.000206
253  0.011986  -0.009556  0.000235
254  0.011070  0.032084  0.001152
255  -0.051689  -0.059721  0.006238
256  0.021496  -0.014683  0.000678
257  0.016041  -0.061467  0.004036
258  -0.008392  0.051051  0.002677
259  -0.027625  0.039271  0.002305
260  0.028209  -0.009675  0.000889
261  -0.007083  0.054467  0.003017
262  0.010750  -0.003173  0.000126
263  -0.056255  -0.013153  0.003338
264  -0.060625  -0.018090  0.004003
265  -0.011539  0.026604  0.000841
266  -0.006095  0.045228  0.002083
267  -0.023715  0.030216  0.001475
268  0.062802  -0.027193  0.004684
269  0.055214  -0.062021  0.006895
270  -0.040999  0.045447  0.003746
271  -0.026641  -0.057093  0.003969
272  0.011706  0.019471  0.000516
273  -0.100545  0.057499  0.013415
274  0.054057  0.002426  0.002928
275  -0.015342  0.017029  0.000525
276  -0.017258  -0.008463  0.000369
277  -0.014967  -0.005763  0.000257
278  0.002141  -0.046420  0.002159
279  0.004277  0.005400  0.000047
280  -0.012397  0.004787  0.000177
281  -0.052985  -0.025131  0.003439
282  -0.010492  0.049338  0.002544
283  -0.034324  0.021795  0.001653
284  -0.034056  0.012396  0.001313
285  0.000855  -0.021029  0.000443
286  -0.008371  -0.015290  0.000304
287  -0.007249  0.015569  0.000295
288  -0.038865  -0.005211  0.001538
289  -0.014784  -0.018498  0.000561
290  0.006978  0.015808  0.000299
291  0.019436  0.039363  0.001927
292  -0.037169  -0.002678  0.001389
293  -0.022632  -0.006027  0.000549
294  -0.036362  -0.003960  0.001338
295  0.005026  0.007662  0.000084
296  -0.013121  -0.005351  0.000201
297  0.033732  0.034123  0.002302
298  -0.042116  0.039123  0.003304
299  0.054714  0.042950  0.004838
300  -0.013681  0.003578  0.000200
301  -0.012272  0.016021  0.000407
302  -0.037904  -0.029177  0.002288
303  0.002477  -0.047175  0.002232
304  -0.003773  -0.043969  0.001947
305  -0.001834  -0.023788  0.000569
306  -0.014219  -0.005828  0.000236
307  -0.012225  0.028651  0.000970
308  0.006564  -0.071464  0.005150
309  -0.024433  0.055848  0.003716
310  0.030137  0.026208  0.001595
311  -0.088751  0.016003  0.008133
312  0.033132  -0.004220  0.001116
313  -0.005903  -0.018077  0.000362
314  -0.053432  0.014220  0.003057
315  0.007535  -0.022353  0.000556
316  -0.026040  0.028869  0.001511
317  0.019932  0.030484  0.001327
318  0.005319  -0.014054  0.000226
319  0.034144  0.036722  0.002514
320  0.021570  -0.066055  0.004828
321  -0.023753  -0.002261  0.000569
322  -0.017590  0.020283  0.000721
323  0.018233  -0.015817  0.000583
324  -0.040231  0.024955  0.002241
325  -0.019089  0.027584  0.001125
326  0.058219  0.008313  0.003459
327  -0.072862  -0.043618  0.007211
328  0.029043  0.027646  0.001608
329  0.017791  -0.033190  0.001418
330  -0.012108  -0.004660  0.000168
331  -0.016983  0.056971  0.003534
332  0.026576  -0.000185  0.000706
333  -0.029558  -0.022315  0.001372
334  0.097682  0.019880  0.009937
335  -0.009414  0.044050  0.002029
336  0.014744  0.039787  0.001800
337  0.003052  0.019874  0.000404
338  -0.003047  -0.019075  0.000373
339  -0.025985  -0.008390  0.000746
340  0.001689  0.023919  0.000575
341  -0.004636  -0.008562  0.000095
342  -0.015028  0.000557  0.000226
343  -0.015825  0.022675  0.000765
344  0.033622  -0.006464  0.001172
345  0.038115  -0.021681  0.001923
346  -0.134911  0.045417  0.020264
347  -0.068410  0.013856  0.004872
348  -0.013815  0.077893  0.006258
349  -0.020704  0.003664  0.000442
350  0.014931  0.008988  0.000304
351  -0.059107  -0.012848  0.003659
352  -0.051818  0.113264  0.015514
353  -0.009967  -0.000739  0.000100
354  0.001414  0.002545  0.000008
355  0.030837  -0.016463  0.001222
356  -0.081395  0.010406  0.006733
357  -0.044941  -0.050356  0.004555
358  0.043226  0.009863  0.001966
359  -0.042216  0.001509  0.001784
360  0.007619  0.014514  0.000269
361  -0.036194  -0.006312  0.001350
362  -0.019863  -0.000078  0.000395
363  0.007099  0.034210  0.001221
364  0.029950  0.013125  0.001069
365  0.038682  0.030919  0.002452
366  0.030519  -0.012277  0.001082
367  -0.000710  -0.030104  0.000907
368  -0.028035  -0.002800  0.000794
369  0.003897  -0.019616  0.000400
370  0.000231  -0.009092  0.000083
371  -0.036815  0.019736  0.001745
372  -0.040980  0.026033  0.002357
373  -0.041769  0.042670  0.003565
374  -0.069322  0.022956  0.005332
375  0.027199  0.015913  0.000993
376  0.007211  -0.011059  0.000174
377  -0.053411  -0.074342  0.008379
378  -0.021091  0.007522  0.000501
379  -0.003817  0.000666  0.000015
380  0.002906  0.051785  0.002690
381  -0.012311  -0.032794  0.001227
382  -0.027121  0.001955  0.000739
383  -0.034918  0.024276  0.001809
384  -0.000765  -0.044996  0.002025
385  -0.004943  0.010954  0.000144
386  -0.017979  0.008309  0.000392
387  0.036762  -0.003829  0.001366
388  -0.007079  0.032391  0.001099
389  0.011699  -0.010117  0.000239
390  -0.046274  0.008319  0.002210
391  -0.020596  0.046147  0.002554
392  -0.032149  0.070332  0.005980
393  0.008555  0.049436  0.002517
394  0.003927  0.016468  0.000287
395  0.026670  0.024699  0.001321
396  -0.024061  0.069728  0.005441
397  0.003913  0.030634  0.000954
398  -0.041341  -0.013464  0.001890
399  0.029836  -0.005522  0.000921
400  0.019434  0.027804  0.001151
401  0.050543  0.013102  0.002726
402  -0.030962  0.026960  0.001685
403  -0.032978  -0.028166  0.001881
404  -0.054080  0.073973  0.008397
405  0.018800  0.047140  0.002576
406  -0.023677  -0.020223  0.000970
407  0.029176  -0.025143  0.001483
408  0.009035  0.001028  0.000083
409  -0.032096  0.009202  0.001115
410  0.009214  0.029005  0.000926
411  -0.064638  0.044041  0.006118
412  -0.045168  -0.016744  0.002320
413  -0.015601  0.006800  0.000290
414  0.022420  0.009026  0.000584
415  0.091807  0.024768  0.009042
416  0.012647  0.016827  0.000443
417  0.001720  -0.030815  0.000953
418  0.019512  0.087588  0.008052
419  0.013538  0.014311  0.000388
420  0.014454  0.033372  0.001323
421  -0.088851  -0.006989  0.007943
422  0.013686  0.037304  0.001579
423  -0.014747  -0.026167  0.000902
424  -0.054413  -0.029253  0.003817
425  -0.019494  0.054942  0.003399
426  0.028043  -0.015925  0.001040
427  0.017451  0.000137  0.000305
428  0.053563  0.006712  0.002914
429  -0.023297  -0.034653  0.001744
430  -0.091369  0.006519  0.008391
431  0.003992  -0.003748  0.000030
432  0.004629  -0.003077  0.000031
433  -0.036662  -0.098008  0.010950
434  0.023932  0.086208  0.008005
435  0.037445  -0.023989  0.001978
436  -0.048739  0.016899  0.002661
437  0.006595  0.031262  0.001021
438  -0.040666  0.032579  0.002715
439  -0.013005  -0.052342  0.002909
440  0.014392  -0.052760  0.002991
441  -0.035576  0.025424  0.001912
442  -0.016627  0.026294  0.000968
443  -0.007528  0.002467  0.000063
444  -0.051801  0.009665  0.002777
445  -0.026880  -0.007109  0.000773
446  0.012112  -0.014198  0.000348
447  0.015123  0.021180  0.000677
448  -0.017296  0.035615  0.001568
449  -0.033325  0.004279  0.001129
450  -0.010446  0.011086  0.000232
451  -0.004928  -0.022355  0.000524
452  -0.008875  0.025827  0.000746
453  0.014150  -0.004464  0.000220
454  0.021093  -0.035479  0.001704
455  0.001849  -0.041717  0.001744
456  -0.037960  0.011591  0.001575
457  0.007979  -0.065368  0.004337
458  0.007153  0.040512  0.001692
459  -0.002892  -0.035458  0.001266
460  -0.001521  0.008056  0.000067
461  0.008042  -0.041830  0.001814
462  0.013480  0.001784  0.000185
463  -0.024535  -0.055232  0.003653
464  -0.028781  -0.009111  0.000911
465  -0.020998  -0.017298  0.000740
466  0.016167  0.092348  0.008790
467  -0.045493  0.051461  0.004718
468  -0.048352  -0.024419  0.002934
469  -0.029017  0.003375  0.000853
470  -0.011115  0.031305  0.001104
471  -0.027257  0.024430  0.001340
472  -0.030560  0.063615  0.004981
473  -0.050362  -0.010820  0.002653
474  -0.012262  -0.029812  0.001039
475  -0.034348  0.007040  0.001229
476  -0.003843  -0.015258  0.000248
477  -0.061570  0.000793  0.003792
478  0.052554  -0.002365  0.002768
479  -0.048576  -0.077639  0.008387
480  0.017504  -0.027548  0.001065
481  -0.045437  0.010096  0.002166
482  -0.033677  -0.006029  0.001170
483  0.053328  0.021589  0.003310
484  -0.031002  -0.021376  0.001418
485  -0.002238  0.040249  0.001625
486  -0.049723  0.064392  0.006619
487  0.024005  -0.020991  0.001017
488  -0.061521  -0.020994  0.004226
489  -0.046818  0.037888  0.003627
490  0.030855  -0.027731  0.001721
491  -0.000001  0.003326  0.000011
492  -0.002319  0.010318  0.000112
493  -0.018866  0.054633  0.003341
494  -0.031081  0.048168  0.003286
495  0.024226  0.060044  0.004192
496  -0.055939  0.018517  0.003472
497  -0.074249  -0.027092  0.006247
498  -0.036403  0.032676  0.002393
499  0.006130  0.012952  0.000205
500  0.025596  -0.014525  0.000866
501  -0.008719  -0.046907  0.002276
502  -0.058625  -0.032049  0.004464
503  -0.001250  0.030422  0.000927
504  -0.040444  0.018947  0.001995
505  0.002180  0.034701  0.001209
506  0.003342  -0.054119  0.002940
507  0.018378  0.052285  0.003071
508  0.029918  -0.013223  0.001070
509  -0.046856  0.004248  0.002214
510  0.013297  -0.008254  0.000245
511  -0.021843  -0.007606  0.000535
512  -0.020886  0.070556  0.005414
513  -0.018548  -0.003217  0.000354
514  0.043381  -0.026840  0.002602
515  -0.055592  0.000073  0.003090
516  0.020620  -0.063768  0.004491
517  -0.034663  0.013923  0.001395
518  0.037956  0.049735  0.003914
519  0.032693  0.040941  0.002745
520  0.049346  0.050957  0.005032
521  0.014177  0.027758  0.000972
522  0.011660  -0.007949  0.000199
523  0.018093  -0.010579  0.000439
524  -0.019967  0.024208  0.000985
525  -0.027021  0.019185  0.001098
526  0.054211  0.013884  0.003132
527  0.040345  0.042175  0.003406
528  -0.024388  0.025408  0.001240
529  -0.002592  -0.013399  0.000186
530  0.021279  -0.069851  0.005332
531  0.026120  0.025342  0.001324
532  -0.009201  -0.075790  0.005829
533  0.055634  0.054617  0.006078
534  -0.039324  -0.031024  0.002509
535  -0.035366  -0.009258  0.001336
536  -0.013122  0.005347  0.000201
537  -0.031191  0.059307  0.004490
538  -0.044096  -0.018407  0.002283
539  0.028951  -0.005346  0.000867
540  0.021078  -0.051325  0.003079
541  0.023861  0.003326  0.000580
542  -0.002678  -0.008363  0.000077
543  0.003127  0.020282  0.000421
544  -0.005322  0.028914  0.000864
545  0.019139  -0.003684  0.000380
546  -0.019833  -0.017557  0.000702
547  -0.016219  0.030675  0.001204
548  0.024948  -0.009546  0.000714
549  0.021085  -0.027259  0.001188
550  -0.043766  -0.009522  0.002006
551  0.028153  0.069077  0.005564
552  -0.006066  0.047139  0.002259
553  -0.017523  0.026157  0.000991
554  0.036094  -0.033258  0.002409
555  0.024528  0.008481  0.000674
556  0.012682  -0.051076  0.002770
557  -0.034241  -0.025885  0.001842
558  -0.043531  0.012858  0.002060
559  0.018183  0.070631  0.005319
560  -0.023469  0.015014  0.000776
561  0.031383  -0.051231  0.003610
562  -0.024486  -0.038673  0.002095
563  0.008874  -0.003143  0.000089
564  -0.028782  -0.010639  0.000942
565  0.004218  -0.059062  0.003506
566  -0.063471  0.058385  0.007437
567  -0.014702  0.007429  0.000271
568  -0.033991  0.018512  0.001498
569  -0.062398  0.042725  0.005719
570  -0.053605  -0.057577  0.006189
571  0.025574  0.059907  0.004243
572  0.063398  0.014669  0.004235
573  -0.026259  0.027296  0.001435
574  -0.009535  -0.007145  0.000142
575  -0.035660  -0.007656  0.001330
576  -0.019768  -0.005438  0.000420
577  0.061128  -0.049871  0.006224
578  -0.015980  0.015481  0.000495
579  0.002254  -0.040924  0.001680
580  -0.055115  0.015385  0.003274
581  0.012310  -0.014080  0.000350
582  -0.002774  0.088927  0.007916
583  -0.032876  -0.016289  0.001346
584  -0.033262  -0.012968  0.001274
585  -0.049591  -0.002869  0.002468
586  0.052657  -0.003931  0.002788
587  0.008236  -0.044145  0.002017
588  0.009695  0.017501  0.000400
589  -0.012370  -0.024251  0.000741
590  -0.040012  0.045549  0.003676
591  0.084017  -0.019150  0.007426
592  0.028605  -0.019487  0.001198
593  0.000008  0.020357  0.000414
594  -0.018378  -0.033405  0.001454
595  0.004007  -0.019629  0.000401
596  0.047004  0.033699  0.003345
597  -0.041993  -0.045750  0.003856
598  -0.016711  0.017180  0.000574
599  0.022368  -0.020005  0.000900
600  0.001728  0.019036  0.000365
601  -0.014935  -0.035072  0.001453
602  -0.005078  0.043241  0.001896
603  -0.035843  0.040857  0.002954
604  0.020029  -0.000775  0.000402
605  -0.012808  0.017909  0.000485
606  0.016510  0.002828  0.000281
607  -0.001555  0.010548  0.000114
608  -0.025228  -0.012999  0.000805
609  -0.017266  0.043256  0.002169
610  -0.002494  -0.014058  0.000204
611  -0.056636  0.002460  0.003214
612  -0.038418  0.002428  0.001482
613  0.002917  -0.004079  0.000025
614  -0.009525  -0.043767  0.002006
615  0.023604  0.039442  0.002113
616  -0.021829  0.048140  0.002794
617  0.030902  -0.072505  0.006212
618  -0.051178  0.014678  0.002835
619  -0.019846  -0.030437  0.001320
620  0.026024  0.018934  0.001036
621  0.059545  -0.081120  0.010126
622  -0.022622  0.006743  0.000557
623  -0.022744  0.050261  0.003043
624  0.000918  0.042029  0.001767
625  -0.047618  0.023531  0.002821
626  0.010534  0.012245  0.000261
627  -0.014567  0.005110  0.000238
628  -0.003224  -0.000277  0.000010
629  -0.025451  0.005290  0.000676
630  -0.018693  0.015110  0.000578
631  0.059647  0.063186  0.007550
632  -0.053186  0.009850  0.002926
633  0.049909  0.044305  0.004454
634  -0.018707  0.018430  0.000690
635  0.016895  -0.005611  0.000317
636  -0.036216  -0.005172  0.001338
637  0.011585  0.039598  0.001702
638  -0.024283  -0.036015  0.001887
639  0.008592  0.013113  0.000246
640  0.004465  0.029056  0.000864
641  -0.037882  0.012903  0.001602
642  -0.017869  -0.003657  0.000333
643  -0.020970  -0.067135  0.004947
644  0.042986  -0.003109  0.001857
645  -0.054075  0.069848  0.007803
646  -0.041721  -0.003308  0.001752
647  0.005851  -0.024536  0.000636
648  0.004522  0.010221  0.000125
649  -0.051047  0.086712  0.010125
650  0.031057  -0.004689  0.000987
651  0.039372  -0.034757  0.002758
652  0.037667  0.041341  0.003128
653  -0.012426  0.037852  0.001587
654  -0.077469  0.053658  0.008881
655  -0.013773  -0.008289  0.000258
656  -0.038110  0.027608  0.002215
657  0.000488  0.017339  0.000301
658  -0.033919  -0.016443  0.001421
659  -0.024239  0.050200  0.003108
660  0.051055  0.004500  0.002627
661  0.036789  -0.012864  0.001519
662  -0.007992  0.002970  0.000073
663  0.039207  -0.041107  0.003227
664  -0.008443  -0.043704  0.001981
665  -0.041312  -0.003106  0.001716
666  -0.019521  0.037165  0.001762
667  0.012152  0.006340  0.000188
668  0.043243  0.020018  0.002271
669  0.040054  0.015422  0.001842
670  0.017229  0.026778  0.001014
671  -0.010873  -0.042466  0.001922
672  0.077019  0.023561  0.006487
673  -0.061814  0.068644  0.008533
674  0.037442  -0.052032  0.004109
675  0.042955  -0.017634  0.002156
676  0.025508  -0.033487  0.001772
677  -0.019249  0.081633  0.007034
678  -0.033968  0.007101  0.001204
679  -0.007452  0.004682  0.000077
680  0.020609  -0.011580  0.000559
681  0.011121  0.032715  0.001194
682  -0.059131  -0.067870  0.008103
683  0.042805  -0.022892  0.002356
684  -0.002122  -0.018760  0.000356
685  -0.009927  0.008171  0.000165
686  0.018466  0.026517  0.001044
687  -0.030224  0.003123  0.000923
688  -0.045736  0.034095  0.003254
689  -0.015435  -0.053579  0.003109
690  0.027332  -0.014498  0.000957
691  0.066307  -0.045183  0.006438
692  -0.081320  0.000455  0.006613
693  -0.007681  0.014479  0.000269
694  -0.013861  -0.005089  0.000218
695  -0.041511  0.040553  0.003368
696  -0.011684  0.056477  0.003326
697  0.012798  0.019322  0.000537
698  0.013814  -0.005150  0.000217
699  -0.026619  -0.056803  0.003935
700  -0.023217  -0.079849  0.006915
701  0.016702  -0.020084  0.000682
702  -0.054678  -0.006003  0.003026
703  0.044622  0.006523  0.002034
704  -0.026319  -0.037936  0.002132
705  -0.075008  -0.024490  0.006226
706  0.019022  0.048410  0.002705
707  -0.034895  -0.011102  0.001341
708  0.011104  0.008764  0.000200
709  0.008356  -0.026646  0.000780
710  -0.047433  -0.003978  0.002266
711  0.068292  0.034968  0.005887
712  -0.034908  -0.051401  0.003861
713  0.005224  0.005198  0.000054
714  -0.041592  0.011461  0.001861
715  -0.055995  -0.036264  0.004450
716  -0.011561  0.029901  0.001028
717  -0.013704  -0.013838  0.000379
718  -0.027334  0.063956  0.004838
719  0.008133  0.038513  0.001549
720  0.024209  0.050370  0.003123
721  0.009229  -0.001962  0.000089
722  -0.057737  -0.032151  0.004367
723  -0.001190  0.012530  0.000158
724  -0.037236  0.042485  0.003191
725  0.038028  0.041502  0.003169
726  -0.054355  0.011944  0.003097
727  -0.021509  0.015155  0.000692
728  -0.025605  -0.011742  0.000793
729  0.001969  -0.021156  0.000451
730  -0.018136  0.001841  0.000332
731  0.032118  0.079118  0.007291
732  -0.011373  -0.033707  0.001266
733  0.041549  -0.064434  0.005878
734  0.047766  0.032692  0.003350
735  0.025738  0.018158  0.000992
736  0.038707  -0.023114  0.002033
737  -0.071978  -0.006753  0.005227
738  0.011866  0.019062  0.000504
739  0.005593  -0.037910  0.001468
740  -0.052168  0.032894  0.003804
741  -0.081105  0.044381  0.008548
742  -0.014210  0.098222  0.009849
743  -0.065605  0.125462  0.020045
744  -0.017743  -0.016029  0.000572
745  0.049054  0.006757  0.002452
746  0.001035  0.086998  0.007570
747  0.042194  -0.023937  0.002353
748  0.025114  0.056147  0.003783
749  0.019731  0.054153  0.003322
750  0.031343  0.034442  0.002169
751  0.021576  0.072061  0.005658
752  -0.045662  0.022947  0.002612
753  -0.028892  -0.034212  0.002005
754  0.011300  -0.015286  0.000361
755  0.002508  -0.010823  0.000123
756  0.048803  -0.024618  0.002988
757  -0.025391  0.007438  0.000700
758  0.006326  0.013821  0.000231
759  -0.003334  0.003650  0.000024
760  0.039232  0.001570  0.001542
761  0.022929  0.013618  0.000711
762  0.026156  -0.031915  0.001703
763  -0.070634  -0.017123  0.005282
764  -0.006326  0.008224  0.000108
765  0.041184  -0.002587  0.001703
766  0.011632  0.008475  0.000207
767  0.006405  0.084737  0.007221
768  -0.056053  -0.021809  0.003618
769  -0.004837  -0.023341  0.000568
770  -0.015647  0.063969  0.004337
771  0.041239  -0.001576  0.001703
772  -0.039931  -0.001648  0.001597
773  0.001375  0.034362  0.001183
774  -0.002393  -0.039265  0.001547
775  -0.069708  0.059303  0.008376
776  -0.051259  0.050012  0.005129
777  0.002997  0.045737  0.002101
778  0.011995  -0.033923  0.001295
779  -0.017964  0.053193  0.003152
780  0.017608  -0.012382  0.000463
781  -0.059205  -0.006056  0.003542
782  -0.015624  0.030189  0.001155
783  -0.050715  -0.012960  0.002740
784  -0.049936  -0.077896  0.008561
785  0.015093  0.010446  0.000337
786  -0.024528  -0.009541  0.000693
787  -0.002655  -0.003055  0.000016
788  0.005122  0.007876  0.000088
789  -0.005041  -0.047245  0.002257
790  -0.018978  0.000723  0.000361
791  0.065623  0.010867  0.004424
792  0.029464  -0.018141  0.001197
793  0.073784  0.001271  0.005446
794  -0.015820  -0.039633  0.001821
795  -0.046822  0.085961  0.009582
796  0.006730  0.034414  0.001230
797  -0.017315  0.033857  0.001446
798  0.046151  -0.005507  0.002160
799  -0.046932  -0.009947  0.002302
800  -0.017703  0.002541  0.000320
801  -0.005422  -0.042581  0.001843
802  0.050774  0.006943  0.002626
803  -0.005753  -0.028947  0.000871
804  -0.045137  0.099688  0.011975
805  0.015237  -0.044785  0.002238
806  0.048797  0.026184  0.003067
807  -0.119512  -0.005313  0.014311
808  -0.056125  -0.005879  0.003185
809  -0.036211  0.039599  0.002879
810  -0.005397  0.018155  0.000359
811  0.037117  -0.037131  0.002756
812  -0.009127  -0.007036  0.000133
813  0.030584  0.018550  0.001280
814  0.050630  0.038792  0.004068
815  0.077248  0.006078  0.006004
816  0.010173  -0.006879  0.000151
817  -0.058799  0.034740  0.004664
818  0.046668  0.004770  0.002201
819  -0.020019  0.033776  0.001542
820  -0.018973  -0.124316  0.015814
821  0.020226  0.076691  0.006291
822  -0.026890  0.001702  0.000726
823  0.059872  0.010336  0.003692
824  0.030388  0.007300  0.000977
825  -0.014140  0.070704  0.005199
826  0.044104  0.022635  0.002458
827  -0.049287  0.041572  0.004157
828  -0.019947  0.024132  0.000980
829  0.075459  0.045310  0.007747
830  -0.060410  -0.023326  0.004194
831  -0.049745  0.025557  0.003128
832  -0.029843  -0.040651  0.002543
833  -0.060224  -0.036727  0.004976
834  0.035000  -0.013577  0.001409
835  -0.047036  -0.039629  0.003783
836  -0.047762  0.078682  0.008472
837  -0.016463  0.073296  0.005643
838  0.003439  -0.091844  0.008447
839  -0.022135  -0.093157  0.009168
840  0.038186  -0.026047  0.002137
841  0.030087  -0.033387  0.002020
842  -0.004810  0.016944  0.000310
843  0.015217  0.081496  0.006873
844  0.065527  -0.046030  0.006412
845  0.059162  0.027848  0.004276
846  0.035143  0.038213  0.002695
847  0.038457  -0.039134  0.003010
848  0.018426  -0.005801  0.000373
849  0.016630  0.025037  0.000903
850  0.017308  -0.031025  0.001262
851  0.004786  0.055041  0.003052
852  0.054835  0.041869  0.004760
853  -0.044028  0.018369  0.002276
854  -0.029359  -0.013825  0.001053
855  0.049331  -0.043317  0.004310
856  0.044958  0.017029  0.002311
857  0.059469  0.013192  0.003711
858  0.036086  -0.076114  0.007096
859  -0.053469  0.014028  0.003056
860  0.011133  0.027903  0.000903
861  0.012879  -0.012891  0.000332
862  -0.063127  -0.042105  0.005758
863  0.014656  0.034349  0.001395
864  -0.012509  -0.003539  0.000169
865  -0.003489  -0.018312  0.000348
866  0.031651  -0.017964  0.001324
867  -0.025228  0.018413  0.000975
868  -0.011687  0.001930  0.000140
869  0.060114  -0.031538  0.004608
870  -0.019488  -0.084047  0.007444
871  0.019992  0.015683  0.000646
872  -0.018118  0.093975  0.009160
873  -0.086523  -0.021285  0.007939
874  0.055129  -0.000924  0.003040
875  -0.071780  0.006499  0.005195
876  0.030471  0.015566  0.001171
877  0.014924  -0.028942  0.001060
878  0.039539  0.021521  0.002027
879  0.071238  0.092624  0.013654
880  -0.006149  -0.050012  0.002539
881  0.018169  -0.051212  0.002953
882  -0.080861  0.000864  0.006539
883  -0.003711  0.036288  0.001331
884  0.007824  -0.003505  0.000073
885  -0.045441  0.002396  0.002071
886  -0.008371  -0.056510  0.003263
887  -0.066718  -0.001181  0.004453
888  -0.019845  0.071597  0.005520
889  0.072048  0.026582  0.005898
890  0.018626  0.014835  0.000567
891  0.011036  0.086631  0.007627
892  -0.006832  -0.053142  0.002871
893  0.121007  -0.000153  0.014643
894  -0.103597  -0.003380  0.010744
895  0.057894  -0.051340  0.005988
896  0.023053  0.068218  0.005185
897  0.022743  -0.040202  0.002133
898  0.009840  0.032776  0.001171
899  0.011403  -0.038036  0.001577
900  0.064109  -0.053372  0.006959
901  -0.072130  -0.056149  0.008356
902  -0.073745  -0.005235  0.005466
903  -0.061865  0.040466  0.005465
904  -0.043061  0.017455  0.002159
905  0.022037  0.007328  0.000539
906  0.103049  -0.090934  0.018888
907  -0.007099  0.083071  0.006951
908  0.022403  -0.048481  0.002852
909  0.074702  -0.026612  0.006289
910  0.081152  0.035424  0.007840
911  -0.053188  0.068271  0.007490
912  0.068783  -0.000277  0.004731
913  0.049152  -0.052186  0.005139
914  0.045184  0.023828  0.002609
915  0.012872  0.103369  0.010851
916  0.029656  -0.060600  0.004552
917  -0.028813  0.005649  0.000862
918  0.046106  0.051614  0.004790
919  0.029554  0.013218  0.001048
920  -0.026459  -0.087894  0.008426
921  0.001804  -0.050581  0.002562
922  -0.020957  -0.072757  0.005733
923  -0.045572  -0.012322  0.002229
924  -0.001672  -0.079384  0.006305
925  -0.101658  -0.049928  0.012827
926  0.009635  -0.021172  0.000541
927  -0.049581  -0.026552  0.003163
928  0.034444  -0.072851  0.006494
929  -0.032068  0.010959  0.001148
930  0.011669  0.127903  0.016495
931  0.029751  -0.066728  0.005338
932  0.070058  0.018114  0.005236
933  -0.008172  0.013935  0.000261
934  0.025043  0.048854  0.003014
935  -0.058810  0.009813  0.003555
936  -0.021949  -0.039007  0.002003
937  0.036669  -0.024448  0.001942
938  0.004667  0.074615  0.005589
939  0.009577  0.012965  0.000260
940  0.044763  0.131716  0.019353
941  -0.033869  0.068516  0.005842
942  0.003362  0.026417  0.000709
943  -0.017088  0.010091  0.000394
944  -0.070139  -0.013498  0.005102
945  0.104713  0.018198  0.011296
946  -0.003146  0.006320  0.000050
947  0.064107  0.073855  0.009564
948  -0.177955  -0.044273  0.033628
949  -0.068672  0.015191  0.004947
950  -0.034893  0.069716  0.006078
951  -0.007472  -0.018257  0.000389
952  -0.001841  -0.061625  0.003801
953  0.024196  0.097167  0.010027
954  0.081517  0.105477  0.017770
955  0.002163  0.001710  0.000008
956  0.018355  0.083152  0.007251
957  -0.067610  0.006223  0.004610
958  0.034618  0.035708  0.002473
959  -0.039475  -0.019439  0.001936
960  0.037009  -0.027923  0.002149
961  -0.020998  0.017629  0.000752
962  0.034482  -0.039945  0.002785
963  -0.025406  -0.003241  0.000656
964  0.047754  0.034105  0.003444
965  -0.109517  -0.018178  0.012325
966  0.065163  0.020513  0.004667
967  0.019577  -0.074853  0.005986
968  -0.015944  -0.027722  0.001023
969  -0.004902  -0.021146  0.000471
970  -0.067967  0.054459  0.007585
971  0.053521  0.048037  0.005172
972  -0.067264  -0.013416  0.004704
973  0.015078  0.168153  0.028503
974  -0.074455  -0.019555  0.005926
975  -0.012218  0.007837  0.000211
976  -0.005589  0.036109  0.001335
977  0.019745  0.093830  0.009194
978  0.036934  -0.056934  0.004606
979  -0.047741  0.002411  0.002285
980  -0.076493  -0.041701  0.007590
981  -0.107304  0.054293  0.014462
982  -0.001579  -0.024233  0.000590
983  -0.067762  -0.009954  0.004691
984  0.119224  0.088298  0.022011
985  0.068198  0.028347  0.005455
986  0.029873  -0.025155  0.001525
987  0.107330  -0.057095  0.014780
988  0.044963  0.046583  0.004192
989  -0.004175  -0.003229  0.000028
990  -0.060746  -0.092528  0.012251
991  0.002489  -0.064788  0.004204
992  -0.148485  0.017152  0.022342
993  -0.049726  0.037529  0.003881
994  0.085709  -0.033109  0.008442
995  0.027363  0.055906  0.003874
996  0.056311  -0.015881  0.003423
997  0.061925  -0.069391  0.008650
998  -0.056370  0.091786  0.011602
999  0.039405  0.035945  0.002845
1000  -0.002207  0.064841  0.004209
1001  -0.033979  -0.044591  0.003143
1002  0.069766  0.188901  0.040551
1003  -0.035671  0.068880  0.006017
1004  -0.024882  0.035821  0.001902
1005  -0.067604  -0.010738  0.004686
1006  0.003253  0.046801  0.002201
1007  -0.060494  -0.141670  0.023730
1008  0.066287  0.005228  0.004421
1009  0.065797  0.025835  0.004997
1010  -0.114221  0.055176  0.016091
1011  0.064971  0.078498  0.010383
1012  -0.118742  -0.009553  0.014191
1013  -0.026522  0.032379  0.001752
1014  -0.014996  -0.160268  0.025911
1015  0.086498  0.063504  0.011515
1016  -0.028516  -0.047413  0.003061
1017  -0.081752  0.071132  0.011743
1018  -0.050300  0.093392  0.011252
1019  0.012653  0.028140  0.000952
1020  -0.016869  0.118574  0.014344
1021  -0.014978  0.083954  0.007273
1022  0.008063  0.008352  0.000135
1023  -0.156254  0.064418  0.028565
1024  0.076927  -0.056442  0.009103
1025  -0.023976  -0.001214  0.000576
1026  0.069326  0.050964  0.007403
1027  -0.019702  0.054094  0.003314
1028  0.045447  -0.020326  0.002479
1029  -0.036044  0.043502  0.003192
1030  -0.047117  0.167906  0.030413
1031  0.147458  -0.038715  0.023243
1032  0.040314  -0.000076  0.001625
1033  0.153596  0.113560  0.036487
1034  0.007924  0.071307  0.005147
1035  -0.114626  -0.002998  0.013148
1036  -0.204698  0.057233  0.045177
1037  -0.039069  0.087699  0.009217
1038  -0.034337  -0.003774  0.001193
1039  -0.018666  -0.036113  0.001653
1040  -0.092773  0.182858  0.042044
1041  -0.116569  -0.004127  0.013605
1042  -0.020912  -0.059663  0.003997
1043  0.088443  -0.083904  0.014862
1044  -0.024382  0.035872  0.001881
1045  0.062491  -0.040346  0.005533
1046  0.008629  -0.171417  0.029458
1047  0.033476  -0.029983  0.002020
1048  -0.077209  0.250491  0.068707
1049  -0.183966  0.161040  0.059777
1050  0.112938  -0.038790  0.014260
1051  -0.074194  -0.117129  0.019224
1052  0.095859  -0.033781  0.010330
1053  -0.036476  0.014481  0.001540
1054  -0.006727  -0.044299  0.002008
1055  -0.034327  -0.020570  0.001601
1056  -0.054516  -0.110745  0.015237
1057  -0.036103  0.184500  0.035344
1058  -0.105565  0.018008  0.011468
1059  -0.091972  0.046589  0.010629
1060  -0.007029  -0.019622  0.000434
1061  0.119632  -0.086153  0.021734
1062  -0.051440  0.128556  0.019173
1063  -0.204109  -0.095220  0.050727
1064  -0.117090  -0.083519  0.020685
1065  0.163989  -0.152300  0.050088
1066  -0.050186  0.045112  0.004554
1067  -0.000449  -0.078273  0.006127
1068  -0.032371  -0.064163  0.005165
1069  0.015117  -0.151565  0.023200
1070  0.016385  0.135170  0.018539
1071  0.042625  0.006124  0.001854
1072  -0.124827  0.084338  0.022695
1073  -0.023833  0.003826  0.000583
1074  0.037349  -0.109347  0.013352
1075  0.167317  -0.018400  0.028333
1076  -0.087741  0.183936  0.041531
1077  0.060031  0.146418  0.025042
1078  -0.102614  -0.017510  0.010836
1079  -0.123588  0.087482  0.022927
1080  -0.176396  0.126312  0.047070
1081  -0.154360  0.159176  0.049164
1082  -0.011185  0.060066  0.003733
1083  0.096652  -0.026503  0.010044
1084  0.008375  0.065701  0.004387
1085  0.143470  0.072471  0.025836
1086  0.017122  -0.013285  0.000470
1087  0.099688  -0.023940  0.010511
1088  -0.053564  -0.071366  0.007962
1089  0.053158  0.280013  0.081233
1090  -0.040264  0.135696  0.020035
1091  -0.241542  0.193851  0.095921
1092  -0.036369  0.056842  0.004554
1093  -0.114273  -0.100565  0.023172
1094  0.189160  0.005056  0.035807
1095  0.137048  -0.137311  0.037636
1096  -0.096678  -0.034355  0.010527
1097  0.025154  0.050708  0.003204
1098  -0.004375  -0.143988  0.020752
1099  -0.014519  0.053079  0.003028
1100  0.025760  0.196310  0.039201
1101  -0.022102  0.125748  0.016301
1102  0.021181  0.188732  0.036068
1103  -0.201293  0.199280  0.080232
1104  -0.180336  -0.147987  0.054421
1105  -0.015163  0.059070  0.003719
1106  0.046199  -0.185144  0.036413
1107  0.068227  0.121754  0.019479
1108  -0.353280  0.070376  0.129759
1109  -0.057992  -0.031894  0.004380
1110  0.133802  0.181167  0.050724
1111  0.011580  -0.193663  0.037640
1112  -0.016997  -0.099179  0.010125
1113  0.182845  0.066063  0.037797
1114  -0.155467  0.172309  0.053860
1115  -0.188568  0.239069  0.092712
1116  0.047165  -0.120335  0.016705
1117  -0.072355  -0.081159  0.011822
1118  -0.166287  0.085297  0.034927
1119  -0.085894  0.102989  0.017984
1120  -0.030190  0.073585  0.006326
1121  -0.083142  0.058063  0.010284
1122  0.073417  -0.008488  0.005462
1123  -0.062622  0.023468  0.004472
1124  -0.185574  -0.046465  0.036597
1125  -0.039895  -0.004835  0.001615
1126  0.115165  -0.065256  0.017521
1127  -0.000149  0.110487  0.012207
1128  -0.068191  0.242857  0.063629
1129  -0.116425  -0.036886  0.014915
1130  0.025192  -0.049549  0.003090
1131  -0.109817  -0.116481  0.025628
1132  -0.011834  0.148410  0.022165
1133  -0.179630  0.009938  0.032366
1134  0.004920  0.099039  0.009833
1135  -0.070141  -0.008066  0.004985
1136  -0.145783  0.225562  0.072131
1137  -0.083857  -0.105904  0.018248
1138  0.099583  -0.094853  0.018914
1139  -0.136235  -0.089307  0.026536
1140  0.142908  -0.117261  0.034173
1141  0.116583  0.038385  0.015065
1142  0.216348  -0.004989  0.046831
1143  0.082629  0.001181  0.006829
1144  0.182131  -0.074632  0.038741
1145  0.279088  0.041162  0.079584
1146  0.050383  0.047328  0.004778
1147  0.023362  -0.030973  0.001505
1148  0.053601  0.151196  0.025733
1149  0.174888  -0.036675  0.031931
1150  0.045867  0.416279  0.175392
1151  -0.120223  -0.088314  0.022253
1152  -0.081366  0.024038  0.007198
1153  -0.259223  0.041691  0.068935
1154  -0.240121  0.211403  0.102350
1155  0.167996  0.146303  0.049627
1156  0.045732  -0.315625  0.101711
1157  0.040530  -0.017402  0.001945
1158  0.175452  0.073690  0.036213
1159  -0.045865  0.086874  0.009651
1160  -0.163994  0.108649  0.038699
1161  -0.319908  -0.158333  0.127411
1162  0.100134  0.101363  0.020301
1163  -0.049892  -0.153565  0.026071
1164  -0.116331  -0.095340  0.022623
1165  -0.186173  -0.063443  0.038685
1166  -0.077116  0.018652  0.006295
1167  -0.301354  -0.152958  0.114210
1168  0.068440  0.188415  0.040184
1169  0.163837  -0.111697  0.039319
1170  0.233167  -0.016711  0.054646
1171  0.021446  0.021599  0.000926
1172  -0.183234  0.117908  0.047477
1173  0.004529  0.146303  0.021425
1174  -0.264680  0.103594  0.080787
1175  0.106693  -0.335843  0.124174
1176  -0.072827  0.055692  0.008405
1177  -0.026950  -0.165879  0.028242
1178  -0.053952  0.110690  0.015163
1179  0.111700  -0.178224  0.044241
1180  0.122291  0.227915  0.066900
1181  0.143874  0.204632  0.062574
1182  0.018816  0.266015  0.071118
1183  0.249049  0.282677  0.141932
1184  0.134779  0.176910  0.049463
1185  -0.069958  0.163690  0.031688
1186  0.041334  0.235868  0.057342
1187  -0.271666  -0.147237  0.095481
1188  -0.157259  0.095818  0.033912
1189  -0.006615  -0.245828  0.060475
1190  0.094960  0.109650  0.021041
1191  0.037600  -0.000524  0.001414
1192  0.073210  0.010229  0.005464
1193  -0.267015  -0.021805  0.071772
1194  -0.006465  -0.201244  0.040541
1195  -0.275178  0.189788  0.111743
1196  0.037255  0.143306  0.021925
1197  -0.266272  0.117187  0.084634
1198  0.027508  0.178846  0.032742
1199  0.216048  -0.114142  0.059705
1200  -0.160446  0.128100  0.042152
1201  -0.099070  -0.018130  0.010144
1202  0.089706  -0.137625  0.026988
1203  -0.283491  -0.185249  0.114684
1204  0.016713  0.132148  0.017742
1205  -0.193745  -0.020148  0.037943
1206  0.062488  0.065879  0.008245
1207  0.050662  0.057613  0.005886
1208  -0.130448  0.161844  0.043210
1209  -0.077401  -0.264541  0.075973
1210  0.215145  -0.082815  0.053146
1211  -0.184892  -0.111394  0.046594
1212  0.180710  0.042140  0.034432
1213  -0.152548  0.074766  0.028861
1214  0.151931  -0.068603  0.027789
1215  -0.199962  -0.024404  0.040580
1216  -0.051481  0.056057  0.005793
1217  -0.143193  0.037745  0.021929
1218  -0.423043  0.164017  0.205867
1219  -0.162230  -0.188620  0.061896
1220  -0.390196  0.312766  0.250075
1221  0.213046  0.174126  0.075708
1222  0.502473  0.239106  0.309651
1223  0.239608  0.015109  0.057640
1224  -0.048531  -0.107703  0.013955
1225  0.058307  -0.121224  0.018095
1226  -0.140159  0.306437  0.113548
1227  0.156989  -0.509608  0.284346
1228  0.055711  -0.115157  0.016365
1229  -0.227821  0.091421  0.060260
1230  0.082074  0.028964  0.007575
1231  -0.157647  0.280119  0.103319
1232  -0.368434  0.042821  0.137577
1233  0.138946  0.107637  0.030892
1234  -0.359776  -0.130071  0.146357
1235  -0.187620  0.204832  0.077157
1236  0.118364  0.001523  0.014012
1237  0.100816  0.301192  0.100881
1238  0.279384  -0.134623  0.096179
1239  -0.164184  0.492958  0.269964
1240  -0.214642  0.158513  0.071198
1241  -0.484420  0.297242  0.323016
1242  0.178758  -0.149102  0.054186
1243  0.115335  -0.078530  0.019469
1244  0.056952  -0.199760  0.043148
1245  0.023719  0.102415  0.011051
1246  -0.307418  0.173684  0.124672
1247  0.206179  0.079843  0.048885
1248  0.178070  0.013200  0.031883
1249  0.005483  0.079244  0.006310
1250  -0.445842  0.396043  0.355624
1251  -0.051993  -0.218951  0.050643
1252  -0.026639  -0.340839  0.116881
1253  0.033370  0.115766  0.014515
1254  0.581276  0.418678  0.513173
1255  -0.059357  0.015673  0.003769
1256  -0.162136  -0.035286  0.027533
1257  -0.232400  -0.091850  0.062446
1258  -0.119264  0.496470  0.260706
1259  0.185068  0.020276  0.034661
1260  0.273924  -0.266068  0.145827
1261  0.713224  -0.201016  0.549097
1262  -0.017793  0.801524  0.642757
1263  -0.066941  0.205849  0.046855
1264  -0.006735  0.073060  0.005383
1265  -0.138357  0.397887  0.177456
1266  0.421787  -0.125220  0.193585
1267  0.087442  0.200442  0.047823
1268  0.584573  0.154884  0.365714
1269  0.669508  0.071946  0.453417
1270  -0.230140  -0.150919  0.075741
1271  0.136808  0.214112  0.064560
1272  -0.232186  0.165797  0.081399
1273  -0.468371  0.178752  0.251323
1274  -0.479851  -0.069635  0.235106
1275  0.271420  -0.163525  0.100409
1276  -0.291495  0.183078  0.118487
1277  -0.006457  0.125162  0.015707
1278  -0.074194  0.628653  0.400709
1279  -0.163285  0.112310  0.039275
1280  0.154391  0.204528  0.065668
1281  -0.144430  0.230388  0.073939
1282  0.042809  -0.083135  0.008744
1283  -0.070007  0.034262  0.006075
1284  -0.263974  0.164806  0.096843
1285  0.239398  -0.098643  0.067042
1286  -0.301681  -0.067664  0.095590
1287  0.120831  -0.141621  0.034657
1288  0.150345  -0.231333  0.076119
1289  0.266211  -0.257955  0.137409
1290  -0.512382  0.038921  0.264050
1291  0.381946  0.188561  0.181438
1292  -0.385227  -0.104966  0.159418
1293  0.076174  -0.172287  0.035485
1294  0.007839  -0.497439  0.247507
1295  0.059494  0.110574  0.015766
1296  0.226483  -0.384065  0.198800
1297  -0.119121  0.433306  0.201944
1298  0.047555  -0.083291  0.009199
1299  -0.047994  0.081499  0.008946
1300  -0.420704  0.293066  0.262879
1301  -0.356077  0.042380  0.128587
1302  -0.270862  0.043366  0.075247
1303  -0.330436  -0.082825  0.116048
1304  0.001340  0.278101  0.077342
1305  0.410030  -0.088815  0.176012
1306  0.368829  0.113801  0.148985
1307  0.262653  0.366387  0.203226
1308  0.099571  -0.042452  0.011717
1309  0.102458  -0.041677  0.012235
1310  0.313322  0.415605  0.270898
1311  0.199439  -0.151970  0.062871
1312  0.040479  -0.149578  0.024012
1313  -0.172288  -0.107769  0.041297
1314  -0.300801  0.021532  0.090945
1315  0.155581  -0.001805  0.024209
1316  0.276123  0.474263  0.301169
1317  0.369883  0.190784  0.173212
1318  0.114978  0.057396  0.016514
1319  -0.176568  0.079610  0.037514
1320  0.040826  0.297614  0.090241
1321  -0.096736  -0.110548  0.021579
1322  0.341856  0.015593  0.117108
1323  0.315428  0.073006  0.104825
1324  0.061724  -0.029320  0.004669
1325  0.203748  0.285541  0.123047
1326  -0.268935  0.089209  0.080284
1327  0.045902  -0.118502  0.016150
1328  0.445327  0.035170  0.199553
1329  0.125492  0.157037  0.040409
1330  0.166851  -0.007262  0.027892
1331  -0.052993  -0.454953  0.209791
1332  0.160266  0.537818  0.314934
1333  0.309592  0.128947  0.112475
1334  -0.015084  0.051276  0.002857
1335  0.472354  0.036381  0.224442
1336  0.236579  0.036485  0.057301
1337  0.379872  -0.106793  0.155708
1338  0.073689  0.093820  0.014232
1339  -0.081357  0.377250  0.148937
1340  0.216921  -0.054355  0.050009
1341  0.148214  0.381531  0.167534
1342  0.212094  -0.191380  0.081610
1343  -0.055208  0.168525  0.031448
1344  -0.310397  0.394827  0.252234
1345  -0.361660  0.717736  0.645942
1346  0.018969  -0.187128  0.035377
1347  0.661044  0.231264  0.490461
1348  -0.089907  0.036249  0.009397
1349  -0.185864  -0.663057  0.474190
1350  0.213382  -0.363522  0.177680
1351  0.171280  -0.335169  0.141675
1352  -0.000719  0.618141  0.382099
1353  0.293592  -0.459974  0.297773
1354  -0.124777  -0.120177  0.030012
1355  -0.018214  -0.180183  0.032798
1356  -0.293602  -0.326527  0.192822
1357  -0.329848  0.095781  0.117974
1358  0.062548  -0.055103  0.006949
1359  0.199774  0.212554  0.085089
1360  -0.359174  -0.044561  0.130992
1361  0.316182  0.336718  0.213350
1362  -0.480562  0.530517  0.512389
1363  0.148865  0.144681  0.043093
1364  -0.255784  -0.387216  0.215362
1365  -0.400626  -0.392618  0.314650
1366  -0.168282  0.310313  0.124613
1367  -0.556013  0.320044  0.411578
1368  -0.240627  -0.125713  0.073705
1369  0.417004  0.326136  0.280257
1370  0.350341  0.283824  0.203295
1371  -0.418603  -0.052015  0.177934
1372  -0.084817  0.467238  0.225505
1373  -0.683419  0.159871  0.492621
1374  -0.482871  -0.324423  0.338414
1375  -0.396890  -0.662302  0.596166
1376  0.024870  0.793594  0.630409
1377  0.368194  -0.020327  0.135980
1378  -0.191925  0.077085  0.042777
1379  0.065128  0.232803  0.058439
1380  -0.421415  -0.127119  0.193750
1381  -0.214312  0.107094  0.057398
1382  0.025958  -0.942407  0.888806
1383  0.155207  -0.331699  0.134114
1384  0.053782  0.132314  0.020400
1385  -0.459727  0.182675  0.244719
1386  -0.402633  -0.278138  0.239474
1387  0.002336  -0.099648  0.009935
1388  0.335654  -0.003703  0.112677
1389  0.132955  -0.080781  0.024203
1390  0.487135  0.467023  0.455411
1391  0.351254  0.021019  0.123821
1392  -0.328407  -0.238265  0.164621
1393  -0.260359  0.135174  0.086059
1394  0.087204  0.350854  0.130703
1395  -0.126125  0.612103  0.390578
1396  0.178454  0.120171  0.046287
1397  -0.461348  0.523228  0.486610
1398  0.219285  -0.113382  0.060941
1399  -0.429226  -0.036704  0.185583
1400  -0.538043  0.639164  0.698020
1401  0.096941  -0.148729  0.031518
1402  0.021905  -0.156096  0.024846
1403  0.099362  0.276805  0.086494
1404  0.528397  0.139016  0.298529
1405  0.117401  0.172106  0.043403
1406  -0.153828  0.047474  0.025917
1407  0.220703  0.044359  0.050678
1408  0.316704  -0.012087  0.100448
1409  0.305167  -0.289759  0.177088
1410  -0.165946  -0.136656  0.046213
1411  -0.508108  0.329448  0.366709
1412  -0.151046  0.400598  0.183294
1413  -0.037861  -0.479663  0.231510
1414  0.380806  0.013102  0.145185
1415  0.035730  0.222488  0.050777
1416  0.010563  0.034651  0.001312
1417  0.145245  -0.002140  0.021101
1418  -0.096789  -0.220069  0.057799
1419  -0.214194  0.032347  0.046926
1420  -0.265305  -0.573773  0.399602
1421  0.245204  -0.183373  0.093751
1422  -0.218478  -0.243129  0.106844
1423  0.132351  -0.489339  0.256970
1424  0.434394  -0.036809  0.190053
1425  -0.848660  -0.022001  0.720708
1426  -0.449333  -0.161087  0.227850
1427  -0.253697  0.055734  0.067468
1428  0.000872  0.239814  0.057512
1429  0.083561  -0.552229  0.311939
1430  0.908268  0.361983  0.955983
1431  -0.244007  0.053129  0.062362
1432  -0.540546  -0.309303  0.387858
1433  0.533904  -0.351126  0.408343
1434  -0.082243  0.238995  0.063882
1435  -0.521720  0.650035  0.694737
1436  -0.284824  0.268735  0.153343
1437  -0.094802  0.098316  0.018653
1438  -0.414373  -0.201865  0.212454
1439  -0.557625  -0.340283  0.426738
1440  -0.214895  -0.054354  0.049134
1441  0.259208  0.118844  0.081313
1442  0.135414  0.483326  0.251941
1443  0.010717  -0.660909  0.436916
1444  -0.384916  -0.249364  0.210343
1445  -0.561233  0.181869  0.348059
1446  0.948939  -0.299966  0.990465
1447  0.151958  0.555711  0.331906
1448  0.416479  0.058277  0.176851
1449  0.377063  -0.299842  0.232082
1450  -0.208803  0.008375  0.043669
1451  0.625096  0.841021  1.098060
1452  -0.735639  -0.162525  0.567580
1453  -0.345507  0.015611  0.119619
1454  0.175910  -0.213251  0.076420
1455  0.500541  0.282123  0.330135
1456  0.231539  -0.903082  0.869167
1457  -0.149871  0.082413  0.029253
1458  -0.066234  0.129061  0.021044
1459  -0.070584  0.485574  0.240764
1460  0.659881  0.197882  0.474600
1461  0.254691  0.358682  0.193520
1462  -0.123600  -0.008736  0.015353
1463  0.284772  -0.115500  0.094435
1464  0.107995  -0.463473  0.226470
1465  0.461216  -0.155839  0.237006
1466  0.107870  0.050006  0.014137
1467  0.010792  -0.048941  0.002512
1468  0.262948  -0.277191  0.145977
1469  -0.641966  -0.396638  0.569443
1470  0.121950  0.419764  0.191073
1471  0.109096  -0.131182  0.029111
1472  -0.235895  -0.122960  0.070766
1473  0.403065  -0.415641  0.335219
1474  -0.472346  0.210300  0.267337
1475  0.666317  0.240810  0.501968
1476  0.159777  0.185382  0.059895
1477  -0.246683  0.303203  0.152785
1478  0.457562  0.298225  0.298301
1479  0.110345  0.255037  0.077220
1480  -0.214854  0.375657  0.187280
1481  -0.268388  -0.293195  0.157996
1482  0.255119  0.177838  0.096712
1483  0.329690  -0.268559  0.180819
1484  -0.183949  0.051064  0.036445
1485  0.273233  0.040125  0.076266
1486  0.174746  -0.401323  0.191597
1487  -0.558644  -0.077977  0.318163
1488  -0.386626  -0.045891  0.151586
1489  -0.351181  0.376317  0.264943
1490  0.356738  -0.430909  0.312944
1491  0.012393  0.295932  0.087729
1492  -0.135434  0.547464  0.318059
1493  0.838120  -0.292876  0.788220
1494  0.650333  -0.231812  0.476670
1495  0.133975  -0.063712  0.022009
1496  0.150208  0.153335  0.046074
1497  0.194947  -0.375124  0.178722
1498  0.675980  0.404415  0.620501
1499  -0.239370  0.179022  0.089347
1500  -0.253766  -0.567023  0.385913
1501  -0.159921  -0.793071  0.654536
1502  -0.044992  -0.769383  0.593975
1503  0.348271  0.113622  0.134203
1504  0.080727  -0.187778  0.041777
1505  -0.062720  0.374834  0.144435
1506  0.989834  -0.275184  1.055498
1507  0.280685  -0.233726  0.133412
1508  -0.338472  -0.012005  0.114707
1509  0.068098  -0.113451  0.017509
1510  0.042244  0.304263  0.094361
1511  0.448941  0.027489  0.202304
1512  -0.338490  -0.116469  0.128141
1513  0.385052  0.230938  0.201597
1514  -0.341649  -0.290276  0.200984
1515  0.553743  -0.167046  0.334536
1516  -0.287531  -0.013319  0.082852
1517  0.654981  0.187565  0.464181
1518  0.164192  -0.401803  0.188405
1519  -0.307457  -0.403946  0.257702
1520  0.004735  0.313139  0.098078
1521  0.305431  -0.130180  0.110235
1522  -0.244245  -0.214250  0.105558
1523  0.670417  0.338966  0.564357
1524  -0.210535  -0.216448  0.091175
1525  -0.337519  0.438374  0.306091
1526  -0.175544  -0.383243  0.177691
1527  0.057024  -0.150523  0.025909
1528  0.731119  0.202900  0.575703
1529  -0.369730  -0.167944  0.164905
1530  -0.138219  -0.523383  0.293034
1531  -0.615761  -0.148849  0.401318
1532  -0.188964  0.367623  0.170854
1533  0.112692  -0.146642  0.034203
1534  -0.147126  0.031193  0.022619
1535  -0.947637  -0.142974  0.918457
1536  -0.342067  -0.213408  0.162552
1537  -0.458308  0.197139  0.248910
1538  0.022725  0.079200  0.006789
1539  -0.186914  -0.159495  0.060375
1540  0.172858  0.370248  0.166963
1541  -0.454773  -0.204058  0.248458
1542  0.362353  -0.881118  0.907669
1543  0.203513  -0.249516  0.103676
1544  -0.167646  -0.104080  0.038938
1545  -0.337283  -0.380199  0.258311
1546  -0.129887  -0.505476  0.272377
1547  -0.492823  -0.190113  0.279018
1548  0.016249  0.035764  0.001543
1549  -0.074860  0.139380  0.025031
1550  0.339093  -0.095427  0.124090
1551  0.277089  0.105362  0.087879
1552  0.301024  0.165629  0.118048
1553  -0.378828  0.186757  0.178389
1554  -0.089853  -0.160239  0.033750
1555  0.189132  -0.466478  0.253373
1556  -0.207744  0.266491  0.114175
1557  -0.549373  0.808044  0.954746
1558  -0.217865  0.116549  0.061049
1559  0.426008  -0.139503  0.200944
1560  0.544621  -0.192611  0.333710
1561  -0.022315  -0.478547  0.229505
1562  0.146329  0.009802  0.021508
1563  -0.159579  0.213373  0.070993
1564  0.260979  -0.136663  0.086787
1565  -0.083215  -0.011033  0.007046
1566  -0.297578  0.092377  0.097086
1567  0.349499  0.148828  0.144299
1568  0.471590  -0.278217  0.299802
1569  -0.344067  0.119791  0.132732
1570  -0.421578  -0.025580  0.178382
1571  -0.018682  0.418480  0.175475
1572  0.097582  0.253705  0.073888
1573  0.550911  -0.492665  0.546222
1574  0.312534  -0.358047  0.225875
1575  -0.604238  0.112561  0.377774
1576  -0.287240  0.819388  0.753904
1577  0.242231  -0.301055  0.149310
1578  -0.160599  -0.124402  0.041268
1579  -0.106249  -0.047267  0.013523
1580  0.699933  0.371766  0.628117
1581  -0.522985  -0.149058  0.295732
1582  0.619899  0.428688  0.568048
1583  -0.404802  -0.102337  0.174338
1584  0.211742  -0.183358  0.078455
1585  -0.089442  -0.222081  0.057320
1586  0.118751  -0.288324  0.097232
1587  0.067697  -0.114479  0.017688
1588  -0.146977  0.291855  0.106781
1589  0.057907  -0.210492  0.047660
1590  0.275122  0.205840  0.118062
1591  -0.331041  -0.031113  0.110556
1592  -0.145303  0.109897  0.033190
1593  -0.024386  -0.390566  0.153137
1594  0.038047  0.032097  0.002478
1595  -0.096609  0.043745  0.011247
1596  0.680456  -0.065921  0.467366
1597  -0.673495  0.073059  0.458933
1598  0.294298  0.224424  0.136978
1599  0.094956  -0.018107  0.009345
1600  -0.179157  -0.085091  0.039338
1601  0.131802  0.327214  0.124441
1602  -0.403414  0.153840  0.186409
1603  -0.127936  -0.163358  0.043053
1604  -0.177779  -0.315936  0.131421
1605  -0.302717  -0.289342  0.175357
1606  0.313095  0.022272  0.098525
1607  -0.216452  -0.170512  0.075926
1608  -0.022008  0.182050  0.033627
1609  -0.090798  0.274326  0.083499
1610  0.327323  -0.328152  0.214824
1611  0.159403  -0.157660  0.050266
1612  -0.156058  -0.118077  0.038296
1613  0.293906  0.024737  0.086993
1614  0.093762  0.531444  0.291224
1615  0.491413  -0.516052  0.507797
1616  0.153628  0.152332  0.046807
1617  0.778857  -0.317245  0.707263
1618  0.005917  0.280615  0.078780
1619  -0.014290  0.240391  0.057992
1620  -0.042269  0.136592  0.020444
1621  0.280736  -0.420686  0.255789
1622  -0.428792  0.062673  0.187791
1623  0.050896  0.535994  0.289880
1624  0.182642  0.040293  0.034981
1625  0.223617  0.183422  0.083648
1626  0.143735  0.516642  0.287579
1627  -0.094536  0.177746  0.040531
1628  -0.116942  -0.406898  0.179242
1629  -0.199150  0.107776  0.051277
1630  0.096579  -0.393364  0.164062
1631  -0.270779  -0.067367  0.077860
1632  0.294072  0.241556  0.144827
1633  0.214475  -0.066074  0.050365
1634  -0.046446  0.445698  0.200804
1635  0.385901  -0.223382  0.198819
1636  -0.049915  0.106386  0.013810
1637  -0.397071  -0.259393  0.224950
1638  -0.022532  0.385673  0.149252
1639  0.320026  -0.241523  0.160750
1640  0.274900  -0.538234  0.365266
1641  -0.083679  -0.356114  0.133819
1642  0.100961  -0.084229  0.017288
1643  -0.366292  0.063251  0.138171
1644  -0.004147  0.148511  0.022073
1645  0.318000  -0.262405  0.169980
1646  0.022915  -0.297416  0.088982
1647  -0.156853  0.177810  0.056219
1648  0.271631  0.151202  0.096646
1649  0.015620  0.311781  0.097452
1650  0.078172  -0.500956  0.257068
1651  -0.338739  -0.398939  0.273896
1652  0.154480  0.186334  0.058584
1653  0.110498  -0.223872  0.062328
1654  0.585140  -0.291551  0.427391
1655  0.032703  -0.228880  0.053456
1656  -0.119538  -0.372432  0.152995
1657  -0.034783  -0.135716  0.019629
1658  0.209658  0.042549  0.045767
1659  -0.316665  0.249871  0.162712
1660  -0.562060  -0.063384  0.319929
1661  -0.304312  -0.196199  0.131100
1662  0.163175  0.383007  0.173320
1663  -0.325774  0.353017  0.230750
1664  0.045882  0.062701  0.006036
1665  -0.058374  0.101398  0.013689
1666  0.386733  0.315788  0.249284
1667  0.254367  0.233297  0.119130
1668  -0.132704  -0.098744  0.027361
1669  -0.176082  -0.374794  0.171475
1670  -0.156063  -0.125977  0.040226
1671  -0.001943  0.234489  0.054989
1672  -0.077592  0.217876  0.053490
1673  -0.061679  -0.063467  0.007832
1674  -0.087199  0.135221  0.025888
1675  -0.111239  -0.389784  0.164306
1676  -0.089473  -0.144586  0.028910
1677  -0.095726  -0.260170  0.076852
1678  0.229698  0.122641  0.067802
1679  -0.152253  0.064590  0.027353
1680  0.143549  0.084583  0.027761
1681  0.184701  0.024952  0.034737
1682  0.169359  0.074183  0.034186
1683  -0.198539  0.299537  0.129140
1684  -0.089981  -0.567072  0.329667
1685  0.051416  -0.177215  0.034049
1686  -0.224549  -0.365026  0.183666
1687  -0.120795  -0.559272  0.327376
1688  0.229577  0.437756  0.244335
1689  -0.400023  0.028367  0.160823
1690  -0.078563  0.286988  0.088534
1691  0.271693  0.085955  0.081205
1692  0.302616  -0.078101  0.097676
1693  0.085250  0.111003  0.019589
1694  0.096824  -0.418011  0.184108
1695  -0.196897  0.012935  0.038936
1696  -0.174960  0.088443  0.038433
1697  -0.034176  0.056310  0.004339
1698  0.165916  0.149393  0.049846
1699  -0.160550  -0.000762  0.025777
1700  -0.070871  -0.167217  0.032984
1701  -0.010193  -0.111786  0.012600
1702  -0.071597  -0.127322  0.021337
1703  -0.251138  -0.092021  0.071538
1704  -0.195603  0.085428  0.045559
1705  -0.043783  0.113038  0.014695
1706  -0.079253  -0.488350  0.244767
1707  0.049937  -0.137639  0.021438
1708  0.181305  -0.086736  0.040394
1709  0.098081  -0.135928  0.028096
1710  0.351948  -0.112715  0.136572
1711  0.010401  0.083118  0.007017
1712  0.229456  -0.048919  0.055043
1713  -0.012501  0.082864  0.007023
1714  0.123361  0.083436  0.022180
1715  0.079270  0.015807  0.006534
1716  0.123504  -0.011852  0.015394
1717  -0.038828  0.173747  0.031695
1718  0.101785  -0.024530  0.010962
1719  0.003625  0.001084  0.000014
1720  -0.044757  -0.056106  0.005151
1721  -0.103344  0.122670  0.025728
1722  0.034736  -0.048743  0.003582
1723  -0.057087  -0.060811  0.006957
1724  0.060473  -0.134326  0.021701
1725  -0.029294  -0.094004  0.009695
1726  -0.170379  0.072749  0.034321
1727  0.039888  0.168624  0.030025
1728  0.119638  -0.123819  0.029644
1729  -0.127771  -0.001691  0.016328
1730  -0.011346  -0.170157  0.029082
1731  -0.267521  -0.081953  0.078284
1732  0.085454  0.169698  0.036100
1733  -0.226926  0.091564  0.059879
1734  -0.299166  0.095783  0.098675
1735  0.098849  0.164666  0.036886
1736  -0.074993  -0.193602  0.043106
1737  -0.055939  0.044285  0.005090
1738  -0.074777  -0.149287  0.027878
1739  0.098668  0.178622  0.041641
1740  -0.022339  -0.088269  0.008290
1741  0.170885  0.239524  0.086574
1742  0.353950  -0.170642  0.154399
1743  0.102719  -0.140940  0.030415
1744  0.027319  -0.005253  0.000774
1745  -0.134033  -0.269316  0.090496
1746  0.098139  -0.009411  0.009720
1747  -0.021743  0.029630  0.001351
1748  0.178876  0.293906  0.118378
1749  -0.196741  -0.256532  0.104516
1750  0.001812  0.057686  0.003331
1751  -0.013675  0.021559  0.000652
1752  0.007824  0.217892  0.047538
1753  0.102425  0.017240  0.010788
1754  -0.154539  -0.138023  0.042933
1755  -0.200746  -0.006583  0.040342
1756  0.081839  -0.252367  0.070387
1757  -0.047030  -0.123257  0.017404
1758  -0.124145  0.203292  0.056740
1759  -0.067790  0.252442  0.068323
1760  -0.061338  -0.107999  0.015426
1761  -0.125568  -0.238983  0.072880
1762  -0.054801  -0.353879  0.128234
1763  0.029188  0.152954  0.024247
1764  -0.060203  0.330534  0.112877
1765  -0.031994  0.030428  0.001949
1766  -0.212274  -0.026383  0.045757
1767  0.208057  -0.090700  0.051514
1768  -0.141823  0.100037  0.030121
1769  -0.228049  0.019578  0.052390
1770  -0.016174  -0.014522  0.000472
1771  0.042846  0.074628  0.007405
1772  0.129081  0.342251  0.133798
1773  0.151169  -0.191504  0.059526
1774  0.042387  -0.191684  0.038539
1775  -0.137497  0.031657  0.019908
1776  -0.096657  0.133910  0.027274
1777  0.204798  -0.085425  0.049239
1778  0.118169  -0.049019  0.016367
1779  -0.013926  0.118458  0.014226
1780  0.064851  0.050669  0.006773
1781  0.007350  -0.006279  0.000093
1782  0.043417  0.041439  0.003602
1783  -0.100181  -0.210601  0.054389
1784  0.170641  -0.146542  0.050593
1785  0.015816  -0.019151  0.000617
1786  -0.189486  -0.025929  0.036577
1787  -0.018092  -0.138788  0.019589
1788  -0.001319  -0.067616  0.004574
1789  0.304790  -0.127946  0.109267
1790  -0.048125  0.093497  0.011058
1791  -0.092421  0.030886  0.009496
1792  0.069071  -0.127793  0.021102
1793  0.007164  0.036784  0.001404
1794  0.152999  -0.072272  0.028632
1795  -0.028514  0.104280  0.011687
1796  -0.020641  0.123216  0.015608
1797  -0.035290  0.095687  0.010401
1798  -0.129194  -0.125293  0.032390
1799  -0.237247  0.210782  0.100715
1800  -0.038602  0.101473  0.011787
1801  -0.199767  0.009886  0.040005
1802  -0.123426  0.093027  0.023888
1803  -0.062088  0.168777  0.032341
1804  0.288037  -0.140880  0.102813
1805  0.013272  -0.008386  0.000246
1806  -0.063751  0.021148  0.004511
1807  0.150259  -0.077735  0.028621
1808  -0.067348  0.074480  0.010083
1809  -0.166763  0.176208  0.058859
1810  0.060520  0.113757  0.016603
1811  -0.147689  0.049062  0.024219
1812  0.156042  0.003471  0.024361
1813  -0.383051  -0.044865  0.148741
1814  -0.318005  0.175384  0.131887
1815  -0.000285  0.047420  0.002249
1816  -0.068111  0.209095  0.048360
1817  0.035041  0.002738  0.001235
1818  -0.124347  0.114172  0.028498
1819  0.037114  -0.034496  0.002567
1820  0.095224  0.047257  0.011301
1821  -0.327203  -0.103509  0.117776
1822  0.157347  0.107983  0.036418
1823  -0.122812  -0.085790  0.022443
1824  0.009243  0.016940  0.000372
1825  0.097412  0.011262  0.009616
1826  0.068028  -0.036859  0.005986
1827  0.036396  -0.011772  0.001463
1828  0.067887  0.070767  0.009617
1829  -0.027177  0.021315  0.001193
1830  -0.232825  -0.099641  0.064136
1831  0.018139  -0.054855  0.003338
1832  0.072719  0.124204  0.020715
1833  0.107254  0.081093  0.018080
1834  -0.034146  0.109504  0.013157
1835  0.065337  0.180089  0.036701
1836  0.045883  -0.049911  0.004596
1837  0.019005  -0.017533  0.000669
1838  0.242960  0.038381  0.060502
1839  -0.020848  -0.070167  0.005358
1840  -0.094159  0.018136  0.009195
1841  0.017111  0.053312  0.003135
1842  -0.077220  0.076431  0.011805
1843  -0.116250  -0.049044  0.015919
1844  -0.005960  -0.093259  0.008733
1845  0.101173  0.129353  0.026968
1846  -0.155221  -0.173328  0.054136
1847  -0.164324  -0.062656  0.030928
1848  0.130244  -0.013065  0.017134
1849  -0.157299  0.037636  0.026160
1850  0.071168  0.002924  0.005073
1851  0.051748  0.035046  0.003906
1852  0.014707  0.067430  0.004763
1853  -0.000328  -0.052610  0.002768
1854  0.046841  0.052276  0.004927
1855  -0.121895  0.111210  0.027226
1856  0.199971  0.045273  0.042038
1857  0.050074  -0.099404  0.012389
1858  0.031870  -0.021239  0.001467
1859  -0.069175  -0.082517  0.011594
1860  0.087459  -0.062072  0.011502
1861  -0.037566  0.000879  0.001412
1862  -0.142877  0.046611  0.022586
1863  -0.178384  -0.085868  0.039194
1864  0.007137  -0.079499  0.006371
1865  0.219041  -0.015999  0.048235
1866  -0.021774  0.068734  0.005198
1867  -0.017905  -0.120994  0.014960
1868  -0.032314  0.070358  0.005994
1869  -0.035657  -0.065562  0.005570
1870  0.012830  -0.043936  0.002095
1871  -0.085682  -0.086724  0.014862
1872  -0.050283  0.000138  0.002528
1873  -0.075339  -0.064667  0.009858
1874  -0.088027  -0.003870  0.007764
1875  -0.010138  -0.099607  0.010024
1876  -0.014384  -0.065177  0.004455
1877  0.028786  -0.059731  0.004396
1878  -0.240501  0.167459  0.085883
1879  -0.279277  -0.256504  0.143790
1880  -0.026104  0.061662  0.004484
1881  -0.163966  -0.242089  0.085492
1882  -0.063696  0.049373  0.006495
1883  0.060336  -0.082158  0.010390
1884  0.075460  -0.092839  0.014313
1885  -0.064791  -0.064803  0.008397
1886  -0.210328  -0.083639  0.051233
1887  -0.084193  0.004536  0.007109
1888  -0.088119  0.288885  0.091220
1889  0.015165  -0.012318  0.000382
1890  -0.043391  0.153734  0.025517
1891  0.081070  0.133523  0.024401
1892  0.065973  -0.102064  0.014770
1893  -0.088571  -0.184719  0.041966
1894  -0.104904  0.047694  0.013280
1895  0.084059  -0.085005  0.014292
1896  0.120791  -0.081493  0.021231
1897  -0.038311  0.003925  0.001483
1898  -0.007595  -0.061503  0.003840
1899  0.090030  0.046145  0.010235
1900  0.028818  0.169214  0.029464
1901  0.027792  0.130944  0.017919
1902  0.103725  0.074584  0.016321
1903  0.027708  -0.071034  0.005814
1904  0.019469  0.009322  0.000466
1905  -0.028939  -0.100323  0.010902
1906  -0.014904  -0.056090  0.003368
1907  -0.098269  0.044187  0.011609
1908  -0.055154  0.068429  0.007725
1909  -0.082649  -0.013506  0.007013
1910  0.011476  0.021457  0.000592
1911  -0.011925  -0.005889  0.000177
1912  -0.039044  0.040274  0.003146
1913  0.009180  0.170901  0.029291
1914  -0.029930  -0.094872  0.009896
1915  -0.044681  -0.059400  0.005525
1916  -0.099849  0.041366  0.011681
1917  -0.052924  0.015739  0.003049
1918  -0.107918  -0.108369  0.023390
1919  0.013055  -0.007112  0.000221
1920  0.023289  0.057510  0.003850
1921  0.113004  0.066109  0.017140
1922  -0.006213  0.060361  0.003682
1923  0.082897  0.041141  0.008565
1924  -0.024304  0.001966  0.000595
1925  0.155566  0.037235  0.025587
1926  0.017098  -0.121401  0.015031
1927  -0.012808  -0.030323  0.001084
1928  -0.010716  0.067659  0.004693
1929  -0.009741  0.025065  0.000723
1930  0.043891  -0.063264  0.005929
1931  -0.032924  -0.016110  0.001344
1932  0.025702  0.066539  0.005088
1933  0.036546  0.050534  0.003889
1934  -0.004342  0.045609  0.002099
1935  0.056836  -0.002084  0.003235
1936  0.013426  -0.016654  0.000458
1937  0.032772  -0.085728  0.008423
1938  -0.035916  0.035461  0.002547
1939  -0.095103  -0.002948  0.009053
1940  0.044016  0.121172  0.016620
1941  -0.091982  0.080598  0.014957
1942  0.030079  -0.130145  0.017842
1943  0.058207  -0.070879  0.008412
1944  -0.108754  -0.108755  0.023655
1945  -0.087844  -0.067213  0.012234
1946  -0.038601  -0.044632  0.003482
1947  0.006776  -0.004461  0.000066
1948  -0.035633  -0.055612  0.004362
1949  0.020111  0.001576  0.000407
1950  -0.087484  0.146399  0.029086
1951  -0.038822  -0.040183  0.003122
1952  -0.001016  0.053920  0.002908
1953  -0.074496  -0.008510  0.005622
1954  0.102398  0.021932  0.010966
1955  0.004869  -0.062035  0.003872
1956  0.000963  -0.007454  0.000056
1957  -0.123082  0.032999  0.016238
1958  0.026248  -0.076884  0.006600
1959  -0.025717  -0.053253  0.003497
1960  -0.084309  -0.033312  0.008218
1961  0.039963  -0.007851  0.001659
1962  -0.018610  -0.094118  0.009204
1963  -0.033313  -0.050864  0.003697
1964  0.000176  -0.021398  0.000458
1965  0.053905  -0.011252  0.003032
1966  -0.030480  0.051963  0.003629
1967  0.018263  -0.024067  0.000913
1968  -0.021030  0.043455  0.002331
1969  -0.080940  -0.067632  0.011125
1970  -0.048046  -0.021261  0.002760
1971  -0.061295  0.085115  0.011002
1972  -0.030388  -0.056365  0.004100
1973  0.046193  -0.012180  0.002282
1974  0.012219  -0.032389  0.001198
1975  -0.034559  -0.070071  0.006104
1976  -0.028304  -0.003432  0.000813
1977  -0.012921  -0.056197  0.003325
1978  -0.011618  -0.048410  0.002479
1979  0.041168  -0.037138  0.003074
1980  0.010737  0.059657  0.003674
1981  -0.059524  -0.021256  0.003995
1982  -0.026775  0.014219  0.000919
1983  -0.084551  -0.097353  0.016626
1984  -0.038843  0.038255  0.002972
1985  -0.012207  -0.047743  0.002428
1986  0.070119  -0.065890  0.009258
1987  0.061918  -0.031441  0.004822
1988  -0.028752  0.017419  0.001130
1989  -0.032341  0.014430  0.001254
1990  -0.054997  -0.038162  0.004481
1991  0.029571  0.045487  0.002944
1992  -0.019158  0.034527  0.001559
1993  0.035710  0.004385  0.001294
1994  -0.049902  0.004861  0.002514
1995  0.016387  -0.054376  0.003225
1996  0.044326  0.031320  0.002946
1997  -0.014958  0.021937  0.000705
1998  -0.048910  -0.017558  0.002700
1999  -0.038631  -0.019614  0.001877
2000  -0.110284  0.000904  0.012163
2001  0.054969  0.073009  0.008352
2002  0.019516  0.004145  0.000398
2003  -0.021253  -0.000878  0.000452
2004  -0.110634  0.033013  0.013330
2005  0.021073  -0.100863  0.010617
2006  0.025906  0.017620  0.000982
2007  0.020524  0.061423  0.004194
2008  0.030842  -0.011319  0.001079
2009  -0.101230  0.007456  0.010303
2010  -0.072232  -0.041735  0.006959
2011  -0.075842  0.060693  0.009436
2012  -0.085649  -0.055221  0.010385
2013  -0.002237  -0.020887  0.000441
2014  -0.016859  0.045140  0.002322
2015  -0.060726  -0.047263  0.005921
2016  0.050162  -0.053987  0.005431
2017  -0.012590  -0.020820  0.000592
2018  -0.000194  -0.094795  0.008986
2019  0.038302  -0.032384  0.002516
2020  0.014664  -0.009474  0.000305
2021  -0.021667  -0.011408  0.000600
2022  0.065755  0.064324  0.008461
2023  0.009046  0.033755  0.001221
2024  -0.044854  0.005968  0.002048
2025  0.008426  0.058937  0.003545
2026  -0.025846  0.029654  0.001547
2027  0.003685  0.004450  0.000033
2028  -0.025591  -0.008656  0.000730
2029  -0.045816  0.082108  0.008841
2030  -0.003216  0.012421  0.000165
2031  0.059065  0.009061  0.003571
2032  0.016557  0.008622  0.000348
2033  -0.047155  -0.028474  0.003034
2034  -0.020536  -0.000205  0.000422
2035  -0.000663  -0.077798  0.006053
2036  0.008549  0.000350  0.000073
2037  -0.015942  -0.012157  0.000402
2038  0.023573  0.067196  0.005071
2039  -0.016747  0.025898  0.000951
2040  0.095087  0.039125  0.010572
2041  -0.026832  0.027955  0.001501
2042  0.002665  -0.056988  0.003255
2043  -0.056890  -0.017930  0.003558
2044  0.038544  0.016211  0.001748
2045  -0.043725  0.024179  0.002497
2046  0.004889  -0.064487  0.004183
2047  0.027593  0.017686  0.001074
