0  -0.024275  -0.080844  0.007125
1  -0.152747  -0.197113  0.062185
2  -0.036741  0.066881  0.005823
3  0.165082  0.144675  0.048183
4  0.003327  0.064607  0.004185
5  0.005632  -0.108298  0.011760
6  -0.173502  -0.151609  0.053088
7  -0.111421  0.110186  0.024556
8  0.058954  0.138502  0.022658
9  -0.127219  0.077709  0.022223
10  0.096935  0.059454  0.012931
11  0.039006  -0.048417  0.003866
12  0.285941  -0.119937  0.096147
13  -0.006863  -0.080311  0.006497
14  -0.001715  -0.203650  0.041476
15  -0.058604  0.033369  0.004548
16  0.367103  0.006393  0.134806
17  -0.077800  -0.011439  0.006184
18  -0.188303  -0.169959  0.064344
19  -0.035674  -0.031803  0.002284
20  -0.048150  0.129706  0.019142
21  0.036769  0.008201  0.001419
22  0.126720  0.181196  0.048890
23  -0.052090  -0.082117  0.009457
24  -0.193578  -0.005653  0.037504
25  0.015036  0.133705  0.018103
26  0.058853  0.050538  0.006018
27  0.152603  -0.069581  0.028129
28  -0.128012  -0.066487  0.020808
29  0.123187  -0.050568  0.017732
30  0.047648  -0.135926  0.020746
31  -0.045217  0.156040  0.026393
32  0.063636  -0.115892  0.017480
33  -0.023381  -0.104227  0.011410
34  -0.146355  0.001583  0.021422
35  0.045731  0.090082  0.010206
36  0.186513  0.018502  0.035129
37  0.123880  0.022713  0.015862
38  -0.033596  0.034175  0.002297
39  -0.058089  0.120890  0.017989
40  0.146750  0.001284  0.021537
41  0.138501  -0.072510  0.024440
42  -0.023141  -0.131804  0.017908
43  0.016055  -0.062683  0.004187
44  0.021629  -0.147588  0.022250
45  0.092201  -0.085428  0.015799
46  0.043149  0.077950  0.007938
47  0.079228  -0.097098  0.015705
48  0.048244  -0.037748  0.003752
49  0.081992  -0.041180  0.008419
50  -0.021523  -0.026834  0.001183
51  -0.020273  -0.030255  0.001326
52  0.084735  0.017208  0.007476
53  0.083615  -0.077290  0.012965
54  0.057621  -0.022299  0.003817
55  0.030888  -0.202092  0.041795
56  -0.002348  0.008094  0.000071
57  -0.005947  0.167415  0.028063
58  0.059395  -0.034135  0.004693
59  -0.038169  -0.039206  0.002994
60  -0.037313  0.034556  0.002586
61  0.019410  -0.062829  0.004324
62  -0.008377  -0.097594  0.009595
63  -0.079237  0.043897  0.008205
64  0.041675  -0.070505  0.006708
65  0.070955  -0.012090  0.005181
66  0.036582  -0.012290  0.001489
67  -0.034330  0.030874  0.002132
68  0.023926  -0.045825  0.002672
69  -0.026183  -0.062823  0.004632
70  -0.026625  -0.049936  0.003202
71  -0.062731  0.025200  0.004570
72  0.041372  0.003523  0.001724
73  -0.047272  0.045391  0.004295
74  0.000017  0.025746  0.000663
75  -0.050166  -0.122241  0.017459
76  -0.123192  -0.086304  0.022625
77  0.092440  0.005278  0.008573
78  -0.161028  0.042213  0.027712
79  -0.064919  0.091771  0.012636
80  -0.062245  0.008431  0.003946
81  0.075255  0.040337  0.007290
82  0.086663  0.045868  0.009614
83  0.067378  0.037868  0.005974
84  0.081026  -0.076270  0.012382
85  0.092066  0.026777  0.009193
86  0.010004  0.059002  0.003581
87  0.006003  0.093529  0.008784
88  0.031223  0.047009  0.003185
89  -0.026763  -0.100380  0.010792
90  0.002625  0.042891  0.001847
91  0.005513  0.049868  0.002517
92  0.002487  -0.155271  0.024115
93  -0.028168  0.053442  0.003650
94  0.001502  0.090454  0.008184
95  0.048004  -0.009278  0.002390
96  0.101691  0.035404  0.011595
97  -0.009931  -0.079927  0.006487
98  0.049521  -0.060990  0.006172
99  -0.166952  -0.012234  0.028023
100  -0.044706  -0.029281  0.002856
101  -0.053323  0.001017  0.002844
102  -0.049315  -0.036478  0.003763
103  0.003536  0.024011  0.000589
104  -0.090518  -0.049093  0.010604
105  0.056077  0.067966  0.007764
106  0.042827  0.072797  0.007134
107  -0.062626  0.010582  0.004034
108  0.030873  -0.035799  0.002235
109  -0.052836  -0.044280  0.004752
110  0.017984  -0.004976  0.000348
111  -0.026321  0.065559  0.004991
112  0.026925  -0.058311  0.004125
113  0.025580  -0.079358  0.006952
114  -0.076353  -0.019446  0.006208
115  0.018629  0.029696  0.001229
116  -0.026077  0.044419  0.002653
117  0.059702  -0.003457  0.003576
118  -0.003383  -0.065031  0.004241
119  -0.095113  0.024903  0.009667
120  0.025135  -0.014684  0.000847
121  0.049132  -0.088250  0.010202
122  -0.025356  -0.006421  0.000684
123  -0.036492  -0.041997  0.003095
124  -0.055150  0.028527  0.003855
125  -0.040786  0.043433  0.003550
126  -0.052279  0.036858  0.004092
127  0.051673  0.007667  0.002729
128  0.068309  0.053012  0.007476
129  -0.000566  0.042312  0.001791
130  0.117727  0.082269  0.020628
131  -0.020291  0.001073  0.000413
132  0.024197  -0.005505  0.000616
133  -0.011937  -0.048589  0.002503
134  0.003914  0.037904  0.001452
135  -0.074772  -0.040800  0.007256
136  -0.052929  -0.020689  0.003230
137  0.040824  0.066649  0.006109
138  -0.049843  0.043856  0.004408
139  -0.025249  -0.021052  0.001081
140  -0.019912  -0.014143  0.000597
141  -0.007952  -0.050403  0.002604
142  -0.081212  0.083404  0.013552
143  0.062808  0.048463  0.006294
144  0.015087  -0.011888  0.000369
145  -0.047805  -0.017737  0.002600
146  -0.014984  -0.016659  0.000502
147  -0.018714  0.020018  0.000751
148  -0.016851  0.051029  0.002888
149  0.050852  -0.021424  0.003045
150  -0.016126  0.004663  0.000282
151  -0.053751  -0.061190  0.006633
152  -0.010092  -0.033025  0.001192
153  -0.045270  0.009092  0.002132
154  0.072819  -0.041910  0.007059
155  0.011593  0.041228  0.001834
156  0.039299  0.030797  0.002493
157  -0.025694  -0.025675  0.001319
158  0.055930  0.025304  0.003768
159  0.016119  0.001475  0.000262
160  0.012395  0.003158  0.000164
161  -0.051206  0.053434  0.005477
162  -0.060456  0.042121  0.005429
163  -0.048806  0.008451  0.002453
164  0.035969  0.001919  0.001297
165  0.052674  -0.026403  0.003472
166  0.013371  -0.064200  0.004300
167  0.005360  -0.000693  0.000029
168  0.077409  0.021224  0.006443
169  -0.041426  -0.041345  0.003426
170  0.077114  0.009366  0.006034
171  0.001922  -0.085027  0.007233
172  -0.116407  -0.027342  0.014298
173  0.018227  0.030910  0.001288
174  0.040198  -0.011231  0.001742
175  -0.020615  -0.005484  0.000455
176  -0.032032  0.000147  0.001026
177  0.030039  0.040894  0.002575
178  -0.028040  -0.004436  0.000806
179  0.013846  -0.055728  0.003297
180  -0.006566  0.058266  0.003438
181  0.020110  0.017785  0.000721
182  0.022442  -0.069769  0.005371
183  0.075829  -0.020036  0.006151
184  0.006780  0.035698  0.001320
185  0.006974  -0.003394  0.000060
186  -0.020241  0.010544  0.000521
187  0.043052  -0.017739  0.002168
188  -0.013956  0.017313  0.000494
189  -0.007163  -0.047640  0.002321
190  0.033912  -0.029297  0.002008
191  -0.039637  0.025693  0.002231
192  0.009414  -0.012762  0.000251
193  0.048113  0.040036  0.003918
194  0.051957  0.038287  0.004165
195  0.033419  0.026901  0.001840
196  -0.038784  -0.000436  0.001504
197  -0.036502  -0.006063  0.001369
198  -0.026205  -0.004651  0.000708
199  -0.014657  -0.003401  0.000226
200  -0.026180  -0.037881  0.002120
201  0.004823  0.016075  0.000282
202  -0.062368  0.000362  0.003890
203  0.013650  -0.028335  0.000989
204  0.011437  -0.040411  0.001764
205  -0.017626  0.019149  0.000677
206  -0.026912  0.061891  0.004555
207  0.006108  0.028985  0.000877
208  -0.019087  -0.023507  0.000917
209  -0.040102  0.056499  0.004800
210  0.024260  -0.026966  0.001316
211  0.044398  -0.008133  0.002037
212  0.073019  -0.031042  0.006295
213  -0.007006  0.039582  0.001616
214  -0.000655  -0.019588  0.000384
215  0.028229  -0.012299  0.000948
216  -0.000275  0.019389  0.000376
217  0.022703  0.004145  0.000533
218  0.067942  0.016304  0.004882
219  0.052482  -0.053378  0.005604
220  -0.059953  0.018785  0.003947
221  -0.003010  0.004736  0.000031
222  0.003191  -0.003258  0.000021
223  0.023806  0.032285  0.001609
224  -0.012246  0.000163  0.000150
225  -0.004819  0.038207  0.001483
226  0.042081  -0.007828  0.001832
227  0.027038  0.010676  0.000845
228  0.008629  -0.030634  0.001013
229  0.064602  0.050567  0.006730
230  0.002204  -0.057590  0.003321
231  0.055756  0.027638  0.003873
232  0.054566  -0.011192  0.003103
233  0.039358  -0.093255  0.010246
234  0.040593  -0.006979  0.001696
235  -0.027996  0.017238  0.001081
236  0.007837  0.013712  0.000249
237  0.038544  -0.049199  0.003906
238  0.010757  0.009187  0.000200
239  0.037789  -0.008476  0.001500
240  0.023147  -0.013190  0.000710
241  0.028179  0.069518  0.005627
242  0.014257  0.042530  0.002012
243  0.026384  -0.019064  0.001060
244  -0.019267  -0.015067  0.000598
245  0.028403  0.019388  0.001183
246  0.016838  -0.002847  0.000292
247  0.033085  -0.039268  0.002637
248  -0.040325  -0.032384  0.002675
249  0.026130  0.012263  0.000833
250  -0.013811  -0.019223  0.000560
251  0.030307  -0.056000  0.004054
252  0.040681  0.014010  0.001851
253  -0.027736  0.001897  0.000773
254  0.026451  -0.024948  0.001322
255  -0.006267  0.022704  0.000555
256  0.001833  0.002868  0.000012
257  -0.016678  0.000282  0.000278
258  0.018127  0.002608  0.000335
259  -0.015094  -0.001886  0.000231
260  0.035804  -0.077333  0.007262
261  -0.000948  -0.017793  0.000317
262  -0.019025  -0.017751  0.000677
263  0.041343  -0.029452  0.002577
264  0.045891  0.038891  0.003618
265  0.005553  -0.005653  0.000063
266  -0.017252  -0.011683  0.000434
267  -0.015729  -0.042997  0.002096
268  0.016760  -0.002059  0.000285
269  -0.024094  -0.021878  0.001059
270  -0.010838  0.001141  0.000119
271  0.022139  -0.000276  0.000490
272  -0.029205  -0.023994  0.001429
273  0.031610  -0.031187  0.001972
274  0.010073  -0.007714  0.000161
275  0.021895  -0.028798  0.001309
276  0.016893  -0.038205  0.001745
277  -0.011736  -0.002482  0.000144
278  -0.020198  0.011636  0.000543
279  -0.004398  0.014406  0.000227
280  -0.012995  0.003731  0.000183
281  -0.005438  -0.010379  0.000137
282  -0.014934  0.014533  0.000434
283  0.003346  -0.008645  0.000086
284  0.031220  -0.045931  0.003084
285  0.016867  0.019366  0.000660
286  -0.005190  0.012602  0.000186
287  -0.016610  0.001453  0.000278
288  0.024671  0.035443  0.001865
289  -0.051003  -0.018604  0.002947
290  0.042662  0.042110  0.003593
291  0.006596  0.008651  0.000118
292  0.005130  0.002381  0.000032
293  0.050592  -0.001315  0.002561
294  -0.013289  -0.012075  0.000322
295  -0.037042  -0.027365  0.002121
296  -0.015101  0.022715  0.000744
297  0.040448  -0.011831  0.001776
298  -0.006692  0.034088  0.001207
299  -0.000382  -0.033083  0.001095
300  0.028109  -0.059110  0.004284
301  0.000023  -0.028438  0.000809
302  -0.013703  0.030689  0.001130
303  0.023949  -0.031092  0.001540
304  0.009151  -0.072783  0.005381
305  -0.015144  -0.019278  0.000601
306  0.005520  -0.012525  0.000187
307  0.011462  -0.002962  0.000140
308  -0.012926  0.006777  0.000213
309  -0.041326  0.026016  0.002385
310  -0.003107  -0.049650  0.002475
311  0.016404  -0.028498  0.001081
312  0.001226  -0.002178  0.000006
313  -0.022555  0.016846  0.000793
314  0.021490  -0.008714  0.000538
315  -0.018547  -0.015630  0.000588
316  0.022071  0.011471  0.000619
317  0.021405  0.026797  0.001176
318  -0.040587  0.010549  0.001759
319  -0.002925  -0.024562  0.000612
320  -0.013427  0.006087  0.000217
321  -0.022175  0.000388  0.000492
322  0.005315  0.014819  0.000248
323  -0.006470  0.024829  0.000658
324  -0.003681  -0.060247  0.003643
325  -0.019380  0.024189  0.000961
326  -0.015083  0.014408  0.000435
327  -0.019322  0.009952  0.000472
328  0.005749  0.026520  0.000736
329  -0.035827  0.007439  0.001339
330  0.001616  0.003312  0.000014
331  -0.019735  -0.001208  0.000391
332  0.024276  -0.029121  0.001437
333  0.036679  0.024733  0.001957
334  0.003576  0.001819  0.000016
335  -0.056216  -0.011593  0.003295
336  0.001342  0.042656  0.001821
337  -0.019309  0.049096  0.002783
338  -0.000890  -0.022954  0.000528
339  -0.021616  -0.018511  0.000810
340  -0.006732  -0.024444  0.000643
341  0.026506  0.014668  0.000918
342  -0.044922  -0.015112  0.002246
343  -0.035505  0.053605  0.004134
344  0.007443  0.006662  0.000100
345  -0.010132  0.015767  0.000351
346  -0.008939  0.011239  0.000206
347  -0.014412  0.001646  0.000210
348  -0.008359  -0.019429  0.000447
349  0.010489  -0.015206  0.000341
350  -0.030600  -0.040259  0.002557
351  -0.038428  0.010736  0.001592
352  -0.023726  -0.011814  0.000702
353  0.006806  -0.053194  0.002876
354  -0.018347  0.008528  0.000409
355  0.002767  0.007745  0.000068
356  0.025951  -0.014894  0.000895
357  -0.022139  0.009221  0.000575
358  -0.003193  -0.017370  0.000312
359  -0.027924  0.001715  0.000783
360  -0.055268  0.027656  0.003819
361  0.014356  0.073107  0.005551
362  -0.015366  0.043183  0.002101
363  -0.015259  0.034192  0.001402
364  -0.018108  0.026445  0.001027
365  0.010599  0.002175  0.000117
366  0.005047  -0.030879  0.000979
367  -0.005881  -0.000352  0.000035
368  0.028894  0.034819  0.002047
369  -0.007976  -0.002461  0.000070
370  -0.022570  0.042361  0.002304
371  -0.051969  -0.012815  0.002865
372  -0.041722  0.018586  0.002086
373  0.020667  -0.019640  0.000813
374  -0.026880  -0.009490  0.000813
375  0.006477  0.046071  0.002164
376  -0.001109  0.037284  0.001391
377  0.008662  -0.051101  0.002686
378  -0.005812  -0.012957  0.000202
379  0.012932  0.023986  0.000743
380  -0.014668  0.007452  0.000271
381  -0.043489  -0.019489  0.002271
382  0.035630  -0.023533  0.001823
383  0.005539  -0.060588  0.003702
384  0.007344  -0.027062  0.000786
385  -0.029717  -0.021444  0.001343
386  -0.007019  0.009699  0.000143
387  -0.009142  -0.007602  0.000141
388  -0.009257  -0.048749  0.002462
389  0.009807  -0.001418  0.000098
390  -0.027925  0.006135  0.000817
391  -0.006730  0.000890  0.000046
392  -0.010543  -0.038643  0.001604
393  -0.005394  -0.033947  0.001182
394  -0.006887  0.007864  0.000109
395  -0.017115  0.022785  0.000812
396  -0.021592  0.054495  0.003436
397  -0.037915  0.043136  0.003298
398  -0.026045  0.006497  0.000721
399  0.005764  -0.017193  0.000329
400  0.049078  -0.031491  0.003400
401  -0.023072  -0.016100  0.000792
402  0.006387  -0.003772  0.000055
403  -0.037596  -0.012213  0.001563
404  -0.009145  0.026221  0.000771
405  -0.030963  -0.018773  0.001311
406  -0.042826  0.004329  0.001853
407  0.040524  -0.062938  0.005603
408  0.049044  0.013775  0.002595
409  0.005673  0.011151  0.000157
410  -0.037318  -0.027624  0.002156
411  -0.016100  0.066544  0.004687
412  0.018769  0.027868  0.001129
413  -0.000801  -0.014067  0.000199
414  0.027147  0.023633  0.001296
415  -0.009517  0.054452  0.003056
416  -0.011586  -0.011517  0.000267
417  0.003224  -0.008192  0.000078
418  -0.018959  -0.016909  0.000645
419  0.011315  0.081007  0.006690
420  -0.008229  0.020396  0.000484
421  0.010065  -0.019411  0.000478
422  0.014276  -0.009872  0.000301
423  -0.042564  -0.012670  0.001972
424  0.008687  -0.030124  0.000983
425  -0.037204  -0.005139  0.001411
426  -0.001122  0.022449  0.000505
427  0.016956  -0.030063  0.001191
428  -0.041230  0.022486  0.002206
429  -0.012994  -0.011975  0.000312
430  -0.024481  0.019339  0.000973
431  0.038063  0.007840  0.001510
432  0.001791  0.036603  0.001343
433  0.005948  -0.028896  0.000870
434  -0.013930  0.004232  0.000212
435  -0.004476  -0.012236  0.000170
436  -0.028040  -0.018878  0.001143
437  0.004032  0.044008  0.001953
438  -0.015970  0.050476  0.002803
439  0.002344  -0.010147  0.000108
440  0.005209  -0.006727  0.000072
441  -0.019153  0.033913  0.001517
442  -0.023614  0.007766  0.000618
443  -0.004526  -0.014238  0.000223
444  0.002596  -0.022099  0.000495
445  0.056106  0.012614  0.003307
446  -0.005739  0.001192  0.000034
447  0.008712  0.005707  0.000108
448  -0.003271  -0.017861  0.000330
449  0.003107  0.016610  0.000286
450  0.006020  0.014915  0.000259
451  -0.037612  0.020004  0.001815
452  -0.054015  -0.058207  0.006306
453  -0.031575  0.013947  0.001192
454  0.010720  -0.021999  0.000599
455  0.025187  -0.026015  0.001311
456  -0.025592  -0.008862  0.000734
457  0.027134  0.039741  0.002316
458  -0.013871  0.035963  0.001486
459  0.024794  -0.053105  0.003435
460  0.028508  0.001302  0.000814
461  0.016297  -0.016929  0.000552
462  0.003308  0.019863  0.000405
463  0.019968  -0.017096  0.000691
464  0.004725  0.035503  0.001283
465  0.003702  -0.010685  0.000128
466  -0.011171  -0.019476  0.000504
467  0.001927  0.035534  0.001266
468  0.007494  -0.018299  0.000391
469  0.010245  -0.046129  0.002233
470  -0.025447  0.023922  0.001220
471  -0.003990  -0.008129  0.000082
472  -0.012510  -0.030450  0.001084
473  -0.005035  0.014647  0.000240
474  0.030419  0.014998  0.001150
475  -0.028971  0.014761  0.001057
476  -0.005189  0.022509  0.000534
477  0.035040  0.007024  0.001277
478  0.020503  0.000207  0.000420
479  0.004475  0.005334  0.000048
480  0.020181  -0.024702  0.001017
481  0.014580  -0.015171  0.000443
482  0.019014  -0.028463  0.001172
483  0.023152  0.039206  0.002073
484  0.004031  -0.069658  0.004869
485  0.027096  0.024305  0.001325
486  0.005685  -0.036912  0.001395
487  -0.003892  -0.025978  0.000690
488  0.005435  0.013113  0.000201
489  -0.001081  -0.012437  0.000156
490  0.000963  -0.018653  0.000349
491  0.065321  0.016879  0.004552
492  0.017017  -0.016552  0.000564
493  -0.015513  -0.001843  0.000244
494  0.018743  -0.017217  0.000648
495  -0.035743  -0.006809  0.001324
496  0.012811  0.015468  0.000403
497  -0.027109  -0.023461  0.001285
498  -0.011942  0.012103  0.000289
499  0.021352  -0.044084  0.002399
500  0.024901  -0.001723  0.000623
501  0.018835  0.027268  0.001098
502  0.010286  0.013193  0.000280
503  0.006757  0.019775  0.000437
504  0.012476  0.027516  0.000913
505  -0.010962  0.005104  0.000146
506  0.027853  -0.005538  0.000806
507  0.057462  -0.006581  0.003345
508  -0.005313  -0.011746  0.000166
509  0.008499  -0.005661  0.000104
510  0.006791  -0.038681  0.001542
511  0.002830  -0.008884  0.000087
512  0.020138  0.008347  0.000475
513  -0.045299  -0.010913  0.002171
514  0.011147  -0.006932  0.000172
515  0.015392  -0.006315  0.000277
516  -0.010117  0.000126  0.000102
517  0.047551  -0.000815  0.002262
518  0.023129  -0.012004  0.000679
519  0.019686  -0.002765  0.000395
520  -0.011297  0.014703  0.000344
521  -0.017849  0.027194  0.001058
522  0.019259  0.011479  0.000503
523  -0.012729  0.068244  0.004819
524  0.004290  0.008200  0.000086
525  -0.003321  -0.008242  0.000079
526  0.015045  0.025127  0.000858
527  -0.016765  0.007367  0.000335
528  0.012690  -0.023103  0.000695
529  -0.004147  0.007395  0.000072
530  0.023933  -0.006830  0.000619
531  -0.008813  -0.026421  0.000776
532  -0.006779  -0.001342  0.000048
533  -0.018472  -0.006234  0.000380
534  -0.011055  -0.005374  0.000151
535  -0.014283  0.025115  0.000835
536  -0.002890  0.034659  0.001210
537  0.010514  -0.011921  0.000253
538  0.019043  -0.010343  0.000470
539  -0.024989  0.020523  0.001046
540  0.002247  0.003901  0.000020
541  0.013134  -0.008162  0.000239
542  -0.002741  0.017547  0.000315
543  0.009028  -0.037020  0.001452
544  -0.024450  -0.052508  0.003355
545  -0.025273  -0.005913  0.000674
546  -0.027357  -0.011320  0.000877
547  -0.016734  -0.000829  0.000281
548  0.013342  0.007408  0.000233
549  0.024640  -0.020022  0.001008
550  -0.005470  0.016408  0.000299
551  -0.007074  0.017344  0.000351
552  0.022170  -0.007914  0.000554
553  0.008376  0.005108  0.000096
554  -0.012010  0.018466  0.000485
555  0.009090  0.017191  0.000378
556  0.047185  -0.041110  0.003917
557  0.012942  0.003229  0.000178
558  -0.012505  0.021793  0.000631
559  -0.006011  -0.030725  0.000980
560  0.037100  0.045580  0.003454
561  0.025992  -0.004321  0.000694
562  0.009317  -0.022719  0.000603
563  -0.015657  0.017010  0.000534
564  -0.028867  -0.025122  0.001464
565  0.016056  0.005975  0.000293
566  0.000454  -0.020145  0.000406
567  0.003317  0.038779  0.001515
568  -0.001590  -0.020241  0.000412
569  0.009729  -0.001837  0.000098
570  0.021708  -0.002823  0.000479
571  -0.019091  0.015906  0.000617
572  -0.016550  0.003593  0.000287
573  0.007371  0.012412  0.000208
574  -0.010183  -0.029619  0.000981
575  0.012043  0.007747  0.000205
576  0.030414  -0.002152  0.000930
577  0.027129  0.005995  0.000772
578  -0.040694  0.024831  0.002273
579  0.003276  0.005606  0.000042
580  -0.003186  -0.013145  0.000183
581  0.014725  0.008967  0.000297
582  -0.007864  0.064619  0.004237
583  0.027973  -0.014476  0.000992
584  -0.012033  -0.022229  0.000639
585  -0.005143  0.006176  0.000065
586  0.032791  -0.013641  0.001261
587  -0.004242  -0.029293  0.000876
588  -0.002026  0.040738  0.001664
589  0.034712  0.002978  0.001214
590  -0.009748  -0.014566  0.000307
591  0.001024  -0.030595  0.000937
592  0.011848  -0.002872  0.000149
593  -0.007212  -0.022857  0.000574
594  -0.009080  -0.001604  0.000085
595  0.003171  0.020093  0.000414
596  -0.038246  -0.018720  0.001813
597  0.005364  -0.003816  0.000043
598  0.024420  0.019290  0.000968
599  0.005073  0.012893  0.000192
600  -0.018815  -0.025233  0.000991
601  0.029348  -0.000951  0.000862
602  -0.012938  -0.007888  0.000230
603  -0.016588  0.019343  0.000649
604  0.023003  0.010073  0.000631
605  0.008331  0.043315  0.001946
606  -0.009883  0.015130  0.000327
607  -0.030465  0.045754  0.003022
608  0.047731  -0.041399  0.003992
609  0.013673  -0.002880  0.000195
610  -0.043497  -0.010071  0.001993
611  0.032534  -0.003766  0.001073
612  0.032352  -0.022522  0.001554
613  0.003482  -0.016057  0.000270
614  -0.004093  -0.017315  0.000317
615  -0.016092  -0.036369  0.001582
616  -0.035011  -0.007421  0.001281
617  -0.015831  -0.031629  0.001251
618  0.006341  0.004428  0.000060
619  -0.014290  0.013618  0.000390
620  -0.032357  0.020715  0.001476
621  0.025439  0.012624  0.000807
622  0.023269  0.009225  0.000627
623  0.036664  0.014691  0.001560
624  -0.018325  0.013543  0.000519
625  0.002811  0.019110  0.000373
626  -0.010328  0.005237  0.000134
627  0.013889  0.010802  0.000310
628  -0.009756  -0.005706  0.000128
629  -0.028501  0.010656  0.000926
630  0.030189  0.016245  0.001175
631  -0.014124  0.005023  0.000225
632  -0.007356  0.009545  0.000145
633  0.019111  -0.016774  0.000647
634  -0.026565  0.015738  0.000953
635  0.025673  0.014786  0.000878
636  0.000879  -0.017923  0.000322
637  0.006762  -0.016587  0.000321
638  -0.005124  -0.010114  0.000129
639  -0.014720  -0.053369  0.003065
640  -0.028043  -0.002335  0.000792
641  0.011981  -0.034683  0.001346
642  0.026947  0.009109  0.000809
643  0.008246  -0.016699  0.000347
644  0.033274  0.007155  0.001158
645  0.009953  -0.000334  0.000099
646  0.006221  -0.012784  0.000202
647  -0.012605  0.057172  0.003427
648  -0.008374  -0.001085  0.000071
649  -0.012719  0.008783  0.000239
650  0.002792  0.023870  0.000578
651  0.037161  0.002761  0.001389
652  -0.012877  0.024623  0.000772
653  0.012038  -0.006651  0.000189
654  0.026545  0.004147  0.000722
655  -0.052340  0.015685  0.002986
656  0.008768  -0.014200  0.000279
657  -0.019201  -0.020850  0.000803
658  0.006256  0.013514  0.000222
659  -0.023274  -0.034053  0.001701
660  -0.009621  0.031496  0.001085
661  0.027035  0.006306  0.000771
662  -0.003436  0.024591  0.000617
663  -0.001004  -0.014124  0.000200
664  -0.008277  0.045548  0.002143
665  -0.006106  0.005745  0.000070
666  0.006760  0.022512  0.000552
667  -0.021029  0.000219  0.000442
668  0.015022  0.025030  0.000852
669  -0.008642  0.007315  0.000128
670  -0.005390  0.001485  0.000031
671  -0.025953  -0.060381  0.004319
672  0.001742  0.004064  0.000020
673  -0.009943  -0.027355  0.000847
674  0.012706  0.036300  0.001479
675  -0.001589  -0.007167  0.000054
676  -0.018546  0.006080  0.000381
677  -0.007755  -0.003925  0.000076
678  -0.026629  0.006508  0.000751
679  -0.008827  0.016223  0.000341
680  0.006267  0.004653  0.000061
681  0.004329  0.017055  0.000310
682  -0.012725  -0.005090  0.000188
683  -0.000659  -0.032133  0.001033
684  0.004974  -0.046488  0.002186
685  0.013877  -0.023042  0.000723
686  0.033241  0.005523  0.001135
687  0.016931  0.011773  0.000425
688  -0.040280  0.005133  0.001649
689  -0.039274  -0.000582  0.001543
690  0.000439  0.007495  0.000056
691  0.015716  0.000993  0.000248
692  -0.000514  0.022057  0.000487
693  0.012628  0.004728  0.000182
694  0.011332  0.023295  0.000671
695  -0.013060  -0.016557  0.000445
696  -0.002228  0.006716  0.000050
697  0.012726  0.005685  0.000194
698  0.003943  0.009645  0.000109
699  0.022298  0.012713  0.000659
700  0.027489  0.004698  0.000778
701  -0.038449  0.031291  0.002457
702  -0.021173  -0.020652  0.000875
703  -0.004892  0.012968  0.000192
704  -0.012173  -0.003795  0.000163
705  -0.002796  -0.028502  0.000820
706  0.023337  0.000911  0.000545
707  -0.000360  0.009956  0.000099
708  -0.023618  -0.024785  0.001172
709  0.018571  -0.017264  0.000643
710  0.026331  -0.008094  0.000759
711  0.017382  0.018682  0.000651
712  0.006304  -0.010220  0.000144
713  0.011473  0.031347  0.001114
714  -0.003519  -0.009538  0.000103
715  -0.002747  -0.021088  0.000452
716  -0.033547  -0.021543  0.001590
717  -0.007856  -0.004042  0.000078
718  -0.001658  0.039348  0.001551
719  0.014085  0.035871  0.001485
720  -0.009345  -0.003305  0.000098
721  -0.010955  -0.001243  0.000122
722  -0.032815  0.002152  0.001081
723  -0.005331  -0.021261  0.000480
724  0.013451  -0.003651  0.000194
725  0.006738  -0.016798  0.000328
726  -0.013260  -0.005499  0.000206
727  -0.002219  -0.013220  0.000180
728  0.018327  -0.003141  0.000346
729  0.013791  -0.035756  0.001469
730  -0.011032  -0.061030  0.003846
731  0.046430  0.022430  0.002659
732  -0.002372  -0.001323  0.000007
733  0.033341  -0.038429  0.002588
734  -0.006113  0.003118  0.000047
735  0.011231  0.034665  0.001328
736  0.004023  -0.014233  0.000219
737  -0.010885  0.008109  0.000184
738  0.020588  0.021380  0.000881
739  0.018819  -0.041427  0.002070
740  0.005274  -0.032668  0.001095
741  0.003133  -0.010414  0.000118
742  0.016579  -0.059999  0.003875
743  0.015945  0.048156  0.002573
744  0.032523  -0.001178  0.001059
745  -0.008882  -0.044644  0.002072
746  -0.014819  0.056350  0.003395
747  0.004331  0.030835  0.000970
748  0.002171  -0.037893  0.001441
749  0.007584  -0.029309  0.000917
750  -0.025405  -0.002850  0.000654
751  0.015815  -0.044232  0.002207
752  0.014735  -0.041128  0.001909
753  -0.015566  0.003569  0.000255
754  0.003213  -0.039488  0.001570
755  0.018335  0.015858  0.000588
756  -0.008841  -0.020105  0.000482
757  0.019319  -0.008003  0.000437
758  0.019247  -0.007986  0.000434
759  0.017748  -0.010240  0.000420
760  0.041952  0.011926  0.001902
761  -0.007134  -0.002944  0.000060
762  0.049370  -0.007837  0.002499
763  0.037780  0.020244  0.001837
764  0.010776  0.016671  0.000394
765  0.002357  0.029155  0.000856
766  0.004369  -0.034661  0.001221
767  -0.002704  -0.011040  0.000129
768  -0.021675  -0.033067  0.001563
769  0.032216  -0.042203  0.002819
770  -0.007222  0.002671  0.000059
771  -0.035459  0.013729  0.001446
772  -0.031277  -0.027717  0.001747
773  -0.001062  0.005306  0.000029
774  0.001031  0.013625  0.000187
775  0.025559  0.001230  0.000655
776  0.019216  0.011282  0.000497
777  0.018295  -0.013825  0.000526
778  -0.011165  0.024588  0.000729
779  -0.015437  0.015968  0.000493
780  0.007563  0.022648  0.000570
781  -0.038211  -0.019352  0.001835
782  -0.002819  0.002508  0.000014
783  0.026494  0.004975  0.000727
784  -0.003798  0.002422  0.000020
785  0.002400  -0.008619  0.000080
786  -0.012579  0.015929  0.000412
787  -0.010635  -0.013134  0.000286
788  -0.008818  0.001002  0.000079
789  0.015116  0.008990  0.000309
790  -0.014175  -0.027976  0.000984
791  0.007685  0.001796  0.000062
792  0.021198  -0.000840  0.000450
793  -0.020451  0.020690  0.000846
794  -0.005841  -0.008405  0.000105
795  -0.009640  0.008490  0.000165
796  -0.018301  0.004724  0.000357
797  -0.007519  -0.005678  0.000089
798  0.014522  -0.003414  0.000223
799  0.024838  -0.021501  0.001079
800  0.001127  0.002674  0.000008
801  -0.014624  0.028095  0.001003
802  0.023516  0.003184  0.000563
803  0.030745  -0.025990  0.001621
804  -0.023498  -0.007892  0.000614
805  0.020461  -0.003281  0.000429
806  -0.005604  0.009789  0.000127
807  -0.022786  -0.005273  0.000547
808  0.022058  0.026838  0.001207
809  -0.000032  0.005366  0.000029
810  -0.007208  -0.011433  0.000183
811  -0.013181  -0.020615  0.000599
812  -0.012371  0.019646  0.000539
813  -0.021760  -0.029291  0.001331
814  0.034927  0.035942  0.002512
815  -0.022372  0.006771  0.000546
816  0.017930  -0.004637  0.000343
817  -0.001043  0.022742  0.000518
818  0.017555  -0.010997  0.000429
819  -0.012807  0.007844  0.000226
820  -0.028548  -0.000862  0.000816
821  0.024229  -0.021840  0.001064
822  0.010363  -0.001319  0.000109
823  -0.007410  0.010622  0.000168
824  -0.001070  -0.010528  0.000112
825  0.012656  -0.005526  0.000191
826  -0.020942  -0.015141  0.000668
827  -0.038764  0.015802  0.001752
828  0.014682  -0.010412  0.000324
829  -0.024004  -0.050432  0.003120
830  -0.017111  -0.013713  0.000481
831  0.017085  -0.022518  0.000799
832  0.029452  -0.008879  0.000946
833  0.018755  -0.033797  0.001494
834  0.009302  0.002126  0.000091
835  0.030336  0.033689  0.002055
836  0.022168  0.010943  0.000611
837  0.009854  0.013083  0.000268
838  -0.022497  -0.000992  0.000507
839  -0.017408  -0.032244  0.001343
840  0.020773  0.008168  0.000498
841  -0.016747  -0.007607  0.000338
842  0.029835  -0.035033  0.002117
843  -0.022017  -0.015856  0.000736
844  -0.007125  -0.030660  0.000991
845  -0.019592  -0.011829  0.000524
846  -0.006573  -0.006375  0.000084
847  0.021547  -0.003550  0.000477
848  -0.051498  -0.019266  0.003023
849  0.009109  0.023354  0.000628
850  0.021048  -0.038040  0.001890
851  -0.021653  0.004024  0.000485
852  -0.021901  -0.011827  0.000620
853  -0.000603  0.000315  0.000000
854  -0.004948  0.005402  0.000054
855  -0.023768  0.028953  0.001403
856  -0.035148  0.006273  0.001275
857  0.027308  0.019595  0.001130
858  0.012234  0.005665  0.000182
859  -0.002286  0.030830  0.000956
860  -0.009699  0.000001  0.000094
861  0.024255  -0.012340  0.000741
862  -0.031808  -0.005528  0.001042
863  0.019543  -0.028705  0.001206
864  -0.005969  -0.002124  0.000040
865  -0.007964  0.016266  0.000328
866  -0.008478  -0.006884  0.000119
867  0.019573  0.013812  0.000574
868  -0.013444  -0.007117  0.000231
869  0.025123  -0.023827  0.001199
870  -0.007776  -0.001752  0.000064
871  0.021723  0.006945  0.000520
872  0.008029  -0.007779  0.000125
873  -0.003334  0.002095  0.000016
874  -0.013193  -0.000166  0.000174
875  -0.024821  -0.020435  0.001034
876  0.003225  0.039748  0.001590
877  -0.003869  -0.042570  0.001827
878  0.014427  -0.044017  0.002146
879  -0.023147  -0.028990  0.001376
880  0.003101  -0.011278  0.000137
881  -0.003372  -0.004504  0.000032
882  0.006988  -0.015071  0.000276
883  -0.005675  -0.004779  0.000055
884  0.012267  -0.034921  0.001370
885  -0.000674  -0.014507  0.000211
886  -0.005065  -0.011482  0.000157
887  -0.050855  -0.007087  0.002636
888  -0.022856  0.033220  0.001626
889  0.002695  0.011858  0.000148
890  0.003208  -0.015144  0.000240
891  -0.024267  0.002503  0.000595
892  -0.018009  -0.011443  0.000455
893  0.018916  -0.014324  0.000563
894  -0.024184  0.006153  0.000623
895  0.026022  -0.029969  0.001575
896  -0.005413  0.002174  0.000034
897  -0.015886  -0.023649  0.000812
898  0.017721  -0.007104  0.000365
899  0.030662  0.016096  0.001199
900  -0.015415  0.001136  0.000239
901  -0.027818  -0.014000  0.000970
902  -0.007975  -0.025091  0.000693
903  0.026883  -0.015585  0.000966
904  0.003835  0.011228  0.000141
905  -0.001564  0.018495  0.000344
906  0.009541  -0.014284  0.000295
907  -0.031827  -0.016748  0.001293
908  -0.005693  -0.002494  0.000039
909  0.018621  0.010110  0.000449
910  0.009833  0.012397  0.000250
911  0.023516  -0.000240  0.000553
912  0.000010  0.007290  0.000053
913  0.006403  -0.005149  0.000068
914  -0.000054  0.004633  0.000021
915  0.005755  0.014451  0.000242
916  0.004439  -0.021416  0.000478
917  0.011665  0.025668  0.000795
918  -0.049967  -0.003509  0.002509
919  0.015066  -0.018186  0.000558
920  -0.037366  0.003348  0.001407
921  -0.008886  -0.049137  0.002493
922  0.006049  -0.031797  0.001048
923  -0.060759  -0.024402  0.004287
924  0.042967  -0.031433  0.002834
925  -0.009794  -0.011082  0.000219
926  -0.016149  0.000354  0.000261
927  0.005711  -0.057147  0.003298
928  0.018355  0.010102  0.000439
929  -0.020668  0.009729  0.000522
930  -0.016280  -0.003497  0.000277
931  -0.007896  -0.024215  0.000649
932  -0.009612  0.002570  0.000099
933  -0.007826  -0.002543  0.000068
934  -0.016667  -0.005541  0.000309
935  -0.000805  0.012073  0.000146
936  0.030012  -0.026434  0.001600
937  0.008658  -0.004759  0.000098
938  0.026470  -0.043914  0.002629
939  -0.033281  -0.016071  0.001366
940  -0.023490  0.002749  0.000559
941  -0.004451  -0.021016  0.000461
942  0.019067  -0.024900  0.000984
943  0.007776  0.003204  0.000071
944  -0.028744  -0.009523  0.000917
945  0.029280  -0.005725  0.000890
946  -0.026354  0.034587  0.001891
947  -0.020995  0.040105  0.002049
948  0.019737  -0.006950  0.000438
949  0.007337  -0.042722  0.001879
950  -0.015758  -0.006657  0.000293
951  -0.030759  0.034066  0.002107
952  -0.048392  -0.005742  0.002375
953  -0.013149  -0.040574  0.001819
954  0.015327  0.006587  0.000278
955  0.015074  -0.007036  0.000277
956  -0.017897  0.019049  0.000683
957  -0.015337  0.010122  0.000338
958  -0.008354  0.010838  0.000187
959  -0.016646  -0.018078  0.000604
960  -0.010317  0.007712  0.000166
961  -0.031249  0.022796  0.001496
962  0.004965  -0.009916  0.000123
963  -0.006502  0.005952  0.000078
964  -0.002314  0.050634  0.002569
965  0.004167  0.032617  0.001081
966  0.031559  0.049832  0.003479
967  -0.006883  -0.040664  0.001701
968  -0.005179  0.005207  0.000054
969  0.044759  0.009386  0.002092
970  0.022531  0.022602  0.001018
971  0.021379  -0.020727  0.000887
972  0.021291  0.004155  0.000471
973  -0.025017  -0.014572  0.000838
974  -0.001054  0.013924  0.000195
975  -0.019387  -0.015082  0.000603
976  0.008000  -0.002781  0.000072
977  0.008163  -0.003629  0.000080
978  -0.008633  -0.025578  0.000729
979  -0.007722  -0.019256  0.000430
980  0.013917  -0.023601  0.000751
981  0.006080  -0.035885  0.001325
982  -0.009459  -0.012668  0.000250
983  -0.023796  0.019969  0.000965
984  -0.003518  0.039615  0.001582
985  0.033758  -0.002546  0.001146
986  -0.018005  0.000899  0.000325
987  0.022946  -0.017696  0.000840
988  -0.002975  -0.018285  0.000343
989  -0.002757  -0.005719  0.000040
990  -0.039818  -0.013235  0.001761
991  0.021911  -0.015186  0.000711
992  0.015155  -0.047207  0.002458
993  -0.001794  -0.007344  0.000057
994  0.004904  0.005680  0.000056
995  0.006112  -0.004519  0.000058
996  -0.016935  -0.010241  0.000392
997  -0.013283  -0.024514  0.000777
998  0.015842  -0.006619  0.000295
999  0.001883  0.047771  0.002286
1000  0.007900  0.011068  0.000185
1001  0.011592  -0.004511  0.000155
1002  0.000074  0.024642  0.000607
1003  -0.018430  0.007192  0.000391
1004  0.026208  -0.027293  0.001432
1005  -0.003721  0.016705  0.000293
1006  0.017404  0.012473  0.000458
1007  -0.032354  -0.032250  0.002087
1008  0.029492  0.011020  0.000991
1009  0.021343  -0.015520  0.000696
1010  -0.000768  -0.024202  0.000586
1011  0.018791  -0.026874  0.001075
1012  0.008001  -0.005737  0.000097
1013  0.017189  -0.025115  0.000926
1014  -0.011576  0.061383  0.003902
1015  0.014950  -0.044856  0.002236
1016  -0.023306  0.012958  0.000711
1017  0.002606  0.000904  0.000008
1018  0.025000  0.007590  0.000683
1019  0.009371  -0.019030  0.000450
1020  -0.069071  -0.026587  0.005478
1021  -0.001138  -0.024590  0.000606
1022  0.006689  0.019567  0.000428
1023  -0.015890  -0.010575  0.000364
1024  -0.000120  0.006554  0.000043
1025  0.017100  0.001133  0.000294
1026  -0.040743  -0.008315  0.001729
1027  0.016436  0.006325  0.000310
1028  -0.003976  -0.016038  0.000273
1029  -0.000814  -0.008008  0.000065
1030  -0.024608  -0.020980  0.001046
1031  0.023374  0.001835  0.000550
1032  0.023684  -0.026037  0.001239
1033  -0.023316  -0.011080  0.000666
1034  -0.005557  0.035122  0.001264
1035  0.009947  0.012262  0.000249
1036  0.008014  0.031288  0.001043
1037  -0.044774  -0.029655  0.002884
1038  0.021782  -0.030533  0.001407
1039  -0.008318  -0.015359  0.000305
1040  -0.013596  0.029556  0.001058
1041  -0.015612  -0.022657  0.000757
1042  0.008765  0.014971  0.000301
1043  0.036852  -0.039372  0.002908
1044  0.035904  -0.022373  0.001790
1045  -0.039180  -0.034213  0.002706
1046  0.037486  -0.004636  0.001427
1047  -0.024170  -0.018517  0.000927
1048  -0.011334  -0.008124  0.000194
1049  0.001765  0.009325  0.000090
1050  0.017648  0.002494  0.000318
1051  0.005732  -0.034401  0.001216
1052  -0.012216  -0.020231  0.000559
1053  -0.002422  -0.003728  0.000020
1054  -0.041493  -0.003934  0.001737
1055  0.010007  0.000957  0.000101
1056  0.016855  -0.010927  0.000403
1057  -0.012774  0.010566  0.000275
1058  -0.014009  -0.021918  0.000677
1059  0.017581  -0.040198  0.001925
1060  0.004457  0.011336  0.000148
1061  -0.013908  0.051222  0.002817
1062  -0.032533  0.015467  0.001298
1063  -0.022166  -0.001860  0.000495
1064  0.009746  0.004373  0.000114
1065  -0.001729  0.007444  0.000058
1066  0.007916  -0.035515  0.001324
1067  0.052907  -0.020284  0.003211
1068  -0.021492  0.016850  0.000746
1069  -0.017774  0.008581  0.000390
1070  -0.004710  -0.016009  0.000278
1071  0.015400  0.009492  0.000327
1072  -0.012727  -0.015510  0.000403
1073  -0.010734  0.007940  0.000178
1074  0.032029  -0.035833  0.002310
1075  -0.019610  0.031517  0.001378
1076  -0.005071  -0.002640  0.000033
1077  0.011109  0.029344  0.000984
1078  0.014010  0.018535  0.000540
1079  -0.002146  -0.013994  0.000200
1080  -0.019159  -0.006588  0.000410
1081  -0.018845  0.002999  0.000364
1082  0.011063  -0.024370  0.000716
1083  0.023345  -0.017681  0.000858
1084  -0.024463  -0.002711  0.000606
1085  -0.008219  -0.034933  0.001288
1086  -0.016171  0.022051  0.000748
1087  -0.026723  -0.041102  0.002404
1088  -0.039798  -0.052838  0.004376
1089  -0.021865  0.001602  0.000481
1090  0.011625  -0.026429  0.000834
1091  -0.037093  0.005899  0.001411
1092  -0.015881  0.045093  0.002286
1093  -0.006717  0.008167  0.000112
1094  0.007971  -0.001146  0.000065
1095  0.017980  0.005029  0.000349
1096  -0.040087  0.016102  0.001866
1097  0.010653  0.014888  0.000335
1098  0.021503  -0.025582  0.001117
1099  0.000359  0.010511  0.000111
1100  0.038519  -0.015195  0.001715
1101  -0.059352  0.017391  0.003825
1102  0.016257  0.001616  0.000267
1103  0.011043  -0.024497  0.000722
1104  -0.001622  -0.013965  0.000198
1105  0.019187  0.013352  0.000546
1106  0.005581  -0.007521  0.000088
1107  -0.005975  -0.008250  0.000104
1108  -0.021791  -0.024753  0.001088
1109  -0.030717  -0.005407  0.000973
1110  0.018927  0.012166  0.000506
1111  0.017229  0.022391  0.000798
1112  -0.000399  0.004951  0.000025
1113  -0.003330  0.047239  0.002243
1114  -0.011972  -0.001606  0.000146
1115  0.001954  0.008130  0.000070
1116  -0.004876  0.001216  0.000025
1117  -0.025080  0.005678  0.000661
1118  -0.003750  -0.004795  0.000037
1119  -0.005985  0.038052  0.001484
1120  0.011402  0.002671  0.000137
1121  -0.036851  -0.015444  0.001596
1122  -0.027463  -0.040030  0.002357
1123  0.020821  0.025484  0.001083
1124  0.005768  -0.006009  0.000069
1125  -0.025798  0.001823  0.000669
1126  -0.064826  0.004545  0.004223
1127  -0.004366  0.000656  0.000019
1128  -0.027178  0.016250  0.001003
1129  0.015874  0.013641  0.000438
1130  0.042264  0.000168  0.001786
1131  0.012090  0.066423  0.004558
1132  0.010975  -0.023119  0.000655
1133  -0.023479  -0.013594  0.000736
1134  0.025310  0.002845  0.000649
1135  0.001791  0.004952  0.000028
1136  -0.028897  -0.004232  0.000853
1137  -0.009345  -0.020331  0.000501
1138  -0.001305  -0.005569  0.000033
1139  -0.009053  0.021097  0.000527
1140  0.063581  0.004547  0.004063
1141  0.010955  0.017610  0.000430
1142  -0.026111  0.009820  0.000778
1143  -0.004110  -0.011535  0.000150
1144  -0.014844  0.009104  0.000303
1145  0.037079  0.040776  0.003038
1146  -0.004793  -0.001460  0.000025
1147  -0.018302  -0.021889  0.000814
1148  0.019769  0.035847  0.001676
1149  -0.004571  0.049841  0.002505
1150  -0.026339  -0.033817  0.001837
1151  -0.004048  -0.046793  0.002206
1152  -0.023456  0.043999  0.002486
1153  -0.018993  -0.004079  0.000377
1154  -0.025570  -0.006172  0.000692
1155  0.004385  0.026591  0.000726
1156  -0.003311  -0.030965  0.000970
1157  -0.006892  -0.010175  0.000151
1158  0.039075  -0.013097  0.001698
1159  0.016519  -0.033413  0.001389
1160  -0.028715  0.033597  0.001953
1161  -0.057283  -0.038443  0.004759
1162  0.011298  0.034471  0.001316
1163  -0.008952  0.008490  0.000152
1164  -0.033068  0.023143  0.001629
1165  -0.000239  -0.035499  0.001260
1166  -0.020139  0.018519  0.000749
1167  0.010129  -0.006552  0.000146
1168  -0.012675  0.004661  0.000182
1169  -0.032677  0.010396  0.001176
1170  -0.018266  0.020083  0.000737
1171  -0.007986  -0.032237  0.001103
1172  0.021487  0.016223  0.000725
1173  -0.026747  0.012470  0.000871
1174  0.007092  -0.012832  0.000215
1175  0.000708  0.002938  0.000009
1176  -0.033706  0.016327  0.001403
1177  -0.022695  0.045416  0.002578
1178  0.029399  0.015437  0.001103
1179  -0.029720  -0.020862  0.001318
1180  0.026136  0.023817  0.001250
1181  -0.027759  0.014409  0.000978
1182  -0.017824  -0.013847  0.000509
1183  0.004811  0.010263  0.000128
1184  0.002564  -0.007073  0.000057
1185  0.003286  0.059089  0.003502
1186  -0.025502  -0.003694  0.000664
1187  -0.004105  -0.009688  0.000111
1188  -0.034039  -0.016933  0.001445
1189  0.018530  -0.033328  0.001454
1190  0.009053  0.030403  0.001006
1191  -0.038693  0.004275  0.001515
1192  0.007967  -0.039465  0.001621
1193  0.018487  0.007611  0.000400
1194  -0.010827  -0.008652  0.000192
1195  -0.000714  -0.028112  0.000791
1196  -0.005011  -0.006816  0.000072
1197  -0.016915  0.003315  0.000297
1198  0.026231  -0.030821  0.001638
1199  0.003205  0.013137  0.000183
1200  -0.004374  -0.015882  0.000271
1201  0.013934  0.024655  0.000802
1202  0.015509  0.008917  0.000320
1203  0.013625  0.062164  0.004050
1204  -0.006304  -0.029127  0.000888
1205  -0.038346  -0.015607  0.001714
1206  0.019805  -0.021654  0.000861
1207  0.006999  -0.003953  0.000065
1208  -0.012571  -0.032220  0.001196
1209  -0.019848  -0.039640  0.001965
1210  0.010945  -0.002908  0.000128
1211  -0.019691  -0.030663  0.001328
1212  0.001122  0.009836  0.000098
1213  0.074800  -0.018614  0.005942
1214  0.027492  0.009467  0.000845
1215  0.006254  -0.002747  0.000047
1216  0.015326  0.021262  0.000687
1217  0.040479  0.011113  0.001762
1218  -0.008897  0.012985  0.000248
1219  -0.029317  0.028424  0.001667
1220  -0.000332  -0.000012  0.000000
1221  0.015104  0.027037  0.000959
1222  0.000454  -0.009126  0.000083
1223  -0.002936  -0.026855  0.000730
1224  -0.018082  -0.036327  0.001647
1225  -0.007975  0.000993  0.000065
1226  0.001858  0.029071  0.000849
1227  0.012228  -0.019541  0.000531
1228  0.016922  -0.001929  0.000290
1229  0.031380  -0.061565  0.004775
1230  0.002974  -0.000007  0.000009
1231  0.024999  0.048630  0.002990
1232  0.001588  0.025727  0.000664
1233  -0.058349  -0.039850  0.004993
1234  -0.008723  -0.030368  0.000998
1235  0.009128  -0.016145  0.000344
1236  -0.033682  0.026706  0.001848
1237  0.032622  -0.003639  0.001077
1238  0.005708  -0.002414  0.000038
1239  0.024141  -0.054965  0.003604
1240  0.011679  0.007365  0.000191
1241  0.018435  0.033589  0.001468
1242  -0.033621  0.039275  0.002673
1243  -0.029388  -0.015406  0.001101
1244  0.004732  -0.046385  0.002174
1245  0.018332  -0.017312  0.000636
1246  0.014791  0.012681  0.000380
1247  -0.023805  0.024303  0.001157
1248  0.015137  -0.017804  0.000546
1249  -0.017535  0.041381  0.002020
1250  -0.004301  0.006038  0.000055
1251  0.038748  -0.034284  0.002677
1252  -0.035537  -0.018037  0.001588
1253  -0.026042  0.006705  0.000723
1254  -0.013075  0.028532  0.000985
1255  -0.017636  -0.021373  0.000768
1256  -0.023380  -0.024155  0.001130
1257  -0.044208  -0.032346  0.003001
1258  -0.043018  0.029525  0.002722
1259  0.020440  -0.001886  0.000421
1260  -0.011882  0.038957  0.001659
1261  0.056768  -0.020015  0.003623
1262  0.020899  0.011629  0.000572
1263  0.004326  -0.017363  0.000320
1264  0.000432  -0.012643  0.000160
1265  -0.011147  0.015370  0.000360
1266  0.055364  -0.029647  0.003944
1267  -0.026970  -0.042087  0.002499
1268  0.005802  -0.012480  0.000189
1269  0.029690  -0.007496  0.000938
1270  -0.015771  0.010309  0.000355
1271  0.049058  -0.016099  0.002666
1272  -0.015684  -0.021195  0.000695
1273  0.011792  0.018855  0.000495
1274  -0.024721  0.018178  0.000942
1275  0.028309  -0.030137  0.001710
1276  -0.005044  0.008691  0.000101
1277  0.008177  0.039353  0.001616
1278  -0.040612  -0.001056  0.001650
1279  -0.003974  0.024670  0.000624
1280  0.007972  -0.009445  0.000153
1281  0.015822  -0.009720  0.000345
1282  0.000791  0.009370  0.000088
1283  0.003928  0.035726  0.001292
1284  0.006826  0.026237  0.000735
1285  -0.023999  -0.014966  0.000800
1286  0.021193  0.031581  0.001446
1287  -0.045319  0.050480  0.004602
1288  -0.004219  0.024563  0.000621
1289  -0.006704  0.016904  0.000331
1290  -0.026115  0.015171  0.000912
1291  0.031081  -0.037408  0.002365
1292  0.029543  -0.013472  0.001054
1293  -0.016147  -0.013149  0.000434
1294  -0.007252  0.028490  0.000864
1295  -0.004957  -0.015942  0.000279
1296  -0.057551  -0.008068  0.003377
1297  0.006483  0.057442  0.003342
1298  0.010228  0.003873  0.000120
1299  0.004298  -0.069226  0.004811
1300  -0.027893  0.004046  0.000794
1301  0.017458  -0.003440  0.000317
1302  -0.048494  0.010535  0.002463
1303  0.014043  0.037539  0.001606
1304  0.008878  0.036072  0.001380
1305  -0.028637  0.041790  0.002566
1306  -0.080722  0.018659  0.006864
1307  -0.022410  0.021562  0.000967
1308  -0.007463  -0.004303  0.000074
1309  -0.042556  -0.004776  0.001834
1310  -0.026985  -0.000498  0.000728
1311  -0.062234  -0.012622  0.004032
1312  0.020571  -0.006339  0.000463
1313  -0.024775  -0.001750  0.000617
1314  0.016887  -0.054590  0.003265
1315  0.021435  0.026537  0.001164
1316  -0.050254  0.003489  0.002538
1317  0.016156  0.015141  0.000490
1318  0.019460  0.003400  0.000390
1319  -0.029426  0.001261  0.000867
1320  -0.022479  -0.007129  0.000556
1321  -0.008481  -0.017149  0.000366
1322  -0.031233  -0.005508  0.001006
1323  0.008269  0.008930  0.000148
1324  -0.007368  0.026716  0.000768
1325  -0.001174  0.017664  0.000313
1326  0.017241  0.010896  0.000416
1327  0.012141  -0.004012  0.000164
1328  -0.060520  0.037195  0.005046
1329  0.020358  -0.002854  0.000423
1330  0.002664  -0.043889  0.001933
1331  -0.015602  -0.035870  0.001530
1332  -0.013975  0.015281  0.000429
1333  -0.014949  0.023816  0.000791
1334  0.011185  -0.028229  0.000922
1335  -0.000497  -0.009094  0.000083
1336  -0.014997  0.005695  0.000257
1337  -0.031867  -0.009693  0.001109
1338  -0.025835  -0.024509  0.001268
1339  -0.008617  0.023203  0.000613
1340  -0.011064  -0.034562  0.001317
1341  0.008676  -0.003807  0.000090
1342  0.102691  -0.012248  0.010696
1343  0.024661  -0.002071  0.000612
1344  0.005451  0.008029  0.000094
1345  -0.002518  -0.024322  0.000598
1346  0.010673  -0.007392  0.000169
1347  0.027174  0.029632  0.001617
1348  0.015148  -0.043751  0.002144
1349  -0.000217  0.023938  0.000573
1350  -0.019078  -0.028460  0.001174
1351  -0.006566  0.036527  0.001377
1352  -0.046366  -0.058406  0.005561
1353  -0.095254  -0.011175  0.009198
1354  0.000687  -0.004333  0.000019
1355  -0.001837  0.015295  0.000237
1356  0.026563  0.018813  0.001060
1357  0.011040  0.031562  0.001118
1358  -0.041706  -0.008340  0.001809
1359  -0.008569  0.012946  0.000241
1360  0.002021  0.029517  0.000875
1361  0.045044  0.030381  0.002952
1362  -0.022451  0.025436  0.001151
1363  0.024423  0.019285  0.000968
1364  -0.011437  0.015148  0.000360
1365  -0.022755  -0.023379  0.001064
1366  0.001818  -0.056977  0.003250
1367  0.034479  -0.010036  0.001289
1368  -0.008091  -0.002921  0.000074
1369  -0.002788  -0.040299  0.001632
1370  0.003474  -0.038353  0.001483
1371  0.024375  -0.042617  0.002410
1372  -0.028799  0.037137  0.002209
1373  -0.031478  -0.030367  0.001913
1374  0.058570  -0.036255  0.004745
1375  -0.001161  -0.056512  0.003195
1376  0.013489  -0.036011  0.001479
1377  0.005309  -0.005042  0.000054
1378  0.050204  -0.021333  0.002976
1379  0.018009  -0.022505  0.000831
1380  -0.013785  -0.002106  0.000194
1381  -0.023910  -0.053765  0.003462
1382  0.030366  0.021567  0.001387
1383  0.055552  0.024062  0.003665
1384  -0.016490  0.030434  0.001198
1385  -0.005843  0.005417  0.000063
1386  0.052152  -0.016103  0.002979
1387  0.001058  0.004241  0.000019
1388  -0.014244  0.016589  0.000478
1389  -0.000516  -0.024951  0.000623
1390  0.024934  -0.055507  0.003703
1391  -0.046921  0.010393  0.002310
1392  0.046189  -0.053672  0.005014
1393  0.030336  0.054959  0.003941
1394  0.008620  0.019729  0.000464
1395  -0.034409  0.053762  0.004074
1396  -0.068737  0.020603  0.005149
1397  0.061748  -0.000348  0.003813
1398  0.041935  -0.025159  0.002391
1399  -0.005597  -0.007616  0.000089
1400  -0.023128  -0.012935  0.000702
1401  -0.041253  0.045538  0.003775
1402  -0.012691  -0.051029  0.002765
1403  -0.010718  -0.012377  0.000268
1404  0.006625  -0.020668  0.000471
1405  0.052037  -0.001428  0.002710
1406  0.000881  0.053384  0.002851
1407  0.038333  0.005032  0.001495
1408  0.027125  0.028552  0.001551
1409  0.041655  0.010890  0.001854
1410  0.028946  0.036725  0.002187
1411  -0.003094  0.022126  0.000499
1412  0.011953  0.046953  0.002347
1413  0.032825  -0.017027  0.001367
1414  0.041309  -0.025406  0.002352
1415  -0.033675  0.027663  0.001899
1416  0.008717  0.045483  0.002145
1417  -0.007620  0.044761  0.002062
1418  -0.031273  -0.027809  0.001751
1419  0.042429  -0.018204  0.002132
1420  -0.001606  -0.045519  0.002075
1421  -0.065341  -0.051444  0.006916
1422  0.023340  -0.009765  0.000640
1423  -0.062282  0.027968  0.004661
1424  0.025936  0.024965  0.001296
1425  -0.042506  0.021116  0.002253
1426  0.024628  0.011517  0.000739
1427  -0.013836  0.015117  0.000420
1428  0.017149  -0.014779  0.000512
1429  -0.018888  0.038923  0.001872
1430  -0.065074  0.012771  0.004398
1431  -0.029765  0.025892  0.001556
1432  -0.085327  -0.046670  0.009459
1433  -0.012021  0.015262  0.000377
1434  -0.057137  0.025576  0.003919
1435  -0.012159  -0.001120  0.000149
1436  -0.056548  0.013314  0.003375
1437  -0.020052  -0.086847  0.007945
1438  0.037987  0.066814  0.005907
1439  0.015081  -0.014709  0.000444
1440  -0.005330  -0.094344  0.008929
1441  0.012033  0.000431  0.000145
1442  0.000000  -0.037568  0.001411
1443  -0.023369  0.002170  0.000551
1444  -0.015895  -0.022542  0.000761
1445  -0.044157  -0.044679  0.003946
1446  -0.060642  -0.010432  0.003786
1447  0.001933  -0.010097  0.000106
1448  0.006703  -0.011921  0.000187
1449  -0.002476  -0.021697  0.000477
1450  -0.032141  -0.087890  0.008758
1451  0.036186  -0.026671  0.002021
1452  -0.003141  0.001335  0.000012
1453  -0.046809  0.054798  0.005194
1454  -0.018766  -0.016651  0.000629
1455  -0.019258  0.023364  0.000917
1456  -0.000441  0.006771  0.000046
1457  0.026821  0.052983  0.003527
1458  -0.077486  0.022299  0.006501
1459  -0.064763  -0.009893  0.004292
1460  0.007699  -0.064188  0.004179
1461  -0.041627  0.035102  0.002965
1462  -0.065399  -0.039345  0.005825
1463  -0.053984  -0.035849  0.004199
1464  -0.019911  -0.002326  0.000402
1465  -0.044879  -0.032605  0.003077
1466  -0.088174  -0.018200  0.008106
1467  0.069066  -0.026695  0.005483
1468  0.003290  0.019185  0.000379
1469  -0.002807  -0.026446  0.000707
1470  0.022420  -0.049334  0.002937
1471  0.000255  0.052866  0.002795
1472  0.093055  0.035054  0.009888
1473  0.050967  0.048357  0.004936
1474  -0.026799  0.036357  0.002040
1475  0.019102  -0.044439  0.002340
1476  0.005317  0.020797  0.000461
1477  0.017235  0.006399  0.000338
1478  -0.002000  0.012808  0.000168
1479  0.031678  -0.017617  0.001314
1480  -0.015395  0.029390  0.001101
1481  0.096544  0.040365  0.010950
1482  0.028154  0.008026  0.000857
1483  -0.017170  -0.032463  0.001349
1484  -0.037673  -0.069535  0.006254
1485  0.024852  -0.024292  0.001208
1486  -0.000533  0.031203  0.000974
1487  0.027746  0.051026  0.003374
1488  -0.021334  -0.022545  0.000963
1489  0.060367  -0.026274  0.004335
1490  -0.012386  0.073400  0.005541
1491  0.000686  -0.054128  0.002930
1492  0.025231  0.103517  0.011352
1493  -0.037601  0.054781  0.004415
1494  -0.001705  -0.058477  0.003422
1495  0.029101  -0.020507  0.001267
1496  0.037613  0.008024  0.001479
1497  -0.048900  -0.076275  0.008209
1498  -0.033225  -0.076514  0.006958
1499  -0.002100  0.010660  0.000118
1500  0.055824  -0.067560  0.007681
1501  -0.036020  0.005208  0.001325
1502  -0.003008  -0.000607  0.000009
1503  -0.007255  0.037139  0.001432
1504  0.003469  -0.044103  0.001957
1505  0.017651  -0.037567  0.001723
1506  0.052489  0.032756  0.003828
1507  0.045561  0.021734  0.002548
1508  0.014316  -0.034785  0.001415
1509  -0.072660  0.059888  0.008866
1510  -0.017394  0.075361  0.005982
1511  0.048622  0.021480  0.002825
1512  -0.009057  0.000673  0.000082
1513  -0.063150  -0.057846  0.007334
1514  -0.020060  -0.085285  0.007676
1515  -0.000241  0.001460  0.000002
1516  0.069220  -0.022633  0.005304
1517  -0.005749  0.068728  0.004757
1518  -0.058931  -0.079882  0.009854
1519  -0.086916  0.065911  0.011899
1520  0.013824  -0.029162  0.001042
1521  -0.042941  0.119628  0.016155
1522  -0.002408  -0.043921  0.001935
1523  -0.140100  0.069012  0.024391
1524  -0.105715  -0.030567  0.012110
1525  0.028812  -0.058213  0.004219
1526  -0.164763  -0.006036  0.027183
1527  -0.020696  -0.108159  0.012127
1528  0.063281  0.076977  0.009930
1529  -0.090339  -0.030685  0.009103
1530  -0.035893  -0.089068  0.009221
1531  -0.066192  -0.020971  0.004821
1532  -0.020959  -0.100199  0.010479
1533  -0.006140  -0.035635  0.001308
1534  0.152462  -0.037316  0.024637
1535  -0.083506  0.034321  0.008151
1536  0.025091  -0.043295  0.002504
1537  -0.033012  -0.027393  0.001840
1538  -0.060983  -0.018447  0.004059
1539  -0.037684  -0.031093  0.002387
1540  -0.104823  -0.067373  0.015527
1541  0.084491  -0.024357  0.007732
1542  -0.117301  -0.021251  0.014211
1543  0.032095  -0.110472  0.013234
1544  -0.004299  -0.129145  0.016697
1545  0.027226  0.013602  0.000926
1546  0.020324  -0.010898  0.000532
1547  0.038010  0.126741  0.017508
1548  -0.079943  0.008199  0.006458
1549  -0.030470  -0.000645  0.000929
1550  -0.010092  0.023887  0.000672
1551  -0.102104  0.013252  0.010601
1552  -0.192983  -0.054304  0.040191
1553  -0.088148  -0.033188  0.008872
1554  -0.022980  -0.101874  0.010906
1555  -0.153140  -0.056134  0.026603
1556  0.087050  -0.125354  0.023291
1557  -0.013038  -0.017504  0.000476
1558  0.080607  -0.098757  0.016250
1559  0.074918  -0.114148  0.018643
1560  0.162935  0.038021  0.027993
1561  0.175467  -0.050728  0.033362
1562  0.053291  0.098520  0.012546
1563  0.173795  -0.095797  0.039382
1564  -0.034593  0.012858  0.001362
1565  0.217770  0.104746  0.058396
1566  -0.000538  0.144199  0.020794
1567  0.140729  0.153575  0.043390
1568  0.179533  -0.012832  0.032397
1569  -0.101654  0.171217  0.039649
1570  0.112627  0.001727  0.012688
1571  0.024788  0.194721  0.038531
1572  0.035084  -0.012622  0.001390
1573  0.090013  -0.028832  0.008934
1574  -0.058801  0.006066  0.003494
1575  -0.010536  -0.069748  0.004976
1576  -0.197099  -0.141810  0.058958
1577  -0.266348  -0.186962  0.105896
1578  0.046462  -0.124843  0.017744
1579  0.146583  0.028109  0.022277
1580  -0.173663  0.022139  0.030649
1581  -0.029909  -0.077956  0.006972
1582  0.006879  -0.117271  0.013800
1583  0.026774  -0.130622  0.017779
1584  0.006481  -0.038135  0.001496
1585  0.012187  0.064453  0.004303
1586  -0.076163  0.064338  0.009940
1587  -0.036983  -0.048334  0.003704
1588  -0.073902  -0.014925  0.005684
1589  -0.035010  0.009950  0.001325
1590  0.000846  -0.185504  0.034412
1591  0.177348  -0.139071  0.050793
1592  0.122099  0.196008  0.053327
1593  -0.325331  -0.095897  0.115037
1594  0.133518  -0.077208  0.023788
1595  -0.037303  0.187479  0.036540
1596  0.007786  0.184968  0.034274
1597  0.163353  0.083859  0.033716
1598  0.038241  0.100514  0.011565
1599  -0.089236  -0.041823  0.009712
1600  -0.056387  -0.123373  0.018400
1601  -0.070781  0.205382  0.047192
1602  0.172582  0.185848  0.064324
1603  0.022930  0.267417  0.072037
1604  0.139315  0.251336  0.082578
1605  -0.209021  0.012227  0.043839
1606  -0.121008  0.005349  0.014671
1607  0.091354  0.075354  0.014024
1608  -0.113122  0.146153  0.034157
1609  -0.106326  -0.041553  0.013032
1610  -0.015049  -0.112634  0.012913
1611  -0.027780  0.053132  0.003595
1612  -0.188223  -0.070786  0.040438
1613  -0.094521  -0.099665  0.018867
1614  -0.086848  -0.041673  0.009279
1615  -0.102741  0.119295  0.024787
1616  0.012800  -0.056797  0.003390
1617  -0.254772  -0.275789  0.140968
1618  0.143366  -0.103654  0.031298
1619  0.086628  -0.116565  0.021092
1620  0.101300  -0.001625  0.010264
1621  -0.065342  0.131025  0.021437
1622  -0.112102  -0.228142  0.064616
1623  -0.197264  -0.397743  0.197113
1624  0.157283  -0.218327  0.072405
1625  0.063406  -0.155215  0.028112
1626  -0.033120  0.119818  0.015453
1627  0.180171  -0.247147  0.093543
1628  0.161846  -0.289007  0.109719
1629  0.152360  0.118351  0.037221
1630  -0.235995  -0.007318  0.055747
1631  -0.214870  -0.069700  0.051027
1632  0.203321  -0.295027  0.128381
1633  0.071044  -0.201765  0.045757
1634  0.281039  -0.083135  0.085894
1635  0.044876  0.104140  0.012859
1636  0.166404  -0.276512  0.104149
1637  0.134362  -0.313180  0.116135
1638  0.442288  0.239505  0.252981
1639  -0.066777  0.388971  0.155757
1640  0.070192  -0.306808  0.099058
1641  0.050010  0.235124  0.057784
1642  -0.286066  0.018961  0.082194
1643  0.504499  -0.264909  0.324696
1644  -0.082825  0.113762  0.019802
1645  0.318279  0.020762  0.101732
1646  -0.119752  0.325330  0.120180
1647  0.134559  -0.021787  0.018581
1648  0.340919  -0.160782  0.142076
1649  -0.243139  0.101000  0.069318
1650  -0.062879  -0.029140  0.004803
1651  -0.097938  0.091275  0.017923
1652  -0.112213  -0.200745  0.052890
1653  0.782925  -0.017344  0.613272
1654  -0.002040  0.082529  0.006815
1655  0.103566  0.031796  0.011737
1656  0.092097  0.616273  0.388274
1657  0.122119  0.123508  0.030167
1658  -0.256346  -0.043024  0.067564
1659  -0.090994  -0.319902  0.110617
1660  0.090300  -0.044014  0.010091
1661  0.020292  0.254731  0.065300
1662  -0.003841  -0.390430  0.152451
1663  0.157790  0.368755  0.160878
1664  0.132811  0.031518  0.018632
1665  0.011354  0.274395  0.075421
1666  0.154446  -0.072956  0.029176
1667  -0.051434  -0.004011  0.002662
1668  0.083266  -0.091611  0.015326
1669  -0.044605  0.397060  0.159647
1670  0.534078  0.001755  0.285242
1671  0.301896  0.264555  0.161131
1672  0.202192  0.184473  0.074912
1673  0.108087  -0.101817  0.022049
1674  0.092640  0.069721  0.013443
1675  -0.233111  0.071718  0.059484
1676  -0.279270  -0.104583  0.088930
1677  -0.151546  0.639980  0.432541
1678  -0.402058  0.172016  0.191240
1679  -0.506504  -0.235694  0.312098
1680  -0.052022  -0.290958  0.087363
1681  -0.285683  0.361448  0.212259
1682  0.183496  0.081802  0.040362
1683  -0.225088  0.146685  0.072181
1684  0.386576  -0.073526  0.154847
1685  0.216654  -0.019041  0.047301
1686  0.083401  -0.070748  0.011961
1687  -0.350902  -0.152857  0.146498
1688  -0.116136  0.309607  0.109344
1689  -0.267967  0.390177  0.224045
1690  -0.332939  -0.347614  0.231684
1691  -0.187628  -0.227893  0.087140
1692  0.180790  -0.235101  0.087958
1693  0.255553  0.270890  0.138689
1694  -0.206936  0.186660  0.077665
1695  0.161203  0.211597  0.070760
1696  -0.013621  -0.209653  0.044140
1697  0.303350  0.181281  0.124884
1698  -0.263386  -0.016490  0.069644
1699  -0.098314  -0.048048  0.011974
1700  -0.362875  -0.159640  0.157164
1701  -0.364040  0.106706  0.143911
1702  0.061588  -0.309728  0.099724
1703  -0.147024  -0.618578  0.404254
1704  0.388192  0.316940  0.251144
1705  0.509243  0.084171  0.266413
1706  0.053559  -0.187521  0.038033
1707  0.108157  -0.152020  0.034808
1708  -0.125000  0.136093  0.034146
1709  0.386800  -0.256866  0.215595
1710  0.063772  -0.064399  0.008214
1711  -0.266259  0.212885  0.116213
1712  0.153633  0.024704  0.024213
1713  -0.083737  0.637185  0.413016
1714  -0.038341  -0.070399  0.006426
1715  -0.157368  -0.154126  0.048520
1716  0.068354  -0.352029  0.128597
1717  0.041185  0.116164  0.015190
1718  0.107463  -0.177923  0.043205
1719  -0.073944  0.181247  0.038318
1720  -0.655292  0.202033  0.470225
1721  0.031125  -0.326017  0.107256
1722  0.282050  -0.174192  0.109895
1723  -0.008810  -0.013068  0.000248
1724  0.041968  0.994775  0.991338
1725  -0.420444  0.728059  0.706843
1726  -0.121206  0.480981  0.246033
1727  -0.483657  -0.447692  0.434352
1728  0.510419  -0.079917  0.266914
1729  0.589916  0.115567  0.361357
1730  -0.108193  0.202987  0.052910
1731  -0.086979  -0.072428  0.012811
1732  0.182907  0.387653  0.183730
1733  0.395306  0.126784  0.172341
1734  -0.521179  0.033313  0.272738
1735  0.288019  -0.004023  0.082971
1736  0.408717  0.052175  0.169771
1737  0.614791  -0.201097  0.418408
1738  0.033074  -0.141045  0.020988
1739  -0.387000  -0.046625  0.151943
1740  -0.129500  0.166582  0.044520
1741  -0.135656  0.360238  0.148174
1742  -0.543219  0.405552  0.459559
1743  -0.149991  0.132686  0.040103
1744  -0.113669  -0.043450  0.014809
1745  -0.116567  -0.221322  0.062571
1746  -0.136967  -0.393642  0.173714
1747  0.215578  0.409055  0.213800
1748  0.104949  0.393162  0.165591
1749  -0.369887  -0.174239  0.167176
1750  0.451727  0.183384  0.237687
1751  0.645863  0.232319  0.471110
1752  -0.228298  0.349536  0.174295
1753  0.404086  0.164483  0.190340
1754  -0.338405  -0.741192  0.663884
1755  -0.313804  0.193426  0.135887
1756  0.000089  -0.351581  0.123609
1757  -0.889940  -0.493148  1.035188
1758  0.012418  0.579352  0.335803
1759  -0.131550  0.144467  0.038176
1760  0.574088  -0.336656  0.442914
1761  0.302585  0.565284  0.411104
1762  -0.579910  0.074058  0.341781
1763  -0.519597  -0.174689  0.300497
1764  0.729296  0.290056  0.616005
1765  -0.237155  -0.089679  0.064285
1766  0.713178  0.667419  0.954071
1767  0.048860  0.428316  0.185842
1768  -0.180039  -0.460905  0.244847
1769  -0.116865  0.166504  0.041381
1770  0.056399  -0.437249  0.194368
1771  -0.111679  0.187963  0.047802
1772  0.388763  0.545887  0.449129
1773  0.006250  -0.453639  0.205828
1774  -0.309700  0.118761  0.110018
1775  -0.282002  0.126693  0.095576
1776  0.261103  -0.347750  0.189104
1777  0.046828  -0.631341  0.400784
1778  -0.593717  -0.056644  0.355709
1779  -0.400000  -0.592574  0.511144
1780  0.713617  -0.492638  0.751941
1781  -0.272784  0.698026  0.561651
1782  -0.069252  -0.102760  0.015355
1783  -0.202433  -0.447209  0.240975
1784  0.250732  0.792842  0.691466
1785  0.387417  0.268403  0.222132
1786  -0.460909  -0.033072  0.213531
1787  -0.079575  -0.190023  0.042441
1788  0.067139  -0.018071  0.004834
1789  -0.325339  0.550117  0.408474
1790  0.179551  -0.386998  0.182006
1791  -0.107414  0.477755  0.239787
1792  -0.595658  -0.565023  0.674059
1793  -0.054403  0.104756  0.013934
1794  0.607119  0.539843  0.660024
1795  -0.241378  0.400791  0.218897
1796  0.695643  0.345778  0.603482
1797  -0.242078  0.587769  0.404074
1798  -0.219232  -0.505899  0.303996
1799  0.451333  0.154701  0.227634
1800  -0.942104  -0.175218  0.918261
1801  0.791644  0.627087  1.019937
1802  0.573689  0.059185  0.332622
1803  -0.196186  -0.663992  0.479374
1804  -0.917903  0.281600  0.921845
1805  0.332272  0.335295  0.222828
1806  -0.390283  -0.112615  0.165003
1807  -0.488923  -0.060653  0.242725
1808  -0.182215  0.381679  0.178881
1809  0.615399  0.098239  0.388367
1810  -0.012713  -0.596449  0.355913
1811  -0.542832  0.499012  0.543680
1812  0.009169  -0.059520  0.003627
1813  -0.153323  -0.951919  0.929658
1814  0.302921  0.384547  0.239638
1815  -0.597555  -0.255636  0.422422
1816  -0.462356  -0.164082  0.240696
1817  0.518040  -0.009867  0.268463
1818  0.252810  -0.466064  0.281128
1819  0.747397  -0.310965  0.655302
1820  -0.463857  -0.540285  0.507071
1821  -0.568400  0.313542  0.421387
1822  -0.272603  0.109465  0.086295
1823  0.227782  -0.691125  0.529539
1824  0.353752  -1.113478  1.364973
1825  0.373222  -0.392318  0.293208
1826  0.598482  0.612059  0.732796
1827  -0.177796  -0.006376  0.031652
1828  0.784683  -0.095415  0.624832
1829  0.308574  0.006252  0.095257
1830  0.890479  0.136337  0.811540
1831  -0.621114  0.483277  0.619339
1832  -0.314509  0.777910  0.704061
1833  0.143946  -0.705281  0.518141
1834  -0.079500  0.096390  0.015611
1835  -0.194840  0.122659  0.053008
1836  0.171575  0.056547  0.032636
1837  0.347911  0.178805  0.153013
1838  0.593203  0.050635  0.354453
1839  -0.537238  0.200113  0.328670
1840  0.251528  -0.535284  0.349795
1841  0.219556  0.336670  0.161552
1842  -0.004169  -0.510914  0.261050
1843  -0.613323  -0.140507  0.395908
1844  0.516257  0.126459  0.282513
1845  -0.464520  0.392320  0.369694
1846  0.330557  -0.233122  0.163614
1847  0.005957  0.250816  0.062944
1848  -0.520774  0.147433  0.292943
1849  -0.437118  0.217441  0.238353
1850  0.140819  0.804855  0.667622
1851  -0.559700  0.069993  0.318163
1852  0.106878  0.225556  0.062299
1853  -0.148197  -0.123438  0.037199
1854  -0.364853  0.270660  0.206375
1855  0.407133  -0.075320  0.171430
1856  0.497013  -0.240309  0.304770
1857  -0.382547  -0.590352  0.494858
1858  -0.070371  -0.801619  0.647545
1859  -0.490420  0.035603  0.241780
1860  0.472743  -0.001133  0.223488
1861  -0.583209  -0.732335  0.876447
1862  -0.553741  -0.525396  0.582669
1863  -0.124856  0.792149  0.643089
1864  -0.332324  0.902793  0.925474
1865  -0.657331  -0.241995  0.490646
1866  -0.154853  -0.035196  0.025218
1867  -0.655929  0.760713  1.008927
1868  0.451419  0.290710  0.288291
1869  -0.125344  0.073205  0.021070
1870  0.026510  -0.152776  0.024043
1871  -0.236740  0.547559  0.355866
1872  0.658234  -0.544270  0.729501
1873  -0.331395  0.621642  0.496262
1874  -1.022376  0.453252  1.250690
1875  -0.757756  -0.287989  0.657132
1876  -1.161792  -0.318378  1.451126
1877  -0.086824  0.145939  0.028837
1878  -0.114957  0.303122  0.105098
1879  0.342911  0.442090  0.313031
1880  0.623299  -0.617049  0.769252
1881  -0.484233  -0.139764  0.254016
1882  -0.260252  -0.543592  0.363223
1883  0.035720  0.155464  0.025445
1884  0.313585  -0.321479  0.201685
1885  0.488189  -0.129867  0.255194
1886  0.605920  -0.156501  0.391632
1887  -0.191784  -0.025617  0.037437
1888  0.245406  -0.153398  0.083755
1889  -0.225860  -0.499950  0.300963
1890  0.169288  -0.327024  0.135603
1891  0.077289  -0.456308  0.214190
1892  0.423333  -0.113601  0.192116
1893  0.236428  0.172913  0.085797
1894  0.280722  0.135942  0.097285
1895  -0.867131  0.125829  0.767750
1896  0.009821  -0.448845  0.201558
1897  0.164674  -0.285093  0.108395
1898  0.205136  -0.083300  0.049020
1899  -0.114260  0.188536  0.048601
1900  -0.374011  -0.167788  0.168037
1901  0.566186  1.064275  1.453248
1902  -0.009762  0.088311  0.007894
1903  -0.484054  -0.580482  0.571267
1904  -0.169605  0.271170  0.102299
1905  0.111316  -0.327904  0.119913
1906  -0.029233  0.682237  0.466301
1907  0.334289  0.146113  0.133098
1908  0.319257  -0.018009  0.102249
1909  -0.225427  -0.238515  0.107707
1910  -0.239828  0.439849  0.250985
1911  -0.338293  0.023689  0.115003
1912  1.056756  -0.842269  1.826149
1913  -0.630559  0.470838  0.619293
1914  0.000730  -0.012499  0.000157
1915  -0.299761  -0.003120  0.089866
1916  -0.161729  -0.161602  0.052271
1917  0.186875  -0.015765  0.035171
1918  0.906349  0.502859  1.074336
1919  -0.022886  -0.416260  0.173796
1920  -0.294172  0.571275  0.412892
1921  -0.236093  -0.462529  0.269673
1922  0.631140  -0.798271  1.035574
1923  -0.302852  -0.471646  0.314169
1924  -0.320519  -0.499508  0.352240
1925  -0.331731  0.184396  0.144047
1926  -0.577817  -0.532462  0.617388
1927  0.326634  -0.105883  0.117901
1928  0.661187  -0.328125  0.544834
1929  0.180014  -0.267083  0.103738
1930  0.338629  -0.369131  0.250927
1931  -0.172605  -0.014769  0.030011
1932  -0.053219  0.447072  0.202706
1933  0.074597  0.374406  0.145745
1934  -0.282397  -0.251407  0.142953
1935  -0.522546  -0.177077  0.304411
1936  0.122268  0.203156  0.056222
1937  -0.060418  -0.036351  0.004972
1938  0.336271  0.048958  0.115475
1939  -0.254196  -0.219881  0.112963
1940  -0.229610  -0.165822  0.080218
1941  0.302552  -0.009369  0.091625
1942  -0.110106  0.034822  0.013336
1943  -0.479077  -0.240607  0.287406
1944  -0.167261  0.045099  0.030010
1945  0.268896  -0.155627  0.096525
1946  0.586775  0.052438  0.347054
1947  0.469613  0.090939  0.228806
1948  -0.354119  -0.307557  0.219991
1949  -0.343118  0.261825  0.186282
1950  0.283968  0.264163  0.150420
1951  -0.192933  0.455303  0.244524
1952  0.431397  -0.017051  0.186394
1953  0.544889  0.304294  0.389499
1954  0.143479  -0.497676  0.268268
1955  -0.396948  -0.268254  0.229528
1956  -0.047303  -0.336393  0.115398
1957  0.021067  -0.331292  0.110198
1958  -0.135554  0.378877  0.161923
1959  0.512028  -0.271819  0.336058
1960  -0.349732  0.255326  0.187504
1961  -0.010947  -0.305218  0.093278
1962  -0.355140  0.614226  0.503398
1963  0.390023  -0.211035  0.196654
1964  -0.722526  -0.563364  0.839423
1965  -0.036295  0.237213  0.057587
1966  -0.352396  0.069055  0.128951
1967  -0.230609  0.008228  0.053248
1968  -0.211413  0.236408  0.100584
1969  0.212617  0.148257  0.067186
1970  -0.104005  -0.208639  0.054347
1971  -0.275089  -0.055011  0.078700
1972  0.360422  0.366460  0.264197
1973  0.047125  0.396587  0.159502
1974  -0.274270  -0.317295  0.175900
1975  0.060921  0.383825  0.151033
1976  -0.038355  0.104325  0.012355
1977  -0.033647  -0.245629  0.061466
1978  -0.151973  0.179646  0.055368
1979  0.038605  -0.071090  0.006544
1980  -0.341252  0.308383  0.211553
1981  0.003495  0.137300  0.018863
1982  0.316431  0.311135  0.196934
1983  0.427489  -0.581078  0.520398
1984  -0.290843  -0.070018  0.089492
1985  0.011849  0.234258  0.055017
1986  0.307508  0.265005  0.164789
1987  0.172329  0.058674  0.033140
1988  0.039829  -0.035340  0.002835
1989  0.254970  0.112380  0.077639
1990  -0.024388  -0.059336  0.004116
1991  -0.149303  -0.135448  0.040638
1992  -0.063716  0.491453  0.245586
1993  -0.159601  0.197286  0.064394
1994  -0.060509  0.161767  0.029830
1995  0.198761  0.403984  0.202709
1996  0.220190  0.085969  0.055874
1997  0.391464  0.380042  0.297676
1998  0.394290  -0.276405  0.231864
1999  0.193708  0.362239  0.168740
2000  0.255296  -0.044365  0.067144
2001  -0.138877  0.056274  0.022454
2002  -0.010267  -0.169567  0.028858
2003  -0.186248  0.116275  0.048208
2004  -0.280924  0.203969  0.120522
2005  0.401093  0.081053  0.167445
2006  0.310516  0.069238  0.101214
2007  0.230687  0.065514  0.057508
2008  0.211281  0.340319  0.160457
2009  0.305378  -0.269713  0.166001
2010  -0.451548  -0.322952  0.308193
2011  -0.161920  0.025279  0.026857
2012  0.057113  0.259333  0.070515
2013  -0.029108  0.072243  0.006066
2014  0.089219  -0.255862  0.073426
2015  0.167079  0.173595  0.058051
2016  0.088557  -0.004028  0.007859
2017  -0.310640  -0.109828  0.108560
2018  -0.102021  -0.068740  0.015133
2019  0.042060  -0.093368  0.010487
2020  -0.173494  -0.071656  0.035235
2021  0.178612  0.150244  0.054476
2022  -0.148146  -0.116186  0.035447
2023  -0.007005  -0.238755  0.057053
2024  0.042714  -0.006300  0.001864
2025  0.282653  0.003827  0.079907
2026  0.159266  -0.186474  0.060138
2027  0.104360  0.087983  0.018632
2028  -0.114973  0.053755  0.016108
2029  -0.109117  -0.125711  0.027710
2030  -0.152569  0.050281  0.025805
2031  0.168703  0.163006  0.055032
2032  0.106371  -0.038341  0.012785
2033  0.076540  -0.015717  0.006105
2034  -0.181045  0.105815  0.043974
2035  0.059592  0.024844  0.004168
2036  -0.209611  -0.210605  0.088291
2037  0.084613  -0.160187  0.032819
2038  -0.069535  -0.069635  0.009684
2039  -0.017241  0.215894  0.046908
2040  0.202807  -0.175968  0.072095
2041  0.098726  -0.019805  0.010139
2042  -0.166753  -0.030764  0.028753
2043  0.034399  -0.107060  0.012645
2044  0.063119  0.145077  0.025031
2045  0.188384  -0.164668  0.062604
2046  -0.116570  -0.047887  0.015882
2047  -0.014358  -0.071493  0.005317
