0  -0.055632  -0.001518  0.003097
1  -0.009793  0.020088  0.000499
2  0.008529  0.022731  0.000589
3  0.023068  0.022494  0.001038
4  -0.043246  -0.001898  0.001874
5  0.034825  0.040735  0.002872
6  0.038881  -0.004280  0.001530
7  -0.052220  -0.019013  0.003088
8  0.010248  -0.011428  0.000236
9  -0.014696  0.040874  0.001887
10  0.043115  -0.005779  0.001892
11  -0.033442  -0.032874  0.002199
12  -0.033168  -0.047998  0.003404
13  0.044356  0.016703  0.002246
14  -0.031907  -0.014086  0.001216
15  -0.013868  -0.017106  0.000485
16  0.023133  -0.009287  0.000621
17  0.020189  -0.001356  0.000409
18  -0.059275  -0.000734  0.003514
19  -0.025594  0.002959  0.000664
20  -0.006470  0.026393  0.000738
21  0.028660  0.015355  0.001057
22  -0.062290  -0.008077  0.003945
23  -0.032777  0.042245  0.002859
24  0.080903  -0.000494  0.006546
25  -0.014981  0.014252  0.000428
26  -0.010348  -0.002708  0.000114
27  -0.023120  0.024589  0.001139
28  -0.011924  -0.036988  0.001510
29  -0.066895  -0.018485  0.004817
30  -0.018315  0.016345  0.000603
31  0.090607  -0.015613  0.008453
32  0.007523  -0.064101  0.004166
33  0.010200  -0.046513  0.002268
34  -0.024581  -0.030635  0.001543
35  -0.011345  -0.029702  0.001011
36  -0.006702  -0.030459  0.000973
37  0.007308  -0.026875  0.000776
38  -0.029729  0.000822  0.000884
39  -0.030211  0.009890  0.001011
40  0.010951  0.044809  0.002128
41  0.032802  0.045378  0.003135
42  -0.001484  -0.000401  0.000002
43  -0.010041  0.020317  0.000514
44  -0.037221  -0.010224  0.001490
45  -0.027324  0.014568  0.000959
46  -0.018087  -0.039798  0.001911
47  0.016677  0.005443  0.000308
48  -0.036221  -0.012661  0.001472
49  0.009978  0.010740  0.000215
50  -0.005858  0.003803  0.000049
51  -0.000518  -0.101296  0.010261
52  0.010169  -0.056113  0.003252
53  0.015712  -0.005728  0.000280
54  -0.037776  0.018266  0.001761
55  -0.014336  0.016519  0.000478
56  0.020839  -0.050079  0.002942
57  0.065493  0.027248  0.005032
58  0.027501  -0.020936  0.001195
59  -0.027420  0.020260  0.001162
60  0.016092  -0.003499  0.000271
61  -0.041019  -0.000075  0.001683
62  -0.021945  -0.004787  0.000504
63  -0.045512  -0.015422  0.002309
64  0.031313  0.017602  0.001290
65  -0.023940  0.042686  0.002395
66  -0.016381  -0.048679  0.002638
67  0.005859  -0.000175  0.000034
68  -0.056814  -0.038217  0.004688
69  0.006291  -0.003227  0.000050
70  0.028798  0.020866  0.001265
71  0.063961  0.019448  0.004469
72  -0.019371  0.024966  0.000999
73  -0.005485  -0.013992  0.000226
74  -0.010836  -0.042995  0.001966
75  -0.038129  0.036699  0.002801
76  -0.031742  -0.027234  0.001749
77  0.006219  0.005227  0.000066
78  0.053044  -0.047291  0.005050
79  0.022887  -0.049342  0.002958
80  0.043235  0.007737  0.001929
81  -0.044049  -0.022725  0.002457
82  -0.001968  0.016357  0.000271
83  -0.039201  -0.023885  0.002107
84  -0.030204  -0.029050  0.001756
85  0.044815  -0.016322  0.002275
86  0.039560  0.008553  0.001638
87  -0.034486  0.006556  0.001232
88  -0.053261  -0.023201  0.003375
89  -0.004071  -0.024117  0.000598
90  0.026929  0.009329  0.000812
91  0.013220  -0.005895  0.000210
92  -0.019729  0.002418  0.000395
93  -0.048128  -0.022153  0.002807
94  0.029622  0.023389  0.001424
95  0.014061  0.039384  0.001749
96  -0.039172  -0.026865  0.002256
97  0.006546  0.019051  0.000406
98  0.017788  0.026868  0.001038
99  0.019445  -0.005527  0.000409
100  -0.009328  -0.007138  0.000138
101  -0.003944  -0.001020  0.000017
102  0.025451  0.019987  0.001047
103  -0.015045  -0.043388  0.002109
104  -0.026703  0.042713  0.002537
105  0.044602  -0.012779  0.002153
106  0.021055  -0.036998  0.001812
107  0.040639  0.012525  0.001808
108  -0.052411  0.007068  0.002797
109  -0.029047  0.005460  0.000874
110  -0.020019  -0.027376  0.001150
111  -0.033726  0.005264  0.001165
112  0.007422  -0.008872  0.000134
113  -0.003299  0.005798  0.000044
114  -0.015970  0.036478  0.001586
115  -0.025224  -0.023256  0.001177
116  0.011656  0.039843  0.001723
117  -0.004984  0.015946  0.000279
118  0.015052  0.001973  0.000230
119  -0.003083  -0.001202  0.000011
120  -0.012867  -0.019876  0.000561
121  -0.015826  0.025928  0.000923
122  0.007673  -0.033562  0.001185
123  -0.008391  0.040540  0.001714
124  -0.025968  0.022738  0.001191
125  -0.021729  0.007549  0.000529
126  0.010526  -0.022339  0.000610
127  0.013245  0.031270  0.001153
128  -0.028770  -0.013716  0.001016
129  -0.023023  -0.006788  0.000576
130  -0.012004  0.012406  0.000298
131  -0.039655  0.040270  0.003194
132  0.019786  0.001620  0.000394
133  -0.021533  0.021357  0.000920
134  0.000888  -0.002202  0.000006
135  -0.004060  -0.000352  0.000017
136  0.005380  0.047283  0.002265
137  0.013199  -0.036621  0.001515
138  0.044884  -0.046567  0.004183
139  -0.034184  0.028424  0.001976
140  -0.033142  0.025750  0.001761
141  -0.035276  -0.039575  0.002811
142  0.015129  0.010635  0.000342
143  0.038195  -0.015677  0.001705
144  -0.027373  0.008374  0.000819
145  0.019323  0.045851  0.002476
146  0.024065  -0.031894  0.001596
147  -0.022074  -0.019275  0.000859
148  -0.063235  -0.022763  0.004517
149  0.030462  0.014717  0.001145
150  -0.019765  0.053817  0.003287
151  -0.042598  0.048805  0.004197
152  0.022871  0.010937  0.000643
153  -0.004829  0.024944  0.000646
154  -0.033975  -0.016719  0.001434
155  -0.028232  0.050645  0.003362
156  0.009163  -0.007115  0.000135
157  -0.020731  0.051180  0.003049
158  -0.050425  -0.020429  0.002960
159  0.059256  -0.036154  0.004818
160  0.030452  -0.032284  0.001970
161  0.041950  -0.004444  0.001780
162  0.041238  -0.002693  0.001708
163  -0.016490  0.005552  0.000303
164  0.008106  0.035455  0.001323
165  0.023419  -0.033428  0.001666
166  0.021250  -0.043463  0.002341
167  -0.007893  -0.014781  0.000281
168  -0.049939  0.032539  0.003553
169  -0.002342  -0.016338  0.000272
170  -0.043841  -0.037649  0.003340
171  -0.031857  0.041179  0.002711
172  0.020006  0.026071  0.001080
173  -0.003984  -0.021612  0.000483
174  0.038949  -0.034650  0.002718
175  0.013382  0.006055  0.000216
176  0.018096  0.061740  0.004139
177  -0.006945  0.002017  0.000052
178  -0.058898  -0.012351  0.003622
179  -0.009106  0.059604  0.003636
180  0.001959  -0.004635  0.000025
181  0.057523  -0.004498  0.003329
182  -0.000434  0.016520  0.000273
183  -0.037558  -0.001056  0.001412
184  0.000856  0.016801  0.000283
185  0.026275  0.018473  0.001032
186  -0.021499  -0.016952  0.000750
187  0.037612  0.021137  0.001861
188  0.007859  0.032242  0.001101
189  -0.035957  -0.047527  0.003552
190  -0.012461  0.028989  0.000996
191  0.044833  -0.029299  0.002868
192  -0.055399  0.020672  0.003496
193  0.023559  -0.018564  0.000900
194  0.023585  0.026265  0.001246
195  0.019817  -0.017180  0.000688
196  -0.093450  -0.003006  0.008742
197  -0.008488  -0.021003  0.000513
198  -0.022798  0.055298  0.003578
199  0.009093  0.000830  0.000083
200  0.040395  0.010235  0.001737
201  0.027067  -0.024102  0.001314
202  0.010301  0.013635  0.000292
203  0.013382  -0.033808  0.001322
204  -0.021268  0.024670  0.001061
205  0.032011  0.042374  0.002820
206  0.016038  0.004784  0.000280
207  0.022520  -0.022186  0.000999
208  -0.012498  0.007730  0.000216
209  -0.013740  -0.029663  0.001069
210  -0.035785  0.019221  0.001650
211  -0.036662  0.068412  0.006024
212  -0.019138  -0.009929  0.000465
213  -0.013599  -0.009472  0.000275
214  0.005754  0.012308  0.000185
215  -0.014368  -0.037287  0.001597
216  0.006528  -0.087928  0.007774
217  0.028738  -0.032201  0.001863
218  -0.032074  -0.058532  0.004455
219  0.043235  0.028965  0.002708
220  -0.023622  0.031495  0.001550
221  -0.027175  -0.012969  0.000907
222  0.054370  -0.038158  0.004412
223  0.043169  0.002758  0.001871
224  0.012630  -0.016149  0.000420
225  0.048443  -0.005457  0.002377
226  0.023617  0.077696  0.006594
227  0.037916  0.002181  0.001442
228  -0.020767  -0.034129  0.001596
229  -0.032827  -0.087157  0.008674
230  -0.011470  -0.000028  0.000132
231  -0.029152  -0.068794  0.005582
232  0.012097  0.007740  0.000206
233  -0.047738  0.010638  0.002392
234  -0.009971  0.025315  0.000740
235  0.033774  0.025879  0.001810
236  0.019696  -0.012518  0.000545
237  -0.016290  -0.000369  0.000265
238  -0.005277  -0.024428  0.000625
239  -0.040449  -0.035284  0.002881
240  -0.080010  -0.018695  0.006751
241  -0.028205  -0.031366  0.001779
242  -0.011328  -0.040538  0.001772
243  0.005006  -0.045614  0.002106
244  0.016580  0.003108  0.000285
245  0.043758  -0.015421  0.002153
246  0.031495  -0.047815  0.003278
247  -0.026757  0.046171  0.002848
248  -0.007221  -0.014775  0.000270
249  -0.019680  0.021656  0.000856
250  -0.003926  0.026736  0.000730
251  -0.006039  0.040669  0.001690
252  0.009287  0.028067  0.000874
253  -0.037525  0.003986  0.001424
254  0.003902  -0.004968  0.000040
255  -0.017228  -0.029422  0.001162
256  0.000126  -0.027825  0.000774
257  0.042777  -0.047216  0.004059
258  0.001002  -0.032902  0.001084
259  0.068708  -0.004243  0.004739
260  -0.025654  0.035667  0.001930
261  0.043233  0.008501  0.001941
262  -0.000703  -0.010083  0.000102
263  -0.008014  0.011937  0.000207
264  0.022372  -0.007770  0.000561
265  0.065691  -0.006846  0.004362
266  -0.008855  0.012015  0.000223
267  0.015815  0.052030  0.002957
268  -0.051160  0.028788  0.003446
269  -0.077624  -0.034708  0.007230
270  -0.026725  0.007282  0.000767
271  -0.031630  -0.051163  0.003618
272  0.015121  0.006435  0.000270
273  -0.079921  -0.022245  0.006882
274  -0.026061  -0.020817  0.001112
275  -0.045835  0.018986  0.002461
276  -0.038825  0.016660  0.001785
277  0.019758  0.031513  0.001383
278  0.044463  0.003224  0.001987
279  -0.006903  -0.075900  0.005808
280  0.035422  -0.020363  0.001669
281  -0.006288  -0.008493  0.000112
282  -0.035140  -0.013158  0.001408
283  -0.023801  0.001152  0.000568
284  -0.006410  0.051828  0.002727
285  -0.022391  -0.015598  0.000745
286  -0.008400  0.011518  0.000203
287  -0.010990  -0.018867  0.000477
288  -0.061240  -0.010832  0.003868
289  -0.020653  0.018766  0.000779
290  0.010674  0.013692  0.000301
291  -0.048078  -0.002942  0.002320
292  -0.053423  0.041895  0.004609
293  -0.000534  -0.012634  0.000160
294  -0.017315  -0.032852  0.001379
295  -0.030981  -0.090688  0.009184
296  -0.015885  -0.042786  0.002083
297  0.004349  -0.059522  0.003562
298  -0.027889  -0.011644  0.000913
299  -0.027961  -0.058282  0.004179
300  -0.005367  -0.010990  0.000150
301  -0.032780  -0.007205  0.001126
302  0.045609  -0.049135  0.004494
303  0.046119  -0.000544  0.002127
304  -0.011531  -0.035315  0.001380
305  0.006200  0.007773  0.000099
306  -0.057474  0.013984  0.003499
307  -0.002265  0.014175  0.000206
308  -0.005109  -0.002398  0.000032
309  0.007042  -0.004654  0.000071
310  -0.033569  -0.020184  0.001534
311  0.032424  -0.022481  0.001557
312  0.028490  -0.043225  0.002680
313  0.017361  -0.010903  0.000420
314  -0.010776  -0.027279  0.000860
315  -0.002986  0.013048  0.000179
316  0.053279  0.001116  0.002840
317  0.000013  -0.000667  0.000000
318  0.059043  -0.013632  0.003672
319  -0.000552  0.007993  0.000064
320  -0.002165  -0.007361  0.000059
321  0.000867  -0.004250  0.000019
322  0.020904  0.032914  0.001520
323  -0.027754  -0.019921  0.001167
324  0.001058  -0.035251  0.001244
325  0.038524  0.057603  0.004802
326  -0.007407  -0.032264  0.001096
327  -0.010805  -0.001035  0.000118
328  0.057308  0.036115  0.004588
329  -0.026761  -0.026109  0.001398
330  -0.030918  0.061731  0.004767
331  0.026095  -0.009919  0.000779
332  -0.030498  -0.028512  0.001743
333  -0.012324  -0.055338  0.003214
334  -0.003454  -0.007097  0.000062
335  -0.041375  0.016963  0.002000
336  -0.001343  -0.049976  0.002499
337  0.012991  -0.046099  0.002294
338  0.010345  0.011732  0.000245
339  0.014533  0.026414  0.000909
340  0.034472  0.010909  0.001307
341  0.022859  -0.028481  0.001334
342  -0.044407  0.039655  0.003544
343  -0.017545  0.023278  0.000850
344  -0.046475  -0.021888  0.002639
345  0.003085  0.004382  0.000029
346  -0.039865  0.012354  0.001742
347  0.008226  0.017383  0.000370
348  0.038689  0.031141  0.002467
349  0.030171  0.094395  0.009821
350  -0.023180  0.064387  0.004683
351  0.040416  -0.059022  0.005117
352  -0.005412  0.050886  0.002619
353  0.000366  0.044783  0.002006
354  0.008343  -0.042141  0.001845
355  -0.010780  0.086111  0.007531
356  -0.064709  0.017986  0.004511
357  0.074508  -0.012119  0.005698
358  -0.020577  -0.041972  0.002185
359  0.024748  0.065040  0.004843
360  -0.000930  -0.018566  0.000346
361  0.057663  0.034454  0.004512
362  0.006885  0.039737  0.001626
363  0.015403  0.043026  0.002089
364  -0.035821  0.018912  0.001641
365  -0.054500  -0.016578  0.003245
366  -0.011152  -0.011232  0.000251
367  0.047816  -0.013312  0.002464
368  -0.039234  -0.060376  0.005185
369  -0.023270  -0.077977  0.006622
370  0.017161  -0.012061  0.000440
371  -0.061197  0.073013  0.009076
372  0.020889  0.032641  0.001502
373  -0.033212  -0.008083  0.001168
374  0.021543  0.013822  0.000655
375  -0.041175  -0.040855  0.003365
376  0.037476  0.034667  0.002606
377  0.015285  -0.031133  0.001203
378  -0.003619  -0.027280  0.000757
379  -0.028738  -0.014834  0.001046
380  -0.007481  0.011117  0.000180
381  0.023975  -0.064283  0.004707
382  -0.036535  -0.014292  0.001539
383  -0.023919  -0.009366  0.000660
384  -0.056836  0.030406  0.004155
385  -0.004552  -0.003136  0.000031
386  -0.042231  -0.018254  0.002117
387  -0.025345  0.035846  0.001927
388  -0.055668  0.023738  0.003662
389  0.062419  -0.055044  0.006926
390  -0.022217  0.002677  0.000501
391  0.016899  0.026856  0.001007
392  -0.061308  0.008909  0.003838
393  -0.003319  0.008170  0.000078
394  -0.038418  -0.004211  0.001494
395  0.017384  0.038007  0.001747
396  0.035944  -0.037335  0.002686
397  0.007441  0.013413  0.000235
398  0.003421  -0.027311  0.000758
399  0.004228  -0.026332  0.000711
400  -0.001078  0.006905  0.000049
401  -0.026890  0.043635  0.002627
402  -0.034561  -0.004786  0.001217
403  0.000206  -0.059365  0.003524
404  0.046089  -0.001866  0.002128
405  -0.008253  -0.015449  0.000307
406  -0.009244  -0.030282  0.001002
407  -0.053703  0.026957  0.003611
408  -0.041277  -0.070401  0.006660
409  -0.024253  -0.042984  0.002436
410  0.010668  0.003771  0.000128
411  0.021869  -0.004545  0.000499
412  0.056138  0.007677  0.003210
413  0.041504  -0.006100  0.001760
414  -0.019652  -0.035295  0.001632
415  0.075921  -0.004557  0.005785
416  0.011278  0.029266  0.000984
417  0.009651  0.013454  0.000274
418  -0.025799  -0.087571  0.008334
419  0.054722  -0.017890  0.003315
420  -0.000516  -0.016229  0.000264
421  0.003593  0.030658  0.000953
422  -0.046461  -0.000186  0.002159
423  0.025966  0.057825  0.004018
424  -0.079751  -0.036536  0.007695
425  0.029579  -0.023124  0.001410
426  0.008854  0.037107  0.001455
427  -0.013376  -0.023935  0.000752
428  0.000052  0.028703  0.000824
429  0.014790  0.041268  0.001922
430  0.065268  -0.016821  0.004543
431  -0.067032  -0.019759  0.004884
432  -0.083184  -0.001649  0.006922
433  -0.038102  0.016506  0.001724
434  -0.028325  0.073411  0.006191
435  0.003219  -0.016276  0.000275
436  0.006259  0.058932  0.003512
437  -0.016776  -0.020760  0.000712
438  0.024782  -0.022025  0.001099
439  0.013898  -0.029586  0.001068
440  -0.022625  0.016896  0.000797
441  -0.018575  0.001128  0.000346
442  -0.015374  -0.012568  0.000394
443  -0.006727  0.057367  0.003336
444  0.058186  -0.057505  0.006692
445  0.021612  0.002539  0.000474
446  0.000224  -0.022812  0.000520
447  -0.020939  0.004708  0.000461
448  -0.042266  0.051621  0.004451
449  0.019632  0.006330  0.000425
450  -0.007072  -0.053224  0.002883
451  0.019107  0.033483  0.001486
452  -0.079739  0.020031  0.006760
453  -0.033306  0.061547  0.004897
454  0.029771  0.001670  0.000889
455  -0.049736  0.096311  0.011749
456  0.047588  0.008167  0.002331
457  0.096203  0.007179  0.009307
458  0.011549  0.009615  0.000226
459  0.000038  -0.000360  0.000000
460  0.008382  0.023154  0.000606
461  0.027545  0.038672  0.002254
462  0.035152  0.003668  0.001249
463  -0.007359  -0.010210  0.000158
464  0.011432  0.005652  0.000163
465  -0.027877  0.026281  0.001468
466  0.024067  0.016709  0.000858
467  -0.006923  -0.013780  0.000238
468  0.074227  -0.031958  0.006531
469  -0.009332  0.031790  0.001098
470  -0.013759  0.021335  0.000644
471  -0.055250  -0.061166  0.006794
472  -0.066427  -0.021743  0.004885
473  -0.029817  -0.083923  0.007932
474  -0.020755  -0.067745  0.005020
475  -0.022223  0.016001  0.000750
476  0.036987  0.055100  0.004404
477  0.043097  0.008928  0.001937
478  0.068655  -0.013333  0.004891
479  0.016302  0.054091  0.003192
480  -0.051885  0.088284  0.010486
481  -0.045203  0.032183  0.003079
482  -0.014722  -0.030216  0.001130
483  -0.020673  0.033047  0.001519
484  -0.044942  -0.043047  0.003873
485  -0.020609  -0.030150  0.001334
486  -0.036497  0.042770  0.003161
487  0.028911  -0.032226  0.001874
488  0.042184  0.011165  0.001904
489  0.021774  -0.040059  0.002079
490  0.012873  -0.030831  0.001116
491  -0.026223  0.000935  0.000689
492  -0.004624  0.056478  0.003211
493  0.000030  0.034281  0.001175
494  -0.148885  0.087416  0.029808
495  -0.097265  0.015111  0.009689
496  0.007607  0.009376  0.000146
497  -0.062615  0.009593  0.004013
498  -0.011444  0.019874  0.000526
499  -0.021521  0.001244  0.000465
500  -0.059026  0.058784  0.006940
501  0.008412  -0.056361  0.003247
502  -0.017158  -0.043925  0.002224
503  -0.032518  0.001678  0.001060
504  -0.098128  0.033251  0.010735
505  -0.032910  0.036692  0.002429
506  0.001095  -0.078628  0.006184
507  -0.048118  -0.030677  0.003256
508  0.032248  -0.022487  0.001546
509  -0.018863  0.013643  0.000542
510  -0.029609  0.075258  0.006540
511  0.001742  -0.074811  0.005600
512  -0.033060  0.000323  0.001093
513  -0.050582  0.107021  0.014012
514  0.006102  0.070381  0.004991
515  -0.103263  -0.020486  0.011083
516  -0.040784  0.004290  0.001682
517  0.017288  -0.106174  0.011572
518  -0.025916  0.048874  0.003060
519  -0.034650  -0.031480  0.002192
520  -0.028746  0.033604  0.001956
521  -0.013013  -0.024126  0.000751
522  -0.036833  0.065843  0.005692
523  0.008098  -0.050775  0.002644
524  -0.057420  0.058044  0.006666
525  -0.045789  0.045406  0.004158
526  -0.043561  0.015296  0.002132
527  -0.056262  0.028354  0.003969
528  0.043596  -0.022291  0.002397
529  0.004639  0.087890  0.007746
530  0.001281  0.038530  0.001486
531  -0.076627  -0.029703  0.006754
532  0.029280  -0.036233  0.002170
533  0.057628  0.014736  0.003538
534  0.006008  -0.054113  0.002964
535  -0.015816  -0.066093  0.004618
536  0.092671  0.043868  0.010512
537  -0.007174  -0.011205  0.000177
538  -0.021810  -0.012495  0.000632
539  0.001253  0.005871  0.000036
540  -0.003523  -0.010375  0.000120
541  -0.057912  -0.026285  0.004045
542  -0.026545  -0.032134  0.001737
543  -0.019495  0.045100  0.002414
544  -0.052153  -0.003651  0.002733
545  -0.025311  0.075732  0.006376
546  -0.069783  0.047737  0.007149
547  -0.010989  -0.023899  0.000692
548  -0.020825  -0.031089  0.001400
549  0.010747  -0.036009  0.001412
550  0.030454  0.015475  0.001167
551  -0.032500  -0.000121  0.001056
552  0.076987  -0.028591  0.006744
553  0.017571  -0.039194  0.001845
554  0.024849  -0.031482  0.001609
555  -0.034795  -0.051861  0.003900
556  0.048675  -0.009698  0.002463
557  -0.005006  0.036325  0.001345
558  0.034894  -0.081161  0.007805
559  -0.064175  -0.017487  0.004424
560  -0.001632  -0.025725  0.000664
561  0.057971  0.013479  0.003542
562  -0.013326  0.027379  0.000927
563  0.053248  0.098381  0.012514
564  -0.030596  0.006208  0.000975
565  0.030900  0.031752  0.001963
566  0.026413  0.010779  0.000814
567  -0.090306  -0.135325  0.026468
568  -0.099773  -0.032645  0.011020
569  -0.063979  -0.055646  0.007190
570  -0.008734  0.015691  0.000322
571  0.041301  0.070203  0.006634
572  -0.118112  -0.026143  0.014634
573  -0.037070  -0.020739  0.001804
574  -0.000247  0.015702  0.000247
575  0.027107  0.031070  0.001700
576  -0.002915  0.006250  0.000048
577  0.067946  -0.064762  0.008811
578  -0.024783  0.007342  0.000668
579  0.034631  -0.039608  0.002768
580  0.009634  0.013895  0.000286
581  0.018178  -0.021729  0.000803
582  0.083651  -0.002503  0.007004
583  0.023827  -0.030089  0.001473
584  -0.035550  -0.004149  0.001281
585  0.021845  -0.055813  0.003592
586  -0.082542  0.040539  0.008457
587  0.013373  0.000249  0.000179
588  -0.011893  0.057596  0.003459
589  0.004201  -0.052401  0.002763
590  -0.082593  -0.014670  0.007037
591  0.004568  -0.017705  0.000334
592  0.027731  0.045827  0.002869
593  0.023262  0.021464  0.001002
594  0.118534  -0.060138  0.017667
595  0.016835  -0.011939  0.000426
596  -0.020662  0.070180  0.005352
597  -0.051790  -0.045056  0.004712
598  0.004804  0.042130  0.001798
599  -0.056551  -0.046789  0.005387
600  0.063137  0.002271  0.003991
601  -0.030851  -0.077386  0.006940
602  0.029997  0.089634  0.008934
603  0.076885  -0.034486  0.007101
604  0.006432  -0.115931  0.013481
605  0.053710  -0.064489  0.007044
606  0.002768  -0.011653  0.000143
607  0.031908  -0.075572  0.006729
608  -0.092897  -0.036790  0.009983
609  -0.040152  0.022673  0.002126
610  0.050560  -0.030401  0.003481
611  0.022200  -0.043766  0.002408
612  0.031715  0.049783  0.003484
613  -0.069653  0.024987  0.005476
614  -0.014617  0.029196  0.001066
615  -0.070617  0.016981  0.005275
616  0.021123  0.115400  0.013763
617  0.036668  0.162359  0.027705
618  -0.057336  -0.060361  0.006931
619  -0.009235  0.043458  0.001974
620  -0.076220  0.004018  0.005826
621  0.015110  -0.051693  0.002901
622  0.020229  -0.042092  0.002181
623  -0.041852  -0.084116  0.008827
624  -0.013362  0.096541  0.009499
625  0.018006  0.040635  0.001975
626  -0.014208  -0.002789  0.000210
627  0.049374  0.025223  0.003074
628  -0.012791  0.083162  0.007080
629  0.047550  0.068633  0.006971
630  -0.126282  0.004914  0.015971
631  -0.005201  -0.020987  0.000468
632  -0.007487  0.055968  0.003189
633  -0.046535  0.014948  0.002389
634  0.016822  -0.000390  0.000283
635  0.003474  0.036076  0.001314
636  0.080134  0.058174  0.009806
637  0.057066  -0.002076  0.003261
638  -0.057484  -0.021436  0.003764
639  -0.040414  -0.032434  0.002685
640  -0.046387  -0.071609  0.007280
641  -0.167745  -0.032930  0.029223
642  -0.025724  -0.051784  0.003343
643  -0.030032  0.031983  0.001925
644  -0.060512  0.033769  0.004802
645  -0.066023  0.082306  0.011133
646  -0.012447  -0.001038  0.000156
647  0.031900  0.093104  0.009686
648  -0.125196  -0.059282  0.019188
649  -0.100012  -0.021362  0.010459
650  0.008182  -0.054609  0.003049
651  -0.080192  -0.139485  0.025887
652  0.017077  -0.127487  0.016545
653  0.075076  0.010887  0.005755
654  0.005685  0.098516  0.009738
655  0.011272  0.086746  0.007652
656  -0.086103  0.041959  0.009174
657  0.097388  0.035275  0.010729
658  0.012708  0.004120  0.000178
659  -0.079893  0.029602  0.007259
660  -0.025224  0.036242  0.001950
661  0.034320  -0.025912  0.001849
662  0.014689  -0.020051  0.000618
663  0.091166  0.090628  0.016525
664  0.085969  -0.027723  0.008159
665  -0.056523  0.009249  0.003280
666  -0.112663  0.017812  0.013010
667  0.082553  0.021574  0.007280
668  -0.115664  0.066676  0.017824
669  -0.021650  -0.040046  0.002072
670  0.011818  -0.008718  0.000216
671  -0.099319  -0.064907  0.014077
672  -0.047737  0.178824  0.034257
673  -0.113191  0.124462  0.028303
674  -0.071250  -0.001388  0.005078
675  -0.017604  -0.040159  0.001923
676  0.013059  -0.056096  0.003317
677  -0.033553  0.025543  0.001778
678  -0.008841  -0.023051  0.000609
679  0.125652  -0.154793  0.039749
680  -0.108282  0.158337  0.036796
681  -0.114731  0.079332  0.019457
682  0.026320  0.001006  0.000694
683  -0.038138  -0.012156  0.001602
684  0.013449  0.078232  0.006301
685  0.036272  0.037362  0.002712
686  0.047916  -0.038093  0.003747
687  0.062470  0.041063  0.005589
688  0.084947  -0.017345  0.007517
689  -0.076148  0.074889  0.011407
690  -0.189004  0.016915  0.036009
691  -0.016604  0.041488  0.001997
692  0.034565  0.078499  0.007357
693  -0.082753  -0.051917  0.009543
694  0.122400  -0.044816  0.016990
695  -0.029008  -0.069709  0.005701
696  0.096885  0.006582  0.009430
697  -0.017818  -0.053333  0.003162
698  -0.013189  0.027699  0.000941
699  0.033889  0.081567  0.007802
700  -0.001374  -0.045263  0.002051
701  0.169757  0.003395  0.028829
702  0.076958  0.058228  0.009313
703  -0.086360  0.102991  0.018065
704  0.007923  -0.058005  0.003427
705  0.001135  -0.030832  0.000952
706  -0.232125  -0.086118  0.061298
707  0.031645  0.042534  0.002811
708  -0.067059  0.123271  0.019693
709  0.058032  0.068649  0.008080
710  0.015979  0.176587  0.031438
711  -0.199064  -0.054792  0.042629
712  -0.185626  -0.064324  0.038594
713  -0.051432  0.076472  0.008493
714  -0.071111  -0.072485  0.010311
715  -0.157120  0.247330  0.085859
716  -0.021523  -0.018652  0.000811
717  0.020773  0.028719  0.001256
718  -0.050689  0.160121  0.028208
719  -0.045767  -0.068411  0.006775
720  -0.026066  -0.077282  0.006652
721  -0.008326  -0.007395  0.000124
722  0.019757  -0.002233  0.000395
723  0.107313  0.134758  0.029676
724  0.022197  0.052216  0.003219
725  0.168516  -0.093961  0.037226
726  0.166350  0.026907  0.028396
727  0.083004  0.160423  0.032625
728  -0.108380  -0.010238  0.011851
729  -0.091998  -0.003366  0.008475
730  -0.050215  0.063432  0.006545
731  0.006426  -0.132992  0.017728
732  0.032883  0.012242  0.001231
733  -0.133866  -0.011776  0.018059
734  -0.016707  0.014164  0.000480
735  0.144032  0.112591  0.033422
736  0.006717  -0.167622  0.028142
737  0.055332  0.132431  0.020600
738  0.057064  0.076746  0.009146
739  -0.067738  -0.132548  0.022158
740  -0.032154  -0.177815  0.032652
741  -0.066534  -0.005013  0.004452
742  -0.106477  0.076551  0.017197
743  -0.105984  -0.154160  0.034998
744  0.101883  -0.003482  0.010392
745  -0.044465  -0.027953  0.002758
746  -0.230294  -0.161576  0.079142
747  -0.028349  0.070254  0.005739
748  -0.045747  0.101542  0.012404
749  -0.211303  0.024086  0.045229
750  0.074930  -0.020426  0.006032
751  -0.163330  0.061914  0.030510
752  -0.251956  -0.040391  0.065113
753  0.036708  0.019364  0.001722
754  0.042647  0.047835  0.004107
755  -0.007309  0.049635  0.002517
756  0.061883  0.088761  0.011708
757  0.148563  -0.037686  0.023491
758  0.091137  -0.155090  0.032359
759  0.093758  0.056235  0.011953
760  0.108261  -0.066208  0.016104
761  -0.088669  -0.039029  0.009385
762  0.029592  0.129534  0.017655
763  -0.086129  0.036064  0.008719
764  -0.095901  0.187748  0.044446
765  -0.122517  -0.005166  0.015037
766  -0.172155  -0.022901  0.030162
767  -0.010240  0.052291  0.002839
768  -0.002304  0.072625  0.005280
769  0.001594  -0.034126  0.001167
770  0.116156  0.010968  0.013613
771  0.186828  0.064697  0.039091
772  -0.095567  0.103869  0.019922
773  0.067864  -0.251841  0.068030
774  0.155818  -0.039282  0.025822
775  -0.029958  -0.015421  0.001135
776  0.135808  -0.137219  0.037273
777  0.192658  0.006593  0.037160
778  -0.126234  0.008099  0.016001
779  0.149534  -0.215343  0.068733
780  -0.003011  -0.037922  0.001447
781  -0.096797  0.107483  0.020922
782  0.026388  -0.158583  0.025845
783  0.127467  -0.208669  0.059791
784  -0.001997  0.006473  0.000046
785  -0.151834  -0.076531  0.028911
786  -0.075815  -0.041362  0.007459
787  -0.285991  -0.016863  0.082075
788  0.089967  -0.225837  0.059096
789  -0.211906  0.226689  0.096292
790  -0.028410  -0.103823  0.011586
791  0.138686  0.007700  0.019293
792  0.071809  0.020188  0.005564
793  -0.097078  -0.166450  0.037130
794  0.266863  0.031984  0.072239
795  -0.109392  -0.212304  0.057040
796  0.051936  0.255353  0.067902
797  0.078690  -0.024289  0.006782
798  -0.332941  0.145851  0.132122
799  0.075202  -0.116267  0.019173
800  -0.055713  -0.161275  0.029113
801  -0.126726  0.030442  0.016986
802  0.216384  0.018393  0.047160
803  -0.011582  -0.121630  0.014928
804  -0.161198  -0.020063  0.026387
805  -0.217860  0.277324  0.124372
806  -0.108753  0.374903  0.152379
807  -0.259759  0.239740  0.124950
808  0.048031  0.359038  0.131215
809  0.073395  0.344091  0.123786
810  -0.253789  -0.085718  0.071757
811  -0.251175  -0.048199  0.065412
812  0.121542  0.000952  0.014773
813  -0.057881  0.203209  0.044644
814  -0.109367  -0.429265  0.196230
815  -0.032860  0.081781  0.007768
816  -0.313662  -0.223488  0.148331
817  -0.235687  -0.127906  0.071908
818  0.131210  0.083894  0.024254
819  0.007170  -0.042613  0.001867
820  0.272616  0.011909  0.074461
821  0.173239  0.235496  0.085470
822  -0.013073  0.164215  0.027137
823  -0.197375  0.079405  0.045262
824  -0.113337  -0.028175  0.013639
825  -0.356273  0.307928  0.221750
826  0.055745  -0.090462  0.011291
827  0.007357  -0.301183  0.090765
828  -0.103413  0.243927  0.070195
829  0.194781  0.012993  0.038109
830  -0.003552  0.146452  0.021461
831  -0.141218  0.333836  0.131389
832  0.241625  -0.089039  0.066310
833  -0.135015  -0.069641  0.023079
834  -0.023243  0.263165  0.069796
835  -0.039473  -0.194471  0.039377
836  -0.438505  -0.103419  0.202982
837  0.129349  -0.007732  0.016791
838  0.287864  0.101766  0.093222
839  -0.294555  0.098293  0.096424
840  -0.060496  0.139752  0.023190
841  0.185896  0.239595  0.091963
842  -0.309152  -0.130298  0.112552
843  0.104194  0.171498  0.040268
844  -0.335842  -0.101007  0.122992
845  -0.251361  -0.067372  0.067721
846  -0.275195  0.205981  0.118160
847  -0.218492  0.104738  0.058709
848  0.132338  -0.138023  0.036563
849  -0.094243  -0.092707  0.017476
850  -0.115628  0.387025  0.163158
851  -0.119380  -0.067248  0.018774
852  -0.223894  -0.250371  0.112814
853  0.221677  0.049987  0.051639
854  -0.461215  -0.069138  0.217500
855  0.142692  0.065887  0.024702
856  -0.094023  0.053616  0.011715
857  -0.137450  0.318844  0.120554
858  -0.228178  0.075127  0.057709
859  0.123578  0.005070  0.015297
860  -0.308955  0.107665  0.107045
861  0.048411  -0.327192  0.109398
862  -0.062476  0.113194  0.016716
863  0.112279  -0.236137  0.068367
864  0.088767  0.054763  0.010879
865  -0.044030  0.112377  0.014567
866  0.013277  0.144270  0.020990
867  -0.123984  0.062430  0.019270
868  0.162533  -0.045862  0.028520
869  0.184926  -0.211616  0.078979
870  0.035666  0.251469  0.064508
871  -0.016607  0.130878  0.017405
872  -0.274472  0.200389  0.115491
873  0.151497  0.209844  0.066986
874  -0.157061  0.198196  0.063950
875  0.026873  0.140958  0.020591
876  -0.137182  -0.162876  0.045347
877  -0.254341  -0.058635  0.068127
878  0.023375  0.515261  0.266040
879  -0.522854  -0.010077  0.273478
880  -0.147428  0.001233  0.021737
881  0.212614  0.463460  0.260000
882  -0.173662  -0.152746  0.053490
883  0.128175  0.129203  0.033122
884  -0.440829  0.497565  0.441901
885  -0.273194  -0.041936  0.076393
886  -0.354739  -0.250864  0.188772
887  -0.150932  -0.378676  0.166176
888  0.076498  -0.371290  0.143708
889  -0.012698  0.110400  0.012349
890  -0.086444  -0.134654  0.025604
891  0.311100  -0.273324  0.171489
892  0.215613  -0.165172  0.073771
893  -0.136678  -0.171069  0.047945
894  -0.249129  0.132773  0.079694
895  -0.209074  -0.151822  0.066762
896  -0.018987  -0.088938  0.008271
897  0.373104  -0.049875  0.141694
898  -0.293638  0.109721  0.098262
899  0.271217  -0.124570  0.089076
900  0.103487  -0.078972  0.016946
901  0.137253  0.348565  0.140336
902  0.032474  -0.174073  0.031356
903  -0.079480  0.133610  0.024169
904  0.302725  -0.082231  0.098404
905  -0.157026  0.023558  0.025212
906  0.172796  -0.067238  0.034380
907  -0.128325  -0.285855  0.098180
908  -0.192659  -0.295612  0.124504
909  0.276629  -0.096462  0.085829
910  0.104678  0.402551  0.173005
911  -0.161119  -0.156657  0.050501
912  0.464097  0.265051  0.285638
913  0.144762  -0.122550  0.035975
914  -0.232507  -0.252706  0.117920
915  -0.095609  0.245051  0.069191
916  0.078370  -0.105946  0.017366
917  0.322897  -0.199390  0.144019
918  -0.524337  -0.057738  0.278263
919  -0.003939  0.100522  0.010120
920  0.111194  -0.393290  0.167041
921  -0.520251  -0.381068  0.415874
922  -0.295381  -0.056844  0.090481
923  -0.220553  0.277865  0.125852
924  0.240487  -0.183730  0.091591
925  -0.243538  -0.008376  0.059381
926  -0.017307  -0.051252  0.002926
927  0.097075  -0.213741  0.055109
928  -0.272542  0.107696  0.085877
929  -0.181955  -0.456381  0.241391
930  -0.227581  -0.648922  0.472893
931  0.631121  0.026904  0.399037
932  0.046479  0.324024  0.107152
933  0.023213  -0.007871  0.000601
934  -0.083868  0.504004  0.261054
935  0.271368  -0.247794  0.135043
936  -0.156040  0.186876  0.059271
937  0.389751  -0.500980  0.402887
938  -0.125093  0.010266  0.015754
939  -0.497795  0.196534  0.286425
940  -0.140004  -0.188771  0.055236
941  0.105161  0.287936  0.093966
942  -0.220342  -0.181369  0.081445
943  -0.156214  -0.183277  0.057993
944  -0.262381  -0.129237  0.085546
945  -0.138694  0.308613  0.114478
946  0.060421  -0.201024  0.044061
947  -0.110550  -0.215615  0.058711
948  0.165283  -0.215847  0.073908
949  -0.038673  -0.143073  0.021966
950  -0.381906  -0.258722  0.212789
951  0.063758  -0.189863  0.040113
952  0.185400  0.249327  0.096537
953  0.250980  0.644569  0.478460
954  0.046762  0.201619  0.042837
955  -0.069748  0.156682  0.029414
956  -0.227672  0.410541  0.220378
957  -0.127764  0.541289  0.309317
958  0.107770  -0.116702  0.025234
959  0.259508  0.216026  0.114012
960  0.075876  -0.378365  0.148917
961  -0.083090  0.358001  0.135069
962  -0.078565  0.240594  0.064058
963  -0.170168  -0.313643  0.127329
964  -0.496806  0.291094  0.331552
965  -0.109897  -0.230073  0.065011
966  0.091626  -0.602345  0.371215
967  -0.605101  0.416024  0.539223
968  -0.112333  0.034260  0.013792
969  0.054550  0.105777  0.014164
970  -0.147431  0.213055  0.067128
971  -0.192771  -0.194799  0.075107
972  -0.211574  0.049553  0.047219
973  0.156376  -0.465473  0.241118
974  -0.176814  0.406708  0.196674
975  -0.018706  -0.365339  0.133822
976  -0.239899  -0.057734  0.060885
977  -0.170457  0.295117  0.116149
978  -0.286737  -0.098864  0.091992
979  0.269705  0.158212  0.097772
980  -0.482473  -0.050857  0.235366
981  0.102566  -0.320397  0.113174
982  0.203580  -0.386403  0.190752
983  -0.003804  0.124914  0.015618
984  -0.458341  0.110031  0.222183
985  0.092801  -0.327795  0.116061
986  0.074030  0.239536  0.062858
987  -0.525284  -0.395561  0.432392
988  -0.027763  0.018950  0.001130
989  0.316017  0.691213  0.577642
990  0.231351  0.182941  0.086991
991  0.043998  0.061140  0.005674
992  0.237888  -0.076406  0.062429
993  0.289052  -0.146882  0.105126
994  0.204778  0.495199  0.287156
995  0.293963  0.138272  0.105533
996  -0.400098  0.056523  0.163273
997  0.007913  0.176491  0.031212
998  0.459514  -0.241038  0.269252
999  0.329999  -0.078967  0.115135
1000  0.245909  -0.239666  0.117911
1001  -0.252513  -0.045116  0.065798
1002  -0.238794  -0.062528  0.060932
1003  0.351408  0.111811  0.135989
1004  0.360928  0.204835  0.172227
1005  0.181447  0.112490  0.045577
1006  -0.310258  0.119529  0.110547
1007  0.170629  0.362148  0.160265
1008  0.170912  0.142199  0.049432
1009  -0.094702  -0.013436  0.009149
1010  -0.071834  0.771934  0.601043
1011  -0.499857  0.234147  0.304682
1012  -0.397955  0.049757  0.160844
1013  -0.276620  0.109639  0.088539
1014  0.800770  0.034143  0.642398
1015  0.372201  0.009697  0.138628
1016  0.108217  -0.457175  0.220720
1017  -0.089376  0.290069  0.092128
1018  -0.017265  0.426068  0.181832
1019  0.235261  -0.415033  0.227600
1020  0.116496  0.480994  0.244927
1021  0.037224  -0.236280  0.057214
1022  0.160031  0.012406  0.025764
1023  -0.109406  0.279880  0.090302
1024  0.033606  -0.770476  0.594762
1025  -0.185230  0.514527  0.299048
1026  0.054436  -0.226062  0.054067
1027  0.098632  -0.304108  0.102210
1028  0.269632  0.161527  0.098793
1029  0.074320  0.442938  0.201717
1030  -0.214712  0.387911  0.196576
1031  0.965038  -0.107419  0.942837
1032  0.420762  0.099721  0.186985
1033  -0.036665  -0.259659  0.068767
1034  0.021474  -0.417972  0.175161
1035  -0.217470  -0.393103  0.201823
1036  0.565090  -0.150715  0.342042
1037  -0.063800  -0.017970  0.004393
1038  -0.059634  -0.206431  0.046170
1039  -0.199235  0.722888  0.562262
1040  0.239047  0.175805  0.088051
1041  -0.305355  -0.403993  0.256452
1042  0.369363  -0.312049  0.233804
1043  0.120038  0.224986  0.065028
1044  0.403088  -0.118909  0.176620
1045  -0.234495  0.283538  0.135382
1046  0.105095  0.096372  0.020332
1047  0.082672  0.072584  0.012103
1048  0.151696  -0.841890  0.731790
1049  0.354019  -0.523209  0.399077
1050  0.096107  0.060482  0.012895
1051  0.083567  -0.262999  0.076152
1052  -0.150377  0.670163  0.471731
1053  -0.234884  -1.054292  1.166702
1054  0.324302  0.094632  0.114127
1055  -0.658238  0.626214  0.825421
1056  0.050344  0.112852  0.015270
1057  0.577214  -0.035833  0.334460
1058  0.132550  0.531533  0.300096
1059  -0.341175  0.831087  0.807106
1060  0.533942  -0.159962  0.310682
1061  0.252073  0.181466  0.096471
1062  -0.157018  -0.215054  0.070903
1063  0.341294  -0.371382  0.254407
1064  -0.622458  0.004650  0.387475
1065  -0.165643  0.239029  0.084572
1066  -0.258424  -0.094340  0.075683
1067  -0.503651  -0.491320  0.495060
1068  -0.463550  -0.599484  0.574260
1069  0.235017  0.545057  0.352320
1070  -0.271194  -0.256767  0.139476
1071  0.238111  0.369417  0.193166
1072  -0.404940  0.164882  0.191163
1073  0.283398  -0.173615  0.110457
1074  0.501302  -0.327853  0.358792
1075  0.209230  0.272794  0.118194
1076  0.092640  -0.540255  0.300458
1077  -0.191174  0.073848  0.042001
1078  -0.237969  0.187639  0.091838
1079  -0.005881  -0.263414  0.069422
1080  0.361751  0.336084  0.243816
1081  0.526589  0.115332  0.290597
1082  0.502618  0.815683  0.917964
1083  0.071666  -0.022903  0.005661
1084  -0.320194  -0.227725  0.154383
1085  -0.131209  -0.279255  0.095199
1086  0.276107  0.091264  0.084564
1087  0.047839  0.097737  0.011841
1088  -0.122000  0.391600  0.168235
1089  -0.202969  0.109598  0.053208
1090  -0.545965  -0.396005  0.454897
1091  -0.089793  0.080355  0.014520
1092  -0.182738  -0.388836  0.184587
1093  -0.288489  -0.301062  0.173864
1094  -0.288926  0.522683  0.356675
1095  0.652189  -0.309427  0.521096
1096  0.105321  0.436063  0.201243
1097  0.496788  -0.129775  0.263640
1098  0.062788  -0.421217  0.181366
1099  0.454287  0.160525  0.232145
1100  0.155835  -0.251395  0.087484
1101  0.110746  -0.191318  0.048867
1102  -0.296625  0.556380  0.397545
1103  -0.324742  0.992676  1.090863
1104  0.053294  -0.244378  0.062561
1105  -0.251408  0.460507  0.275272
1106  0.180679  -0.304213  0.125190
1107  0.537163  -0.313654  0.386923
1108  0.836060  0.060112  0.702610
1109  -0.227475  -0.390551  0.204275
1110  0.111663  -0.706836  0.512086
1111  0.785745  0.245474  0.677652
1112  -0.055962  0.321902  0.106753
1113  -0.442444  -0.013181  0.195930
1114  -0.201129  0.133686  0.058325
1115  0.129296  0.652082  0.441928
1116  0.234508  -0.465238  0.271440
1117  0.168173  -0.068767  0.033011
1118  0.033070  -0.332597  0.111714
1119  0.579230  -0.354987  0.461524
1120  0.688418  -0.060474  0.477576
1121  0.698402  0.306470  0.581689
1122  -0.577886  -0.074167  0.339453
1123  -0.172092  -0.131643  0.046946
1124  0.166063  -0.103168  0.038220
1125  0.256646  0.371201  0.203657
1126  -0.502097  -0.162221  0.278417
1127  -0.181450  -0.685925  0.503417
1128  0.140272  -0.524357  0.294627
1129  0.736520  0.225687  0.593396
1130  0.176903  -0.060414  0.034945
1131  -0.301838  0.110268  0.103265
1132  0.037221  -0.345343  0.120648
1133  -0.012593  -0.523675  0.274394
1134  -0.560940  0.075329  0.320329
1135  -0.241544  0.348685  0.179925
1136  0.972872  -0.100117  0.956503
1137  0.117476  -0.076038  0.019582
1138  -0.189765  -0.162501  0.062417
1139  0.054094  0.331877  0.113068
1140  -0.829383  0.198516  0.727285
1141  0.266610  0.422173  0.249311
1142  -0.158552  0.101218  0.035384
1143  -0.021765  0.553898  0.307277
1144  0.537307  0.483989  0.522944
1145  0.108993  -0.392588  0.166005
1146  -0.464759  -1.091542  1.407466
1147  0.223547  0.846977  0.767344
1148  -0.079610  0.201778  0.047052
1149  0.263762  0.072422  0.074815
1150  -0.535921  -0.473986  0.511874
1151  0.131691  -0.251329  0.080509
1152  -0.266938  -0.569883  0.396023
1153  -0.795409  -0.191519  0.669355
1154  -0.649940  0.660715  0.858966
1155  -0.351029  -0.311006  0.219946
1156  -0.616540  -0.142257  0.400359
1157  0.713015  0.211166  0.552981
1158  -0.000864  -0.348702  0.121594
1159  0.054935  0.361448  0.133663
1160  -0.025705  -0.840752  0.707525
1161  -0.237285  -0.312398  0.153897
1162  0.263107  -0.542628  0.363670
1163  0.025472  0.069561  0.005488
1164  -0.020965  0.346005  0.120159
1165  0.124268  -0.449903  0.217855
1166  0.041240  -0.086109  0.009115
1167  -0.055198  0.059933  0.006639
1168  0.120972  -0.023991  0.015210
1169  0.011569  -0.046090  0.002258
1170  -0.102417  0.384036  0.157973
1171  0.299969  0.349033  0.211806
1172  -0.275714  -0.233925  0.130739
1173  0.421627  0.116688  0.191386
1174  0.607896  -0.082566  0.376355
1175  -0.183524  0.279855  0.112000
1176  -0.149213  0.138689  0.041499
1177  0.084817  0.433326  0.194966
1178  -0.156390  -0.178499  0.056320
1179  0.032734  -0.529030  0.280944
1180  0.294412  0.339832  0.202165
1181  0.280541  -0.413266  0.249492
1182  0.321098  0.173126  0.133077
1183  -0.037939  -0.045316  0.003493
1184  -0.136541  -0.153557  0.042223
1185  -0.451611  -0.096196  0.213207
1186  -0.510964  0.665994  0.704633
1187  0.235152  -0.389567  0.207059
1188  0.313087  0.144302  0.118847
1189  0.077249  -0.076243  0.011780
1190  -0.163674  0.365541  0.160409
1191  -0.018024  -0.206283  0.042878
1192  -0.038517  -0.209945  0.045561
1193  0.944543  -0.001272  0.892164
1194  -0.040528  -0.707725  0.502517
1195  -0.003037  0.213650  0.045656
1196  0.218483  -0.166681  0.075517
1197  -0.137044  0.043947  0.020712
1198  0.033435  0.200953  0.041500
1199  0.280500  0.550049  0.381234
1200  0.128998  -0.295931  0.104216
1201  -0.375452  -0.193224  0.178300
1202  -0.030014  -0.075656  0.006625
1203  -0.118314  0.472237  0.237005
1204  -0.084827  0.376291  0.148791
1205  -0.400197  0.064021  0.164256
1206  -0.580132  0.744369  0.890639
1207  0.193222  0.271669  0.111139
1208  -0.133251  -0.250872  0.080693
1209  -0.822276  0.579084  1.011476
1210  -0.237372  -0.666084  0.500013
1211  0.057841  -0.216992  0.050431
1212  -0.061543  -0.224754  0.054302
1213  0.078935  0.191547  0.042921
1214  -0.139261  0.120258  0.033856
1215  0.127606  -0.071861  0.021447
1216  -0.130132  0.396210  0.173916
1217  0.653466  -0.313702  0.525427
1218  -0.322021  -0.530765  0.385409
1219  -0.438920  0.097007  0.202061
1220  0.370628  0.046906  0.139565
1221  -0.273142  0.014323  0.074812
1222  -0.010624  -0.235439  0.055545
1223  0.039054  -0.216894  0.048568
1224  -0.258406  0.068612  0.071481
1225  0.188534  -0.127873  0.051896
1226  0.197023  0.206518  0.081467
1227  0.695776  -0.015462  0.484343
1228  -0.337388  0.125203  0.129506
1229  0.462377  -0.332663  0.324457
1230  0.277667  0.623573  0.465942
1231  0.297769  0.101806  0.099031
1232  -0.109357  -0.118588  0.026022
1233  0.314959  0.185673  0.133674
1234  0.065242  0.008150  0.004323
1235  -0.309925  0.098998  0.105854
1236  0.457044  0.278871  0.286658
1237  0.036528  0.280918  0.080249
1238  0.294681  -0.041154  0.088531
1239  -0.174904  0.372441  0.169304
1240  -0.072692  0.383957  0.152707
1241  -0.249967  -0.092620  0.071062
1242  -0.143172  -0.184162  0.054414
1243  -0.142030  -0.218775  0.068035
1244  -0.021605  0.027889  0.001245
1245  -0.047190  -0.115930  0.015667
1246  -0.075631  -0.477405  0.233636
1247  -0.117790  -0.161365  0.039913
1248  0.274443  0.754393  0.644428
1249  0.287073  0.471919  0.305118
1250  -0.131875  -0.301184  0.108103
1251  0.071876  -0.324082  0.110196
1252  0.027408  -0.276899  0.077424
1253  -0.318214  0.182269  0.134482
1254  0.464105  -0.604953  0.581361
1255  -0.252334  0.145132  0.084736
1256  -0.100355  0.573622  0.339113
1257  0.039842  -0.210271  0.045801
1258  0.188073  -0.086287  0.042817
1259  0.161516  0.333300  0.137176
1260  -0.341052  0.288074  0.199304
1261  0.188727  -0.347387  0.156295
1262  0.510921  0.045877  0.263145
1263  -0.198536  -0.137513  0.058326
1264  -0.113172  -0.287129  0.095251
1265  0.122621  -0.008902  0.015115
1266  0.033514  0.159876  0.026683
1267  0.655666  0.438258  0.621968
1268  0.131165  -0.069801  0.022076
1269  -0.351815  -0.337553  0.237716
1270  -0.187317  0.275400  0.110933
1271  -0.223519  -0.178561  0.081845
1272  0.190456  0.245551  0.096569
1273  0.079368  -0.186267  0.040995
1274  -0.046013  0.105814  0.013314
1275  0.104105  0.046755  0.013024
1276  0.125865  -0.098494  0.025543
1277  0.028113  -0.722570  0.522898
1278  0.088600  0.049130  0.010264
1279  -0.428064  0.058768  0.186693
1280  -0.036831  0.367411  0.136348
1281  0.037881  0.199776  0.041345
1282  -0.028982  0.313833  0.099331
1283  -0.020609  -0.509480  0.259995
1284  -0.002278  -0.093517  0.008751
1285  -0.300634  -0.150934  0.113162
1286  0.004417  0.073487  0.005420
1287  0.083748  -0.010384  0.007122
1288  0.350699  0.236765  0.179048
1289  0.428069  0.072579  0.188511
1290  -0.077658  0.171112  0.035310
1291  0.503591  -0.025387  0.254249
1292  -0.132655  -0.480922  0.248883
1293  -0.227843  -0.266319  0.122838
1294  0.053706  -0.450455  0.205794
1295  -0.356379  0.017446  0.127311
1296  -0.118147  -0.060528  0.017622
1297  0.155291  -0.261735  0.092620
1298  -0.031102  0.013218  0.001142
1299  0.275425  -0.036563  0.077196
1300  0.023483  -0.126811  0.016633
1301  0.111464  -0.074173  0.017926
1302  -0.154120  0.364190  0.156387
1303  -0.302040  0.070236  0.096161
1304  0.005777  -0.283910  0.080638
1305  0.076292  -0.130802  0.022930
1306  0.003825  -0.415860  0.172954
1307  -0.135097  -0.359221  0.147291
1308  -0.089548  0.096359  0.017304
1309  -0.083358  0.190910  0.043395
1310  -0.095763  -0.059352  0.012693
1311  -0.284861  -0.243700  0.140535
1312  -0.229138  -0.193495  0.089944
1313  -0.213686  0.326367  0.152177
1314  -0.213697  0.198831  0.085200
1315  -0.072789  -0.072654  0.010577
1316  0.229937  0.295931  0.140446
1317  -0.000101  0.078096  0.006099
1318  -0.049898  -0.008013  0.002554
1319  0.111216  -0.102208  0.022815
1320  -0.118089  -0.024855  0.014563
1321  0.004785  0.038517  0.001506
1322  -0.034114  0.018782  0.001517
1323  -0.045228  0.148999  0.024246
1324  0.130267  0.170643  0.046089
1325  0.028467  -0.387113  0.150667
1326  0.363849  0.097583  0.141909
1327  0.039833  0.132461  0.019133
1328  -0.128274  -0.009342  0.016542
1329  0.202723  0.072625  0.046371
1330  0.041774  -0.276591  0.078248
1331  -0.015406  0.211056  0.044782
1332  0.127628  -0.067755  0.020880
1333  -0.204552  -0.035732  0.043118
1334  0.011860  0.005207  0.000168
1335  0.179218  -0.095306  0.041203
1336  -0.296125  0.170949  0.116914
1337  -0.015967  0.021636  0.000723
1338  0.015152  -0.140809  0.020057
1339  -0.095352  -0.084449  0.016224
1340  0.388553  -0.100361  0.161046
1341  0.063860  0.017756  0.004393
1342  -0.173347  0.114752  0.043217
1343  -0.281816  -0.072095  0.084618
1344  -0.246145  -0.197963  0.099776
1345  -0.153479  -0.022390  0.024057
1346  0.117511  0.070752  0.018815
1347  -0.222844  0.010278  0.049765
1348  -0.320613  0.277531  0.179816
1349  -0.350520  0.247182  0.183963
1350  0.088373  0.069131  0.012589
1351  -0.023186  0.215217  0.046856
1352  0.072024  -0.101958  0.015583
1353  -0.053889  0.006779  0.002950
1354  0.367308  -0.025449  0.135563
1355  0.324154  0.105794  0.116268
1356  0.230948  0.148416  0.075364
1357  -0.025757  0.177280  0.032092
1358  0.181577  -0.117749  0.046835
1359  -0.171935  -0.119439  0.043827
1360  -0.035425  -0.034077  0.002416
1361  0.027166  -0.147949  0.022627
1362  -0.038134  0.169581  0.030212
1363  0.119401  0.065969  0.018608
1364  0.131937  -0.333635  0.128719
1365  -0.237892  -0.167216  0.084554
1366  -0.041601  0.131958  0.019144
1367  -0.186943  -0.125895  0.050797
1368  0.080199  0.012089  0.006578
1369  -0.039823  0.037942  0.003025
1370  0.016665  0.134660  0.018411
1371  0.005205  -0.241470  0.058335
1372  -0.235459  0.063344  0.059453
1373  0.113718  0.028170  0.013725
1374  0.185439  -0.143976  0.055117
1375  0.007287  -0.026422  0.000751
1376  0.210417  -0.008274  0.044344
1377  0.087391  -0.052287  0.010371
1378  0.090333  0.106032  0.019403
1379  0.100737  0.146640  0.031651
1380  -0.079935  -0.127931  0.022756
1381  0.325424  -0.126012  0.121780
1382  -0.023747  -0.023979  0.001139
1383  0.328020  -0.085961  0.114986
1384  -0.116928  0.163577  0.040430
1385  -0.323957  0.017249  0.105245
1386  0.088908  0.086345  0.015360
1387  0.184301  -0.017878  0.034286
1388  0.384861  -0.131931  0.165524
1389  -0.161104  -0.192609  0.063053
1390  0.032740  -0.022599  0.001583
1391  0.038943  0.044070  0.003459
1392  -0.030626  -0.101559  0.011252
1393  0.090376  -0.272339  0.082336
1394  -0.062162  -0.244509  0.063649
1395  0.001215  0.014549  0.000213
1396  -0.180107  -0.098103  0.042063
1397  0.053780  -0.090491  0.011081
1398  0.043023  -0.072676  0.007133
1399  0.028250  -0.130134  0.017733
1400  -0.055652  0.010875  0.003215
1401  -0.109000  0.082943  0.018760
1402  -0.001693  0.044399  0.001974
1403  -0.015026  -0.239143  0.057415
1404  0.095841  0.044726  0.011186
1405  0.198196  -0.057321  0.042567
1406  -0.169170  -0.262910  0.097740
1407  -0.060477  0.140539  0.023409
1408  -0.070853  0.080421  0.011488
1409  -0.038153  -0.021732  0.001928
1410  -0.197121  0.063204  0.042851
1411  -0.044504  0.184476  0.036012
1412  0.235035  -0.062944  0.059204
1413  -0.033482  -0.001006  0.001122
1414  0.308518  0.009155  0.095267
1415  0.043841  0.013185  0.002096
1416  -0.075536  -0.119757  0.020047
1417  -0.099313  -0.077730  0.015905
1418  -0.179995  0.263139  0.101640
1419  -0.025271  0.000022  0.000639
1420  -0.098388  0.093071  0.018342
1421  -0.097839  -0.011479  0.009704
1422  -0.186205  -0.185774  0.069184
1423  0.094975  -0.063798  0.013090
1424  0.085665  0.146773  0.028881
1425  -0.070889  -0.012880  0.005191
1426  -0.179567  0.050173  0.034762
1427  -0.131689  -0.029744  0.018227
1428  0.064646  0.004860  0.004203
1429  -0.138964  0.029195  0.020163
1430  -0.104527  0.065164  0.015172
1431  0.097983  -0.095117  0.018648
1432  0.078626  -0.102554  0.016699
1433  -0.112294  -0.048307  0.014944
1434  -0.310341  0.015903  0.096564
1435  0.363774  0.024811  0.132947
1436  -0.011786  0.013599  0.000324
1437  0.088541  -0.112507  0.020497
1438  0.011922  0.072815  0.005444
1439  -0.160367  0.222792  0.075354
1440  0.068362  -0.109389  0.016639
1441  -0.262888  -0.110809  0.081389
1442  0.106469  0.140041  0.030947
1443  -0.101676  -0.119479  0.024613
1444  0.102434  -0.018447  0.010833
1445  -0.022590  0.002170  0.000515
1446  -0.045490  0.047561  0.004331
1447  0.127332  -0.015509  0.016454
1448  0.008180  -0.044329  0.002032
1449  -0.067786  0.061268  0.008349
1450  -0.023400  -0.102944  0.011145
1451  0.004496  0.049721  0.002492
1452  0.111664  0.223345  0.062352
1453  -0.092196  -0.144397  0.029351
1454  0.081597  -0.160346  0.032369
1455  0.018268  0.032055  0.001361
1456  -0.069683  -0.059254  0.008367
1457  0.055263  -0.052922  0.005855
1458  0.120479  0.100712  0.024658
1459  0.013157  -0.026866  0.000895
1460  0.002381  0.007410  0.000061
1461  -0.084795  -0.096327  0.016469
1462  0.076290  0.090477  0.014006
1463  0.082642  0.079563  0.013160
1464  0.190645  -0.185984  0.070936
1465  -0.164566  -0.207672  0.070210
1466  -0.110039  -0.157308  0.036854
1467  -0.184866  -0.189655  0.070144
1468  0.059815  0.071610  0.008706
1469  -0.018861  0.042250  0.002141
1470  -0.112576  0.021413  0.013132
1471  0.073448  -0.042123  0.007169
1472  0.174282  -0.004332  0.030393
1473  0.017345  0.004064  0.000317
1474  -0.130976  -0.106145  0.028421
1475  0.008405  0.148231  0.022043
1476  -0.015462  -0.041603  0.001970
1477  -0.078023  -0.000784  0.006088
1478  0.057761  0.054416  0.006297
1479  0.063220  -0.024125  0.004579
1480  -0.106776  -0.149042  0.033615
1481  0.079353  -0.051339  0.008933
1482  -0.202351  -0.001881  0.040949
1483  0.042605  0.060812  0.005513
1484  0.027875  0.038070  0.002226
1485  0.051824  0.117214  0.016425
1486  -0.150033  -0.021987  0.022993
1487  0.083345  0.002106  0.006951
1488  0.085377  -0.018104  0.007617
1489  -0.038542  -0.066820  0.005950
1490  -0.010337  0.082427  0.006901
1491  -0.023475  -0.041270  0.002254
1492  0.003388  0.103068  0.010634
1493  -0.063145  0.030826  0.004938
1494  -0.000999  -0.005308  0.000029
1495  0.052949  -0.022628  0.003316
1496  -0.156844  0.009665  0.024693
1497  0.134643  0.038905  0.019642
1498  0.016724  -0.018584  0.000625
1499  0.105719  0.056857  0.014409
1500  0.160795  0.042015  0.027620
1501  0.032469  -0.102149  0.011489
1502  0.046272  -0.025524  0.002793
1503  -0.006980  0.003182  0.000059
1504  0.100713  -0.007377  0.010198
1505  -0.056809  0.055172  0.006271
1506  0.093964  0.039312  0.010375
1507  -0.144092  0.014163  0.020963
1508  -0.034628  -0.003832  0.001214
1509  -0.051462  0.063732  0.006710
1510  -0.005078  0.023932  0.000599
1511  0.042472  0.030972  0.002763
1512  0.052155  0.036054  0.004020
1513  0.138527  0.094840  0.028184
1514  0.038745  0.055294  0.004559
1515  -0.049310  -0.077759  0.008478
1516  -0.057835  -0.025033  0.003972
1517  -0.150994  0.046840  0.024993
1518  0.056864  0.026133  0.003916
1519  -0.050808  0.024875  0.003200
1520  -0.131944  0.040928  0.019084
1521  0.024145  -0.028157  0.001376
1522  -0.059028  -0.017140  0.003778
1523  -0.039203  -0.001272  0.001539
1524  0.074815  -0.073555  0.011008
1525  0.017440  -0.012511  0.000461
1526  -0.056032  -0.090515  0.011333
1527  -0.073309  -0.016661  0.005652
1528  0.033071  0.044372  0.003063
1529  0.109290  -0.042561  0.013756
1530  -0.112918  -0.039683  0.014325
1531  -0.011011  -0.033755  0.001261
1532  -0.030104  -0.162323  0.027255
1533  0.000501  0.129354  0.016733
1534  0.044701  -0.040693  0.003654
1535  -0.068916  -0.025812  0.005416
1536  0.060489  0.031016  0.004621
1537  -0.006951  0.058219  0.003438
1538  -0.068834  -0.082231  0.011500
1539  0.016956  0.043689  0.002196
1540  0.018645  0.068269  0.005008
1541  -0.003817  0.007629  0.000073
1542  0.029799  -0.023387  0.001435
1543  0.025228  0.040782  0.002300
1544  -0.003468  0.027741  0.000782
1545  0.050671  -0.037330  0.003961
1546  -0.106027  -0.014666  0.011457
1547  0.093563  -0.043603  0.010655
1548  -0.028014  -0.076080  0.006573
1549  0.025087  -0.011561  0.000763
1550  -0.053952  0.038211  0.004371
1551  -0.007328  -0.019696  0.000442
1552  0.021317  -0.124922  0.016060
1553  0.016769  -0.028612  0.001100
1554  -0.056536  -0.042370  0.004992
1555  0.042948  0.059837  0.005425
1556  0.008737  -0.029017  0.000918
1557  -0.072061  0.018685  0.005542
1558  -0.065279  -0.028326  0.005064
1559  -0.046588  0.030090  0.003076
1560  0.016294  0.017318  0.000565
1561  0.033653  0.013480  0.001314
1562  -0.027878  0.008702  0.000853
1563  -0.024358  0.002682  0.000600
1564  0.043342  0.079493  0.008198
1565  0.019725  -0.020083  0.000792
1566  0.085676  0.060401  0.010989
1567  0.015087  -0.024133  0.000810
1568  0.012489  -0.026927  0.000881
1569  -0.096026  -0.048062  0.011531
1570  -0.029908  0.053908  0.003801
1571  -0.039277  -0.059386  0.005069
1572  -0.001409  0.007343  0.000056
1573  0.083751  -0.017471  0.007319
1574  0.043127  0.028381  0.002665
1575  -0.012505  -0.054239  0.003098
1576  -0.016599  0.026307  0.000968
1577  -0.006574  -0.100439  0.010131
1578  0.012860  0.022436  0.000669
1579  -0.011464  -0.027502  0.000888
1580  -0.119739  -0.000608  0.014338
1581  -0.032092  -0.059938  0.004623
1582  0.007039  -0.011860  0.000190
1583  -0.029135  -0.090116  0.008970
1584  -0.064492  -0.021360  0.004616
1585  0.052154  -0.047928  0.005017
1586  -0.073007  0.008464  0.005402
1587  -0.020314  -0.020564  0.000836
1588  -0.008242  0.091399  0.008422
1589  0.046498  0.020945  0.002601
1590  -0.065228  -0.090841  0.012507
1591  -0.067011  -0.004892  0.004514
1592  0.004481  0.040184  0.001635
1593  -0.029633  -0.100836  0.011046
1594  0.036641  0.081052  0.007912
1595  0.061220  -0.059528  0.007292
1596  -0.031345  -0.028550  0.001798
1597  0.059504  -0.003154  0.003551
1598  0.049351  -0.005716  0.002468
1599  0.000191  -0.032921  0.001084
1600  0.004591  -0.000915  0.000022
1601  0.000672  0.024250  0.000589
1602  -0.005082  0.051969  0.002727
1603  -0.010814  -0.043360  0.001997
1604  -0.021857  -0.002737  0.000485
1605  -0.000529  0.059949  0.003594
1606  0.011007  -0.001897  0.000125
1607  0.048291  0.051411  0.004975
1608  0.060580  0.005119  0.003696
1609  0.002386  0.079424  0.006314
1610  -0.052010  -0.096243  0.011968
1611  0.045369  -0.028744  0.002885
1612  0.014329  -0.039416  0.001759
1613  -0.022694  -0.082922  0.007391
1614  -0.000523  -0.047449  0.002252
1615  -0.021410  0.033455  0.001578
1616  -0.006343  0.069582  0.004882
1617  0.100131  0.060275  0.013659
1618  0.042434  0.046751  0.003986
1619  -0.042559  -0.031736  0.002818
1620  -0.064112  0.024843  0.004727
1621  0.028024  -0.051857  0.003475
1622  -0.031438  0.011425  0.001119
1623  -0.031044  0.012959  0.001132
1624  -0.034306  0.009615  0.001269
1625  -0.021353  0.032468  0.001510
1626  0.060956  -0.003977  0.003731
1627  0.035702  0.061987  0.005117
1628  0.026279  0.056316  0.003862
1629  0.067852  0.027904  0.005383
1630  0.010004  -0.058857  0.003564
1631  0.014109  -0.024432  0.000796
1632  0.052361  0.026107  0.003423
1633  0.104201  -0.000056  0.010858
1634  0.027352  -0.119427  0.015011
1635  -0.024842  0.019210  0.000986
1636  0.023532  0.049387  0.002993
1637  -0.048840  0.052610  0.005153
1638  -0.038842  0.060059  0.005116
1639  0.025065  -0.030663  0.001568
1640  0.011173  0.008977  0.000205
1641  0.038150  -0.029116  0.002303
1642  0.039576  -0.032318  0.002611
1643  -0.008590  0.024380  0.000668
1644  -0.035271  0.077595  0.007265
1645  -0.057087  -0.043408  0.005143
1646  0.041382  -0.075679  0.007440
1647  0.091991  -0.016469  0.008734
1648  -0.026314  0.060961  0.004409
1649  0.025688  0.007064  0.000710
1650  0.044203  0.014855  0.002175
1651  -0.009071  0.039988  0.001681
1652  -0.033065  -0.002759  0.001101
1653  0.006784  -0.060967  0.003763
1654  0.030445  0.026815  0.001646
1655  0.023040  -0.014937  0.000754
1656  0.018383  0.001622  0.000341
1657  -0.019952  -0.033524  0.001522
1658  0.013671  0.055893  0.003311
1659  0.037946  -0.020797  0.001872
1660  0.043046  -0.034265  0.003027
1661  0.011865  0.001359  0.000143
1662  0.014584  -0.023931  0.000785
1663  -0.068237  -0.002822  0.004664
1664  0.054719  0.043784  0.004911
1665  0.052400  0.049463  0.005192
1666  0.010000  0.016827  0.000383
1667  0.043436  -0.011061  0.002009
1668  0.012590  -0.019667  0.000545
1669  -0.021440  -0.048061  0.002770
1670  -0.001022  0.041560  0.001728
1671  0.020217  -0.076737  0.006297
1672  -0.014363  0.018793  0.000559
1673  0.011371  0.068455  0.004815
1674  -0.014515  0.027121  0.000946
1675  0.026535  0.025989  0.001380
1676  -0.034169  -0.025791  0.001833
1677  -0.057522  0.025960  0.003983
1678  0.026272  0.033865  0.001837
1679  0.010312  -0.056585  0.003308
1680  0.026944  -0.029197  0.001578
1681  -0.050784  -0.002387  0.002585
1682  0.057335  -0.019875  0.003682
1683  -0.044450  -0.008641  0.002050
1684  0.018104  -0.038905  0.001841
1685  -0.015555  0.048451  0.002589
1686  0.014713  -0.026862  0.000938
1687  0.015588  -0.007655  0.000302
1688  -0.061911  -0.059164  0.007333
1689  0.044609  -0.013089  0.002161
1690  -0.001634  0.001255  0.000004
1691  0.031799  -0.040424  0.002645
1692  0.001695  0.002042  0.000007
1693  -0.053325  -0.013953  0.003038
1694  -0.004094  -0.050378  0.002555
1695  -0.003437  0.047660  0.002283
1696  0.043881  -0.021187  0.002374
1697  0.013877  0.026332  0.000886
1698  -0.020638  -0.013040  0.000596
1699  -0.036333  -0.001901  0.001324
1700  0.087617  -0.034863  0.008892
1701  0.026773  -0.032145  0.001750
1702  -0.039161  -0.020719  0.001963
1703  0.030392  -0.058263  0.004318
1704  0.070161  -0.017519  0.005230
1705  -0.000262  0.015632  0.000244
1706  0.045904  -0.046779  0.004295
1707  -0.066822  0.041339  0.006174
1708  0.095739  -0.081374  0.015788
1709  0.013422  0.067547  0.004743
1710  -0.020038  -0.019593  0.000785
1711  0.059276  -0.014758  0.003731
1712  -0.029530  0.017200  0.001168
1713  -0.015758  -0.011648  0.000384
1714  0.031474  0.041253  0.002692
1715  0.078733  -0.019664  0.006586
1716  -0.007615  -0.003486  0.000070
1717  0.044354  -0.029303  0.002826
1718  0.040585  0.052837  0.004439
1719  0.030086  0.023849  0.001474
1720  0.024201  -0.015912  0.000839
1721  0.039173  0.022245  0.002029
1722  0.003952  0.107359  0.011541
1723  -0.027546  0.001711  0.000762
1724  0.040176  0.032366  0.002662
1725  -0.066664  -0.029436  0.005311
1726  0.033124  -0.007108  0.001148
1727  0.024037  -0.061354  0.004342
1728  -0.061158  0.065532  0.008035
1729  -0.046333  0.002143  0.002151
1730  -0.053205  0.079584  0.009164
1731  -0.021468  0.033959  0.001614
1732  0.032718  -0.020287  0.001482
1733  0.073335  0.025709  0.006039
1734  -0.080013  0.044555  0.008387
1735  0.023614  -0.010413  0.000666
1736  0.030287  -0.025818  0.001584
1737  -0.022795  0.024706  0.001130
1738  -0.027180  0.074438  0.006280
1739  0.025103  -0.041577  0.002359
1740  -0.019123  -0.007424  0.000421
1741  0.016739  -0.056061  0.003423
1742  0.001221  -0.067465  0.004553
1743  0.014976  0.001877  0.000228
1744  0.040407  -0.011609  0.001767
1745  0.050690  -0.089426  0.010566
1746  -0.005904  -0.018393  0.000373
1747  0.026111  0.009703  0.000776
1748  0.061856  0.037944  0.005266
1749  -0.012482  -0.032802  0.001232
1750  -0.017402  0.053253  0.003139
1751  -0.024645  0.040362  0.002236
1752  -0.014296  -0.019258  0.000575
1753  -0.006381  0.017595  0.000350
1754  0.031101  0.039824  0.002553
1755  0.039795  0.001732  0.001587
1756  0.031932  -0.007175  0.001071
1757  0.082374  -0.058620  0.010222
1758  -0.005412  -0.008202  0.000097
1759  -0.039643  0.030754  0.002517
1760  -0.032478  0.011176  0.001180
1761  0.029303  0.042171  0.002637
1762  0.041626  -0.018630  0.002080
1763  0.055676  -0.056774  0.006323
1764  -0.048555  -0.029916  0.003253
1765  -0.075788  0.024912  0.006364
1766  -0.053900  0.009918  0.003004
1767  -0.035549  0.006388  0.001305
1768  0.058266  0.032235  0.004434
1769  0.032112  -0.020269  0.001442
1770  0.015988  0.003492  0.000268
1771  -0.007548  0.001465  0.000059
1772  0.045730  -0.083829  0.009119
1773  0.040641  0.042342  0.003445
1774  0.000864  -0.033805  0.001144
1775  0.013814  0.002328  0.000196
1776  -0.008443  0.034525  0.001263
1777  0.036850  0.001432  0.001360
1778  0.010079  0.009502  0.000192
1779  -0.015151  -0.025469  0.000878
1780  -0.030071  -0.026884  0.001627
1781  -0.023231  0.025677  0.001199
1782  -0.007549  0.054062  0.002980
1783  0.081443  0.024981  0.007257
1784  -0.041327  0.025240  0.002345
1785  -0.003304  0.013184  0.000185
1786  -0.012739  -0.020395  0.000578
1787  0.028792  0.008923  0.000909
1788  0.023634  -0.084506  0.007700
1789  0.017030  0.025572  0.000944
1790  0.029982  -0.054755  0.003897
1791  -0.075937  -0.010682  0.005880
1792  -0.016839  0.000417  0.000284
1793  -0.013812  -0.032035  0.001217
1794  -0.052853  0.100204  0.012834
1795  0.046428  -0.050168  0.004672
1796  -0.001321  0.007181  0.000053
1797  0.033400  -0.036576  0.002453
1798  0.041486  -0.020935  0.002159
1799  -0.019454  -0.025096  0.001008
1800  0.038621  -0.030267  0.002408
1801  0.016698  0.003455  0.000291
1802  -0.006983  0.023010  0.000578
1803  0.011329  -0.036296  0.001446
1804  0.008278  -0.067758  0.004660
1805  -0.024386  -0.028302  0.001396
1806  -0.007169  0.050344  0.002586
1807  0.001662  -0.037022  0.001373
1808  0.009560  -0.022229  0.000586
1809  -0.002084  0.020876  0.000440
1810  0.062873  -0.022127  0.004443
1811  -0.044973  -0.014360  0.002229
1812  -0.004831  -0.099311  0.009886
1813  0.027950  0.037917  0.002219
1814  0.063741  0.021560  0.004528
1815  -0.029625  -0.002422  0.000884
1816  0.032404  -0.019354  0.001425
1817  -0.020282  0.083989  0.007466
1818  0.003137  -0.015031  0.000236
1819  0.034102  0.058923  0.004635
1820  -0.013985  -0.020867  0.000631
1821  0.007742  -0.001643  0.000063
1822  0.017362  -0.027130  0.001037
1823  0.094420  -0.031458  0.009905
1824  0.007724  -0.072617  0.005333
1825  -0.024965  0.022220  0.001117
1826  -0.015279  0.011592  0.000368
1827  -0.038472  -0.012966  0.001648
1828  -0.050912  -0.010716  0.002707
1829  0.025531  -0.028358  0.001456
1830  0.038075  -0.057115  0.004712
1831  -0.031058  0.013674  0.001152
1832  0.022064  0.000872  0.000488
1833  0.023718  0.027837  0.001337
1834  0.029474  -0.001413  0.000871
1835  0.007850  0.049325  0.002495
1836  -0.014572  -0.052979  0.003019
1837  0.000522  0.008673  0.000075
1838  0.011341  0.003224  0.000139
1839  -0.000840  0.062016  0.003847
1840  0.080476  -0.000947  0.006477
1841  -0.025984  0.019514  0.001056
1842  -0.018204  -0.003854  0.000346
1843  0.012126  0.126380  0.016119
1844  -0.002386  0.039083  0.001533
1845  -0.000107  -0.059519  0.003543
1846  0.049630  -0.026907  0.003187
1847  -0.041245  0.000279  0.001701
1848  0.034472  0.025509  0.001839
1849  -0.091502  0.025843  0.009040
1850  0.023071  0.054288  0.003480
1851  -0.014926  0.046175  0.002355
1852  -0.045840  -0.006419  0.002143
1853  0.012930  0.032569  0.001228
1854  0.052860  0.032965  0.003881
1855  -0.017450  -0.010278  0.000410
1856  -0.054031  -0.018289  0.003254
1857  -0.007526  -0.013343  0.000235
1858  0.023809  0.005331  0.000595
1859  0.019678  0.010414  0.000496
1860  0.016865  0.025044  0.000912
1861  0.014889  0.054556  0.003198
1862  0.027495  0.004863  0.000780
1863  0.032557  -0.067278  0.005586
1864  0.055632  -0.029795  0.003983
1865  0.040319  0.013996  0.001822
1866  -0.024075  -0.015600  0.000823
1867  -0.010042  0.020421  0.000518
1868  0.036755  -0.039638  0.002922
1869  -0.028628  -0.005024  0.000845
1870  0.017771  -0.022907  0.000841
1871  -0.080574  0.077102  0.012437
1872  0.021980  0.031733  0.001490
1873  -0.050632  -0.050327  0.005096
1874  -0.024089  -0.014296  0.000785
1875  -0.012198  0.011672  0.000285
1876  -0.027991  -0.001224  0.000785
1877  0.021365  0.002523  0.000463
1878  -0.037468  0.020468  0.001823
1879  -0.007092  -0.005446  0.000080
1880  0.002908  -0.013652  0.000195
1881  0.014663  -0.017451  0.000520
1882  0.012914  -0.003774  0.000181
1883  -0.009003  0.043459  0.001970
1884  -0.008309  -0.030834  0.001020
1885  0.041930  -0.004399  0.001777
1886  -0.037045  0.016163  0.001634
1887  -0.015034  0.011551  0.000359
1888  -0.002167  -0.003710  0.000018
1889  -0.040937  0.072338  0.006909
1890  -0.033709  -0.015099  0.001364
1891  0.029051  -0.009944  0.000943
1892  -0.024559  0.032819  0.001680
1893  -0.028340  0.015246  0.001036
1894  0.041227  0.001449  0.001702
1895  0.023501  0.006967  0.000601
1896  0.005901  0.001760  0.000038
1897  -0.014971  -0.005409  0.000253
1898  0.015607  0.005443  0.000273
1899  0.020703  -0.033079  0.001523
1900  0.034233  -0.016722  0.001452
1901  0.024152  0.004335  0.000602
1902  -0.007986  0.022919  0.000589
1903  0.012962  0.000007  0.000168
1904  -0.048286  -0.025325  0.002973
1905  0.047728  0.006186  0.002316
1906  -0.012496  0.004060  0.000173
1907  -0.035493  -0.011605  0.001394
1908  -0.076440  0.024554  0.006446
1909  -0.027261  0.033456  0.001862
1910  -0.001398  -0.010317  0.000108
1911  0.019696  -0.010841  0.000505
1912  0.033776  -0.040083  0.002747
1913  0.009192  -0.033245  0.001190
1914  0.016914  0.000133  0.000286
1915  0.005674  -0.021382  0.000489
1916  -0.008945  -0.025862  0.000749
1917  -0.006534  0.021789  0.000517
1918  -0.070354  0.015448  0.005188
1919  0.015889  0.030069  0.001157
1920  -0.041541  -0.023132  0.002261
1921  -0.035612  0.013520  0.001451
1922  0.008809  -0.015027  0.000303
1923  -0.001976  0.009128  0.000087
1924  0.055659  -0.008978  0.003179
1925  -0.007182  0.003570  0.000064
1926  0.025083  0.059189  0.004132
1927  0.005249  -0.001658  0.000030
1928  -0.012870  -0.015661  0.000411
1929  0.028623  0.030688  0.001761
1930  -0.015821  -0.050398  0.002790
1931  0.055377  0.014873  0.003288
1932  0.014591  -0.050480  0.002761
1933  0.006667  0.050640  0.002609
1934  -0.028196  0.007837  0.000856
1935  -0.044310  -0.031328  0.002945
1936  -0.048448  -0.068009  0.006972
1937  -0.032255  -0.048165  0.003360
1938  -0.007128  -0.059012  0.003533
1939  0.015984  0.032293  0.001298
1940  -0.027158  -0.010599  0.000850
1941  0.004491  -0.007392  0.000075
1942  -0.000815  -0.003571  0.000013
1943  -0.010697  -0.015358  0.000350
1944  0.031908  0.021174  0.001466
1945  0.006085  -0.006935  0.000085
1946  0.014347  -0.029582  0.001081
1947  -0.000385  0.017669  0.000312
1948  0.028683  -0.034641  0.002023
1949  0.010692  0.068391  0.004792
1950  -0.028675  0.047703  0.003098
1951  -0.024829  -0.001704  0.000619
1952  0.000222  0.054905  0.003015
1953  -0.031779  0.016408  0.001279
1954  -0.028640  -0.016371  0.001088
1955  0.032204  -0.008654  0.001112
1956  -0.020539  -0.001868  0.000425
1957  0.027530  0.047341  0.002999
1958  0.008958  -0.023626  0.000638
1959  0.014542  0.006020  0.000248
1960  0.015072  -0.052987  0.003035
1961  -0.011096  0.049798  0.002603
1962  -0.014024  0.025406  0.000842
1963  -0.013560  0.027231  0.000925
1964  0.003982  0.016323  0.000282
1965  -0.026053  -0.046501  0.002841
1966  0.000306  0.014619  0.000214
1967  0.010481  -0.043717  0.002021
1968  0.033520  -0.078691  0.007316
1969  0.021879  -0.021087  0.000923
1970  0.019491  0.064818  0.004581
1971  -0.034142  0.003802  0.001180
1972  -0.004644  -0.007889  0.000084
1973  -0.016293  0.040567  0.001911
1974  -0.057727  -0.011586  0.003467
1975  -0.022400  -0.048933  0.002896
1976  -0.023444  0.047997  0.002853
1977  0.013459  0.020949  0.000620
1978  0.029982  -0.044888  0.002914
1979  0.036888  0.019486  0.001740
1980  0.027726  -0.007601  0.000827
1981  -0.019053  -0.034772  0.001572
1982  0.034338  -0.017559  0.001487
1983  0.005622  0.028502  0.000844
1984  -0.027013  0.003538  0.000742
1985  -0.022189  -0.027758  0.001263
1986  -0.019648  0.014962  0.000610
1987  -0.027385  0.047277  0.002985
1988  -0.029192  0.026032  0.001530
1989  -0.012982  0.044074  0.002111
1990  -0.003444  0.045405  0.002074
1991  0.058166  0.004513  0.003404
1992  0.010888  -0.024126  0.000701
1993  0.022295  -0.016100  0.000756
1994  0.057267  -0.011406  0.003410
1995  0.006274  0.069616  0.004886
1996  0.001606  -0.004993  0.000028
1997  -0.018947  -0.021445  0.000819
1998  0.001480  -0.007208  0.000054
1999  -0.061570  0.040776  0.005454
2000  0.038208  -0.023921  0.002032
2001  -0.046295  -0.019917  0.002540
2002  -0.040636  0.009276  0.001737
2003  -0.031511  0.004476  0.001013
2004  -0.001603  -0.045832  0.002103
2005  0.034878  -0.003378  0.001228
2006  -0.024055  -0.036934  0.001943
2007  -0.072689  -0.008959  0.005364
2008  -0.025553  0.022550  0.001161
2009  -0.015098  -0.022459  0.000732
2010  -0.014463  0.031810  0.001221
2011  0.050962  0.028907  0.003433
2012  0.003958  -0.008309  0.000085
2013  -0.002005  -0.056930  0.003245
2014  0.002722  -0.021114  0.000453
2015  -0.022372  0.015647  0.000745
2016  0.012082  0.036469  0.001476
2017  -0.003066  -0.027740  0.000779
2018  0.008708  -0.015551  0.000318
2019  -0.009132  0.010937  0.000203
2020  -0.084684  -0.013542  0.007355
2021  -0.025756  -0.008925  0.000743
2022  -0.011900  0.049094  0.002552
2023  0.029274  -0.015364  0.001093
2024  -0.024860  0.038807  0.002124
2025  0.009923  0.014474  0.000308
2026  0.008602  0.053844  0.002973
2027  0.060900  -0.014508  0.003919
2028  0.016378  0.008767  0.000345
2029  -0.007172  0.029374  0.000914
2030  -0.100978  -0.054328  0.013148
2031  -0.012033  0.031275  0.001123
2032  -0.043235  0.030976  0.002829
2033  0.025683  0.002159  0.000664
2034  -0.031965  -0.075004  0.006647
2035  0.023065  0.016051  0.000790
2036  -0.015456  -0.000341  0.000239
2037  0.024963  -0.035558  0.001888
2038  0.004329  0.018643  0.000366
2039  -0.024574  -0.002812  0.000612
2040  0.028830  0.019442  0.001209
2041  -0.009144  0.012787  0.000247
2042  -0.003238  0.003901  0.000026
2043  -0.011358  0.044364  0.002097
2044  0.031159  -0.010954  0.001091
2045  -0.002178  0.012729  0.000167
2046  0.025274  0.007683  0.000698
2047  -0.041032  0.004026  0.001700
