0  -0.319167  -0.512865  0.364898
1  -0.200368  0.107400  0.051682
2  0.172882  0.671033  0.480174
3  -0.149187  0.054705  0.025249
4  -0.222747  -0.232113  0.103493
5  -0.283962  0.348284  0.201936
6  -0.418095  0.283546  0.255202
7  -0.053754  0.009416  0.002978
8  -0.401096  0.317926  0.261955
9  -0.177909  -0.248904  0.093605
10  0.319171  0.107252  0.113373
11  0.080681  0.786065  0.624408
12  0.084156  -0.085110  0.014326
13  -0.000892  0.448190  0.200875
14  0.271763  -0.533348  0.358315
15  -0.531987  -0.183271  0.316598
16  -0.501434  0.148110  0.273372
17  0.362460  -0.165408  0.158737
18  0.099179  -0.117143  0.023559
19  -0.043412  -0.379581  0.145966
20  0.348114  -0.208468  0.164642
21  -0.329087  -0.051628  0.110964
22  0.248556  0.311807  0.159004
23  0.189612  -0.213448  0.081513
24  0.009415  -0.137749  0.019063
25  -0.151010  -0.437019  0.213789
26  -0.441207  -0.164025  0.221568
27  -0.031942  -0.113309  0.013859
28  -0.065450  0.491844  0.246195
29  0.044928  0.599033  0.360859
30  0.645816  -0.518776  0.686206
31  0.328751  0.007618  0.108136
32  -0.123894  0.166703  0.043140
33  0.490746  -0.114768  0.254003
34  0.321942  -0.031258  0.104624
35  -0.117070  0.274373  0.088986
36  0.544004  -0.115492  0.309278
37  -0.204250  -0.411549  0.211090
38  0.273253  -0.210718  0.119069
39  -0.045231  0.282188  0.081676
40  -0.105516  -0.126053  0.027023
41  -0.013310  0.287796  0.083004
42  0.316155  -0.180253  0.132445
43  -0.289421  -0.100085  0.093782
44  0.511391  -0.065358  0.265792
45  -0.117126  -0.099975  0.023714
46  0.151769  -0.062829  0.026981
47  -0.093894  -0.022761  0.009334
48  -0.129089  -0.060368  0.020308
49  -0.459266  -0.075505  0.216627
50  -0.432121  -0.105255  0.197807
51  0.013051  0.303224  0.092115
52  0.051545  -0.266891  0.073888
53  -0.406764  -0.406704  0.330865
54  -0.104571  0.229616  0.063659
55  -0.040125  -0.082045  0.008341
56  -0.321737  0.095509  0.112637
57  0.135834  -0.124486  0.033948
58  -0.347766  0.115469  0.134274
59  0.166950  -0.363015  0.159652
60  0.006646  -0.130264  0.017013
61  -0.389059  0.268021  0.223202
62  0.050910  -0.243575  0.061921
63  0.064771  -0.020948  0.004634
64  -0.310095  0.244299  0.155841
65  0.128975  0.024054  0.017213
66  -0.326140  0.181016  0.139134
67  -0.088375  -0.016058  0.008068
68  -0.272406  -0.020569  0.074628
69  0.129829  -0.066551  0.021285
70  -0.259801  0.392051  0.221201
71  0.109949  -0.058682  0.015532
72  -0.150934  -0.049236  0.025205
73  0.182592  0.087058  0.040919
74  -0.150604  0.118680  0.036767
75  -0.034247  0.323286  0.105687
76  0.229107  0.244969  0.112500
77  -0.012245  -0.292960  0.085975
78  -0.055736  -0.135401  0.021440
79  -0.056141  -0.170483  0.032216
80  0.195710  -0.057346  0.041591
81  -0.125753  0.049505  0.018265
82  -0.212360  -0.130335  0.062084
83  -0.075426  -0.046013  0.007806
84  0.018671  0.165331  0.027683
85  -0.055704  -0.357525  0.130927
86  -0.167230  -0.088791  0.035850
87  -0.121398  -0.287431  0.097354
88  0.013574  0.140684  0.019976
89  -0.187361  -0.140701  0.054901
90  -0.003685  -0.159097  0.025325
91  -0.126832  0.170609  0.045194
92  -0.335467  0.173118  0.142508
93  0.018614  0.069823  0.005222
94  0.132096  -0.055424  0.020521
95  -0.165098  0.041107  0.028947
96  0.131221  0.112527  0.029881
97  -0.031270  0.080691  0.007489
98  0.167400  0.193153  0.065331
99  0.164155  -0.265145  0.097248
100  -0.144449  -0.244034  0.080418
101  -0.099763  -0.002159  0.009957
102  -0.116873  0.162439  0.040046
103  -0.204336  0.027613  0.042515
104  0.098117  0.049350  0.012062
105  -0.121916  0.120349  0.029347
106  0.073094  0.083618  0.012335
107  0.117677  0.110509  0.026060
108  -0.043724  -0.242281  0.060612
109  0.030298  0.418914  0.176407
110  0.102593  -0.103348  0.021206
111  0.084806  0.273257  0.081861
112  -0.023924  0.226784  0.052004
113  0.127253  0.286032  0.098007
114  -0.013590  0.052189  0.002908
115  0.079175  -0.039775  0.007851
116  -0.096508  -0.183504  0.042988
117  -0.095756  0.038130  0.010623
118  0.005543  -0.234978  0.055245
119  -0.114169  0.212948  0.058381
120  -0.061626  -0.075799  0.009543
121  0.207203  0.010023  0.043034
122  -0.165813  -0.096649  0.036835
123  0.094062  0.102100  0.019272
124  0.040659  -0.043512  0.003546
125  0.141100  -0.010974  0.020030
126  -0.039889  -0.267500  0.073147
127  -0.190097  0.155476  0.060310
128  0.017917  -0.010773  0.000437
129  0.112814  0.032700  0.013796
130  0.060411  0.131051  0.020824
131  0.089586  0.131089  0.025210
132  0.104783  0.106472  0.022316
133  0.070397  -0.046466  0.007115
134  0.017697  -0.164577  0.027399
135  -0.057985  0.087014  0.010934
136  0.087698  0.114272  0.020749
137  0.001835  -0.102650  0.010540
138  0.281643  -0.126159  0.095239
139  -0.154083  -0.202998  0.064950
140  0.026284  -0.160160  0.026342
141  -0.122262  -0.201831  0.055684
142  -0.058129  -0.002441  0.003385
143  0.057979  -0.083668  0.010362
144  -0.078741  -0.008025  0.006265
145  -0.037468  0.033095  0.002499
146  -0.135891  0.040096  0.020074
147  -0.076084  -0.068409  0.010469
148  -0.044298  -0.140251  0.021633
149  -0.014213  0.004557  0.000223
150  -0.124658  0.057987  0.018902
151  0.175229  0.025956  0.031379
152  -0.128327  -0.053884  0.019371
153  -0.012909  0.072502  0.005423
154  0.072088  0.138397  0.024350
155  0.113209  -0.112627  0.025501
156  -0.161957  -0.009994  0.026330
157  0.028415  0.055972  0.003940
158  -0.002274  0.044363  0.001973
159  -0.105060  0.027996  0.011821
160  0.163193  0.033121  0.027729
161  -0.140731  -0.153074  0.043237
162  0.069277  -0.126735  0.020861
163  -0.046806  0.018529  0.002534
164  0.070809  0.159541  0.030467
165  0.004094  -0.025343  0.000659
166  -0.130467  -0.036841  0.018379
167  0.028485  0.051114  0.003424
168  -0.101425  0.013782  0.010477
169  -0.080093  -0.028842  0.007247
170  -0.110002  -0.030592  0.013036
171  -0.029184  -0.013069  0.001023
172  0.115929  0.039955  0.015036
173  -0.013413  -0.004519  0.000200
174  -0.042730  -0.007506  0.001882
175  0.035321  -0.085722  0.008596
176  -0.006837  -0.043435  0.001933
177  -0.125879  0.143197  0.036351
178  0.005335  -0.001735  0.000031
179  0.009340  0.083022  0.006980
180  -0.037493  0.058244  0.004798
181  -0.075670  -0.111474  0.018152
182  -0.043306  0.062696  0.005806
183  0.037758  0.031167  0.002397
184  0.028150  0.092053  0.009266
185  -0.019345  -0.030890  0.001328
186  -0.175979  -0.080736  0.037487
187  -0.014922  -0.050901  0.002814
188  0.102001  -0.063429  0.014427
189  -0.060738  -0.001851  0.003693
190  0.081452  0.078647  0.012820
191  -0.102522  0.011528  0.010644
192  -0.016628  -0.036019  0.001574
193  0.068450  0.023763  0.005250
194  0.007076  -0.065073  0.004285
195  -0.052857  0.085100  0.010036
196  -0.009473  0.008302  0.000159
197  -0.033226  0.069727  0.005966
198  0.030315  0.008688  0.000994
199  0.007559  0.050130  0.002570
200  -0.007990  -0.041933  0.001822
201  0.166888  -0.087229  0.035460
202  -0.083118  0.019217  0.007278
203  -0.047759  0.031878  0.003297
204  -0.068333  -0.006371  0.004710
205  0.018340  -0.051728  0.003012
206  -0.021600  -0.034328  0.001645
207  0.147584  -0.059481  0.025319
208  0.033250  -0.069203  0.005895
209  -0.037291  0.004015  0.001407
210  0.013665  -0.143023  0.020642
211  -0.005091  -0.059993  0.003625
212  -0.072345  -0.110199  0.017378
213  -0.034665  -0.077018  0.007133
214  0.048159  0.006945  0.002368
215  -0.113690  -0.031401  0.013911
216  -0.091854  -0.023924  0.009009
217  -0.083931  -0.053672  0.009925
218  0.023900  -0.025421  0.001217
219  -0.059960  0.092672  0.012183
220  0.008626  0.039263  0.001616
221  0.061545  0.013409  0.003968
222  -0.012488  -0.015813  0.000406
223  -0.090564  -0.078794  0.014410
224  -0.011466  -0.034392  0.001314
225  -0.032048  -0.040202  0.002643
226  -0.027030  0.034159  0.001897
227  0.000411  -0.030159  0.000910
228  0.017374  -0.083493  0.007273
229  -0.068066  0.017140  0.004927
230  -0.138986  -0.062270  0.023195
231  -0.034606  -0.068406  0.005877
232  -0.037395  -0.062523  0.005308
233  0.046348  0.032504  0.003205
234  0.023496  -0.067284  0.005079
235  0.026870  0.025990  0.001397
236  -0.005024  0.048868  0.002413
237  -0.037524  -0.016718  0.001688
238  -0.035745  0.062714  0.005211
239  -0.048239  -0.084517  0.009470
240  0.019125  0.029240  0.001221
241  -0.038625  -0.061384  0.005260
242  -0.011629  0.093904  0.008953
243  0.007852  -0.051038  0.002667
244  -0.009507  -0.002764  0.000098
245  -0.018874  -0.105751  0.011539
246  -0.028571  0.011185  0.000941
247  -0.001028  -0.026315  0.000694
248  -0.001795  0.008751  0.000080
249  -0.094874  -0.041133  0.010693
250  -0.089002  0.012850  0.008086
251  0.030296  -0.008166  0.000985
252  0.027459  -0.033478  0.001875
253  -0.060962  -0.050956  0.006313
254  -0.010470  -0.118124  0.014063
255  0.054559  -0.071198  0.008046
256  0.069054  0.015175  0.004999
257  -0.046496  -0.043902  0.004089
258  -0.026486  0.006105  0.000739
259  -0.073156  0.038036  0.006799
260  -0.049055  0.089841  0.010478
261  -0.016697  -0.002289  0.000284
262  -0.015283  0.007588  0.000291
263  -0.064314  -0.002059  0.004141
264  0.021642  -0.049920  0.002960
265  0.032574  -0.023572  0.001617
266  0.023749  0.084167  0.007648
267  0.076427  -0.017635  0.006152
268  0.109317  0.045066  0.013981
269  0.061141  0.039211  0.005276
270  0.007084  -0.011661  0.000186
271  0.042687  -0.000363  0.001822
272  -0.014582  0.000430  0.000213
273  -0.068249  -0.033736  0.005796
274  -0.001973  0.032876  0.001085
275  -0.021980  -0.025634  0.001140
276  -0.039999  0.055313  0.004659
277  -0.033793  0.062792  0.005085
278  0.022355  -0.029463  0.001368
279  0.037401  -0.030912  0.002354
280  -0.039131  0.010093  0.001633
281  0.005440  0.029608  0.000906
282  0.008810  0.004924  0.000102
283  0.031996  0.034301  0.002200
284  0.023709  -0.013016  0.000732
285  -0.010112  -0.029403  0.000967
286  0.037213  0.001235  0.001386
287  -0.043532  -0.009724  0.001990
288  -0.051889  -0.009420  0.002781
289  -0.012471  -0.038180  0.001613
290  -0.035504  -0.019558  0.001643
291  0.030954  -0.048508  0.003311
292  -0.084264  -0.000929  0.007101
293  -0.033284  -0.047569  0.003371
294  -0.049097  -0.001517  0.002413
295  0.010190  -0.016437  0.000374
296  -0.088706  -0.021500  0.008331
297  -0.098567  -0.056354  0.012891
298  -0.011715  -0.006834  0.000184
299  -0.000960  0.024288  0.000591
300  0.008036  -0.002064  0.000069
301  0.007252  0.029788  0.000940
302  0.014091  -0.065047  0.004430
303  -0.039141  0.033915  0.002682
304  -0.011204  0.034986  0.001350
305  0.000439  0.044333  0.001966
306  0.004439  0.013940  0.000214
307  -0.021027  0.045249  0.002490
308  -0.015258  0.011638  0.000368
309  -0.013975  0.038676  0.001691
310  0.006402  0.033777  0.001182
311  0.002555  0.010975  0.000127
312  0.022752  -0.007425  0.000573
313  0.003838  0.033609  0.001144
314  0.048410  0.040513  0.003985
315  -0.042089  0.030368  0.002694
316  0.026060  0.023425  0.001228
317  -0.003404  -0.012163  0.000160
318  -0.028039  -0.053947  0.003696
319  0.031080  -0.056075  0.004110
320  0.012349  0.056626  0.003359
321  0.032929  0.031622  0.002084
322  0.028554  -0.012895  0.000982
323  0.001113  -0.031969  0.001023
324  -0.011482  -0.023759  0.000696
325  0.067698  0.014456  0.004792
326  -0.011539  0.025519  0.000784
327  0.012256  0.017314  0.000450
328  -0.011352  -0.009773  0.000224
329  -0.004098  -0.012295  0.000168
330  0.018814  -0.018712  0.000704
331  0.023599  0.028474  0.001368
332  0.003162  -0.024597  0.000615
333  0.004857  0.017537  0.000331
334  -0.009041  0.032087  0.001111
335  0.010618  -0.001401  0.000115
336  0.034624  0.042667  0.003019
337  0.057061  0.006882  0.003303
338  -0.001914  -0.053794  0.002897
339  -0.020981  0.031625  0.001440
340  -0.032402  0.004511  0.001070
341  -0.041287  0.017888  0.002025
342  0.058059  0.002605  0.003378
343  0.036805  -0.067642  0.005930
344  -0.023682  0.017529  0.000868
345  0.025427  0.047144  0.002869
346  -0.063168  0.002605  0.003997
347  0.060430  0.021110  0.004097
348  0.016793  -0.018879  0.000638
349  0.016258  -0.031304  0.001244
350  -0.011536  -0.025393  0.000778
351  0.004178  -0.019684  0.000405
352  -0.015236  -0.053474  0.003092
353  0.001075  -0.016208  0.000264
354  -0.032737  -0.013783  0.001262
355  -0.023893  -0.004504  0.000591
356  -0.039769  0.055245  0.004634
357  -0.006874  0.042716  0.001872
358  -0.012975  -0.022432  0.000672
359  0.014155  -0.021853  0.000678
360  -0.019892  0.003071  0.000405
361  0.024753  -0.001942  0.000616
362  0.034927  -0.008234  0.001288
363  -0.038578  -0.051497  0.004140
364  -0.027012  0.010898  0.000848
365  -0.026464  0.021319  0.001155
366  0.009589  0.002951  0.000101
367  -0.008622  0.011721  0.000212
368  -0.005450  -0.057886  0.003380
369  0.014045  -0.024033  0.000775
370  -0.005845  -0.056563  0.003234
371  -0.067560  0.012253  0.004714
372  -0.015526  0.013130  0.000413
373  -0.005968  -0.010861  0.000154
374  -0.063291  0.027289  0.004751
375  0.031450  0.043414  0.002874
376  -0.002358  0.034812  0.001217
377  0.005469  -0.041322  0.001737
378  0.002086  0.002295  0.000010
379  -0.014822  -0.021632  0.000688
380  -0.001105  -0.016392  0.000270
381  -0.035234  -0.005971  0.001277
382  -0.019941  -0.024212  0.000984
383  0.002345  0.017385  0.000308
384  -0.027447  0.002616  0.000760
385  -0.065195  -0.008692  0.004326
386  0.039958  0.020633  0.002022
387  -0.008085  -0.079259  0.006347
388  -0.042532  0.027638  0.002573
389  -0.013711  0.003586  0.000201
390  -0.007903  0.063200  0.004057
391  -0.018826  0.016012  0.000611
392  -0.007407  -0.005026  0.000080
393  -0.004642  0.001137  0.000023
394  -0.005102  0.012244  0.000176
395  0.013866  0.017555  0.000500
396  -0.008762  0.041881  0.001831
397  0.028350  0.006331  0.000844
398  0.024360  0.059352  0.004116
399  0.012002  0.017772  0.000460
400  -0.014489  0.013894  0.000403
401  0.022993  0.017795  0.000845
402  -0.036342  0.015762  0.001569
403  -0.001966  -0.000765  0.000004
404  -0.001398  0.000687  0.000002
405  -0.024319  -0.018167  0.000921
406  -0.001861  0.008911  0.000083
407  -0.010317  -0.000076  0.000106
408  -0.014611  0.024428  0.000810
409  -0.023308  0.011070  0.000666
410  0.011883  -0.005988  0.000177
411  0.015515  -0.028893  0.001076
412  -0.009432  -0.028171  0.000883
413  0.011187  -0.041229  0.001825
414  -0.027596  -0.001467  0.000764
415  -0.047293  0.000497  0.002237
416  0.013584  -0.000961  0.000185
417  0.011319  0.027798  0.000901
418  -0.020239  -0.020755  0.000840
419  0.017138  -0.026109  0.000975
420  -0.004367  -0.002505  0.000025
421  -0.007855  -0.001570  0.000064
422  -0.029211  -0.010478  0.000963
423  0.011999  -0.032623  0.001208
424  0.009868  0.036171  0.001406
425  -0.050632  -0.010212  0.002668
426  -0.025411  -0.008144  0.000712
427  0.004804  -0.001098  0.000024
428  0.045065  0.036543  0.003366
429  0.012811  0.013324  0.000342
430  -0.034104  -0.028014  0.001948
431  -0.004547  0.016274  0.000286
432  0.009946  0.017561  0.000407
433  0.046528  -0.020298  0.002577
434  0.016250  0.033104  0.001360
435  -0.068951  -0.041849  0.006506
436  -0.020677  -0.015648  0.000672
437  -0.007140  0.000800  0.000052
438  0.033165  0.044058  0.003041
439  -0.004729  0.001835  0.000026
440  0.003854  -0.012703  0.000176
441  -0.019390  0.025913  0.001047
442  -0.030593  0.007544  0.000993
443  0.080069  -0.010108  0.006513
444  -0.001771  0.011197  0.000129
445  0.040896  -0.009174  0.001757
446  -0.032019  -0.006596  0.001069
447  -0.059450  0.003219  0.003545
448  -0.006560  -0.006994  0.000092
449  0.011723  0.000002  0.000137
450  -0.003565  -0.011954  0.000156
451  -0.018678  0.003936  0.000364
452  -0.000163  -0.001791  0.000003
453  -0.021259  0.064528  0.004616
454  0.012413  -0.014155  0.000354
455  -0.008238  0.040200  0.001684
456  0.016187  -0.023104  0.000796
457  0.052754  0.024886  0.003402
458  -0.018992  0.021781  0.000835
459  -0.043060  -0.017991  0.002178
460  -0.005168  -0.036465  0.001356
461  -0.016024  -0.026266  0.000947
462  0.068919  0.000628  0.004750
463  -0.008786  -0.046269  0.002218
464  -0.025732  0.035375  0.001914
465  -0.061139  -0.001302  0.003740
466  0.011115  0.014395  0.000331
467  -0.002758  0.043677  0.001915
468  -0.002953  -0.025613  0.000665
469  -0.035931  0.022967  0.001819
470  0.033796  -0.019915  0.001539
471  -0.013800  0.073229  0.005553
472  -0.018548  0.023772  0.000909
473  -0.019994  -0.046413  0.002554
474  0.068263  0.029215  0.005513
475  -0.002472  -0.005020  0.000031
476  0.023543  -0.012575  0.000712
477  -0.006045  0.009414  0.000125
478  -0.030027  0.019007  0.001263
479  -0.058416  0.041766  0.005157
480  0.024172  0.025187  0.001219
481  -0.028950  0.016274  0.001103
482  -0.064953  0.004903  0.004243
483  -0.013342  0.008490  0.000250
484  -0.005856  -0.024489  0.000634
485  0.000469  0.041304  0.001706
486  -0.014506  0.022168  0.000702
487  -0.031105  0.032108  0.001998
488  -0.017195  -0.025060  0.000924
489  -0.037418  -0.031921  0.002419
490  0.002271  0.016160  0.000266
491  -0.010874  -0.060667  0.003799
492  0.034093  -0.012263  0.001313
493  -0.038156  -0.002233  0.001461
494  -0.037325  -0.043244  0.003263
495  -0.006978  -0.029881  0.000942
496  0.003470  0.015578  0.000255
497  -0.046648  0.013034  0.002346
498  0.030862  0.022836  0.001474
499  -0.022179  -0.009952  0.000591
500  -0.005996  0.049995  0.002535
501  -0.007763  -0.027127  0.000796
502  -0.054395  -0.009699  0.003053
503  0.039694  -0.007196  0.001627
504  -0.022095  0.015626  0.000732
505  -0.016591  0.019391  0.000651
506  0.031103  -0.015155  0.001197
507  0.044186  -0.007048  0.002002
508  -0.012972  -0.025476  0.000817
509  -0.012872  -0.016533  0.000439
510  0.003009  0.041190  0.001706
511  -0.002745  -0.004637  0.000029
512  0.003195  0.017416  0.000314
513  0.007176  0.022113  0.000540
514  0.035945  0.039662  0.002865
515  0.075854  0.043695  0.007663
516  -0.039072  -0.004797  0.001550
517  -0.019387  -0.020495  0.000796
518  -0.053926  0.041588  0.004638
519  -0.015461  0.005686  0.000271
520  0.024681  0.026393  0.001306
521  0.030269  0.028327  0.001719
522  0.013393  -0.021097  0.000624
523  0.039017  0.047396  0.003769
524  0.024598  -0.010657  0.000719
525  -0.043476  0.027850  0.002666
526  -0.004849  0.007568  0.000081
527  -0.019018  -0.001688  0.000365
528  -0.008399  0.007900  0.000133
529  0.044537  0.035371  0.003235
530  0.023803  -0.031908  0.001585
531  0.018230  0.040791  0.001996
532  0.022507  0.001478  0.000509
533  0.000657  -0.002624  0.000007
534  0.005438  0.016513  0.000302
535  -0.028395  -0.023228  0.001346
536  0.008773  -0.021032  0.000519
537  0.010055  0.017597  0.000411
538  0.057760  0.015660  0.003581
539  -0.014562  -0.006461  0.000254
540  -0.025100  0.017539  0.000938
541  -0.009045  0.006665  0.000126
542  0.041190  -0.010255  0.001802
543  -0.004794  0.018428  0.000363
544  -0.010343  0.002624  0.000114
545  -0.022865  0.071300  0.005607
546  -0.002535  0.044935  0.002026
547  -0.024173  0.006546  0.000627
548  0.003070  -0.027458  0.000763
549  -0.015973  -0.029959  0.001153
550  -0.016136  0.017917  0.000581
551  0.009041  -0.001031  0.000083
552  -0.029788  -0.018585  0.001233
553  -0.021197  -0.032980  0.001537
554  -0.025783  0.013896  0.000858
555  0.020287  -0.019422  0.000789
556  -0.043455  0.001382  0.001890
557  0.025220  -0.002785  0.000644
558  -0.014395  0.010217  0.000312
559  -0.023032  0.014836  0.000751
560  -0.003094  -0.000051  0.000010
561  -0.016656  0.018558  0.000622
562  -0.026649  0.033982  0.001865
563  0.035848  0.013884  0.001478
564  -0.011545  -0.020608  0.000558
565  0.022343  0.008964  0.000580
566  -0.004060  0.012857  0.000182
567  -0.033746  0.013915  0.001332
568  -0.006166  0.004708  0.000060
569  -0.009513  -0.020496  0.000511
570  0.006106  0.003445  0.000049
571  0.011788  0.033483  0.001260
572  0.030485  0.004305  0.000948
573  -0.004811  0.017408  0.000326
574  -0.039948  -0.022295  0.002093
575  -0.001722  -0.005054  0.000029
576  0.040778  0.010251  0.001768
577  0.027802  -0.024865  0.001391
578  0.078157  -0.002977  0.006117
579  -0.013379  -0.049336  0.002613
580  0.026813  0.009346  0.000806
581  -0.000929  0.015248  0.000233
582  0.017870  0.000375  0.000319
583  -0.024705  -0.001044  0.000611
584  -0.069381  0.015480  0.005053
585  -0.017842  0.005290  0.000346
586  -0.045163  0.017879  0.002359
587  0.009422  0.025703  0.000749
588  0.026896  -0.014827  0.000943
589  0.026009  -0.005878  0.000711
590  -0.026087  -0.039854  0.002269
591  -0.023516  0.010333  0.000660
592  -0.031589  0.021324  0.001453
593  -0.009708  0.032870  0.001175
594  -0.005250  0.012515  0.000184
595  0.004185  0.023269  0.000559
596  0.020758  0.046757  0.002617
597  -0.040999  0.019778  0.002072
598  0.041059  -0.017890  0.002006
599  -0.000907  0.011657  0.000137
600  0.030133  0.000413  0.000908
601  0.009751  -0.039099  0.001624
602  -0.015903  0.041806  0.002001
603  0.001767  -0.007283  0.000056
604  0.001563  0.026995  0.000731
605  0.036115  0.024738  0.001916
606  0.005638  -0.002223  0.000037
607  0.003247  0.007804  0.000071
608  -0.008598  -0.021967  0.000556
609  -0.024729  -0.001050  0.000613
610  0.003082  0.008613  0.000084
611  0.026185  -0.022584  0.001196
612  -0.038683  -0.009310  0.001583
613  0.020947  -0.043571  0.002337
614  -0.006992  0.018676  0.000398
615  -0.025609  -0.001286  0.000657
616  -0.023795  0.018899  0.000923
617  -0.012641  0.018457  0.000500
618  -0.012758  0.003978  0.000179
619  -0.023867  0.058285  0.003967
620  -0.024509  0.011258  0.000727
621  -0.017752  0.000666  0.000316
622  0.016163  0.007468  0.000317
623  -0.012948  0.012953  0.000335
624  0.013655  0.035887  0.001474
625  0.013608  -0.014445  0.000394
626  -0.033521  0.018654  0.001472
627  0.016337  0.022943  0.000793
628  -0.013113  0.014827  0.000392
629  0.024174  0.063462  0.004612
630  0.007633  0.019267  0.000429
631  -0.026330  0.040890  0.002365
632  0.020179  0.025820  0.001074
633  -0.014542  -0.008259  0.000280
634  -0.035318  -0.001204  0.001249
635  -0.003401  -0.020675  0.000439
636  -0.020991  0.019133  0.000807
637  -0.037901  -0.001965  0.001440
638  0.001720  -0.016956  0.000290
639  -0.015507  -0.024831  0.000857
640  -0.005190  0.040024  0.001629
641  -0.012802  -0.015687  0.000410
642  0.015963  0.000265  0.000255
643  0.032442  0.009149  0.001136
644  0.003455  -0.020849  0.000447
645  -0.035204  0.020495  0.001659
646  0.025937  0.003467  0.000685
647  0.034175  -0.017690  0.001481
648  -0.008347  0.015132  0.000299
649  0.000428  0.036005  0.001297
650  0.004809  0.007573  0.000080
651  0.002341  0.015284  0.000239
652  0.005175  0.014326  0.000232
653  0.001749  0.005224  0.000030
654  -0.013097  -0.018937  0.000530
655  -0.008200  -0.005276  0.000095
656  -0.007049  0.029293  0.000908
657  0.023458  0.000276  0.000550
658  0.028078  0.015999  0.001044
659  -0.019574  0.050990  0.002983
660  -0.019488  0.015230  0.000612
661  0.033913  -0.024467  0.001749
662  0.037523  -0.009009  0.001489
663  -0.002187  -0.028861  0.000838
664  -0.007368  -0.029883  0.000947
665  -0.034568  0.008082  0.001260
666  -0.015437  0.004202  0.000256
667  -0.009828  -0.001748  0.000100
668  0.007257  0.022896  0.000577
669  -0.028333  0.040801  0.002468
670  -0.001075  0.001910  0.000005
671  0.003031  0.018839  0.000364
672  -0.002205  0.008952  0.000085
673  0.030046  0.031127  0.001872
674  -0.023343  -0.002793  0.000553
675  -0.004569  -0.008231  0.000089
676  -0.014969  0.018458  0.000565
677  0.000660  0.015623  0.000245
678  -0.008241  -0.016718  0.000347
679  0.044402  0.021192  0.002421
680  0.036298  0.005056  0.001343
681  -0.015222  0.028062  0.001019
682  0.001521  -0.009992  0.000102
683  0.001081  0.009324  0.000088
684  -0.033960  -0.004203  0.001171
685  -0.001901  0.001730  0.000007
686  0.009744  -0.005977  0.000131
687  0.001385  -0.003944  0.000017
688  -0.008619  0.013504  0.000257
689  -0.028643  0.008422  0.000891
690  -0.045072  0.033536  0.003156
691  0.002710  -0.000066  0.000007
692  -0.023809  0.038648  0.002061
693  0.010498  0.030584  0.001046
694  0.015101  -0.004657  0.000250
695  -0.035354  -0.020838  0.001684
696  -0.011177  -0.020333  0.000538
697  0.004377  -0.005352  0.000048
698  0.018261  0.001866  0.000337
699  0.021503  0.001365  0.000464
700  -0.022010  0.004155  0.000502
701  -0.005848  0.002853  0.000042
702  -0.011136  0.008178  0.000191
703  -0.010135  -0.011977  0.000246
704  0.035709  0.043101  0.003133
705  -0.028256  0.012514  0.000955
706  0.002496  0.000571  0.000007
707  0.030395  0.000122  0.000924
708  -0.044690  0.030102  0.002903
709  0.042825  -0.016286  0.002099
710  -0.027627  -0.020349  0.001177
711  0.013708  -0.002447  0.000194
712  0.002793  -0.011598  0.000142
713  0.019201  0.013042  0.000539
714  0.022018  0.021659  0.000954
715  0.026112  -0.011072  0.000804
716  -0.054873  -0.028951  0.003849
717  0.015073  -0.000437  0.000227
718  0.003635  0.019974  0.000412
719  -0.015028  -0.006008  0.000262
720  0.003148  0.000482  0.000010
721  -0.006966  0.016417  0.000318
722  0.007675  0.028123  0.000850
723  0.034991  -0.004118  0.001241
724  0.002561  0.009279  0.000093
725  -0.004429  0.029151  0.000869
726  -0.017813  -0.028885  0.001152
727  0.020746  0.044200  0.002384
728  -0.009836  0.005234  0.000124
729  -0.030423  -0.005966  0.000961
730  -0.029957  0.000492  0.000898
731  -0.008057  0.013398  0.000244
732  -0.059100  0.001558  0.003495
733  -0.014771  -0.037945  0.001658
734  0.005528  -0.001970  0.000034
735  -0.007205  -0.061310  0.003811
736  -0.022405  0.000253  0.000502
737  -0.050755  0.009204  0.002661
738  0.013683  0.017158  0.000482
739  -0.040435  0.030247  0.002550
740  -0.009310  0.003986  0.000103
741  0.011726  -0.008191  0.000205
742  0.008114  -0.044859  0.002078
743  -0.006903  -0.006636  0.000092
744  -0.005929  0.003566  0.000048
745  -0.013165  0.006224  0.000212
746  0.033716  -0.005304  0.001165
747  0.010905  0.013273  0.000295
748  -0.008362  0.001616  0.000073
749  -0.033171  0.003179  0.001110
750  -0.049351  0.001117  0.002437
751  0.006749  -0.037901  0.001482
752  -0.016097  0.003699  0.000273
753  0.010685  0.031611  0.001113
754  -0.013344  0.027996  0.000962
755  -0.017734  -0.012378  0.000468
756  -0.016220  0.037169  0.001645
757  0.046499  -0.028630  0.002982
758  -0.028930  -0.029982  0.001736
759  -0.008980  -0.023861  0.000650
760  -0.031226  -0.000896  0.000976
761  0.005606  -0.002716  0.000039
762  0.004788  0.001885  0.000026
763  0.014726  -0.020558  0.000639
764  -0.043050  -0.023674  0.002414
765  -0.012550  -0.027741  0.000927
766  -0.010241  0.015908  0.000358
767  0.040393  -0.000415  0.001632
768  0.007779  0.021157  0.000508
769  -0.011748  0.027309  0.000884
770  -0.001072  0.025791  0.000666
771  0.000379  -0.027483  0.000755
772  -0.025024  0.011142  0.000750
773  0.050738  0.028038  0.003360
774  -0.012466  0.004917  0.000180
775  0.010119  0.031276  0.001081
776  0.012257  -0.004270  0.000168
777  -0.014039  0.012716  0.000359
778  -0.002855  -0.000421  0.000008
779  -0.008758  0.024439  0.000674
780  0.010009  0.029055  0.000944
781  -0.025134  0.009806  0.000728
782  0.013949  0.004020  0.000211
783  -0.017581  -0.029155  0.001159
784  -0.008734  -0.024362  0.000670
785  -0.004721  0.034004  0.001179
786  0.015535  -0.017795  0.000558
787  -0.018448  0.006317  0.000380
788  0.015594  0.018290  0.000578
789  0.020477  -0.002428  0.000425
790  -0.009263  -0.008054  0.000151
791  0.020738  0.015181  0.000661
792  -0.028774  -0.015269  0.001061
793  -0.022823  0.040827  0.002188
794  -0.001374  0.005171  0.000029
795  -0.017130  0.015041  0.000520
796  -0.021324  -0.007992  0.000519
797  -0.006405  0.032493  0.001097
798  -0.004787  0.023274  0.000565
799  0.012583  -0.016690  0.000437
800  -0.026541  0.019114  0.001070
801  0.013165  0.022864  0.000696
802  0.023897  0.018595  0.000917
803  -0.006334  0.011959  0.000183
804  -0.016503  -0.020009  0.000673
805  0.037791  -0.009627  0.001521
806  0.003015  0.038872  0.001520
807  -0.010979  0.003129  0.000130
808  0.033366  -0.009795  0.001209
809  -0.011935  0.001705  0.000145
810  -0.014639  0.016313  0.000480
811  -0.007509  -0.005137  0.000083
812  0.010435  0.004733  0.000131
813  -0.023781  0.010867  0.000684
814  -0.006213  -0.000173  0.000039
815  -0.003529  -0.004766  0.000035
816  -0.013515  0.002018  0.000187
817  0.011534  0.021064  0.000577
818  -0.018700  -0.023830  0.000918
819  0.022519  0.075771  0.006248
820  0.019256  0.029729  0.001255
821  0.016084  -0.008060  0.000324
822  0.030517  -0.000791  0.000932
823  0.016802  0.024416  0.000878
824  -0.001652  -0.006939  0.000051
825  -0.036579  -0.044186  0.003290
826  0.008662  0.027823  0.000849
827  0.033315  -0.014386  0.001317
828  0.001610  -0.011440  0.000133
829  -0.015839  -0.017662  0.000563
830  -0.014641  -0.003803  0.000229
831  0.030098  -0.007301  0.000959
832  0.025771  0.005384  0.000693
833  -0.015335  -0.010151  0.000338
834  -0.024492  -0.012214  0.000749
835  0.011364  -0.002912  0.000138
836  -0.007066  0.012292  0.000201
837  0.019017  0.012041  0.000507
838  0.023898  0.020373  0.000986
839  -0.047740  0.026634  0.002989
840  0.055143  0.019834  0.003434
841  0.001657  -0.015580  0.000245
842  0.017095  0.024003  0.000868
843  0.051350  0.002667  0.002644
844  0.003033  0.009885  0.000107
845  0.010799  0.027217  0.000857
846  -0.021212  -0.008309  0.000519
847  -0.021239  0.019948  0.000849
848  -0.006508  0.025754  0.000706
849  -0.014248  -0.011573  0.000337
850  0.000875  0.010848  0.000118
851  0.020461  -0.020713  0.000848
852  -0.021551  0.024520  0.001066
853  0.060930  -0.031588  0.004710
854  -0.002020  0.032280  0.001046
855  0.025533  0.010157  0.000755
856  0.024261  0.002312  0.000594
857  -0.009252  0.027942  0.000866
858  -0.033320  0.039472  0.002668
859  -0.033388  -0.018103  0.001443
860  0.018050  -0.007147  0.000377
861  -0.035399  0.010552  0.001364
862  0.041445  0.046142  0.003847
863  0.017805  -0.065392  0.004593
864  -0.012052  0.019152  0.000512
865  0.039176  0.007740  0.001595
866  0.001683  -0.007747  0.000063
867  0.003990  0.001327  0.000018
868  0.016603  0.007395  0.000330
869  -0.016622  -0.022378  0.000777
870  0.022522  0.053955  0.003418
871  0.016773  0.022841  0.000803
872  -0.014336  0.004202  0.000223
873  0.035316  0.031841  0.002261
874  0.033008  -0.022257  0.001585
875  -0.012968  0.018584  0.000514
876  -0.030113  0.011935  0.001049
877  0.001239  -0.009289  0.000088
878  0.028716  0.022003  0.001309
879  -0.004140  -0.017384  0.000319
880  -0.004524  0.001863  0.000024
881  -0.044652  -0.013068  0.002165
882  -0.001863  0.015161  0.000233
883  0.008298  -0.006798  0.000115
884  -0.002042  0.015423  0.000242
885  -0.022306  -0.017679  0.000810
886  -0.011877  0.040708  0.001798
887  -0.010975  0.011271  0.000247
888  0.024903  0.014858  0.000841
889  0.011059  -0.000460  0.000123
890  0.053340  0.012510  0.003002
891  0.001256  0.022001  0.000486
892  0.005288  0.020554  0.000450
893  -0.012377  -0.036594  0.001492
894  0.035798  0.034399  0.002465
895  -0.000082  -0.004179  0.000017
896  -0.010208  -0.005204  0.000131
897  0.000620  -0.024564  0.000604
898  0.031350  0.005100  0.001009
899  0.019798  -0.002570  0.000399
900  0.014977  0.021106  0.000670
901  0.000960  0.046354  0.002150
902  0.000081  -0.019497  0.000380
903  0.008817  0.010091  0.000180
904  -0.017713  0.024353  0.000907
905  -0.033204  0.004505  0.001123
906  -0.003231  0.009807  0.000107
907  0.006932  -0.021104  0.000493
908  0.034045  -0.010808  0.001276
909  -0.042051  0.007284  0.001821
910  -0.020707  -0.021566  0.000894
911  0.035385  0.025412  0.001898
912  -0.011472  -0.019401  0.000508
913  0.006785  0.067162  0.004557
914  0.028783  0.033274  0.001936
915  0.050365  -0.011626  0.002672
916  0.006498  0.021312  0.000496
917  -0.026811  0.013008  0.000888
918  0.033177  0.013564  0.001285
919  -0.017534  0.022926  0.000833
920  0.022756  0.008014  0.000582
921  -0.009202  0.011495  0.000217
922  -0.020192  -0.011007  0.000529
923  -0.006069  0.024454  0.000635
924  0.001084  0.012586  0.000160
925  -0.030164  0.027474  0.001665
926  0.000317  0.011503  0.000132
927  -0.013728  0.001713  0.000191
928  0.018544  -0.030305  0.001262
929  0.032657  0.033619  0.002197
930  -0.006230  -0.000239  0.000039
931  0.004549  0.013484  0.000203
932  -0.013785  0.033399  0.001306
933  0.014022  -0.001167  0.000198
934  0.009207  0.035134  0.001319
935  -0.014537  0.001101  0.000213
936  -0.027948  0.006180  0.000819
937  0.000099  0.022517  0.000507
938  0.006668  -0.003397  0.000056
939  -0.006423  0.001871  0.000045
940  -0.001463  0.009109  0.000085
941  0.034358  0.017005  0.001470
942  -0.005623  0.036968  0.001398
943  0.025371  -0.014065  0.000842
944  -0.005780  0.033670  0.001167
945  0.023807  0.026621  0.001275
946  0.024024  0.005458  0.000607
947  -0.022812  0.023686  0.001081
948  -0.001643  -0.031966  0.001025
949  -0.028238  0.021746  0.001270
950  0.016941  -0.003042  0.000296
951  -0.012984  0.007315  0.000222
952  0.000209  0.032236  0.001039
953  -0.034567  0.018308  0.001530
954  -0.009838  -0.012644  0.000257
955  0.001573  0.034451  0.001189
956  0.016629  -0.008968  0.000357
957  -0.007299  0.006331  0.000093
958  0.003310  0.017566  0.000320
959  -0.023901  -0.007299  0.000625
960  -0.034382  -0.026216  0.001869
961  0.007220  0.020102  0.000456
962  -0.001248  0.036407  0.001327
963  0.001928  -0.015775  0.000253
964  0.032476  0.030937  0.002012
965  0.027165  -0.014999  0.000963
966  0.036541  -0.035387  0.002587
967  0.003766  -0.018890  0.000371
968  0.024936  -0.018539  0.000965
969  0.018581  -0.011054  0.000467
970  0.005134  -0.004506  0.000047
971  0.018400  0.042188  0.002118
972  -0.001324  0.010593  0.000114
973  0.051122  0.005688  0.002646
974  0.021986  -0.000117  0.000483
975  -0.027713  0.000195  0.000768
976  -0.008121  0.007682  0.000125
977  0.011006  0.015927  0.000375
978  -0.000300  0.011694  0.000137
979  0.006896  0.001406  0.000050
980  0.008506  0.020792  0.000505
981  -0.004829  0.027737  0.000793
982  0.020452  0.030283  0.001335
983  0.004254  0.023472  0.000569
984  0.023559  0.003426  0.000567
985  -0.013620  -0.011183  0.000311
986  -0.013614  -0.017356  0.000487
987  -0.027761  0.006991  0.000820
988  0.014957  -0.020333  0.000637
989  0.003666  0.004245  0.000031
990  0.011768  -0.013182  0.000312
991  -0.019823  -0.005153  0.000419
992  0.028809  0.013134  0.001002
993  -0.022815  -0.024321  0.001112
994  0.021273  0.026333  0.001146
995  0.000257  0.027727  0.000769
996  0.019140  0.016715  0.000646
997  -0.008416  -0.015106  0.000299
998  -0.012056  -0.005554  0.000176
999  0.002437  0.011453  0.000137
1000  0.016408  0.026799  0.000987
1001  -0.018042  -0.009764  0.000421
1002  0.019576  0.003275  0.000394
1003  0.054385  -0.006319  0.002998
1004  0.007106  0.000681  0.000051
1005  0.016313  0.029809  0.001155
1006  -0.008481  0.003808  0.000086
1007  0.030271  0.035091  0.002148
1008  -0.003691  0.018568  0.000358
1009  -0.016527  -0.036877  0.001633
1010  0.008151  0.022261  0.000562
1011  0.006402  -0.004889  0.000065
1012  -0.009040  -0.023202  0.000620
1013  -0.061745  -0.002162  0.003817
1014  0.005945  0.019261  0.000406
1015  0.018369  -0.008266  0.000406
1016  0.004964  -0.004272  0.000043
1017  0.023826  -0.026561  0.001273
1018  0.003995  -0.013221  0.000191
1019  -0.007818  0.024402  0.000657
1020  -0.039136  0.018032  0.001857
1021  0.018744  0.002842  0.000359
1022  -0.046355  0.013486  0.002331
1023  0.064146  0.036369  0.005437
1024  -0.002916  0.000267  0.000009
1025  0.024696  0.016722  0.000890
1026  0.020415  0.030649  0.001356
1027  -0.013249  0.000592  0.000176
1028  0.006601  0.040534  0.001687
1029  -0.039483  -0.008236  0.001627
1030  -0.015911  -0.005591  0.000284
1031  0.033914  -0.011980  0.001294
1032  -0.012286  0.007578  0.000208
1033  0.000961  0.017701  0.000314
1034  0.014799  0.013751  0.000408
1035  -0.016197  0.042743  0.002089
1036  0.021995  0.047617  0.002751
1037  -0.040739  0.040442  0.003295
1038  0.012881  -0.015349  0.000402
1039  0.013189  -0.012713  0.000336
1040  0.009153  0.024373  0.000678
1041  0.014655  -0.037969  0.001656
1042  0.023602  0.004271  0.000575
1043  0.007981  0.000300  0.000064
1044  -0.010789  0.023351  0.000662
1045  -0.014375  0.027536  0.000965
1046  -0.003150  -0.024366  0.000604
1047  -0.050786  -0.000493  0.002579
1048  0.007375  0.022787  0.000574
1049  -0.042759  -0.027841  0.002603
1050  0.016887  -0.003265  0.000296
1051  -0.005367  -0.018444  0.000369
1052  -0.029601  0.031832  0.001890
1053  -0.009700  -0.002177  0.000099
1054  0.023461  0.024536  0.001152
1055  0.007102  -0.012870  0.000216
1056  0.000844  -0.008668  0.000076
1057  0.001512  -0.006859  0.000049
1058  -0.020449  0.026015  0.001095
1059  0.027520  0.000964  0.000758
1060  -0.000683  0.008082  0.000066
1061  0.014872  0.028522  0.001035
1062  0.019210  0.010462  0.000478
1063  0.021010  -0.002273  0.000447
1064  0.019559  0.040563  0.002028
1065  0.023566  0.003080  0.000565
1066  -0.056640  0.025004  0.003833
1067  0.031503  0.017716  0.001306
1068  0.032620  0.020865  0.001499
1069  0.006848  0.025065  0.000675
1070  -0.020863  0.013951  0.000630
1071  0.032306  -0.005403  0.001073
1072  0.019991  0.004434  0.000419
1073  0.006216  0.007188  0.000090
1074  -0.047759  -0.003846  0.002296
1075  0.004644  -0.003122  0.000031
1076  -0.024141  0.000002  0.000583
1077  0.005357  -0.011573  0.000163
1078  0.012763  -0.019447  0.000541
1079  -0.010589  0.026881  0.000835
1080  0.009971  0.034442  0.001286
1081  0.017355  0.012551  0.000459
1082  -0.007359  -0.046379  0.002205
1083  0.004167  -0.030864  0.000970
1084  0.008496  -0.023023  0.000602
1085  0.000738  0.004223  0.000018
1086  -0.019605  0.050189  0.002903
1087  0.000208  -0.001939  0.000004
1088  0.009125  0.025393  0.000728
1089  -0.017065  -0.001039  0.000292
1090  0.002262  -0.008459  0.000077
1091  0.024215  -0.001163  0.000588
1092  0.008795  0.043440  0.001964
1093  0.020556  -0.058145  0.003803
1094  -0.017037  -0.001405  0.000292
1095  -0.006499  0.022133  0.000532
1096  0.017073  0.050056  0.002797
1097  0.024220  -0.009229  0.000672
1098  -0.052822  -0.016513  0.003063
1099  0.006438  0.003634  0.000055
1100  -0.016995  0.017228  0.000586
1101  -0.006088  0.027664  0.000802
1102  -0.009162  0.010398  0.000192
1103  -0.032990  -0.016019  0.001345
1104  -0.024985  -0.018225  0.000956
1105  0.017460  -0.015894  0.000557
1106  0.016423  -0.009850  0.000367
1107  0.022605  0.023544  0.001065
1108  0.001738  -0.028191  0.000798
1109  0.008541  0.011457  0.000204
1110  0.033335  -0.004634  0.001133
1111  -0.018051  0.037248  0.001713
1112  0.005433  0.010270  0.000135
1113  -0.025115  0.018700  0.000980
1114  -0.034981  0.002914  0.001232
1115  0.028133  0.023440  0.001341
1116  0.007901  -0.023496  0.000614
1117  -0.027123  0.050319  0.003268
1118  0.007132  -0.022102  0.000539
1119  0.009562  -0.000649  0.000092
1120  -0.016168  0.022786  0.000781
1121  0.003854  0.017047  0.000305
1122  -0.021581  -0.008681  0.000541
1123  0.018168  0.008456  0.000402
1124  -0.004134  0.027303  0.000763
1125  0.012080  0.011040  0.000268
1126  0.017279  0.025071  0.000927
1127  0.033761  0.036464  0.002469
1128  -0.008794  -0.012078  0.000223
1129  -0.023080  0.003685  0.000546
1130  0.023501  -0.016358  0.000820
1131  -0.007148  0.006712  0.000096
1132  0.011766  -0.004885  0.000162
1133  -0.006709  -0.000283  0.000045
1134  0.037326  -0.006754  0.001439
1135  -0.011439  0.031045  0.001095
1136  0.015872  -0.040362  0.001881
1137  -0.014252  0.006049  0.000240
1138  -0.018266  0.007716  0.000393
1139  0.001905  0.019805  0.000396
1140  -0.001981  -0.028435  0.000812
1141  0.001911  0.031064  0.000969
1142  -0.010654  0.003362  0.000125
1143  -0.005005  0.009074  0.000107
1144  -0.017679  0.018613  0.000659
1145  -0.013575  -0.016809  0.000467
1146  0.005806  -0.011818  0.000173
1147  -0.005192  0.026266  0.000717
1148  -0.013949  0.031315  0.001175
1149  0.021537  -0.019083  0.000828
1150  0.005759  0.028408  0.000840
1151  0.000587  -0.032662  0.001067
1152  0.014333  0.003526  0.000218
1153  0.038883  -0.006223  0.001551
1154  -0.016970  -0.019774  0.000679
1155  0.010782  0.008681  0.000192
1156  -0.001156  0.023189  0.000539
1157  -0.011074  0.030344  0.001043
1158  -0.020389  0.007050  0.000465
1159  -0.028617  0.017059  0.001110
1160  -0.014078  0.006728  0.000243
1161  -0.041965  -0.027470  0.002516
1162  0.059637  -0.008863  0.003635
1163  0.000437  -0.031331  0.000982
1164  -0.007597  0.020624  0.000483
1165  -0.031688  0.025377  0.001648
1166  -0.014514  0.036904  0.001573
1167  -0.011129  -0.025509  0.000775
1168  -0.014425  -0.048344  0.002545
1169  0.005757  0.009742  0.000128
1170  -0.008168  -0.001305  0.000068
1171  -0.024160  0.027887  0.001361
1172  -0.024327  0.027642  0.001356
1173  0.049525  -0.006553  0.002496
1174  -0.038953  0.014480  0.001727
1175  -0.043023  -0.025447  0.002499
1176  0.010448  -0.037460  0.001512
1177  -0.005363  0.016435  0.000299
1178  0.036404  0.010169  0.001429
1179  -0.021480  0.002798  0.000469
1180  0.009146  0.019647  0.000470
1181  0.003047  0.006230  0.000048
1182  -0.000980  0.021981  0.000484
1183  0.007676  0.018455  0.000400
1184  0.019813  -0.000510  0.000393
1185  0.010501  0.005440  0.000140
1186  0.009676  0.002870  0.000102
1187  -0.007442  -0.010760  0.000171
1188  -0.003240  0.008402  0.000081
1189  -0.003817  0.021252  0.000466
1190  0.019842  0.027380  0.001143
1191  0.024572  0.035211  0.001844
1192  -0.034493  -0.019933  0.001587
1193  -0.043358  -0.028895  0.002715
1194  -0.010826  0.013935  0.000311
1195  0.034729  -0.004686  0.001228
1196  -0.018395  0.078645  0.006523
1197  0.005264  0.041238  0.001728
1198  0.034235  0.042395  0.002969
1199  -0.026362  0.005306  0.000723
1200  -0.005212  0.029716  0.000910
1201  0.027024  -0.001137  0.000732
1202  0.022081  -0.012936  0.000655
1203  -0.031023  -0.000386  0.000963
1204  -0.019312  -0.035437  0.001629
1205  -0.003279  0.029600  0.000887
1206  -0.002427  -0.025847  0.000674
1207  0.007062  -0.009638  0.000143
1208  -0.026000  0.003526  0.000688
1209  0.010961  0.009797  0.000216
1210  0.002791  0.025421  0.000654
1211  0.033077  -0.015019  0.001320
1212  -0.020536  -0.000070  0.000422
1213  -0.011937  -0.000530  0.000143
1214  0.013069  0.017749  0.000486
1215  0.035550  -0.010146  0.001367
1216  0.062439  -0.035149  0.005134
1217  0.026367  -0.027235  0.001437
1218  -0.032325  0.023211  0.001584
1219  0.034750  -0.044289  0.003169
1220  0.000834  0.021823  0.000477
1221  -0.020621  0.006477  0.000467
1222  0.016688  -0.006819  0.000325
1223  -0.018346  0.002255  0.000342
1224  -0.000665  0.012667  0.000161
1225  0.023619  -0.027119  0.001293
1226  0.014743  -0.025103  0.000847
1227  -0.045135  0.043899  0.003964
1228  -0.034755  -0.014807  0.001427
1229  -0.006209  0.029548  0.000912
1230  0.008573  -0.003560  0.000086
1231  0.016426  -0.002489  0.000276
1232  -0.025129  -0.019642  0.001017
1233  -0.003444  0.006242  0.000051
1234  0.029841  -0.017969  0.001213
1235  -0.001108  0.028762  0.000828
1236  0.019860  0.000720  0.000395
1237  0.005312  0.000823  0.000029
1238  -0.000734  0.008521  0.000073
1239  0.001536  0.052588  0.002768
1240  0.013938  0.023959  0.000768
1241  0.038492  -0.010577  0.001593
1242  -0.010787  0.009701  0.000210
1243  -0.048817  0.027622  0.003146
1244  0.021864  -0.020923  0.000916
1245  -0.038049  -0.000018  0.001448
1246  0.007379  0.011186  0.000180
1247  0.011281  -0.011183  0.000252
1248  -0.020400  -0.003088  0.000426
1249  0.018169  0.000528  0.000330
1250  0.005408  0.000072  0.000029
1251  0.007611  0.009669  0.000151
1252  -0.068111  -0.022548  0.005148
1253  0.014171  0.027868  0.000977
1254  0.008106  -0.027390  0.000816
1255  0.009088  0.010484  0.000193
1256  0.015328  -0.019233  0.000605
1257  0.019927  0.032962  0.001484
1258  -0.013044  0.028951  0.001008
1259  0.012036  0.008861  0.000223
1260  0.011781  0.004040  0.000155
1261  -0.037277  -0.010152  0.001493
1262  -0.014468  -0.031236  0.001185
1263  -0.060082  -0.015855  0.003861
1264  -0.042636  0.036218  0.003130
1265  0.011474  -0.002148  0.000136
1266  -0.031053  0.006722  0.001009
1267  -0.036508  -0.024673  0.001942
1268  0.006523  -0.027410  0.000794
1269  0.014850  0.041105  0.001910
1270  0.001101  -0.026205  0.000688
1271  0.027273  -0.007262  0.000797
1272  0.012327  -0.033647  0.001284
1273  0.054743  0.006225  0.003035
1274  0.022983  0.033613  0.001658
1275  0.046226  0.036019  0.003434
1276  0.010498  -0.034468  0.001298
1277  -0.011528  -0.027168  0.000871
1278  0.040714  0.045845  0.003759
1279  -0.032944  -0.014448  0.001294
1280  -0.005205  0.006259  0.000066
1281  -0.010102  -0.009529  0.000193
1282  -0.016756  -0.013702  0.000468
1283  0.009774  -0.012683  0.000256
1284  -0.007807  -0.035043  0.001289
1285  -0.007406  0.010718  0.000170
1286  0.009680  0.024333  0.000686
1287  0.018473  0.060098  0.003953
1288  0.027981  -0.006403  0.000824
1289  0.011296  -0.025136  0.000759
1290  -0.000651  0.005488  0.000031
1291  0.014097  0.039613  0.001768
1292  0.035333  -0.012623  0.001408
1293  -0.038351  0.007955  0.001534
1294  0.014272  -0.007591  0.000261
1295  0.002042  0.021171  0.000452
1296  0.012488  0.016383  0.000424
1297  0.045964  -0.022000  0.002597
1298  -0.009394  0.016466  0.000359
1299  -0.033207  0.009909  0.001201
1300  0.021582  0.039443  0.002022
1301  -0.007202  -0.003971  0.000068
1302  0.024308  -0.012012  0.000735
1303  0.026330  -0.017901  0.001014
1304  -0.002314  0.002795  0.000013
1305  0.041216  -0.020994  0.002139
1306  0.044284  0.043349  0.003840
1307  0.009989  0.031844  0.001114
1308  -0.006764  -0.007061  0.000096
1309  0.013647  0.090256  0.008332
1310  -0.021961  0.009923  0.000581
1311  -0.032846  0.000086  0.001079
1312  0.001048  -0.031247  0.000977
1313  0.019836  -0.036382  0.001717
1314  -0.018962  0.021616  0.000827
1315  -0.029347  0.028904  0.001697
1316  0.009513  -0.018689  0.000440
1317  0.014402  0.005200  0.000234
1318  0.000064  0.001553  0.000002
1319  -0.022955  0.035669  0.001799
1320  -0.018957  -0.002037  0.000364
1321  0.013870  0.036668  0.001537
1322  -0.009955  0.014777  0.000317
1323  0.019380  0.017237  0.000673
1324  -0.021961  0.045676  0.002569
1325  0.027295  -0.015576  0.000988
1326  0.019155  0.031233  0.001342
1327  0.017689  -0.011982  0.000456
1328  -0.031027  -0.025904  0.001634
1329  0.004451  -0.027315  0.000766
1330  0.027119  0.009661  0.000829
1331  0.018301  0.027694  0.001102
1332  0.018180  -0.034191  0.001500
1333  0.027320  -0.033400  0.001862
1334  -0.016934  -0.036059  0.001587
1335  -0.038981  0.033008  0.002609
1336  0.006202  0.020330  0.000452
1337  0.005606  0.000958  0.000032
1338  -0.000295  -0.005193  0.000027
1339  0.000111  -0.045025  0.002027
1340  0.032668  -0.003567  0.001080
1341  -0.040738  0.007416  0.001715
1342  0.010752  -0.031305  0.001096
1343  -0.010406  0.004906  0.000132
1344  -0.004930  0.031961  0.001046
1345  -0.000625  0.028735  0.000826
1346  -0.057353  0.018738  0.003640
1347  0.005929  -0.019657  0.000422
1348  0.017029  0.053299  0.003131
1349  0.008145  -0.034556  0.001260
1350  -0.022571  0.042956  0.002355
1351  -0.009126  0.034632  0.001283
1352  0.011053  0.011828  0.000262
1353  -0.021986  0.007984  0.000547
1354  0.001459  0.017378  0.000304
1355  0.009784  0.004386  0.000115
1356  -0.028010  0.038822  0.002292
1357  0.012654  -0.019376  0.000536
1358  0.021712  0.041649  0.002206
1359  0.003063  -0.012153  0.000157
1360  0.013462  0.028084  0.000970
1361  0.010368  -0.002490  0.000114
1362  -0.036447  0.014887  0.001550
1363  -0.023298  0.056266  0.003709
1364  0.008814  0.006697  0.000123
1365  -0.017363  -0.004585  0.000323
1366  0.044183  0.013421  0.002132
1367  0.032664  -0.044175  0.003018
1368  0.010366  0.048026  0.002414
1369  -0.025213  0.043789  0.002553
1370  0.033780  0.045880  0.003246
1371  0.075615  0.013070  0.005888
1372  0.008929  0.059539  0.003625
1373  0.003972  0.047235  0.002247
1374  -0.021195  -0.008753  0.000526
1375  -0.005037  0.014115  0.000225
1376  -0.011056  -0.002567  0.000129
1377  0.019695  -0.011442  0.000519
1378  0.029398  -0.040004  0.002465
1379  -0.048047  0.033743  0.003447
1380  -0.001060  0.014762  0.000219
1381  -0.029645  -0.016358  0.001146
1382  0.023835  0.041710  0.002308
1383  0.062021  0.031423  0.004834
1384  -0.011926  -0.022936  0.000668
1385  0.017812  0.034319  0.001495
1386  0.010189  0.015045  0.000330
1387  -0.003187  0.024410  0.000606
1388  0.007162  0.040492  0.001691
1389  0.030825  -0.028863  0.001783
1390  0.000087  0.019114  0.000365
1391  0.013667  -0.037403  0.001586
1392  -0.008175  0.002561  0.000073
1393  -0.007803  0.010586  0.000173
1394  -0.016741  0.011532  0.000413
1395  0.028228  0.036986  0.002165
1396  -0.029150  -0.008706  0.000926
1397  -0.002824  -0.003012  0.000017
1398  0.024732  -0.028600  0.001430
1399  0.024401  0.033530  0.001720
1400  -0.001690  0.000326  0.000003
1401  -0.037818  0.056924  0.004670
1402  -0.008409  -0.022538  0.000579
1403  -0.050990  0.066469  0.007018
1404  -0.060438  0.014796  0.003872
1405  -0.016624  -0.002875  0.000285
1406  0.005914  -0.005170  0.000062
1407  -0.007593  -0.008345  0.000127
1408  -0.008142  0.025564  0.000720
1409  0.000460  -0.022303  0.000498
1410  -0.004764  -0.062293  0.003903
1411  0.034482  -0.020462  0.001608
1412  -0.012538  -0.010909  0.000276
1413  0.035004  -0.015470  0.001465
1414  0.004191  0.014820  0.000237
1415  -0.006154  0.003385  0.000049
1416  0.017623  -0.022324  0.000809
1417  -0.003959  0.020815  0.000449
1418  -0.016300  0.007627  0.000324
1419  0.004899  -0.017211  0.000320
1420  0.005607  0.037561  0.001442
1421  -0.022745  0.017147  0.000811
1422  -0.029312  0.003570  0.000872
1423  0.016993  0.039736  0.001868
1424  0.000174  0.017726  0.000314
1425  0.021347  -0.042154  0.002233
1426  -0.020936  -0.021150  0.000886
1427  -0.001934  -0.016655  0.000281
1428  -0.014759  -0.038204  0.001677
1429  -0.019538  -0.014597  0.000595
1430  0.002402  0.062459  0.003907
1431  0.000695  -0.026308  0.000693
1432  0.021968  -0.010024  0.000583
1433  -0.041017  0.012165  0.001830
1434  0.044732  -0.025324  0.002642
1435  -0.027366  0.061835  0.004572
1436  -0.021183  0.061619  0.004246
1437  -0.049511  0.010459  0.002561
1438  0.031098  -0.023195  0.001505
1439  0.067113  0.000612  0.004505
1440  -0.043053  0.027936  0.002634
1441  -0.013101  0.061967  0.004012
1442  -0.007626  0.029178  0.000910
1443  -0.016812  -0.009964  0.000382
1444  0.020761  0.006928  0.000479
1445  0.014875  0.033577  0.001349
1446  -0.005146  -0.014509  0.000237
1447  -0.016304  -0.014785  0.000484
1448  -0.014268  0.063138  0.004190
1449  0.024723  0.018942  0.000970
1450  -0.015401  0.030941  0.001195
1451  -0.004034  -0.040815  0.001682
1452  -0.013002  -0.007329  0.000223
1453  0.026599  0.065539  0.005003
1454  -0.020830  0.019193  0.000802
1455  -0.003508  -0.004097  0.000029
1456  0.047411  0.036541  0.003583
1457  0.017847  0.002934  0.000327
1458  0.004321  -0.007288  0.000072
1459  0.015298  0.011241  0.000360
1460  -0.015606  0.011950  0.000386
1461  0.032478  0.056126  0.004205
1462  0.039135  0.064271  0.005662
1463  0.038740  -0.009654  0.001594
1464  0.049050  0.028289  0.003206
1465  0.049942  -0.032644  0.003560
1466  0.018555  -0.003981  0.000360
1467  -0.021723  -0.002407  0.000478
1468  -0.019253  -0.003849  0.000386
1469  0.004851  0.028184  0.000818
1470  -0.009074  0.000939  0.000083
1471  0.050737  0.033285  0.003682
1472  0.027397  0.007607  0.000808
1473  -0.015124  -0.040066  0.001834
1474  0.009224  0.015533  0.000326
1475  0.023041  -0.010266  0.000636
1476  -0.001562  0.000186  0.000002
1477  -0.044041  0.037006  0.003309
1478  0.005753  0.006896  0.000081
1479  -0.025457  0.016196  0.000910
1480  0.048077  -0.022908  0.002836
1481  0.043026  -0.042510  0.003658
1482  0.043022  -0.034582  0.003047
1483  0.003750  -0.021236  0.000465
1484  0.006417  0.027202  0.000781
1485  -0.037230  -0.048214  0.003711
1486  0.002692  0.005397  0.000036
1487  -0.052397  -0.029333  0.003606
1488  -0.004673  -0.031319  0.001003
1489  -0.014516  -0.023801  0.000777
1490  -0.019201  -0.002098  0.000373
1491  0.015057  -0.013506  0.000409
1492  0.081318  -0.026607  0.007321
1493  0.028119  0.000694  0.000791
1494  0.034775  -0.000500  0.001210
1495  -0.014519  -0.069002  0.004972
1496  0.032402  -0.013923  0.001244
1497  -0.020781  0.053016  0.003243
1498  0.022336  -0.007528  0.000556
1499  0.071054  -0.041796  0.006796
1500  -0.022721  -0.074257  0.006030
1501  -0.015183  0.010201  0.000335
1502  0.006321  0.000131  0.000040
1503  0.002907  0.039837  0.001595
1504  -0.068040  -0.004666  0.004651
1505  -0.043257  0.062862  0.005823
1506  0.056091  -0.094020  0.011986
1507  -0.046588  -0.009347  0.002258
1508  -0.028761  -0.024988  0.001452
1509  0.016897  0.019898  0.000681
1510  0.046050  -0.067837  0.006722
1511  -0.008850  -0.025148  0.000711
1512  0.054090  0.015492  0.003166
1513  0.026580  0.032653  0.001773
1514  0.045292  -0.000653  0.002052
1515  -0.006413  -0.021598  0.000508
1516  -0.021272  0.008884  0.000531
1517  0.054739  -0.053466  0.005855
1518  0.000932  -0.032053  0.001028
1519  0.064994  0.044772  0.006229
1520  0.008805  -0.043501  0.001970
1521  0.003135  0.017322  0.000310
1522  -0.049996  0.001897  0.002503
1523  -0.022494  0.058066  0.003878
1524  0.010792  0.046436  0.002273
1525  -0.003193  -0.025605  0.000666
1526  0.012119  0.026725  0.000861
1527  -0.002518  0.003257  0.000017
1528  0.024565  -0.027089  0.001337
1529  0.009497  -0.005111  0.000116
1530  0.010612  -0.033756  0.001252
1531  0.004626  0.014232  0.000224
1532  -0.002553  -0.017843  0.000325
1533  -0.012886  0.035278  0.001411
1534  -0.059840  -0.046044  0.005701
1535  -0.048601  0.057712  0.005693
1536  0.013030  0.006687  0.000215
1537  0.020269  -0.058572  0.003841
1538  0.031138  0.016918  0.001256
1539  0.035104  -0.000815  0.001233
1540  0.022417  0.044863  0.002515
1541  -0.005610  0.000651  0.000032
1542  0.061303  0.000381  0.003758
1543  -0.046242  0.004923  0.002163
1544  -0.089723  -0.046022  0.010168
1545  0.095059  -0.043891  0.010963
1546  0.017660  0.048095  0.002625
1547  0.012902  0.032560  0.001227
1548  0.060901  0.010765  0.003825
1549  0.077862  -0.013705  0.006250
1550  0.028131  0.043759  0.002706
1551  0.038087  0.060703  0.005135
1552  0.031960  -0.024060  0.001600
1553  -0.002529  0.015113  0.000235
1554  0.064059  -0.019079  0.004468
1555  0.097493  -0.014705  0.009721
1556  0.006959  -0.012891  0.000215
1557  -0.010716  -0.035724  0.001391
1558  -0.061507  -0.029026  0.004626
1559  0.041675  -0.092368  0.010269
1560  0.075048  -0.019616  0.006017
1561  -0.013325  -0.063563  0.004218
1562  0.036802  0.037494  0.002760
1563  -0.005086  -0.082308  0.006800
1564  0.055469  0.007501  0.003133
1565  -0.007196  -0.008950  0.000132
1566  0.011588  0.014125  0.000334
1567  0.025071  0.098140  0.010260
1568  0.091985  -0.001087  0.008462
1569  0.046407  0.069243  0.006948
1570  -0.015768  -0.017418  0.000552
1571  0.043242  -0.015346  0.002105
1572  0.011789  -0.035602  0.001406
1573  -0.039879  0.013404  0.001770
1574  -0.036063  0.013666  0.001487
1575  -0.046212  -0.014165  0.002336
1576  -0.043878  0.034980  0.003149
1577  0.005994  0.018894  0.000393
1578  -0.096179  -0.059162  0.012751
1579  -0.012012  0.039279  0.001687
1580  0.087615  0.070339  0.012624
1581  -0.005832  0.040072  0.001640
1582  0.008614  0.043487  0.001965
1583  -0.093361  0.106901  0.020144
1584  -0.012583  -0.011644  0.000294
1585  0.070504  -0.010283  0.005077
1586  0.046728  0.035401  0.003437
1587  0.069114  0.033259  0.005883
1588  -0.002950  0.025909  0.000680
1589  -0.069840  -0.015125  0.005106
1590  -0.026766  0.054922  0.003733
1591  -0.152020  -0.054174  0.026045
1592  0.101546  0.085329  0.017593
1593  -0.095986  -0.043833  0.011135
1594  0.086771  0.120764  0.022113
1595  -0.005873  0.000635  0.000035
1596  0.068674  0.023044  0.005247
1597  0.016713  -0.046957  0.002484
1598  0.057516  -0.008316  0.003377
1599  -0.048255  0.067177  0.006841
1600  0.047490  -0.061082  0.005986
1601  0.018951  -0.079687  0.006709
1602  -0.012019  -0.011697  0.000281
1603  -0.001245  0.049104  0.002413
1604  0.087662  -0.049562  0.010141
1605  -0.075036  -0.032533  0.006689
1606  -0.097579  -0.024420  0.010118
1607  0.040519  -0.051628  0.004307
1608  0.107109  0.021634  0.011940
1609  0.035357  -0.026787  0.001968
1610  0.054292  -0.097773  0.012507
1611  0.064597  0.101134  0.014401
1612  -0.005179  -0.003376  0.000038
1613  -0.022359  -0.063661  0.004553
1614  0.016057  0.060592  0.003929
1615  0.055705  0.119892  0.017477
1616  0.000002  0.033647  0.001132
1617  -0.174258  0.044403  0.032338
1618  0.041381  -0.028203  0.002508
1619  -0.027862  -0.087710  0.008469
1620  -0.008861  -0.007392  0.000133
1621  0.082280  0.067112  0.011274
1622  0.033187  0.035744  0.002379
1623  -0.104370  0.087493  0.018548
1624  -0.133607  -0.114705  0.031008
1625  -0.068443  -0.054101  0.007611
1626  -0.100786  -0.048612  0.012521
1627  -0.181016  0.000596  0.032767
1628  -0.172296  -0.108963  0.041559
1629  0.010650  -0.032439  0.001166
1630  -0.028798  -0.109037  0.012718
1631  -0.021166  0.026584  0.001155
1632  0.058911  -0.004054  0.003487
1633  -0.069787  -0.014986  0.005095
1634  -0.008878  -0.024015  0.000656
1635  0.064894  0.008685  0.004287
1636  -0.047156  0.000875  0.002224
1637  -0.059611  -0.063766  0.007620
1638  0.048744  -0.213903  0.048130
1639  0.107253  0.097120  0.020936
1640  0.047643  -0.080110  0.008688
1641  -0.007826  0.025662  0.000720
1642  -0.096904  -0.030804  0.010339
1643  0.006617  -0.236564  0.056006
1644  0.057524  0.067130  0.007815
1645  -0.095487  0.099335  0.018985
1646  0.058692  -0.078422  0.009595
1647  0.005669  -0.058172  0.003416
1648  -0.094418  0.070874  0.013938
1649  -0.043114  -0.061316  0.005618
1650  0.062100  0.005491  0.003887
1651  0.092007  0.059576  0.012015
1652  -0.012016  -0.078960  0.006379
1653  0.219036  -0.172635  0.077780
1654  -0.062121  0.042430  0.005659
1655  -0.062067  -0.050288  0.006381
1656  0.086963  -0.087490  0.015217
1657  0.262983  -0.081926  0.075872
1658  0.042237  0.100254  0.011835
1659  -0.195329  -0.103715  0.048910
1660  0.159100  -0.036833  0.026670
1661  0.061238  0.018955  0.004109
1662  0.049790  -0.022171  0.002971
1663  0.072057  -0.078363  0.011333
1664  0.016983  -0.025713  0.000950
1665  0.006143  -0.070586  0.005020
1666  0.013362  -0.115592  0.013540
1667  0.026045  -0.184724  0.034801
1668  0.089918  -0.063424  0.012108
1669  -0.013946  0.180412  0.032743
1670  0.064838  -0.062823  0.008151
1671  0.017971  -0.055520  0.003405
1672  -0.067959  0.058800  0.008076
1673  0.027722  0.058717  0.004216
1674  -0.049464  -0.023691  0.003008
1675  0.132821  0.118345  0.031647
1676  0.072435  -0.089005  0.013169
1677  0.079191  0.043048  0.008124
1678  0.104832  0.174995  0.041613
1679  0.133482  0.025814  0.018484
1680  0.015378  -0.119972  0.014630
1681  0.109595  -0.013392  0.012190
1682  0.110279  -0.031715  0.013167
1683  0.198153  -0.148882  0.061431
1684  -0.073634  0.216313  0.052213
1685  0.202610  0.155184  0.065133
1686  -0.139486  0.167804  0.047614
1687  -0.071595  -0.070278  0.010065
1688  0.198586  -0.032505  0.040493
1689  0.149986  0.269682  0.095224
1690  -0.041674  0.071868  0.006902
1691  -0.006778  -0.092236  0.008553
1692  0.099903  -0.111815  0.022483
1693  -0.152940  0.068489  0.028081
1694  -0.013011  -0.031318  0.001150
1695  -0.078439  -0.001667  0.006156
1696  0.153560  -0.077938  0.029655
1697  0.206899  -0.067119  0.047312
1698  0.004663  0.057576  0.003337
1699  -0.019284  -0.089255  0.008338
1700  0.197563  -0.008371  0.039101
1701  0.118828  0.047397  0.016367
1702  0.087235  -0.001131  0.007611
1703  -0.043034  0.037002  0.003221
1704  -0.031101  -0.195184  0.039064
1705  0.354636  -0.167781  0.153917
1706  -0.063699  -0.030738  0.005002
1707  -0.075961  -0.008534  0.005843
1708  -0.110616  -0.020588  0.012660
1709  0.155172  -0.221543  0.073160
1710  0.153049  -0.026675  0.024135
1711  0.390038  0.072687  0.157413
1712  0.069409  0.295797  0.092314
1713  -0.056959  0.064814  0.007445
1714  -0.069196  0.325808  0.110939
1715  -0.027804  0.038086  0.002224
1716  0.062025  0.072755  0.009140
1717  0.102919  0.319169  0.112461
1718  -0.162711  -0.057933  0.029831
1719  0.050057  0.188778  0.038143
1720  -0.055815  0.225243  0.053850
1721  -0.021982  0.246459  0.061225
1722  -0.023981  -0.049109  0.002987
1723  -0.033271  0.270457  0.074254
1724  0.356819  -0.300595  0.217677
1725  -0.041811  0.197012  0.040562
1726  -0.079866  0.079027  0.012624
1727  -0.260996  -0.167706  0.096244
1728  -0.018126  0.141170  0.020258
1729  -0.048511  -0.293842  0.088696
1730  0.000683  -0.232810  0.054201
1731  0.059322  0.058355  0.006924
1732  -0.115489  0.122779  0.028413
1733  -0.377260  -0.256896  0.208321
1734  0.124797  -0.316392  0.115678
1735  -0.179798  -0.292531  0.117902
1736  -0.188736  -0.134963  0.053836
1737  0.329419  -0.096407  0.117811
1738  0.060957  0.170744  0.032869
1739  0.001022  0.352496  0.124255
1740  -0.023021  0.137844  0.019531
1741  -0.021278  -0.230517  0.053591
1742  0.094680  0.024885  0.009584
1743  0.100300  -0.023023  0.010590
1744  0.052516  0.289974  0.086843
1745  0.274127  -0.174590  0.105627
1746  0.314332  -0.053654  0.101683
1747  0.021741  -0.093381  0.009193
1748  0.129294  -0.115544  0.030067
1749  -0.121105  0.308326  0.109731
1750  -0.243972  -0.283351  0.139810
1751  0.068051  -0.123102  0.019785
1752  0.309203  -0.256417  0.161356
1753  -0.233745  0.000452  0.054637
1754  0.178176  0.245350  0.091943
1755  -0.120984  0.259231  0.081838
1756  0.179844  0.223621  0.082350
1757  -0.530541  -0.123510  0.296728
1758  -0.169054  -0.056654  0.031789
1759  0.172532  0.131452  0.047047
1760  -0.150871  -0.382388  0.168982
1761  0.025132  0.132378  0.018156
1762  -0.002907  0.183901  0.033828
1763  0.161597  -0.048468  0.028463
1764  -0.147491  -0.293271  0.107761
1765  -0.003434  -0.315927  0.099822
1766  0.240575  -0.239168  0.115078
1767  0.421368  -0.037396  0.178949
1768  0.064871  0.326764  0.110983
1769  -0.321302  0.217570  0.150572
1770  -0.056388  0.054987  0.006203
1771  -0.226552  -0.088732  0.059199
1772  0.065884  0.003023  0.004350
1773  0.214905  0.203608  0.087640
1774  -0.171120  0.347547  0.150071
1775  0.087108  -0.217894  0.055066
1776  -0.261752  0.145501  0.089685
1777  -0.215308  -0.309793  0.142330
1778  0.490635  -0.385711  0.389495
1779  -0.146543  0.096205  0.030730
1780  0.303006  -0.010805  0.091930
1781  0.655363  0.157499  0.454307
1782  0.135584  0.049779  0.020861
1783  -0.527262  -0.070624  0.282993
1784  -0.225067  -0.038435  0.052132
1785  0.130743  -0.328176  0.124793
1786  0.209286  0.435821  0.233741
1787  0.315338  0.166484  0.127155
1788  0.140516  -0.276131  0.095993
1789  0.043068  0.535644  0.288769
1790  0.031388  -0.028654  0.001806
1791  -0.002168  0.040513  0.001646
1792  -0.373681  -0.138130  0.158717
1793  0.203013  -0.311289  0.138115
1794  0.044070  -0.399500  0.161543
1795  0.193211  -0.095459  0.046443
1796  0.063314  0.092579  0.012580
1797  0.258130  0.146792  0.088179
1798  -0.300403  0.062108  0.094100
1799  0.067209  0.395440  0.160890
1800  0.312495  0.215180  0.143956
1801  -0.081600  -0.566804  0.327925
1802  0.253489  -0.335717  0.176962
1803  0.470158  -0.018404  0.221387
1804  0.034542  0.154864  0.025176
1805  0.148225  0.233459  0.076474
1806  -0.294762  0.127185  0.103061
1807  0.145882  -0.211448  0.065992
1808  0.286689  -0.254568  0.146996
1809  -0.003279  -0.219588  0.048230
1810  0.088658  0.243723  0.067261
1811  -0.379634  -0.331025  0.253699
1812  0.209871  0.549358  0.345840
1813  -0.290315  0.447245  0.284310
1814  0.307187  0.348741  0.215984
1815  -0.131018  -0.000845  0.017166
1816  0.058689  0.192597  0.040538
1817  0.303290  0.027351  0.092733
1818  -0.452035  -0.281041  0.283319
1819  -0.141190  0.166294  0.047588
1820  -0.206614  -0.426855  0.224894
1821  0.272194  0.197664  0.113161
1822  0.432998  0.906808  1.009788
1823  -0.354418  -0.230241  0.178623
1824  -0.037228  -0.049747  0.003861
1825  0.213519  -0.108164  0.057290
1826  0.033986  0.009248  0.001241
1827  0.269846  0.354228  0.198294
1828  -0.057786  0.184782  0.037484
1829  -0.130526  0.375521  0.158053
1830  0.309620  0.302642  0.187456
1831  -0.403920  0.008748  0.163228
1832  -0.172033  -0.220525  0.078227
1833  0.010038  0.152785  0.023444
1834  -0.155965  0.267490  0.095876
1835  0.460884  -0.214675  0.258500
1836  -0.350690  0.393293  0.277663
1837  0.176316  -0.042385  0.032884
1838  -0.284563  -0.568369  0.404020
1839  -0.215010  -0.042804  0.048062
1840  -0.345430  0.014266  0.119525
1841  0.009350  0.151410  0.023013
1842  0.638713  0.800500  1.048754
1843  -0.321543  -0.056665  0.106601
1844  -0.379274  0.249838  0.206267
1845  0.646853  -0.112488  0.431072
1846  -0.239129  -0.088571  0.065028
1847  0.404219  -0.293026  0.249257
1848  0.852730  0.535588  1.014003
1849  -0.548699  -0.121765  0.315897
1850  0.777370  -0.707594  1.104995
1851  -0.108281  0.236231  0.067530
1852  0.271666  0.209183  0.117560
1853  0.188023  0.215662  0.081863
1854  0.251739  -0.162563  0.089799
1855  0.330895  -0.453100  0.314790
1856  0.120546  -0.386643  0.164024
1857  0.358756  -0.207790  0.171882
1858  -0.771198  0.272924  0.669234
1859  -0.016269  -0.099040  0.010074
1860  0.398588  0.248419  0.220585
1861  -0.172795  -0.037486  0.031263
1862  -0.522570  -0.457893  0.482745
1863  0.298424  -0.391323  0.242191
1864  0.603925  0.127064  0.380870
1865  -0.473695  0.349809  0.346753
1866  0.644453  0.688198  0.888936
1867  0.024955  -0.021955  0.001105
1868  0.163846  -0.053700  0.029729
1869  -0.199182  0.087317  0.047298
1870  -0.142254  0.436968  0.211177
1871  -0.582991  -0.395170  0.496037
1872  -0.334513  -0.393180  0.266489
1873  0.766181  -0.052747  0.589816
1874  -0.392804  0.046530  0.156460
1875  -0.244069  0.395687  0.216138
1876  -0.359531  0.064368  0.133406
1877  -0.300227  0.444098  0.287359
1878  0.164449  0.174292  0.057421
1879  -0.122545  0.564010  0.333124
1880  -0.734589  0.217068  0.586739
1881  -0.277235  0.202568  0.117893
1882  0.121246  0.501730  0.266433
1883  -0.113870  0.265671  0.083547
1884  -0.129297  0.918388  0.860154
1885  -0.360247  -0.238374  0.186600
1886  -0.013624  0.683548  0.467423
1887  -0.107119  -0.467111  0.229667
1888  0.478914  0.174066  0.259658
1889  0.328424  -0.302584  0.199419
1890  -0.005051  -0.094852  0.009022
1891  -0.235638  0.183565  0.089221
1892  0.444693  -0.186386  0.232491
1893  0.564075  -0.157363  0.342943
1894  -0.539917  -0.188306  0.326970
1895  0.702201  0.395934  0.649850
1896  0.022987  -0.354074  0.125897
1897  0.227099  0.109072  0.063471
1898  0.520529  -0.512148  0.533245
1899  0.851267  0.066044  0.729018
1900  0.486458  -0.118604  0.250708
1901  0.611363  -0.386336  0.523020
1902  -0.132735  0.361484  0.148290
1903  -0.064753  0.227020  0.055731
1904  0.378723  -0.434480  0.332204
1905  0.092306  0.242751  0.067449
1906  0.122759  -0.039173  0.016604
1907  0.248406  0.424081  0.241550
1908  -1.089705  -0.670751  1.637364
1909  0.572130  0.223416  0.377247
1910  0.230977  0.933748  0.925236
1911  -0.379450  0.267341  0.215453
1912  -0.465245  0.660234  0.652361
1913  -1.028761  -0.027666  1.059115
1914  -0.071768  0.428384  0.188664
1915  0.095188  0.047063  0.011276
1916  -0.053324  -0.233203  0.057227
1917  0.397131  0.251669  0.221050
1918  0.053256  0.003084  0.002846
1919  -0.738918  -0.006654  0.546044
1920  -0.215761  -0.003604  0.046566
1921  -0.555682  -0.788531  0.930564
1922  -0.059315  0.041700  0.005257
1923  -0.280232  0.154903  0.102525
1924  -0.013065  0.364142  0.132770
1925  0.501412  -0.128679  0.267973
1926  0.179405  -0.242177  0.090836
1927  -0.364074  -0.259346  0.199810
1928  0.301938  0.313287  0.189315
1929  -0.495953  -0.072255  0.251190
1930  0.127193  0.448540  0.217366
1931  0.052803  -0.090408  0.010962
1932  0.220684  0.820376  0.721719
1933  0.184741  0.372287  0.172727
1934  0.757149  0.133943  0.591216
1935  0.245374  -0.124464  0.075700
1936  -0.255272  -0.538621  0.355276
1937  -0.582292  -0.111579  0.351514
1938  0.213094  -0.359367  0.174554
1939  -1.010430  0.136580  1.039622
1940  0.225174  0.933471  0.922072
1941  -0.131085  -0.200234  0.057277
1942  0.452229  -0.246254  0.265152
1943  0.285648  -0.734323  0.620825
1944  -0.136281  0.304491  0.111287
1945  0.168316  -0.036226  0.029643
1946  -0.462232  -0.075365  0.219339
1947  -0.022973  -0.640568  0.410855
1948  -0.219492  0.799811  0.687874
1949  -0.088199  -0.337921  0.121969
1950  0.224413  -0.276125  0.126606
1951  -0.280569  -0.077711  0.084758
1952  0.481646  -0.083771  0.239001
1953  0.423763  0.317199  0.280190
1954  0.095787  -0.063457  0.013202
1955  0.471033  0.185286  0.256203
1956  -0.009505  -0.648746  0.420961
1957  0.815108  -0.455694  0.872059
1958  0.335803  0.173787  0.142965
1959  0.434609  -0.538556  0.478927
1960  -0.035635  -0.235145  0.056563
1961  0.216877  0.344933  0.166015
1962  0.078396  0.202214  0.047036
1963  0.279126  0.399587  0.237581
1964  -0.963245  -0.302481  1.019336
1965  -0.480754  -0.861182  0.972759
1966  0.079703  0.904294  0.824100
1967  -0.301598  0.626570  0.483551
1968  1.386725  0.628154  2.317584
1969  0.480574  -0.379328  0.374841
1970  -0.070483  0.721084  0.524930
1971  0.227780  -0.439157  0.244743
1972  0.735817  0.099388  0.551304
1973  0.167037  -0.373720  0.167568
1974  1.056734  -0.862419  1.860453
1975  0.082937  0.209282  0.050677
1976  0.379834  -0.678070  0.604053
1977  -0.177272  0.268229  0.103372
1978  -0.593270  -0.389527  0.503701
1979  -0.190801  0.721115  0.556412
1980  -0.374352  0.349308  0.262156
1981  -0.151373  0.339439  0.138133
1982  0.321221  -0.476112  0.329865
1983  -0.425160  -0.162840  0.207278
1984  -0.786121  -0.698610  1.106042
1985  -0.345560  1.073239  1.271253
1986  0.350589  0.606382  0.490612
1987  -0.033569  -0.718735  0.517707
1988  0.417063  -0.353386  0.298823
1989  0.231026  0.470016  0.274288
1990  -0.143696  -0.037372  0.022045
1991  -0.047767  -0.231214  0.055742
1992  0.133303  -0.013868  0.017962
1993  0.162989  -0.538759  0.316827
1994  0.182645  -0.205487  0.075584
1995  0.101292  -0.357298  0.137922
1996  0.424115  0.994476  1.168856
1997  -0.282130  -0.908517  0.905001
1998  0.238074  -0.423927  0.236393
1999  0.219796  0.138838  0.067586
2000  0.588271  0.159895  0.371629
2001  0.366523  -0.149418  0.156665
2002  -0.145821  0.386417  0.170582
2003  0.507530  0.612440  0.632669
2004  -0.134835  0.394366  0.173705
2005  -0.129195  -0.896054  0.819603
2006  -0.070086  -0.373058  0.144085
2007  -0.354076  -0.079618  0.131709
2008  0.186824  0.104283  0.045778
2009  0.192519  -0.166760  0.064872
2010  0.201669  0.228325  0.092803
2011  -0.517875  0.345829  0.387792
2012  -0.824530  0.204807  0.721797
2013  0.069440  -0.083321  0.011764
2014  -0.023733  0.134281  0.018595
2015  0.154869  -0.399609  0.183672
2016  0.003067  0.321782  0.103553
2017  -0.041519  -0.120231  0.016179
2018  0.312062  -0.069319  0.102188
2019  -0.814398  0.109779  0.675295
2020  0.325984  0.252389  0.169966
2021  -0.401192  0.763330  0.743629
2022  0.968380  -0.192988  0.975005
2023  -0.417772  0.292744  0.260233
2024  -0.594170  0.042396  0.354835
2025  0.033098  -0.159206  0.026442
2026  0.303316  0.155975  0.116329
2027  -0.111227  -0.152267  0.035557
2028  -0.122437  -0.240988  0.073066
2029  -0.239547  0.235692  0.112933
2030  -0.382238  0.146178  0.167474
2031  -0.112622  -0.270557  0.085885
2032  -0.793728  -0.054985  0.633028
2033  -0.556824  0.090717  0.318283
2034  0.540855  -0.535353  0.579127
2035  -0.587730  -0.341322  0.461927
2036  -0.139440  0.055785  0.022555
2037  -0.012172  0.469413  0.220497
2038  -0.545916  0.278856  0.375785
2039  -0.000594  0.024984  0.000625
2040  0.052931  0.264002  0.072499
2041  -0.232418  -0.012505  0.054175
2042  -0.079279  0.361695  0.137108
2043  -0.006304  0.010594  0.000152
2044  0.301694  0.248212  0.152629
2045  0.293928  -0.291619  0.171435
2046  -0.120468  -0.158940  0.039774
2047  0.185395  0.236133  0.090130
