0  -0.033966  -0.012705  0.001315
1  -0.043966  0.016188  0.002195
2  0.000280  -0.004072  0.000017
3  -0.005065  0.053537  0.002892
4  -0.008608  -0.015532  0.000315
5  -0.048625  0.014468  0.002574
6  0.042929  0.042075  0.003613
7  0.029317  -0.027605  0.001622
8  0.016186  0.022475  0.000767
9  -0.017083  -0.056169  0.003447
10  -0.030797  -0.032022  0.001974
11  -0.006218  -0.046793  0.002228
12  -0.023713  -0.057007  0.003812
13  0.002826  0.060513  0.003670
14  0.003549  -0.005428  0.000042
15  -0.056954  0.006580  0.003287
16  0.054235  0.003035  0.002951
17  -0.022694  -0.058135  0.003895
18  0.009286  -0.009368  0.000174
19  0.059743  -0.000234  0.003569
20  -0.002907  -0.016239  0.000272
21  0.038103  0.030931  0.002409
22  0.015051  0.042868  0.002064
23  0.031521  -0.004758  0.001016
24  0.010703  -0.017381  0.000417
25  0.030840  -0.019005  0.001312
26  0.020209  -0.029657  0.001288
27  -0.001343  -0.007058  0.000052
28  0.031768  -0.001548  0.001012
29  0.039027  -0.010398  0.001631
30  0.040305  0.043567  0.003523
31  0.047512  -0.032498  0.003314
32  -0.007613  -0.013851  0.000250
33  0.011055  -0.007665  0.000181
34  -0.052204  0.013995  0.002921
35  0.005955  -0.009771  0.000131
36  -0.007395  -0.009780  0.000150
37  0.018135  -0.005467  0.000359
38  -0.035078  -0.000549  0.001231
39  0.058000  -0.038002  0.004808
40  -0.018742  -0.012787  0.000515
41  -0.060039  0.030284  0.004522
42  -0.019565  -0.051032  0.002987
43  -0.012491  -0.001429  0.000158
44  -0.046282  0.037818  0.003572
45  -0.028578  -0.049785  0.003295
46  -0.024670  0.019628  0.000994
47  0.051224  -0.034169  0.003791
48  -0.038325  0.016901  0.001754
49  0.004873  -0.021158  0.000471
50  0.003631  0.012916  0.000180
51  0.021517  -0.020871  0.000899
52  -0.002335  -0.000264  0.000006
53  0.016950  0.007510  0.000344
54  -0.016712  0.028478  0.001090
55  0.044514  0.050455  0.004527
56  -0.008718  0.009641  0.000169
57  0.026246  0.006237  0.000728
58  -0.010777  0.025086  0.000745
59  -0.030699  0.001068  0.000944
60  -0.001643  -0.026412  0.000700
61  0.022293  0.006084  0.000534
62  0.021622  0.029772  0.001354
63  -0.008864  0.054166  0.003013
64  0.006627  0.017386  0.000346
65  -0.016037  -0.052923  0.003058
66  0.033829  0.009299  0.001231
67  0.046712  -0.070259  0.007118
68  -0.021859  -0.056980  0.003724
69  0.055921  0.010871  0.003245
70  0.076628  -0.044330  0.007837
71  -0.012020  -0.046073  0.002267
72  -0.036768  0.024385  0.001947
73  -0.022535  0.048430  0.002853
74  0.007092  0.032159  0.001084
75  0.008913  0.024266  0.000668
76  0.036640  0.009164  0.001426
77  -0.058981  0.030295  0.004397
78  0.010861  0.011397  0.000248
79  -0.009659  0.002484  0.000099
80  0.015871  -0.007466  0.000308
81  -0.005730  0.062648  0.003958
82  -0.013107  0.003711  0.000186
83  -0.013340  -0.017043  0.000468
84  -0.024686  -0.022775  0.001128
85  0.034178  0.024531  0.001770
86  -0.011064  0.007981  0.000186
87  -0.077152  0.024208  0.006538
88  -0.039778  -0.009283  0.001668
89  0.027881  -0.017394  0.001080
90  0.032627  0.012043  0.001210
91  0.039586  -0.034911  0.002786
92  0.010355  0.035200  0.001346
93  0.031638  -0.057782  0.004340
94  -0.015798  -0.007109  0.000300
95  -0.039048  0.016904  0.001811
96  0.026291  0.019924  0.001088
97  0.050320  -0.009529  0.002623
98  0.029895  0.023466  0.001444
99  0.001351  -0.041427  0.001718
100  0.014982  -0.000586  0.000225
101  -0.026698  -0.026826  0.001432
102  0.035321  -0.040074  0.002854
103  -0.006860  -0.030969  0.001006
104  0.062155  -0.018298  0.004198
105  0.035738  -0.050124  0.003790
106  0.000355  -0.033862  0.001147
107  -0.040355  -0.035108  0.002861
108  0.007611  -0.069385  0.004872
109  -0.033735  0.002020  0.001142
110  -0.003855  0.001772  0.000018
111  0.009803  -0.052363  0.002838
112  0.028591  -0.001402  0.000819
113  0.046861  -0.004554  0.002217
114  -0.026197  -0.069011  0.005449
115  -0.006660  0.042148  0.001821
116  -0.017235  -0.007963  0.000360
117  -0.034047  0.006214  0.001198
118  0.013153  -0.032390  0.001222
119  -0.015024  -0.021782  0.000700
120  -0.000493  -0.035761  0.001279
121  -0.026718  0.038662  0.002209
122  -0.000931  0.000665  0.000001
123  0.010776  -0.010380  0.000224
124  -0.013123  -0.033833  0.001317
125  -0.005466  -0.000826  0.000031
126  0.024308  -0.023363  0.001137
127  -0.037676  0.009669  0.001513
128  -0.018021  0.005769  0.000358
129  0.035274  -0.000919  0.001245
130  0.007737  -0.018924  0.000418
131  0.003169  -0.003809  0.000025
132  -0.023055  -0.003355  0.000543
133  0.015491  0.010989  0.000361
134  -0.024278  0.029649  0.001468
135  -0.015020  -0.000912  0.000226
136  0.087518  0.001730  0.007662
137  0.002518  -0.012026  0.000151
138  0.023021  0.048336  0.002866
139  -0.012083  -0.042014  0.001911
140  -0.020344  -0.009241  0.000499
141  0.021165  0.038455  0.001927
142  0.014914  0.003421  0.000234
143  -0.025180  -0.008642  0.000709
144  0.004602  0.000084  0.000021
145  0.000076  0.002662  0.000007
146  0.072817  -0.011152  0.005427
147  0.032320  -0.002639  0.001052
148  -0.001664  0.015513  0.000243
149  -0.010528  -0.001431  0.000113
150  0.002054  0.014316  0.000209
151  0.021590  -0.012030  0.000611
152  0.055497  0.008169  0.003147
153  -0.050777  0.006001  0.002614
154  -0.012725  0.000850  0.000163
155  -0.026586  0.018847  0.001062
156  -0.038266  0.001792  0.001468
157  0.002222  0.023831  0.000573
158  0.009019  -0.001961  0.000085
159  -0.023024  0.012043  0.000675
160  -0.012243  -0.022608  0.000661
161  -0.025660  -0.052857  0.003452
162  -0.020216  -0.044654  0.002403
163  0.035364  -0.021331  0.001706
164  0.004242  0.016972  0.000306
165  0.040457  -0.020957  0.002076
166  0.025805  -0.008376  0.000736
167  -0.000243  0.008435  0.000071
168  -0.023208  -0.034063  0.001699
169  0.036168  0.007528  0.001365
170  0.019091  -0.011255  0.000491
171  -0.007848  0.053170  0.002889
172  0.032011  0.020704  0.001453
173  -0.027239  -0.036946  0.002107
174  0.023420  0.004166  0.000566
175  0.036771  0.041543  0.003078
176  0.015121  -0.018906  0.000586
177  0.081333  0.024139  0.007198
178  0.003628  0.001504  0.000015
179  0.013879  -0.015807  0.000442
180  0.017316  -0.006849  0.000347
181  0.048675  0.014727  0.002586
182  0.019560  -0.023252  0.000923
183  -0.061313  0.010966  0.003879
184  0.008923  0.047374  0.002324
185  -0.018518  -0.018195  0.000674
186  -0.028299  0.000686  0.000801
187  0.014568  0.045157  0.002251
188  0.017614  0.012041  0.000455
189  0.041373  -0.038043  0.003159
190  0.012430  -0.015310  0.000389
191  -0.038529  -0.061518  0.005269
192  0.027356  0.009325  0.000835
193  -0.039586  -0.048599  0.003929
194  -0.036238  -0.055324  0.004374
195  0.003495  0.070743  0.005017
196  -0.005151  -0.064767  0.004221
197  0.046459  -0.030921  0.003114
198  0.073134  -0.009001  0.005430
199  0.016314  -0.033684  0.001401
200  0.008522  -0.022376  0.000573
201  -0.007753  -0.018243  0.000393
202  0.035341  0.032640  0.002314
203  0.030100  -0.011301  0.001034
204  0.011787  0.002725  0.000146
205  -0.007412  -0.011272  0.000182
206  -0.036209  -0.020661  0.001738
207  0.013730  -0.016408  0.000458
208  0.071211  -0.009006  0.005152
209  -0.030940  0.041340  0.002666
210  0.036424  -0.005029  0.001352
211  0.033685  0.027871  0.001911
212  -0.019007  -0.000763  0.000362
213  0.033011  -0.031509  0.002082
214  -0.051352  -0.042289  0.004425
215  0.042436  0.003410  0.001812
216  0.007168  0.018435  0.000391
217  -0.037850  0.006765  0.001478
218  -0.060249  0.025380  0.004274
219  0.032792  0.025931  0.001748
220  0.044408  0.027838  0.002747
221  0.012949  -0.018051  0.000494
222  0.022902  0.016927  0.000811
223  0.000774  0.037016  0.001371
224  0.035633  0.037168  0.002651
225  -0.025405  -0.016463  0.000916
226  -0.016018  0.073286  0.005627
227  -0.032579  0.005647  0.001093
228  0.008674  0.021108  0.000521
229  0.019996  0.005416  0.000429
230  -0.054765  -0.004326  0.003018
231  -0.001838  0.002795  0.000011
232  0.036566  0.013328  0.001515
233  -0.047166  0.002248  0.002230
234  -0.036619  -0.065684  0.005655
235  0.065979  -0.055680  0.007454
236  0.038751  -0.002306  0.001507
237  0.001616  -0.011031  0.000124
238  0.038792  0.044951  0.003525
239  -0.006086  0.037446  0.001439
240  -0.016208  -0.052319  0.003000
241  -0.048503  0.027451  0.003106
242  0.008502  0.011559  0.000206
243  -0.025492  0.006190  0.000688
244  -0.017618  0.033431  0.001428
245  -0.051103  -0.004556  0.002632
246  -0.063523  -0.013977  0.004231
247  -0.047271  -0.014034  0.002432
248  -0.022810  -0.002610  0.000527
249  0.030222  -0.012380  0.001067
250  -0.024911  0.012501  0.000777
251  -0.013278  0.085461  0.007480
252  -0.015915  -0.038419  0.001729
253  0.010459  -0.048522  0.002464
254  -0.054607  0.052229  0.005710
255  0.023833  -0.031897  0.001585
256  -0.061474  0.019474  0.004158
257  0.017564  0.007434  0.000364
258  0.003455  -0.024894  0.000632
259  0.047573  -0.012179  0.002411
260  0.074416  -0.021213  0.005988
261  -0.023940  -0.015156  0.000803
262  -0.015137  -0.040465  0.001867
263  0.019415  0.012302  0.000528
264  0.044499  -0.006500  0.002022
265  -0.007198  -0.055547  0.003137
266  -0.013347  0.027055  0.000910
267  -0.003916  -0.014891  0.000237
268  -0.004836  -0.038241  0.001486
269  0.010688  -0.001614  0.000117
270  0.013662  -0.006706  0.000232
271  -0.006866  0.013367  0.000226
272  0.028394  0.011312  0.000934
273  -0.006427  0.037727  0.001465
274  0.004356  -0.009551  0.000110
275  0.018396  -0.034405  0.001522
276  0.018684  0.000519  0.000349
277  0.009073  0.009772  0.000178
278  -0.001727  0.033231  0.001107
279  -0.010705  0.022813  0.000635
280  -0.035621  -0.022301  0.001766
281  0.054246  -0.008327  0.003012
282  0.008645  -0.022588  0.000585
283  0.013080  -0.005024  0.000196
284  -0.036694  0.024424  0.001943
285  0.044042  0.001980  0.001944
286  0.007622  -0.024912  0.000679
287  0.027735  0.003058  0.000779
288  -0.016286  0.003725  0.000279
289  0.030862  0.085029  0.008182
290  -0.016773  -0.029591  0.001157
291  0.025652  -0.033502  0.001780
292  0.011138  0.047662  0.002396
293  -0.017094  -0.033166  0.001392
294  -0.037783  0.032959  0.002514
295  -0.004047  -0.051640  0.002683
296  0.008601  0.023161  0.000610
297  -0.038148  -0.029320  0.002315
298  0.063970  -0.056300  0.007262
299  0.004568  -0.036148  0.001328
300  0.000484  -0.002333  0.000006
301  0.046101  0.053258  0.004962
302  0.046548  -0.055172  0.005211
303  0.011398  -0.000839  0.000131
304  -0.010492  -0.016748  0.000391
305  0.067854  -0.078581  0.010779
306  -0.008665  0.017191  0.000371
307  -0.017790  0.053700  0.003200
308  0.045891  0.005472  0.002136
309  0.012928  -0.024066  0.000746
310  -0.032227  -0.005237  0.001066
311  0.038191  -0.020928  0.001897
312  -0.021968  -0.019780  0.000874
313  -0.000129  -0.015026  0.000226
314  0.035325  0.027310  0.001994
315  -0.031710  -0.027295  0.001751
316  -0.049994  -0.004734  0.002522
317  -0.021020  -0.010619  0.000555
318  -0.004307  -0.022608  0.000530
319  0.020643  0.037757  0.001852
320  0.026144  -0.032826  0.001761
321  0.047339  -0.004163  0.002258
322  -0.001315  -0.022788  0.000521
323  -0.009844  -0.030161  0.001007
324  -0.056397  -0.010369  0.003288
325  0.006660  -0.064085  0.004151
326  -0.002998  0.017299  0.000308
327  0.003349  -0.027778  0.000783
328  0.014520  0.049945  0.002705
329  0.035696  -0.032371  0.002322
330  0.016101  -0.010460  0.000369
331  0.007495  -0.045158  0.002095
332  0.026223  -0.011000  0.000809
333  -0.053725  -0.010394  0.002994
334  0.026734  -0.004101  0.000732
335  0.023756  -0.019114  0.000930
336  -0.066175  -0.058424  0.007793
337  -0.058093  0.010173  0.003478
338  0.022243  0.013651  0.000681
339  0.031590  0.005719  0.001031
340  0.008941  0.011868  0.000221
341  -0.054762  -0.015006  0.003224
342  0.000861  -0.110056  0.012113
343  0.002349  -0.056988  0.003253
344  0.012924  0.016399  0.000436
345  -0.028727  -0.007465  0.000881
346  -0.054504  -0.003765  0.002985
347  -0.012636  -0.015528  0.000401
348  0.006296  0.010314  0.000146
349  0.035899  -0.043118  0.003148
350  0.066889  -0.003732  0.004488
351  -0.020115  -0.043998  0.002340
352  0.046519  0.008120  0.002230
353  0.019969  -0.071709  0.005541
354  0.026182  0.022156  0.001176
355  0.013799  0.016655  0.000468
356  0.013944  0.069107  0.004970
357  -0.006865  -0.016238  0.000311
358  0.020006  -0.001919  0.000404
359  -0.022208  0.045048  0.002523
360  0.013097  -0.019618  0.000556
361  0.019476  -0.010482  0.000489
362  0.048956  -0.009341  0.002484
363  -0.012565  -0.033436  0.001276
364  -0.008908  0.036972  0.001446
365  -0.002212  -0.008102  0.000071
366  0.012868  0.023972  0.000740
367  0.000201  0.020700  0.000429
368  -0.053009  -0.036101  0.004113
369  0.010949  -0.043415  0.002005
370  0.014402  -0.032317  0.001252
371  0.011792  0.047048  0.002353
372  0.031094  -0.027540  0.001725
373  0.024975  0.012549  0.000781
374  0.065875  0.011471  0.004471
375  -0.010520  0.011042  0.000233
376  0.006786  0.030548  0.000979
377  -0.068731  -0.015572  0.004966
378  -0.008545  0.000121  0.000073
379  -0.052492  0.007792  0.002816
380  0.030210  -0.041012  0.002595
381  0.020169  0.012575  0.000565
382  0.009611  -0.017125  0.000386
383  -0.015611  0.018233  0.000576
384  -0.048776  -0.061069  0.006108
385  0.043527  0.047138  0.004117
386  0.005328  -0.071522  0.005144
387  -0.041076  -0.002123  0.001692
388  0.042139  0.022718  0.002292
389  0.021418  -0.037391  0.001857
390  0.016725  0.067275  0.004806
391  -0.002490  -0.061422  0.003779
392  -0.013036  0.051135  0.002785
393  0.002067  -0.005602  0.000036
394  0.011959  0.038708  0.001641
395  0.039719  0.028732  0.002403
396  0.035473  -0.076034  0.007040
397  0.014969  -0.075686  0.005952
398  0.048656  -0.067562  0.006932
399  0.005884  -0.036947  0.001400
400  0.010552  0.007258  0.000164
401  -0.023992  0.021757  0.001049
402  0.038521  -0.022655  0.001997
403  -0.019138  -0.011872  0.000507
404  -0.069160  -0.021122  0.005229
405  0.036163  -0.103073  0.011932
406  -0.065434  -0.019088  0.004646
407  0.010634  -0.005394  0.000142
408  0.016044  -0.010562  0.000369
409  0.027730  -0.028455  0.001579
410  -0.061872  -0.024931  0.004450
411  0.014580  -0.022629  0.000725
412  -0.035291  0.031902  0.002263
413  0.034831  -0.053882  0.004117
414  -0.009487  -0.009044  0.000172
415  0.008978  -0.062923  0.004040
416  0.049149  -0.027936  0.003196
417  0.042000  -0.046997  0.003973
418  -0.035136  -0.025448  0.001882
419  -0.044607  -0.046887  0.004188
420  -0.039775  -0.036366  0.002905
421  0.032029  0.016952  0.001313
422  0.024112  0.021016  0.001023
423  -0.007171  -0.018319  0.000387
424  0.060648  -0.052965  0.006483
425  0.026136  -0.047978  0.002985
426  -0.032080  -0.004677  0.001051
427  0.030075  -0.015175  0.001135
428  -0.041457  -0.000774  0.001719
429  -0.014504  -0.010227  0.000315
430  0.048000  -0.002212  0.002309
431  0.004263  0.038060  0.001467
432  -0.034991  -0.031248  0.002201
433  -0.020246  -0.036840  0.001767
434  0.022522  -0.054314  0.003457
435  0.017824  0.031550  0.001313
436  -0.021417  0.012642  0.000618
437  -0.055933  -0.014487  0.003338
438  -0.017852  0.019066  0.000682
439  -0.023536  0.001748  0.000557
440  0.001660  0.001230  0.000004
441  0.051977  -0.051739  0.005379
442  0.038562  0.001308  0.001489
443  -0.014327  0.034445  0.001392
444  -0.023764  -0.005901  0.000600
445  -0.016944  0.049230  0.002711
446  0.013419  -0.042154  0.001957
447  0.003280  0.024863  0.000629
448  0.048587  -0.061219  0.006109
449  -0.076404  -0.035959  0.007131
450  -0.035277  0.043745  0.003158
451  0.009993  -0.005870  0.000134
452  0.012113  0.006734  0.000192
453  0.030596  0.011073  0.001059
454  0.020076  0.016012  0.000659
455  -0.020501  0.029165  0.001271
456  0.003352  0.008715  0.000087
457  -0.010670  -0.021291  0.000567
458  0.039627  -0.007940  0.001633
459  -0.011269  0.057745  0.003461
460  -0.019756  -0.024986  0.001015
461  -0.030567  -0.052676  0.003709
462  -0.038474  -0.037782  0.002908
463  -0.001161  -0.036976  0.001369
464  0.018678  0.015915  0.000602
465  -0.008414  0.003868  0.000086
466  0.029404  -0.021978  0.001348
467  -0.027972  -0.032050  0.001810
468  0.032077  0.062331  0.004914
469  0.074972  0.077371  0.011607
470  0.010407  -0.070529  0.005083
471  0.022565  0.039979  0.002107
472  0.066699  -0.006721  0.004494
473  0.030356  -0.010686  0.001036
474  0.003079  -0.074060  0.005494
475  -0.019162  0.000468  0.000367
476  -0.043924  0.028663  0.002751
477  0.065273  0.039510  0.005822
478  -0.061376  0.127392  0.019996
479  0.031571  0.012977  0.001165
480  -0.032917  0.022809  0.001604
481  -0.025409  -0.043533  0.002541
482  0.005657  -0.015905  0.000285
483  0.008859  -0.011495  0.000211
484  -0.018109  0.050687  0.002897
485  -0.060077  0.005296  0.003637
486  0.046070  0.015889  0.002375
487  0.030550  -0.019555  0.001316
488  -0.009107  0.044283  0.002044
489  0.035687  0.018336  0.001610
490  -0.002060  -0.046163  0.002135
491  -0.008351  0.012968  0.000238
492  0.052019  -0.032927  0.003790
493  0.058210  0.007208  0.003440
494  -0.015339  0.029347  0.001097
495  0.002411  0.002726  0.000013
496  0.045739  -0.061786  0.005910
497  0.101449  0.025673  0.010951
498  0.086305  -0.032703  0.008518
499  0.031156  0.036566  0.002308
500  -0.022846  0.020615  0.000947
501  -0.080144  0.018300  0.006758
502  -0.053792  0.013234  0.003069
503  -0.040955  0.007086  0.001728
504  0.008904  0.014087  0.000278
505  0.048096  0.111722  0.014795
506  -0.052772  -0.047245  0.005017
507  -0.083532  0.054687  0.009968
508  -0.003930  -0.124038  0.015401
509  -0.018160  -0.012158  0.000478
510  0.027637  -0.001666  0.000767
511  -0.053481  -0.092439  0.011405
512  0.054244  -0.010546  0.003054
513  -0.009703  -0.001176  0.000096
514  0.028369  0.042925  0.002647
515  0.031661  0.003430  0.001014
516  0.059369  0.026228  0.004213
517  0.029607  -0.000210  0.000877
518  -0.008429  0.072292  0.005297
519  -0.020692  0.011139  0.000552
520  -0.047439  -0.060907  0.005960
521  -0.008479  -0.096281  0.009342
522  0.020222  -0.058546  0.003837
523  0.051928  -0.039937  0.004291
524  0.050949  -0.040766  0.004258
525  0.029776  0.066434  0.005300
526  -0.053134  -0.022141  0.003313
527  -0.042851  -0.032827  0.002914
528  0.032107  -0.083341  0.007977
529  -0.023367  -0.012583  0.000704
530  0.044340  -0.009516  0.002057
531  0.025940  0.028402  0.001480
532  0.064323  0.023489  0.004689
533  -0.020442  -0.005186  0.000445
534  0.025647  0.073213  0.006018
535  -0.006984  -0.025312  0.000689
536  0.027159  -0.092112  0.009222
537  0.021993  -0.046811  0.002675
538  -0.047650  0.026155  0.002955
539  0.060836  0.035362  0.004951
540  -0.032423  0.039681  0.002626
541  0.000387  0.041452  0.001718
542  0.010496  -0.067576  0.004677
543  0.029144  -0.082703  0.007689
544  -0.029224  0.000425  0.000854
545  0.000823  -0.005209  0.000028
546  -0.040161  0.044610  0.003603
547  0.001942  0.044940  0.002023
548  -0.069396  -0.055528  0.007899
549  0.010559  0.086009  0.007509
550  -0.005887  0.043744  0.001948
551  -0.057203  -0.011558  0.003406
552  -0.049296  -0.040424  0.004064
553  -0.033979  0.013924  0.001348
554  0.002431  -0.019489  0.000386
555  0.058561  -0.027962  0.004211
556  0.055405  0.038888  0.004582
557  -0.015601  0.023828  0.000811
558  0.034556  -0.028914  0.002030
559  0.070021  -0.013535  0.005086
560  0.015892  -0.026954  0.000979
561  -0.087128  -0.020924  0.008029
562  0.013480  -0.043107  0.002040
563  0.002377  0.010606  0.000118
564  0.001282  -0.048847  0.002388
565  -0.095756  0.035490  0.010429
566  0.015663  0.025884  0.000915
567  0.010144  -0.048286  0.002434
568  0.040694  0.002534  0.001662
569  0.025445  0.064587  0.004819
570  0.014862  -0.031643  0.001222
571  -0.002367  -0.009138  0.000089
572  -0.120087  -0.013031  0.014591
573  -0.122969  0.011588  0.015256
574  -0.004322  0.008922  0.000098
575  -0.044020  -0.030605  0.002874
576  -0.047632  -0.084067  0.009336
577  -0.060649  0.013658  0.003865
578  -0.007909  -0.031002  0.001024
579  -0.011570  -0.019756  0.000524
580  -0.049590  0.009150  0.002543
581  0.015976  -0.059627  0.003811
582  0.000822  0.008413  0.000071
583  -0.067677  -0.059643  0.008137
584  0.021413  0.016082  0.000717
585  0.025732  0.013890  0.000855
586  -0.050916  0.041606  0.004324
587  0.010948  -0.056143  0.003272
588  -0.064122  -0.050449  0.006657
589  0.024209  -0.013705  0.000774
590  -0.056805  -0.005855  0.003261
591  0.067914  -0.005587  0.004643
592  0.026761  0.031477  0.001707
593  -0.011922  0.013682  0.000329
594  0.049669  0.020959  0.002906
595  -0.046120  0.005642  0.002159
596  -0.004881  0.065345  0.004294
597  -0.072197  -0.020578  0.005636
598  -0.034784  -0.022881  0.001733
599  0.006307  -0.012317  0.000191
600  -0.089544  -0.031488  0.009010
601  -0.034878  0.040492  0.002856
602  0.033041  0.011031  0.001213
603  0.025411  -0.000562  0.000646
604  -0.025164  -0.029724  0.001517
605  0.005755  -0.001401  0.000035
606  -0.064254  -0.034460  0.005316
607  0.043050  -0.032365  0.002901
608  -0.012761  -0.002851  0.000171
609  0.046014  0.092626  0.010697
610  0.002452  -0.054646  0.002992
611  -0.017042  -0.063791  0.004360
612  -0.055446  0.076217  0.008883
613  -0.019976  0.082063  0.007133
614  0.027421  0.075795  0.006497
615  -0.014179  0.045448  0.002267
616  0.040177  -0.014851  0.001835
617  0.017190  -0.070516  0.005268
618  0.054434  0.011732  0.003101
619  0.078483  0.066038  0.010521
620  -0.003946  0.000382  0.000016
621  0.034844  0.060824  0.004914
622  -0.085672  -0.098337  0.017010
623  0.008514  -0.019458  0.000451
624  0.042117  -0.049813  0.004255
625  -0.015178  -0.160045  0.025845
626  0.034227  0.069111  0.005948
627  -0.080808  -0.083744  0.013543
628  0.052040  0.057008  0.005958
629  0.034051  -0.099036  0.010967
630  0.051868  0.035954  0.003983
631  0.004257  -0.026965  0.000745
632  0.010723  -0.069035  0.004881
633  -0.028349  -0.056498  0.003996
634  0.018491  0.090721  0.008572
635  -0.053880  -0.059649  0.006461
636  0.059151  -0.011847  0.003639
637  0.009217  0.075692  0.005814
638  -0.055697  -0.056392  0.006282
639  0.042978  -0.026283  0.002538
640  0.042380  -0.053764  0.004687
641  0.010451  0.002601  0.000116
642  -0.038597  -0.037258  0.002878
643  0.105095  -0.014830  0.011265
644  0.004111  -0.066595  0.004452
645  0.074521  -0.009025  0.005635
646  0.010492  -0.101541  0.010421
647  0.129074  -0.007261  0.016713
648  0.090547  0.088834  0.016090
649  -0.082744  -0.028946  0.007684
650  0.031073  -0.058840  0.004428
651  -0.089505  -0.023002  0.008540
652  0.138453  0.075800  0.024915
653  0.043198  0.032835  0.002944
654  -0.015524  0.001895  0.000245
655  0.089775  0.000260  0.008060
656  0.057320  -0.053419  0.006139
657  0.056775  0.004443  0.003243
658  -0.076807  0.024925  0.006521
659  -0.066453  0.054996  0.007441
660  -0.058290  0.044795  0.005404
661  -0.069356  -0.075681  0.010538
662  0.025045  -0.097108  0.010057
663  -0.009903  0.020762  0.000529
664  -0.075827  0.046510  0.007913
665  -0.018394  -0.145442  0.021492
666  0.070502  -0.051768  0.007650
667  0.160960  0.022358  0.026408
668  -0.001576  -0.018434  0.000342
669  0.066789  -0.068224  0.009115
670  0.030924  -0.038621  0.002448
671  0.056423  0.068204  0.007835
672  0.125364  0.064855  0.019922
673  0.055340  0.017897  0.003383
674  0.113381  0.038897  0.014368
675  -0.004118  0.039378  0.001568
676  0.010701  0.117448  0.013909
677  -0.009427  -0.002908  0.000097
678  -0.037072  0.117233  0.015118
679  0.030557  0.050597  0.003494
680  -0.085497  -0.014712  0.007526
681  0.055459  -0.039236  0.004615
682  0.073563  -0.049778  0.007889
683  0.011783  0.029849  0.001030
684  0.014495  0.130699  0.017292
685  -0.056155  0.006071  0.003190
686  0.000994  0.026401  0.000698
687  -0.009996  -0.110302  0.012267
688  -0.021972  -0.077236  0.006448
689  -0.015868  -0.090317  0.008409
690  0.007847  -0.023151  0.000598
691  -0.030065  0.160811  0.026764
692  -0.039544  0.021032  0.002006
693  -0.042201  -0.016116  0.002041
694  0.065649  0.083798  0.011332
695  -0.035200  0.003507  0.001251
696  0.054813  0.061083  0.006736
697  0.010854  -0.128648  0.016668
698  -0.074764  0.012377  0.005743
699  -0.071319  -0.071365  0.010179
700  -0.062435  -0.100931  0.014085
701  0.007730  0.017682  0.000372
702  -0.030986  0.042616  0.002776
703  0.007125  -0.093225  0.008742
704  0.022623  -0.070601  0.005496
705  0.046460  -0.055107  0.005195
706  -0.098700  -0.010552  0.009853
707  -0.040795  -0.089978  0.009760
708  0.104327  0.000776  0.010885
709  -0.021955  -0.076164  0.006283
710  -0.030410  -0.031975  0.001947
711  0.061730  0.021664  0.004280
712  -0.024041  0.041067  0.002264
713  0.100233  0.038634  0.011539
714  -0.071358  -0.029163  0.005942
715  -0.190625  -0.006415  0.036379
716  -0.077604  0.061440  0.009797
717  -0.050967  -0.123464  0.017841
718  -0.008265  -0.020916  0.000506
719  -0.023385  0.097367  0.010027
720  0.137800  -0.123883  0.034336
721  0.064688  0.027282  0.004929
722  -0.008147  -0.052684  0.002842
723  -0.085205  0.185438  0.041647
724  -0.074134  -0.117306  0.019257
725  0.050571  -0.172809  0.032420
726  0.076092  0.185837  0.040326
727  0.164671  -0.022136  0.027606
728  0.022634  0.062102  0.004369
729  -0.066001  -0.033013  0.005446
730  -0.060063  0.120235  0.018064
731  -0.086902  -0.011623  0.007687
732  -0.136204  0.068061  0.023184
733  -0.162792  -0.149490  0.048848
734  -0.042178  -0.180394  0.034321
735  0.003858  0.032088  0.001045
736  -0.021575  0.000839  0.000466
737  -0.029678  0.083239  0.007810
738  -0.133459  -0.011237  0.017938
739  -0.016973  -0.014871  0.000509
740  -0.154912  -0.226082  0.075111
741  -0.025095  0.070860  0.005651
742  0.011673  -0.138328  0.019271
743  -0.023639  -0.088668  0.008421
744  0.059229  0.061136  0.007246
745  0.105806  -0.086996  0.018763
746  -0.066947  -0.200247  0.044581
747  -0.076648  0.136575  0.024528
748  -0.074128  -0.118250  0.019478
749  -0.090683  -0.090790  0.016466
750  0.030026  0.008783  0.000979
751  0.100006  -0.047716  0.012278
752  0.013578  -0.172464  0.029928
753  -0.092277  0.013058  0.008686
754  0.056739  -0.034711  0.004424
755  -0.049921  -0.067185  0.007006
756  0.085329  -0.024214  0.007867
757  0.011519  -0.005064  0.000158
758  -0.050721  0.104139  0.013417
759  0.013596  -0.021781  0.000659
760  -0.022057  -0.100160  0.010518
761  0.139374  -0.186296  0.054132
762  -0.016409  -0.062580  0.004185
763  -0.066698  -0.161001  0.030370
764  0.003499  -0.142399  0.020290
765  0.057810  0.082428  0.010136
766  -0.021945  0.037776  0.001909
767  0.058309  0.064270  0.007531
768  0.168576  -0.088948  0.036330
769  -0.092357  0.164379  0.035550
770  0.174135  0.042059  0.032092
771  0.022263  -0.163688  0.027289
772  0.008315  0.156440  0.024543
773  0.018154  -0.111785  0.012825
774  0.028942  0.163362  0.027525
775  -0.045130  0.009759  0.002132
776  -0.092340  -0.038422  0.010003
777  0.068803  -0.157587  0.029567
778  -0.033965  -0.134037  0.019119
779  -0.096852  -0.053254  0.012216
780  0.055075  -0.126768  0.019103
781  -0.055545  -0.065334  0.007354
782  0.110563  0.060131  0.015840
783  0.039843  0.093038  0.010243
784  0.084981  0.012956  0.007390
785  0.158861  0.086101  0.032650
786  -0.145488  -0.128981  0.037803
787  -0.016468  0.121849  0.015118
788  -0.165458  -0.081400  0.034002
789  0.054895  -0.023404  0.003561
790  -0.052826  0.113622  0.015701
791  0.162681  -0.025664  0.027124
792  0.068428  -0.109622  0.016699
793  -0.028470  -0.200744  0.041109
794  -0.135408  -0.189878  0.054389
795  0.174264  -0.015901  0.030621
796  0.085457  0.081130  0.013885
797  0.070994  -0.011386  0.005170
798  0.062620  0.257213  0.070080
799  -0.249408  0.074849  0.067807
800  -0.015972  0.121235  0.014953
801  -0.124746  0.073174  0.020916
802  -0.072525  0.010971  0.005380
803  -0.130550  -0.122402  0.032026
804  -0.029721  0.031941  0.001904
805  -0.228554  0.163864  0.079089
806  -0.010631  -0.071867  0.005278
807  -0.260492  0.238286  0.124636
808  0.022560  -0.201425  0.041081
809  0.070522  0.006597  0.005017
810  0.008648  0.110731  0.012336
811  0.061172  -0.135430  0.022083
812  0.017244  0.008419  0.000368
813  0.064790  -0.162403  0.030572
814  0.120947  0.069827  0.019504
815  -0.051681  -0.215552  0.049134
816  0.018936  0.046743  0.002543
817  -0.180450  -0.002877  0.032571
818  -0.188740  0.058324  0.039025
819  0.322540  -0.116596  0.117627
820  0.342230  0.104494  0.128040
821  0.377552  0.302362  0.233968
822  -0.246717  0.383443  0.207898
823  -0.270799  -0.191610  0.110047
824  0.293206  0.048372  0.088310
825  -0.188804  -0.172588  0.065433
826  -0.230597  -0.312662  0.150932
827  0.119458  0.132247  0.031759
828  0.009378  -0.208592  0.043599
829  0.321798  0.112394  0.116186
830  0.000060  0.099848  0.009970
831  0.104463  0.224075  0.061122
832  -0.157982  -0.054715  0.027952
833  -0.229429  0.042019  0.054403
834  -0.103977  -0.211192  0.055413
835  0.122046  -0.135304  0.033202
836  -0.166923  -0.106155  0.039132
837  0.286184  0.159714  0.107410
838  0.084699  0.138073  0.026238
839  -0.287998  -0.075464  0.088638
840  0.152509  0.115473  0.036593
841  -0.123005  0.085850  0.022501
842  0.163150  0.213725  0.072297
843  0.018728  -0.064244  0.004478
844  -0.164486  0.095892  0.036251
845  -0.215111  -0.370102  0.183248
846  -0.069148  -0.204476  0.046592
847  0.046779  -0.055550  0.005274
848  -0.174687  -0.070695  0.035513
849  -0.007943  -0.083908  0.007104
850  -0.196930  -0.197265  0.077695
851  0.044014  0.105775  0.013125
852  0.036617  -0.041663  0.003077
853  -0.199335  -0.302424  0.131194
854  0.124495  -0.166091  0.043085
855  -0.341599  0.022523  0.117197
856  -0.018832  -0.360273  0.130151
857  0.052945  0.142385  0.023077
858  0.041263  0.202207  0.042590
859  0.038857  0.045032  0.003538
860  -0.151589  -0.287064  0.105385
861  -0.011197  0.099733  0.010072
862  0.020765  -0.155490  0.024608
863  -0.175514  -0.111850  0.043316
864  -0.100344  0.124290  0.025517
865  0.012609  -0.162407  0.026535
866  0.166101  0.037138  0.028969
867  -0.174477  -0.062847  0.034392
868  -0.242957  0.083531  0.066006
869  -0.115760  0.002925  0.013409
870  0.295133  0.501925  0.339033
871  -0.379223  -0.475641  0.370045
872  0.005509  -0.013105  0.000202
873  0.038140  0.136858  0.020185
874  -0.198130  -0.066173  0.043635
875  0.063708  -0.070673  0.009053
876  -0.104876  -0.034603  0.012196
877  0.451257  -0.418426  0.378712
878  0.092950  -0.147050  0.030263
879  -0.034434  -0.003167  0.001196
880  0.000786  -0.030819  0.000950
881  -0.133522  0.105828  0.029028
882  0.257199  0.003976  0.066167
883  0.198349  -0.266221  0.110216
884  -0.136275  -0.073623  0.023991
885  0.120212  0.375306  0.155305
886  0.004390  -0.063296  0.004026
887  -0.031690  0.148302  0.022998
888  0.157443  -0.320689  0.127630
889  0.065083  -0.015612  0.004480
890  0.322071  -0.058455  0.107147
891  0.143383  0.349752  0.142885
892  -0.100130  0.196686  0.048711
893  -0.098231  0.050722  0.012222
894  -0.062355  -0.107174  0.015374
895  0.002811  -0.172588  0.029795
896  -0.263365  0.414045  0.240794
897  0.136138  0.245171  0.078642
898  -0.270204  -0.241082  0.131131
899  0.043887  -0.152971  0.025326
900  -0.005763  -0.082976  0.006918
901  0.553541  -0.223403  0.356316
902  0.095242  -0.227085  0.060639
903  0.348574  -0.109130  0.133413
904  -0.143093  0.028660  0.021297
905  0.237191  -0.021653  0.056729
906  -0.338904  0.349582  0.237064
907  -0.050782  -0.135172  0.020850
908  0.034324  -0.177077  0.032534
909  0.125665  -0.210092  0.059930
910  0.043213  0.100682  0.012004
911  -0.012955  0.075231  0.005828
912  0.274708  0.165268  0.102778
913  -0.043047  -0.418362  0.176879
914  0.024114  0.100246  0.010631
915  0.125308  -0.026339  0.016396
916  0.019602  -0.353603  0.125420
917  0.037865  0.366349  0.135645
918  0.361069  -0.169235  0.159011
919  0.150730  -0.116406  0.036270
920  -0.050359  0.036851  0.003894
921  -0.244581  -0.068565  0.064521
922  -0.007619  0.158463  0.025169
923  0.120882  -0.358670  0.143257
924  -0.132371  -0.330143  0.126516
925  -0.040794  -0.084485  0.008802
926  -0.065383  -0.016781  0.004557
927  0.005222  0.073341  0.005406
928  0.071230  0.065255  0.009332
929  -0.277595  0.096619  0.086394
930  0.006318  0.152800  0.023388
931  0.025831  -0.039574  0.002233
932  -0.049896  -0.118238  0.016470
933  -0.050011  -0.713208  0.511167
934  -0.174995  0.100854  0.040795
935  -0.425719  -0.091275  0.189568
936  -0.319076  -0.234632  0.156862
937  0.212462  -0.077417  0.051134
938  -0.366909  0.465112  0.350951
939  0.044921  -0.211217  0.046631
940  0.454621  0.173834  0.236899
941  -0.237330  0.449939  0.258771
942  0.194951  0.351476  0.161541
943  0.119402  0.124705  0.029808
944  -0.026634  0.008058  0.000774
945  -0.093508  0.230562  0.061903
946  -0.408098  -0.101380  0.176822
947  0.100290  -0.024417  0.010654
948  0.074422  0.102358  0.016016
949  0.292669  -0.113652  0.098572
950  0.257007  0.313014  0.164030
951  0.009827  -0.110273  0.012257
952  -0.322533  -0.472806  0.327573
953  -0.135062  0.334526  0.130150
954  0.055171  0.084927  0.010256
955  0.072248  0.091305  0.013556
956  -0.029728  0.233204  0.055268
957  0.172871  -0.174595  0.060368
958  0.536393  -0.510149  0.547970
959  0.225450  -0.158787  0.076041
960  -0.070497  0.127888  0.021325
961  -0.022730  -0.074581  0.006079
962  -0.274337  0.048003  0.077565
963  -0.235302  0.255724  0.120762
964  -0.319361  0.194840  0.139954
965  0.038837  0.280658  0.080277
966  -0.357577  -0.352134  0.251859
967  -0.484827  0.383392  0.382047
968  0.176555  0.314187  0.129885
969  -0.215452  0.110552  0.058641
970  -0.338181  0.022257  0.114861
971  -0.033433  -0.257187  0.067263
972  -0.119238  0.295794  0.101712
973  0.185724  0.026402  0.035190
974  0.445912  -0.822248  0.874929
975  -0.540985  -0.164700  0.319791
976  -0.444587  -0.317810  0.298661
977  0.308198  0.123583  0.110259
978  -0.276067  0.244379  0.135934
979  0.355246  0.161109  0.152156
980  0.660449  -0.002562  0.436200
981  0.145974  0.598771  0.379835
982  0.086697  -0.153972  0.031224
983  -0.067655  0.118204  0.018549
984  -0.064163  0.034644  0.005317
985  -0.152762  0.428216  0.206705
986  -0.106804  0.083440  0.018369
987  -0.204611  0.023067  0.042398
988  0.140777  0.222804  0.069459
989  -0.024739  0.295658  0.088026
990  0.073306  -0.024342  0.005966
991  -0.191934  0.469398  0.257173
992  0.308643  0.256415  0.161009
993  -0.271590  0.029782  0.074648
994  0.089773  -0.405865  0.172785
995  -0.615875  -0.128396  0.395787
996  -0.427363  0.285147  0.263948
997  -0.316200  -0.221925  0.149233
998  -0.216241  0.205104  0.088828
999  -0.200742  -0.301817  0.131391
1000  -0.270401  -0.215165  0.119413
1001  -0.092100  0.157341  0.033239
1002  -0.078554  -0.472265  0.229205
1003  0.257055  -0.060801  0.069774
1004  0.035841  -0.082719  0.008127
1005  0.129540  0.083635  0.023775
1006  -0.621670  -0.447656  0.586870
1007  -0.227744  0.161882  0.078073
1008  -0.619096  0.141691  0.403356
1009  -0.192157  -0.144290  0.057744
1010  -0.213619  -0.157997  0.070596
1011  -0.091284  -0.110704  0.020588
1012  -0.174640  0.501150  0.281650
1013  -0.245960  0.041757  0.062240
1014  -0.052999  0.044114  0.004755
1015  -0.295843  -0.037183  0.088906
1016  0.062376  -0.127646  0.020184
1017  0.017982  -0.397854  0.158611
1018  0.661477  -0.066753  0.442008
1019  0.538222  -0.297569  0.378231
1020  -0.069804  -0.128071  0.021275
1021  0.049931  -0.380378  0.147181
1022  0.086822  -0.616615  0.387752
1023  0.070019  0.127072  0.021050
1024  -0.083529  0.032905  0.008060
1025  -0.275447  0.092278  0.084386
1026  -0.304302  -0.275192  0.168331
1027  -0.639005  0.236296  0.464163
1028  -0.212244  0.092100  0.053530
1029  0.164372  -0.314508  0.125933
1030  0.325266  0.170739  0.134950
1031  0.303766  -0.297243  0.180627
1032  -0.144562  -0.671368  0.471633
1033  -0.244477  0.302019  0.150985
1034  -0.824636  -0.041576  0.681754
1035  -0.054062  -0.000787  0.002923
1036  0.448495  -0.569422  0.525390
1037  0.319294  -0.286412  0.183981
1038  0.195020  0.389641  0.189853
1039  -0.294170  -0.243625  0.145889
1040  0.212087  -0.148551  0.067048
1041  -0.381539  0.106399  0.156893
1042  0.011867  -0.130150  0.017080
1043  -0.226611  -0.418945  0.226868
1044  -0.258451  0.418315  0.241784
1045  -0.238795  -0.377383  0.199441
1046  -0.558532  -0.440592  0.506079
1047  -0.017068  -0.303607  0.092469
1048  -0.167389  -0.311635  0.125136
1049  -0.084768  0.529475  0.287529
1050  -0.055352  -0.555646  0.311806
1051  0.239347  0.082229  0.064049
1052  0.341897  0.068532  0.121590
1053  0.044541  -0.177250  0.033401
1054  -0.048457  0.175558  0.033169
1055  0.159605  -0.552965  0.331244
1056  -0.366908  0.163856  0.161470
1057  -0.218348  -0.274968  0.123283
1058  -0.055146  0.124328  0.018499
1059  0.205881  0.048539  0.044743
1060  -0.875200  0.241778  0.824431
1061  -0.275532  0.148732  0.098039
1062  -0.467705  -0.077690  0.224784
1063  -0.161712  -0.603330  0.390158
1064  0.470777  -0.118495  0.235672
1065  -0.205646  0.037128  0.043669
1066  0.419135  -0.018525  0.176018
1067  -0.276498  0.309733  0.172385
1068  0.066966  -0.222547  0.054012
1069  0.273900  0.323163  0.179456
1070  -0.627826  -0.001930  0.394170
1071  0.306530  -0.961603  1.018642
1072  0.264734  0.150322  0.092681
1073  -0.604941  0.209461  0.409827
1074  0.466496  0.119021  0.231784
1075  0.377704  -0.085085  0.149900
1076  0.054187  -0.294241  0.089514
1077  -0.283808  -0.117985  0.094467
1078  -0.385790  0.013811  0.149025
1079  0.066058  0.196039  0.042795
1080  -0.108556  0.206089  0.054257
1081  0.472307  0.448089  0.423858
1082  -0.205022  -0.239759  0.099518
1083  -0.270916  -0.336871  0.186877
1084  0.095633  -0.061064  0.012874
1085  -0.581230  -0.559025  0.650336
1086  -0.045199  0.670630  0.451788
1087  0.602723  -0.105179  0.374338
1088  -0.236961  -0.082115  0.062893
1089  0.388910  -0.035629  0.152521
1090  0.635196  0.190866  0.439904
1091  -0.656534  0.107567  0.442608
1092  0.799311  -0.022812  0.639418
1093  0.205896  -0.245963  0.102891
1094  0.138619  0.489269  0.258600
1095  0.145675  -0.293798  0.107538
1096  -0.281326  -0.059085  0.082635
1097  0.168815  -0.177741  0.060091
1098  0.283935  0.398745  0.239617
1099  -0.176996  -0.427601  0.214170
1100  0.084768  -0.632878  0.407720
1101  0.031884  0.495438  0.246476
1102  -0.356325  -0.207615  0.170072
1103  0.571594  0.339860  0.442224
1104  0.403371  -0.157913  0.187645
1105  -0.116021  -0.339767  0.128902
1106  -0.291056  -0.350750  0.207740
1107  0.121287  -0.352581  0.139024
1108  0.398643  0.417829  0.333497
1109  0.285971  -0.408947  0.249017
1110  -0.197743  -0.390287  0.191426
1111  -0.423736  -0.355478  0.305917
1112  -0.670044  -0.126773  0.465030
1113  0.750563  -0.098303  0.573009
1114  0.837708  0.003553  0.701768
1115  0.143170  0.116332  0.034031
1116  -0.349017  -0.303111  0.213689
1117  0.249944  -0.409172  0.229894
1118  -0.041677  -0.036779  0.003090
1119  0.442442  -0.218011  0.243283
1120  -0.448572  0.163602  0.227982
1121  0.100811  -0.129959  0.027052
1122  -0.495082  0.094603  0.254056
1123  -0.097652  -0.445615  0.208109
1124  -0.328957  -0.046040  0.110333
1125  -0.344062  -0.056695  0.121593
1126  -0.234416  0.102212  0.065398
1127  0.404271  0.271243  0.237008
1128  0.490325  -0.654131  0.668306
1129  -0.054690  -0.170942  0.032212
1130  0.409125  0.008247  0.167451
1131  -0.364443  -0.303452  0.224902
1132  0.723361  -0.515959  0.789465
1133  -0.066308  -0.483747  0.238408
1134  0.433062  0.260700  0.255508
1135  0.140340  -0.114847  0.032885
1136  -0.189556  0.218276  0.083576
1137  -0.163431  -0.204245  0.068426
1138  0.428076  0.094832  0.192242
1139  0.837611  0.340454  0.817502
1140  0.714086  0.054416  0.512880
1141  0.113724  0.003348  0.012944
1142  -0.602057  -0.306211  0.456237
1143  0.344285  0.190907  0.154978
1144  -0.100155  -0.550867  0.313486
1145  -0.631383  0.220313  0.447183
1146  0.260890  0.550064  0.370634
1147  -0.077626  -0.952884  0.914014
1148  0.014064  -0.267353  0.071675
1149  0.129564  -0.329980  0.125673
1150  0.478715  -0.206557  0.271834
1151  0.165113  0.161231  0.053258
1152  -0.109957  0.055232  0.015141
1153  -0.881335  0.232632  0.830870
1154  0.446182  -0.795692  0.832204
1155  0.043425  -0.234790  0.057012
1156  -0.173267  -0.139044  0.049355
1157  -0.005494  -0.202369  0.040983
1158  -0.787948  0.075907  0.626624
1159  -0.420873  0.402221  0.338916
1160  0.626219  0.105567  0.403294
1161  0.187360  -0.211987  0.080042
1162  -0.156609  -0.285322  0.105935
1163  -0.560026  0.026544  0.314334
1164  -0.357672  0.409262  0.295425
1165  0.290060  -0.084792  0.091324
1166  0.414210  0.197293  0.210495
1167  0.422162  0.067652  0.182798
1168  -0.688438  -0.202225  0.514841
1169  0.779790  -0.205093  0.650135
1170  -0.288347  0.585850  0.426365
1171  0.055822  -0.418746  0.178464
1172  0.110788  0.594212  0.365362
1173  0.139597  0.102377  0.029968
1174  -0.222324  -0.637824  0.456247
1175  0.703227  -0.118418  0.508551
1176  -0.388861  0.421375  0.328769
1177  0.042251  -0.509521  0.261396
1178  -0.862315  0.260796  0.811602
1179  -0.095644  0.355721  0.135685
1180  -0.036138  0.379184  0.145087
1181  0.284076  -0.484065  0.315018
1182  0.021655  0.050908  0.003061
1183  0.544544  -0.563474  0.614032
1184  -0.225529  0.175723  0.081742
1185  -0.155823  0.025093  0.024910
1186  0.199141  -0.035868  0.040944
1187  0.330745  -0.712962  0.617707
1188  -0.257985  0.420070  0.243015
1189  0.269170  0.395213  0.228646
1190  0.237188  -0.058406  0.059669
1191  0.494750  0.341490  0.361394
1192  -0.166233  -0.271260  0.101215
1193  -0.428297  0.262123  0.252147
1194  -0.144139  -0.159807  0.046314
1195  -0.017379  -0.318311  0.101624
1196  -0.333436  0.384435  0.258970
1197  -0.204350  0.327013  0.148696
1198  0.012866  0.834507  0.696568
1199  -0.595113  0.573825  0.683434
1200  -0.161323  -0.399515  0.185637
1201  -0.055352  0.013989  0.003260
1202  -0.651546  -0.402767  0.586733
1203  -0.165375  0.570071  0.352329
1204  0.423230  0.897230  0.984145
1205  0.146701  0.264354  0.091404
1206  0.057448  0.350663  0.126265
1207  0.014641  -0.087030  0.007789
1208  -0.321468  0.059247  0.106852
1209  -0.208139  0.735715  0.584599
1210  -0.327044  -0.353698  0.232060
1211  0.388540  0.091110  0.159264
1212  -0.167469  0.158787  0.053259
1213  0.086786  -0.256605  0.073378
1214  0.353259  -0.416048  0.297888
1215  0.083221  0.249494  0.069173
1216  0.512232  0.451786  0.466492
1217  -0.022156  0.499127  0.249618
1218  0.007746  -0.337250  0.113798
1219  -0.628381  0.274213  0.470056
1220  -0.201174  0.079778  0.046836
1221  -0.531001  -0.273181  0.356590
1222  -0.105554  -0.390038  0.163271
1223  0.070668  0.234178  0.059833
1224  -0.195169  -0.505281  0.293400
1225  0.154604  -0.229859  0.076738
1226  0.637284  0.465225  0.622565
1227  -0.262554  -0.053130  0.071757
1228  -0.309059  -0.221712  0.144674
1229  -0.088419  0.408212  0.174455
1230  -0.034177  -0.462119  0.214722
1231  0.499591  0.540866  0.542127
1232  0.268434  0.414615  0.243963
1233  0.534618  0.090190  0.293951
1234  0.115750  0.377876  0.156189
1235  -0.122883  0.224235  0.065381
1236  -0.043442  0.006094  0.001924
1237  -0.157608  0.214084  0.070672
1238  0.288113  0.561795  0.398623
1239  -0.037481  -0.639625  0.410525
1240  -0.503061  0.284625  0.334082
1241  0.152211  0.211140  0.067748
1242  -0.053566  -0.185024  0.037103
1243  -0.191700  0.027480  0.037504
1244  -0.091313  -0.195548  0.046577
1245  0.026668  0.223948  0.050864
1246  -0.275025  0.371226  0.213447
1247  0.028291  0.045203  0.002844
1248  0.198041  0.033042  0.040312
1249  -0.354001  0.542166  0.419260
1250  0.121929  0.066136  0.019241
1251  0.049801  0.348497  0.123930
1252  0.196497  -0.517807  0.306735
1253  0.006105  0.155851  0.024327
1254  -0.146704  0.262060  0.090198
1255  0.084122  -0.131252  0.024304
1256  0.268379  0.152836  0.095386
1257  0.596637  0.188144  0.391374
1258  0.384990  0.672352  0.600275
1259  -0.094288  0.162927  0.035435
1260  -0.103567  0.309871  0.106746
1261  -0.220578  -0.030076  0.049559
1262  0.447930  -0.153895  0.224325
1263  -0.493176  0.345976  0.362923
1264  0.191720  -0.048537  0.039112
1265  -0.024528  -0.116010  0.014060
1266  -0.261656  0.497954  0.316422
1267  -0.165620  0.433247  0.215133
1268  0.679622  -0.085383  0.469176
1269  -0.078624  -0.240203  0.063880
1270  0.121704  0.000885  0.014813
1271  0.192022  0.270060  0.109805
1272  0.371760  -0.134094  0.156187
1273  -0.032460  -0.059924  0.004645
1274  0.183140  -0.367773  0.168797
1275  0.025708  0.222087  0.049984
1276  -0.314766  -0.318297  0.200391
1277  0.266288  0.184234  0.104852
1278  -0.275305  -0.070232  0.080725
1279  0.411122  0.106622  0.180390
1280  -0.002187  -0.294603  0.086796
1281  0.575864  0.115745  0.345016
1282  -0.085808  0.351260  0.130747
1283  -0.127001  -0.178283  0.047914
1284  -0.039705  0.249831  0.063992
1285  0.221047  0.580770  0.386156
1286  -0.318826  -0.535800  0.388732
1287  -0.068393  0.202330  0.045615
1288  0.543371  0.074696  0.300831
1289  0.226422  -0.100700  0.061407
1290  0.646491  -0.092216  0.426455
1291  -0.303778  -0.030310  0.093200
1292  0.380150  -0.052802  0.147302
1293  -0.213704  -0.044982  0.047693
1294  0.048500  0.293467  0.088475
1295  0.067340  0.195564  0.042780
1296  -0.328702  0.099108  0.117867
1297  -0.234490  0.115884  0.068415
1298  0.053090  0.092305  0.011339
1299  -0.150086  -0.607230  0.391254
1300  0.108077  -0.349604  0.133904
1301  0.183262  0.347044  0.154025
1302  0.330123  -0.146659  0.130490
1303  -0.046346  0.484895  0.237271
1304  0.082272  -0.050388  0.009308
1305  0.267998  -0.044325  0.073788
1306  -0.157370  -0.273858  0.099764
1307  0.065834  0.315926  0.104143
1308  -0.191267  -0.077761  0.042630
1309  0.080348  -0.028395  0.007262
1310  -0.067641  0.450779  0.207777
1311  -0.146524  -0.334579  0.133412
1312  -0.311570  0.021255  0.097528
1313  0.034209  0.416782  0.174877
1314  0.113979  -0.076655  0.018867
1315  0.284776  -0.199217  0.120785
1316  0.320338  -0.162745  0.129102
1317  -0.222319  -0.126813  0.065507
1318  0.139975  -0.309717  0.115518
1319  -0.082101  -0.510293  0.267140
1320  -0.127581  0.082596  0.023099
1321  0.136059  -0.248584  0.080306
1322  0.168840  0.306483  0.122439
1323  0.202259  0.115025  0.054139
1324  -0.138998  -0.241390  0.077590
1325  -0.054864  -0.202817  0.044145
1326  0.076701  -0.092966  0.014526
1327  0.406673  -0.090104  0.173501
1328  -0.198861  -0.338234  0.153948
1329  0.127323  -0.167196  0.044165
1330  -0.137568  0.260749  0.086915
1331  -0.268184  -0.198956  0.111506
1332  -0.283051  -0.117416  0.093905
1333  -0.048589  0.188008  0.037708
1334  -0.203286  -0.458111  0.251191
1335  -0.083976  0.178028  0.038746
1336  0.192550  0.215567  0.083545
1337  0.099215  0.171767  0.039348
1338  0.203635  0.257698  0.107875
1339  0.275185  -0.175240  0.106436
1340  0.174812  0.094522  0.039494
1341  -0.029325  -0.054235  0.003801
1342  0.053120  -0.176269  0.033893
1343  0.020023  -0.052668  0.003175
1344  0.351321  0.342565  0.240777
1345  -0.374349  -0.054735  0.143133
1346  -0.147488  0.128814  0.038346
1347  0.241775  0.384369  0.206195
1348  0.017549  -0.094104  0.009164
1349  0.054504  0.048847  0.005357
1350  -0.076733  0.132578  0.023465
1351  0.012219  0.140285  0.019829
1352  -0.027762  0.003896  0.000786
1353  -0.040706  -0.018014  0.001981
1354  0.081054  -0.231514  0.060169
1355  0.389810  0.092985  0.160598
1356  0.325307  -0.080616  0.112324
1357  -0.065833  -0.022964  0.004861
1358  0.101604  0.000723  0.010324
1359  -0.284179  -0.110257  0.092914
1360  0.168585  -0.096795  0.037790
1361  0.119022  -0.154481  0.038031
1362  0.110910  -0.166691  0.040087
1363  -0.004963  0.162486  0.026426
1364  -0.127826  -0.122796  0.031418
1365  0.093000  -0.278023  0.085946
1366  0.004771  0.023191  0.000561
1367  0.132814  -0.121572  0.032419
1368  -0.143030  0.266081  0.091256
1369  0.205840  -0.161365  0.068409
1370  0.086242  -0.163036  0.034019
1371  0.149339  0.004305  0.022321
1372  -0.111960  0.179162  0.044634
1373  -0.044172  -0.214930  0.048146
1374  -0.117863  0.102055  0.024307
1375  0.033192  -0.178740  0.033050
1376  0.163232  -0.281320  0.105786
1377  0.030780  0.252272  0.064588
1378  -0.201409  -0.143672  0.061207
1379  0.076073  0.014317  0.005992
1380  0.160152  0.005110  0.025675
1381  0.160509  0.119270  0.039989
1382  -0.168417  -0.400806  0.189009
1383  0.070993  0.131072  0.022220
1384  -0.264201  -0.020538  0.070224
1385  -0.046491  0.012737  0.002324
1386  0.215361  -0.116131  0.059867
1387  0.185925  -0.098600  0.044290
1388  -0.103426  -0.273033  0.085244
1389  -0.092210  -0.113773  0.021447
1390  0.187550  0.101759  0.045530
1391  0.161452  0.036576  0.027405
1392  0.238237  -0.085973  0.064148
1393  -0.108036  -0.100047  0.021681
1394  -0.254186  -0.025572  0.065264
1395  0.171224  0.392399  0.183294
1396  -0.337240  0.248484  0.175475
1397  0.070434  -0.262830  0.074041
1398  0.107071  0.102750  0.022022
1399  0.273876  0.305610  0.168406
1400  -0.009254  0.011966  0.000229
1401  0.019230  0.009154  0.000454
1402  0.063318  0.037613  0.005424
1403  0.015023  -0.039441  0.001781
1404  0.109142  0.094834  0.020905
1405  0.143272  0.016149  0.020788
1406  0.061566  0.040794  0.005455
1407  0.109756  -0.142371  0.032316
1408  0.033399  -0.047570  0.003378
1409  0.057518  0.062429  0.007206
1410  0.003385  -0.082120  0.006755
1411  0.112905  -0.137470  0.031646
1412  -0.099596  -0.007341  0.009973
1413  0.008317  0.078650  0.006255
1414  -0.194010  0.008090  0.037705
1415  -0.055271  -0.031395  0.004041
1416  -0.056358  -0.077141  0.009127
1417  0.048400  0.212697  0.047582
1418  -0.149059  0.037519  0.023626
1419  -0.098174  0.154830  0.033611
1420  0.012696  -0.271098  0.073655
1421  0.192377  0.096130  0.046250
1422  -0.086753  0.011616  0.007661
1423  0.161586  -0.196482  0.064715
1424  0.119107  -0.183229  0.047759
1425  -0.103834  0.113515  0.023667
1426  -0.107013  -0.037250  0.012839
1427  -0.123816  0.159214  0.040679
1428  0.334721  0.202222  0.152932
1429  0.307438  -0.012795  0.094682
1430  -0.042124  -0.052227  0.004502
1431  -0.185933  -0.010172  0.034674
1432  -0.174487  -0.019866  0.030840
1433  0.109113  -0.178295  0.043695
1434  0.112063  0.144472  0.033430
1435  -0.178142  0.092582  0.040306
1436  0.040053  -0.151594  0.024585
1437  0.086969  0.039657  0.009136
1438  0.120193  -0.278409  0.091958
1439  -0.075837  -0.009381  0.005839
1440  -0.073748  0.012650  0.005599
1441  0.116095  0.145535  0.034659
1442  0.020202  0.155427  0.024566
1443  -0.077647  0.226887  0.057507
1444  -0.056910  0.132520  0.020800
1445  -0.100594  -0.045256  0.012167
1446  0.045102  -0.028768  0.002862
1447  0.188378  0.061253  0.039238
1448  -0.036812  0.078506  0.007518
1449  -0.051277  -0.164872  0.029812
1450  0.146069  0.129829  0.038192
1451  0.201041  -0.000322  0.040418
1452  0.171767  -0.091923  0.037954
1453  -0.056593  -0.080728  0.009720
1454  -0.026367  0.115770  0.014098
1455  0.007222  -0.103452  0.010755
1456  0.169727  -0.064774  0.033003
1457  0.024330  -0.026158  0.001276
1458  0.082345  -0.243552  0.066098
1459  -0.103932  0.025009  0.011427
1460  -0.152587  -0.070465  0.028248
1461  0.015886  0.237101  0.056469
1462  0.127035  0.010298  0.016244
1463  0.014443  0.064900  0.004421
1464  -0.122407  0.009352  0.015071
1465  -0.036136  -0.125484  0.017052
1466  0.156863  -0.012419  0.024760
1467  -0.166230  -0.183659  0.061363
1468  -0.033516  0.198751  0.040625
1469  0.004406  -0.143845  0.020711
1470  0.078288  0.069624  0.010977
1471  -0.011101  0.079732  0.006480
1472  0.027080  -0.113046  0.013513
1473  0.043305  0.008876  0.001954
1474  -0.169529  0.121230  0.043437
1475  -0.010409  0.038601  0.001598
1476  -0.103562  0.157603  0.035564
1477  0.020180  0.104925  0.011416
1478  0.103237  -0.054563  0.013635
1479  0.065530  -0.244325  0.063989
1480  -0.090181  0.106180  0.019407
1481  0.062808  0.049177  0.006363
1482  -0.018853  -0.041915  0.002112
1483  -0.013203  -0.128053  0.016572
1484  -0.170812  -0.058074  0.032549
1485  -0.167759  0.031620  0.029143
1486  0.024532  0.104343  0.011489
1487  -0.004586  0.107422  0.011560
1488  0.067166  -0.070851  0.009531
1489  0.095243  0.046757  0.011257
1490  0.001988  -0.086604  0.007504
1491  0.142541  0.118805  0.034433
1492  0.048981  0.015679  0.002645
1493  -0.136243  0.017485  0.018868
1494  -0.060243  -0.043317  0.005506
1495  -0.105823  -0.037308  0.012590
1496  0.018067  0.068018  0.004953
1497  0.111600  -0.006950  0.012503
1498  0.118845  -0.102506  0.024632
1499  0.008478  0.111015  0.012396
1500  -0.065209  -0.304782  0.097145
1501  -0.092293  0.154466  0.032378
1502  0.003643  0.013786  0.000203
1503  -0.020037  -0.050539  0.002956
1504  -0.029041  0.028721  0.001668
1505  0.011807  0.152009  0.023246
1506  0.164324  0.019028  0.027365
1507  0.035340  -0.085529  0.008564
1508  -0.152619  -0.164182  0.050249
1509  -0.115404  -0.038437  0.014795
1510  -0.164280  0.190154  0.063147
1511  0.122267  0.122247  0.029894
1512  0.125661  0.098080  0.025410
1513  0.035467  -0.035284  0.002503
1514  -0.027652  0.083903  0.007804
1515  -0.071982  -0.077095  0.011125
1516  0.000630  0.006153  0.000038
1517  -0.045354  -0.001577  0.002059
1518  -0.082304  -0.108402  0.018525
1519  -0.042178  0.204762  0.043706
1520  -0.085303  -0.019570  0.007660
1521  0.162908  -0.035286  0.027784
1522  -0.008042  0.008276  0.000133
1523  0.029887  0.050836  0.003477
1524  0.065301  0.090140  0.012389
1525  0.109504  -0.017943  0.012313
1526  0.087322  -0.003368  0.007637
1527  -0.095912  -0.002635  0.009206
1528  -0.061849  -0.000939  0.003826
1529  -0.193768  -0.032087  0.038575
1530  0.020885  0.009965  0.000535
1531  -0.115908  0.001069  0.013436
1532  -0.082939  0.017885  0.007199
1533  0.112605  0.129199  0.029372
1534  0.004516  -0.050360  0.002556
1535  -0.045440  0.038047  0.003512
1536  -0.005709  0.091573  0.008418
1537  -0.056979  -0.039733  0.004825
1538  -0.091555  0.055873  0.011504
1539  0.061714  -0.119927  0.018191
1540  -0.022430  0.085611  0.007832
1541  0.156057  -0.027522  0.025111
1542  0.034993  0.063115  0.005208
1543  -0.081959  -0.008266  0.006786
1544  -0.016570  0.078665  0.006463
1545  0.076927  -0.007521  0.005974
1546  0.005785  0.071992  0.005216
1547  -0.002172  -0.008483  0.000077
1548  0.026985  -0.069722  0.005589
1549  0.057030  -0.039856  0.004841
1550  -0.047678  0.018870  0.002629
1551  0.075898  0.047689  0.008035
1552  -0.028209  -0.020173  0.001203
1553  0.071493  0.042960  0.006957
1554  -0.022055  0.037668  0.001905
1555  -0.053995  0.008326  0.002985
1556  -0.024476  -0.059011  0.004081
1557  -0.030523  0.008064  0.000997
1558  -0.046989  0.056531  0.005404
1559  0.090664  0.052391  0.010965
1560  -0.110057  -0.012044  0.012258
1561  -0.015932  0.025854  0.000922
1562  -0.066746  -0.014631  0.004669
1563  -0.087625  0.068135  0.012321
1564  0.008993  0.134709  0.018227
1565  0.084484  -0.049673  0.009605
1566  -0.013547  0.002909  0.000192
1567  0.077575  0.001675  0.006021
1568  0.032319  -0.054973  0.004067
1569  0.001608  0.010169  0.000106
1570  -0.026078  -0.001205  0.000682
1571  -0.014930  -0.038699  0.001721
1572  0.027487  -0.006352  0.000796
1573  -0.114151  0.037567  0.014442
1574  0.082089  0.013051  0.006909
1575  0.017575  -0.010805  0.000426
1576  0.055734  -0.014399  0.003314
1577  0.022158  -0.008847  0.000569
1578  0.016392  -0.049411  0.002710
1579  -0.030466  -0.049193  0.003348
1580  -0.008074  0.038973  0.001584
1581  -0.016773  0.111448  0.012702
1582  0.026454  -0.028385  0.001506
1583  0.028767  0.094497  0.009757
1584  0.102463  0.077912  0.016569
1585  0.041942  -0.025918  0.002431
1586  -0.001295  0.077754  0.006047
1587  -0.035491  0.041919  0.003017
1588  0.072429  0.060366  0.008890
1589  0.033472  0.001881  0.001124
1590  0.059574  -0.050902  0.006140
1591  -0.027591  -0.005603  0.000793
1592  -0.074438  0.014611  0.005755
1593  0.034253  0.019317  0.001546
1594  0.023807  -0.028422  0.001375
1595  0.077108  -0.039267  0.007487
1596  0.027009  0.106345  0.012039
1597  -0.074768  -0.051063  0.008198
1598  -0.027577  -0.001951  0.000764
1599  -0.027787  0.008017  0.000836
1600  -0.020481  0.031740  0.001427
1601  0.039666  0.002009  0.001577
1602  -0.003013  -0.035300  0.001255
1603  0.053622  0.006215  0.002914
1604  0.130396  0.045973  0.019117
1605  0.024440  0.035838  0.001882
1606  -0.047993  -0.043395  0.004186
1607  0.070536  -0.048095  0.007288
1608  0.104418  -0.073001  0.016232
1609  0.012151  -0.010677  0.000262
1610  0.013022  -0.027230  0.000911
1611  0.062864  -0.014493  0.004162
1612  -0.062226  0.010359  0.003979
1613  0.001075  0.029667  0.000881
1614  0.027413  -0.016872  0.001036
1615  -0.085887  0.104530  0.018303
1616  0.009661  0.012931  0.000261
1617  -0.001297  0.038936  0.001518
1618  -0.001356  0.008472  0.000074
1619  0.037039  0.066024  0.005731
1620  0.028770  0.042138  0.002603
1621  0.059520  0.020613  0.003968
1622  0.048527  -0.026186  0.003041
1623  0.014015  -0.113680  0.013120
1624  -0.009345  -0.016125  0.000347
1625  0.009285  -0.046911  0.002287
1626  0.029713  -0.007203  0.000935
1627  0.074563  0.004304  0.005578
1628  0.054143  -0.094776  0.011914
1629  -0.081262  0.010044  0.006704
1630  -0.071261  -0.079279  0.011363
1631  0.069726  0.062721  0.008796
1632  0.019785  -0.013848  0.000583
1633  0.029340  -0.044686  0.002858
1634  -0.047530  -0.042988  0.004107
1635  -0.005344  0.009024  0.000110
1636  -0.105408  0.022685  0.011625
1637  -0.000682  -0.018719  0.000351
1638  -0.043983  0.001418  0.001936
1639  0.104417  -0.042051  0.012671
1640  0.026303  0.031456  0.001681
1641  -0.011838  -0.033738  0.001278
1642  0.001305  -0.025105  0.000632
1643  -0.061119  -0.086405  0.011201
1644  0.080736  0.011870  0.006659
1645  -0.033493  -0.083128  0.008032
1646  -0.012363  -0.001359  0.000155
1647  0.037592  -0.060119  0.005027
1648  -0.002250  -0.018734  0.000356
1649  -0.030185  -0.044407  0.002883
1650  0.056511  0.012466  0.003349
1651  0.068540  0.004828  0.004721
1652  0.009727  0.064700  0.004281
1653  -0.075219  -0.031549  0.006653
1654  0.045111  0.007609  0.002093
1655  0.004217  -0.039482  0.001577
1656  -0.011396  0.019873  0.000525
1657  -0.045309  0.025169  0.002686
1658  -0.000307  0.029296  0.000858
1659  0.085323  -0.008342  0.007350
1660  -0.006770  0.021228  0.000496
1661  0.034629  0.097607  0.010726
1662  0.034888  -0.020203  0.001625
1663  0.034248  0.001908  0.001177
1664  0.011035  -0.064147  0.004237
1665  -0.043667  0.001910  0.001910
1666  0.051628  -0.035302  0.003912
1667  -0.041364  0.015308  0.001945
1668  0.036883  0.049753  0.003836
1669  0.013925  -0.041114  0.001884
1670  -0.057032  0.020239  0.003662
1671  -0.014170  -0.005076  0.000227
1672  0.013265  0.000080  0.000176
1673  -0.121900  0.040308  0.016484
1674  -0.045860  -0.043374  0.003984
1675  0.019589  0.017612  0.000694
1676  0.003815  0.016266  0.000279
1677  0.060435  -0.011713  0.003790
1678  0.017355  -0.118634  0.014375
1679  -0.014425  -0.037258  0.001596
1680  -0.016834  -0.048599  0.002645
1681  -0.013381  0.027166  0.000917
1682  -0.001578  0.014701  0.000219
1683  0.081857  0.024695  0.007310
1684  -0.008420  -0.010804  0.000188
1685  -0.010865  -0.030202  0.001030
1686  0.018503  0.012625  0.000502
1687  0.018433  -0.004952  0.000364
1688  0.012935  -0.001887  0.000171
1689  0.008307  -0.019376  0.000444
1690  0.004483  0.037168  0.001402
1691  0.054402  -0.018716  0.003310
1692  0.036281  -0.071747  0.006464
1693  0.044348  -0.088751  0.009843
1694  -0.013306  -0.042387  0.001974
1695  0.022108  -0.076530  0.006346
1696  -0.016315  0.004071  0.000283
1697  -0.000854  0.011876  0.000142
1698  -0.045305  0.009126  0.002136
1699  0.011651  -0.004833  0.000159
1700  -0.034398  0.019174  0.001551
1701  0.064058  -0.036057  0.005404
1702  -0.035793  0.030121  0.002188
1703  -0.032487  -0.026641  0.001765
1704  0.007508  0.084464  0.007191
1705  0.011525  0.003683  0.000146
1706  -0.027458  -0.061694  0.004560
1707  0.014553  -0.043753  0.002126
1708  -0.048983  0.022491  0.002905
1709  0.033337  -0.004408  0.001131
1710  0.061906  -0.014301  0.004037
1711  0.055489  0.003732  0.003093
1712  0.012885  0.010806  0.000283
1713  0.049127  -0.021350  0.002869
1714  0.010419  -0.029932  0.001004
1715  0.021224  0.045743  0.002543
1716  -0.037391  0.007113  0.001449
1717  -0.079400  0.010347  0.006411
1718  -0.039253  0.019513  0.001922
1719  -0.081118  -0.061814  0.010401
1720  0.059872  -0.004054  0.003601
1721  0.035371  0.052005  0.003956
1722  0.013483  -0.085495  0.007491
1723  0.035392  -0.010254  0.001358
1724  0.050771  0.065418  0.006857
1725  -0.005032  -0.000595  0.000026
1726  0.010827  0.046961  0.002323
1727  0.102607  -0.019818  0.010921
1728  -0.012802  -0.012149  0.000311
1729  0.045558  -0.064947  0.006294
1730  0.006991  0.020965  0.000488
1731  -0.021988  -0.053323  0.003327
1732  0.013569  0.045777  0.002280
1733  0.010693  -0.068719  0.004837
1734  0.025780  0.027902  0.001443
1735  -0.023187  -0.021125  0.000984
1736  -0.027983  0.010396  0.000891
1737  0.035997  -0.023606  0.001853
1738  -0.041267  -0.022693  0.002218
1739  -0.006116  0.054736  0.003033
1740  -0.019792  0.007029  0.000441
1741  0.040135  -0.020235  0.002020
1742  0.025294  -0.009959  0.000739
1743  0.035124  0.000227  0.001234
1744  -0.015269  0.054212  0.003172
1745  0.067919  -0.031139  0.005583
1746  0.031010  0.011051  0.001084
1747  -0.002253  -0.047519  0.002263
1748  0.071813  -0.028698  0.005981
1749  -0.001127  0.014792  0.000220
1750  0.011671  -0.014874  0.000357
1751  -0.021976  0.033743  0.001622
1752  0.011965  -0.004835  0.000167
1753  0.028396  -0.024078  0.001386
1754  -0.020149  0.012227  0.000555
1755  0.043046  -0.030947  0.002811
1756  -0.022045  0.073459  0.005882
1757  -0.004987  0.027800  0.000798
1758  0.003280  -0.075734  0.005746
1759  0.027016  -0.035652  0.002001
1760  -0.095133  0.018630  0.009397
1761  -0.008557  0.021301  0.000527
1762  -0.005688  0.000352  0.000032
1763  0.015624  -0.011910  0.000386
1764  -0.100568  -0.021458  0.010574
1765  -0.009112  0.036102  0.001386
1766  0.117536  0.055744  0.016922
1767  -0.019095  -0.039357  0.001914
1768  -0.029018  0.005717  0.000875
1769  -0.041307  -0.013962  0.001901
1770  0.027308  0.037114  0.002123
1771  0.009102  0.064911  0.004296
1772  -0.024402  -0.051265  0.003224
1773  -0.026326  -0.021996  0.001177
1774  -0.009082  0.125852  0.015921
1775  -0.000998  0.010360  0.000108
1776  -0.014020  -0.014624  0.000410
1777  0.077125  -0.044061  0.007890
1778  0.032327  -0.069834  0.005922
1779  -0.000135  -0.005183  0.000027
1780  -0.060534  0.026425  0.004363
1781  0.000419  0.048378  0.002341
1782  0.031448  0.022467  0.001494
1783  -0.055131  -0.046789  0.005229
1784  0.081408  -0.027862  0.007404
1785  0.055867  0.025990  0.003797
1786  -0.011313  -0.030319  0.001047
1787  0.066550  -0.017137  0.004723
1788  -0.013287  -0.082979  0.007062
1789  0.059381  -0.026138  0.004209
1790  -0.034696  -0.006877  0.001251
1791  0.061710  0.031013  0.004770
1792  0.037304  0.017758  0.001707
1793  0.026925  0.006580  0.000768
1794  0.004940  0.007361  0.000079
1795  0.010553  -0.011859  0.000252
1796  0.028992  0.035468  0.002099
1797  -0.009443  0.004830  0.000112
1798  -0.056200  -0.028540  0.003973
1799  0.017898  0.020277  0.000731
1800  -0.005356  -0.020670  0.000456
1801  -0.073499  -0.074631  0.010972
1802  -0.030945  -0.061882  0.004787
1803  0.018517  -0.012730  0.000505
1804  -0.007851  0.047672  0.002334
1805  0.012640  0.031608  0.001159
1806  -0.040962  -0.005121  0.001704
1807  -0.006553  -0.002907  0.000051
1808  0.026950  -0.024949  0.001349
1809  0.043351  -0.042150  0.003656
1810  -0.036135  -0.013332  0.001483
1811  0.019405  -0.047126  0.002597
1812  -0.035912  -0.018103  0.001617
1813  -0.021879  -0.061766  0.004294
1814  0.058371  -0.024711  0.004018
1815  0.028079  0.031020  0.001751
1816  0.014006  -0.093278  0.008897
1817  0.039011  -0.061527  0.005307
1818  0.002145  -0.036007  0.001301
1819  0.089216  -0.019609  0.008344
1820  -0.037594  -0.035862  0.002699
1821  -0.043668  0.034753  0.003115
1822  -0.012592  -0.001985  0.000162
1823  0.000464  -0.002864  0.000008
1824  -0.017428  -0.024733  0.000915
1825  0.001049  -0.043873  0.001926
1826  -0.032412  0.042221  0.002833
1827  0.053176  0.008341  0.002897
1828  0.081152  0.006287  0.006625
1829  -0.012790  -0.005104  0.000190
1830  -0.032292  0.003867  0.001058
1831  0.031861  0.039525  0.002577
1832  0.053675  0.003899  0.002896
1833  0.009817  -0.069633  0.004945
1834  0.004652  0.052983  0.002829
1835  0.018941  -0.031503  0.001351
1836  0.002644  0.055397  0.003076
1837  -0.001269  -0.025597  0.000657
1838  0.055333  -0.032363  0.004109
1839  -0.026856  -0.026201  0.001408
1840  0.075786  -0.028067  0.006531
1841  0.007960  0.024821  0.000679
1842  0.018667  0.048923  0.002742
1843  0.040634  0.015625  0.001895
1844  0.006885  0.041968  0.001809
1845  0.008009  -0.000214  0.000064
1846  -0.003339  -0.005213  0.000038
1847  -0.015501  0.016862  0.000525
1848  0.032250  0.005859  0.001074
1849  -0.006358  0.059991  0.003639
1850  0.010215  -0.057750  0.003439
1851  -0.040007  -0.041447  0.003318
1852  -0.039524  -0.050855  0.004148
1853  0.002959  -0.045669  0.002094
1854  0.106658  0.006668  0.011420
1855  0.014026  0.018428  0.000536
1856  -0.067686  0.032457  0.005635
1857  0.030909  -0.025569  0.001609
1858  -0.049399  -0.030290  0.003358
1859  0.038261  -0.021039  0.001907
1860  -0.005918  -0.035652  0.001306
1861  -0.004525  0.064451  0.004174
1862  0.072799  0.046418  0.007454
1863  0.000654  -0.000452  0.000001
1864  0.007600  -0.036396  0.001382
1865  -0.029949  -0.007940  0.000960
1866  -0.050373  -0.002528  0.002544
1867  -0.019780  0.008044  0.000456
1868  0.016960  -0.046131  0.002416
1869  0.005867  0.003140  0.000044
1870  0.043110  -0.090748  0.010094
1871  0.064466  0.021073  0.004600
1872  0.004746  0.013783  0.000212
1873  0.007276  0.026500  0.000755
1874  -0.021781  0.056396  0.003655
1875  0.011969  -0.010457  0.000253
1876  0.019452  0.069092  0.005152
1877  0.046183  0.004659  0.002155
1878  -0.026617  -0.008707  0.000784
1879  -0.022674  0.013539  0.000697
1880  0.033937  0.013855  0.001344
1881  -0.017051  -0.003951  0.000306
1882  -0.053370  0.026463  0.003549
1883  -0.005415  0.007840  0.000091
1884  -0.015555  0.035318  0.001489
1885  -0.025142  -0.036803  0.001987
1886  0.045919  0.060042  0.005714
1887  -0.017303  0.048460  0.002648
1888  0.055514  0.034248  0.004255
1889  0.079321  -0.016248  0.006556
1890  -0.038827  -0.020338  0.001921
1891  0.005112  -0.016626  0.000303
1892  0.000904  0.061830  0.003824
1893  -0.020479  -0.034597  0.001616
1894  -0.016437  -0.030678  0.001211
1895  -0.019549  0.018054  0.000708
1896  -0.000978  -0.039751  0.001581
1897  0.013560  -0.009546  0.000275
1898  -0.037646  -0.015338  0.001652
1899  -0.050007  0.010819  0.002618
1900  -0.009223  -0.013536  0.000268
1901  0.012391  0.010069  0.000255
1902  0.018545  0.016219  0.000607
1903  -0.017382  0.037022  0.001673
1904  0.003216  0.023926  0.000583
1905  -0.017082  0.010774  0.000408
1906  -0.009318  0.017572  0.000396
1907  -0.000272  0.051664  0.002669
1908  -0.010874  0.011632  0.000254
1909  0.003508  0.034491  0.001202
1910  -0.037789  0.005182  0.001455
1911  0.032993  0.052169  0.003810
1912  -0.012800  0.016221  0.000427
1913  0.028245  0.021382  0.001255
1914  -0.011101  -0.027008  0.000853
1915  -0.002322  0.040361  0.001634
1916  0.015441  0.014690  0.000454
1917  0.041311  0.009510  0.001797
1918  0.012669  0.009660  0.000254
1919  0.046486  -0.022191  0.002653
1920  0.016869  -0.028322  0.001087
1921  0.022912  -0.017901  0.000845
1922  -0.025759  -0.043915  0.002592
1923  -0.035369  -0.023857  0.001820
1924  -0.001586  -0.023461  0.000553
1925  -0.033419  0.002799  0.001125
1926  -0.007330  -0.001148  0.000055
1927  -0.016857  0.003474  0.000296
1928  0.043084  -0.007588  0.001914
1929  0.002056  -0.019322  0.000378
1930  -0.045610  -0.016949  0.002368
1931  0.017412  0.026653  0.001014
1932  0.005036  0.024556  0.000628
1933  0.017617  -0.002564  0.000317
1934  0.029783  -0.069102  0.005662
1935  -0.024520  0.064169  0.004719
1936  0.008604  0.005452  0.000104
1937  -0.023122  0.024894  0.001154
1938  0.009860  0.023397  0.000645
1939  -0.018777  0.001703  0.000355
1940  0.075232  -0.022904  0.006184
1941  0.004330  0.010070  0.000120
1942  0.068836  0.003695  0.004752
1943  0.009525  0.087958  0.007827
1944  -0.039755  0.021219  0.002031
1945  0.044638  -0.014720  0.002209
1946  0.060691  -0.016851  0.003967
1947  0.010293  -0.026315  0.000798
1948  0.010769  0.010573  0.000228
1949  -0.009308  0.099775  0.010042
1950  0.001599  0.010813  0.000119
1951  0.040194  -0.045688  0.003703
1952  0.037306  0.018776  0.001744
1953  -0.050901  0.018227  0.002923
1954  -0.004695  -0.005965  0.000058
1955  0.021969  0.032823  0.001560
1956  -0.017893  0.034937  0.001541
1957  0.023499  -0.042981  0.002400
1958  0.035899  -0.018874  0.001645
1959  0.062223  0.010642  0.003985
1960  0.027443  0.038803  0.002259
1961  0.010217  -0.008394  0.000175
1962  -0.028583  -0.019791  0.001209
1963  0.005983  0.010484  0.000146
1964  0.018970  0.076641  0.006234
1965  0.022627  0.016971  0.000800
1966  -0.027082  0.035554  0.001997
1967  0.052504  0.041773  0.004502
1968  0.010745  -0.003998  0.000131
1969  -0.006346  -0.000459  0.000040
1970  0.001415  -0.000617  0.000002
1971  -0.016870  -0.019815  0.000677
1972  -0.034131  0.004437  0.001185
1973  -0.057658  0.006368  0.003365
1974  0.005974  0.023570  0.000591
1975  0.029871  0.006804  0.000939
1976  0.019390  0.033859  0.001522
1977  -0.031772  -0.001446  0.001012
1978  -0.005450  0.022753  0.000547
1979  -0.035094  -0.009890  0.001329
1980  -0.024224  -0.014765  0.000805
1981  0.052918  -0.038753  0.004302
1982  -0.001761  0.012880  0.000169
1983  -0.031455  -0.005511  0.001020
1984  0.043151  -0.065920  0.006207
1985  0.068325  -0.037307  0.006060
1986  0.008145  0.024852  0.000684
1987  -0.030305  -0.023805  0.001485
1988  0.041094  0.012164  0.001837
1989  0.002453  -0.050791  0.002586
1990  0.004733  0.017247  0.000320
1991  0.022069  0.036275  0.001803
1992  -0.011357  -0.032741  0.001201
1993  0.024585  -0.027503  0.001361
1994  0.002734  -0.024211  0.000594
1995  -0.003171  0.041254  0.001712
1996  0.049473  0.048336  0.004784
1997  0.039922  -0.005635  0.001626
1998  0.012777  0.035054  0.001392
1999  -0.039120  -0.002312  0.001536
2000  -0.004396  -0.033897  0.001168
2001  -0.000132  0.034145  0.001166
2002  0.000124  0.032112  0.001031
2003  0.026194  0.006597  0.000730
2004  0.047714  -0.050016  0.004778
2005  -0.014591  0.043254  0.002084
2006  -0.016527  0.010524  0.000384
2007  -0.002639  -0.036228  0.001319
2008  -0.018679  -0.021410  0.000807
2009  0.009232  -0.045868  0.002189
2010  0.016623  0.007787  0.000337
2011  -0.023055  -0.016339  0.000799
2012  0.017164  0.005992  0.000330
2013  0.032420  -0.003343  0.001062
2014  -0.024258  0.010974  0.000709
2015  -0.022106  0.033187  0.001590
2016  0.029228  0.014261  0.001058
2017  0.061914  -0.027687  0.004600
2018  0.004665  -0.006154  0.000060
2019  -0.006415  0.006350  0.000081
2020  -0.030936  -0.016906  0.001243
2021  0.013726  -0.019882  0.000584
2022  0.005302  0.021272  0.000481
2023  -0.037210  0.062879  0.005338
2024  0.010613  -0.004485  0.000133
2025  0.003239  -0.015163  0.000240
2026  0.008732  0.005601  0.000108
2027  0.008165  -0.028887  0.000901
2028  0.018538  -0.001879  0.000347
2029  -0.001426  -0.048086  0.002314
2030  0.064975  -0.001807  0.004225
2031  -0.034214  0.014608  0.001384
2032  -0.013813  -0.005100  0.000217
2033  -0.008358  0.020936  0.000508
2034  0.006774  0.033936  0.001198
2035  -0.028711  0.069221  0.005616
2036  0.026319  -0.046895  0.002892
2037  -0.018971  -0.061560  0.004150
2038  -0.070223  0.012430  0.005086
2039  -0.019196  0.022801  0.000888
2040  0.025394  0.002500  0.000651
2041  0.050125  0.030725  0.003457
2042  -0.020461  0.074010  0.005896
2043  -0.024804  0.056521  0.003810
2044  0.016792  -0.030565  0.001216
2045  0.044714  0.011284  0.002127
2046  0.002417  -0.033162  0.001106
2047  0.002811  0.005707  0.000040
