0  -0.007821  0.032885  0.001143
1  0.023969  0.018688  0.000924
2  0.025399  -0.000150  0.000645
3  0.039317  0.019614  0.001931
4  0.040048  -0.023373  0.002150
5  0.053145  -0.004053  0.002841
6  0.025206  -0.043165  0.002499
7  0.003916  0.005405  0.000045
8  0.038540  -0.008188  0.001552
9  -0.039646  -0.001584  0.001574
10  0.005772  0.012353  0.000186
11  0.036225  0.023185  0.001850
12  0.005460  0.011008  0.000151
13  0.057733  -0.005017  0.003358
14  0.040154  0.003857  0.001627
15  0.018989  -0.002797  0.000368
16  0.020676  0.009387  0.000516
17  0.003326  -0.040514  0.001652
18  0.020670  -0.042751  0.002255
19  -0.011995  -0.010227  0.000248
20  0.020006  -0.045265  0.002449
21  -0.015732  -0.025477  0.000897
22  -0.019319  -0.028026  0.001159
23  0.013429  -0.042960  0.002026
24  0.050556  0.006240  0.002595
25  -0.001867  -0.016820  0.000286
26  0.005309  -0.016614  0.000304
27  0.027704  -0.002952  0.000776
28  0.029013  0.052605  0.003609
29  0.034449  0.009229  0.001272
30  0.006707  -0.019871  0.000440
31  0.035644  0.006821  0.001317
32  0.012834  -0.028552  0.000980
33  0.010692  0.006031  0.000151
34  0.001825  0.028340  0.000806
35  -0.011579  0.053493  0.002996
36  0.006556  0.010085  0.000145
37  0.003626  0.003911  0.000028
38  0.041640  0.005526  0.001764
39  0.028109  -0.001364  0.000792
40  -0.017101  0.022309  0.000790
41  0.012803  -0.018894  0.000521
42  0.027473  -0.017864  0.001074
43  0.025161  -0.015472  0.000872
44  0.007256  0.031625  0.001053
45  0.030174  0.003922  0.000926
46  -0.025649  -0.002750  0.000665
47  0.013846  -0.008628  0.000266
48  -0.053337  0.001853  0.002848
49  0.022782  -0.021004  0.000960
50  0.024171  -0.042675  0.002405
51  -0.008016  0.001805  0.000068
52  0.011285  0.000037  0.000127
53  -0.012280  0.031257  0.001128
54  0.002098  0.021633  0.000472
55  0.043504  -0.016692  0.002171
56  -0.017098  0.002389  0.000298
57  0.011464  -0.017864  0.000451
58  0.018051  -0.008821  0.000404
59  0.021978  -0.007818  0.000544
60  0.006447  -0.026123  0.000724
61  0.015668  0.039774  0.001827
62  0.012751  0.026415  0.000860
63  0.003491  0.020088  0.000416
64  0.022458  0.005597  0.000536
65  0.017686  -0.022044  0.000799
66  0.021290  -0.025811  0.001119
67  0.017139  -0.030887  0.001248
68  0.021470  -0.025416  0.001107
69  0.020100  -0.014516  0.000615
70  0.010382  -0.025700  0.000768
71  -0.031301  -0.004504  0.001000
72  0.015762  0.003613  0.000261
73  0.003524  0.000827  0.000013
74  0.044276  0.010132  0.002063
75  0.002139  -0.006382  0.000045
76  0.013867  0.020857  0.000627
77  -0.005639  -0.000701  0.000032
78  0.016893  -0.018238  0.000618
79  -0.015160  -0.005570  0.000261
80  0.005031  -0.033660  0.001158
81  0.001851  0.050216  0.002525
82  -0.009815  -0.010171  0.000200
83  0.005458  -0.012722  0.000192
84  0.004278  -0.022016  0.000503
85  -0.008580  -0.015410  0.000311
86  -0.014143  -0.006492  0.000242
87  0.010333  -0.020187  0.000514
88  0.011050  -0.013804  0.000313
89  0.022206  -0.008022  0.000557
90  0.007458  -0.001182  0.000057
91  0.009724  -0.022103  0.000583
92  0.026513  0.007296  0.000756
93  -0.000917  -0.021985  0.000484
94  0.040378  -0.027630  0.002394
95  -0.011009  0.010578  0.000233
96  0.026360  0.020391  0.001111
97  0.043444  -0.002680  0.001895
98  0.029653  0.029948  0.001776
99  0.027196  -0.015171  0.000970
100  -0.003837  0.007689  0.000074
101  0.046962  -0.016628  0.002482
102  -0.016893  -0.028571  0.001102
103  -0.011156  0.007828  0.000186
104  0.023818  -0.019283  0.000939
105  -0.000149  -0.010738  0.000115
106  -0.005592  -0.006000  0.000067
107  0.016743  -0.032907  0.001363
108  0.018134  -0.017410  0.000632
109  0.008086  0.000311  0.000065
110  0.008288  -0.021623  0.000536
111  -0.012140  -0.013713  0.000335
112  -0.025886  0.009189  0.000755
113  0.018802  -0.016847  0.000637
114  0.008530  -0.015588  0.000316
115  -0.000560  0.011900  0.000142
116  0.026470  -0.015363  0.000937
117  -0.010965  0.001629  0.000123
118  0.031216  0.045810  0.003073
119  0.044437  -0.016302  0.002240
120  -0.011592  -0.002688  0.000142
121  0.002031  -0.017048  0.000295
122  0.006375  -0.017778  0.000357
123  0.034444  0.005110  0.001212
124  0.012794  -0.019831  0.000557
125  0.040596  -0.010031  0.001749
126  0.017526  0.022764  0.000825
127  0.004394  0.023749  0.000583
128  -0.022282  -0.014474  0.000706
129  0.008739  -0.030480  0.001005
130  0.015248  0.001519  0.000235
131  0.037830  -0.007410  0.001486
132  0.005497  -0.023108  0.000564
133  0.029343  0.014381  0.001068
134  -0.016271  -0.009484  0.000355
135  0.023852  -0.009931  0.000668
136  0.027286  -0.021478  0.001206
137  0.001617  -0.031949  0.001023
138  -0.022185  0.010080  0.000594
139  0.017135  -0.046193  0.002427
140  0.023327  -0.011723  0.000682
141  0.037793  -0.009087  0.001511
142  0.023278  -0.013053  0.000712
143  -0.021640  0.010616  0.000581
144  0.012210  0.008646  0.000224
145  0.009646  0.005373  0.000122
146  0.035999  -0.007008  0.001345
147  0.002629  0.022202  0.000500
148  0.024930  -0.009069  0.000704
149  0.005634  -0.010220  0.000136
150  0.012360  0.015862  0.000404
151  0.015861  0.003687  0.000265
152  0.006645  -0.007133  0.000095
153  0.031284  -0.011373  0.001108
154  -0.004847  0.005601  0.000055
155  -0.001078  -0.024363  0.000595
156  -0.006029  0.000885  0.000037
157  0.024309  -0.002082  0.000595
158  -0.000921  0.014748  0.000218
159  0.023805  -0.004194  0.000584
160  -0.004893  0.003483  0.000036
161  -0.009487  -0.006289  0.000130
162  -0.014262  0.003334  0.000215
163  0.027869  0.000939  0.000778
164  0.022163  -0.005187  0.000518
165  0.002862  -0.030806  0.000957
166  -0.007099  -0.017995  0.000374
167  0.013085  -0.028683  0.000994
168  0.004661  0.006240  0.000061
169  0.007161  -0.003054  0.000061
170  0.000910  0.006378  0.000042
171  0.038787  0.015120  0.001733
172  0.028256  0.004270  0.000817
173  -0.005787  0.003076  0.000043
174  0.017476  -0.011716  0.000443
175  -0.002642  -0.006157  0.000045
176  0.047919  -0.022845  0.002818
177  0.032292  -0.009999  0.001143
178  0.026841  -0.003210  0.000731
179  -0.000939  -0.017434  0.000305
180  -0.016157  -0.013183  0.000435
181  0.042412  -0.001696  0.001802
182  0.002125  -0.002872  0.000013
183  0.012122  -0.020501  0.000567
184  -0.010493  0.000472  0.000110
185  -0.012117  -0.008174  0.000214
186  0.051570  -0.042608  0.004475
187  0.034597  -0.019571  0.001580
188  0.010659  -0.028474  0.000924
189  -0.006055  -0.032158  0.001071
190  0.021723  0.005998  0.000508
191  0.003322  -0.005522  0.000042
192  0.017510  0.003799  0.000321
193  0.013227  0.001062  0.000176
194  -0.030697  0.005866  0.000977
195  -0.027361  0.014279  0.000953
196  0.001985  0.008955  0.000084
197  0.012457  -0.033772  0.001296
198  0.033373  0.002245  0.001119
199  0.014839  0.014922  0.000443
200  0.004124  0.013777  0.000207
201  0.006389  0.000822  0.000041
202  0.037724  0.043707  0.003333
203  0.011024  0.015541  0.000363
204  0.015605  -0.000356  0.000244
205  0.036267  -0.003543  0.001328
206  -0.008886  -0.024030  0.000656
207  0.016254  -0.005314  0.000292
208  0.050176  0.001819  0.002521
209  0.034346  -0.021635  0.001648
210  0.008761  0.016795  0.000359
211  0.007199  -0.039532  0.001615
212  0.031754  0.015474  0.001248
213  0.010617  -0.011301  0.000240
214  0.017335  -0.006480  0.000342
215  0.001284  0.007457  0.000057
216  0.040541  0.005259  0.001671
217  0.012490  -0.018935  0.000515
218  -0.002124  0.014015  0.000201
219  0.029124  0.011326  0.000976
220  0.004853  0.011456  0.000155
221  -0.009381  0.009936  0.000187
222  0.012262  0.016462  0.000421
223  0.015393  -0.025610  0.000893
224  -0.000461  -0.003030  0.000009
225  -0.002400  0.015138  0.000235
226  -0.014159  -0.012015  0.000345
227  -0.017505  0.014651  0.000521
228  -0.003085  -0.000001  0.000010
229  0.024094  0.002296  0.000586
230  0.011960  0.006102  0.000180
231  0.035713  0.018803  0.001629
232  0.011012  0.005846  0.000155
233  0.035726  0.011544  0.001410
234  0.006056  -0.008275  0.000105
235  0.028756  -0.011298  0.000955
236  0.012044  0.003688  0.000159
237  0.005138  -0.005010  0.000051
238  0.021802  -0.018276  0.000809
239  0.018509  0.022430  0.000846
240  0.015091  -0.007206  0.000280
241  0.008828  0.020546  0.000500
242  -0.008452  0.002818  0.000079
243  -0.011174  0.013747  0.000314
244  -0.017092  0.011514  0.000425
245  -0.001801  0.021806  0.000479
246  0.005073  0.009370  0.000114
247  0.017959  -0.000780  0.000323
248  0.010178  -0.010713  0.000218
249  -0.013891  -0.022010  0.000677
250  0.032884  -0.016075  0.001340
251  0.017637  0.018458  0.000652
252  0.020993  -0.012479  0.000596
253  0.022162  -0.031158  0.001462
254  -0.005471  0.002420  0.000036
255  0.019949  0.014438  0.000606
256  -0.004509  0.017734  0.000335
257  0.013525  -0.020316  0.000596
258  0.003837  0.005712  0.000047
259  0.017022  -0.036281  0.001606
260  0.020200  -0.028983  0.001248
261  0.032802  -0.004938  0.001100
262  -0.000489  -0.010849  0.000118
263  -0.005558  -0.043908  0.001959
264  0.008671  -0.033391  0.001190
265  0.023080  0.013206  0.000707
266  0.011582  0.001278  0.000136
267  0.017360  0.006490  0.000343
268  0.017478  0.008520  0.000378
269  0.007366  0.007706  0.000114
270  -0.012736  -0.001203  0.000164
271  -0.008309  0.018281  0.000403
272  0.031796  -0.013067  0.001182
273  0.019317  0.015824  0.000624
274  -0.001884  -0.024253  0.000592
275  0.022069  -0.015995  0.000743
276  0.021796  -0.011960  0.000618
277  -0.015013  -0.009098  0.000308
278  0.012351  -0.002964  0.000161
279  -0.014101  0.006677  0.000243
280  0.016343  -0.011041  0.000389
281  0.033076  -0.019604  0.001478
282  0.011681  -0.016614  0.000412
283  0.003779  -0.001456  0.000016
284  -0.019020  0.036110  0.001666
285  -0.005238  -0.005917  0.000062
286  0.012208  -0.000035  0.000149
287  0.004126  0.003291  0.000028
288  0.014533  0.015449  0.000450
289  0.055714  0.006814  0.003150
290  -0.010336  -0.004775  0.000130
291  0.014074  -0.017140  0.000492
292  0.035210  0.006131  0.001277
293  0.013358  -0.004295  0.000197
294  0.007463  0.000646  0.000056
295  -0.017156  0.004439  0.000314
296  0.003693  -0.008500  0.000086
297  0.021833  -0.028303  0.001278
298  -0.001551  -0.016751  0.000283
299  0.010768  -0.002726  0.000123
300  0.001411  -0.000180  0.000002
301  0.039925  0.020097  0.001998
302  0.010942  -0.024472  0.000719
303  -0.001859  -0.016453  0.000274
304  -0.017357  -0.022922  0.000827
305  -0.010970  -0.029498  0.000990
306  0.005206  0.014018  0.000224
307  -0.008957  -0.022346  0.000580
308  -0.002973  -0.006273  0.000048
309  -0.026399  -0.015036  0.000923
310  -0.028590  -0.000836  0.000818
311  0.032908  0.019712  0.001471
312  0.000087  -0.013065  0.000171
313  0.010508  -0.006432  0.000152
314  -0.005213  -0.012666  0.000188
315  -0.016839  -0.017570  0.000592
316  0.018991  0.027854  0.001137
317  -0.016402  -0.006764  0.000315
318  0.016154  -0.017139  0.000555
319  0.006376  0.017020  0.000330
320  0.010389  -0.010420  0.000216
321  0.030775  0.003389  0.000959
322  -0.007444  -0.001824  0.000059
323  -0.018899  -0.030162  0.001267
324  -0.018283  -0.023327  0.000878
325  -0.006062  -0.003160  0.000047
326  -0.027992  -0.024681  0.001393
327  0.004435  -0.033717  0.001157
328  0.020243  -0.015128  0.000639
329  0.008512  -0.010812  0.000189
330  0.028510  0.014737  0.001030
331  0.017598  -0.004568  0.000331
332  0.006296  -0.012751  0.000202
333  -0.011924  0.023407  0.000690
334  0.021010  -0.025100  0.001071
335  -0.007070  -0.031799  0.001061
336  -0.014658  -0.040444  0.001851
337  -0.008595  -0.008564  0.000147
338  0.006203  0.007857  0.000100
339  0.035787  0.008179  0.001348
340  0.014648  -0.013759  0.000404
341  0.008856  -0.009476  0.000168
342  0.004535  -0.019314  0.000394
343  0.010760  -0.019667  0.000503
344  -0.010174  -0.022909  0.000628
345  0.023271  -0.005589  0.000573
346  0.000260  -0.028086  0.000789
347  -0.038372  -0.001715  0.001475
348  -0.012652  -0.000631  0.000160
349  0.025714  0.000644  0.000662
350  0.027074  0.000074  0.000733
351  0.010887  -0.022847  0.000641
352  0.050865  -0.003394  0.002599
353  0.016985  -0.006553  0.000331
354  0.012553  -0.027465  0.000912
355  0.001527  -0.002449  0.000008
356  0.015855  -0.023563  0.000807
357  -0.000645  -0.013294  0.000177
358  0.023096  -0.054510  0.003505
359  0.000364  -0.013057  0.000171
360  0.003652  -0.013442  0.000194
361  0.009031  -0.036935  0.001446
362  -0.002848  0.000682  0.000009
363  0.013303  -0.033661  0.001310
364  0.018320  0.026841  0.001056
365  0.011416  -0.018626  0.000477
366  0.004828  -0.007176  0.000075
367  -0.008381  -0.004936  0.000095
368  -0.008997  0.020208  0.000489
369  -0.009384  0.001198  0.000090
370  0.018367  -0.011984  0.000481
371  0.018492  -0.007988  0.000406
372  0.016686  -0.026397  0.000975
373  0.014037  -0.018461  0.000538
374  0.037865  -0.002954  0.001443
375  -0.014775  0.002967  0.000227
376  0.031106  -0.031759  0.001976
377  0.010222  -0.009990  0.000204
378  0.004959  -0.005877  0.000059
379  0.014110  0.019712  0.000588
380  0.000286  -0.021494  0.000462
381  0.019877  -0.011369  0.000524
382  0.000370  0.021092  0.000445
383  0.019284  -0.021704  0.000843
384  0.009588  -0.031387  0.001077
385  0.001824  -0.010775  0.000119
386  -0.025169  -0.006638  0.000678
387  0.003773  -0.031984  0.001037
388  0.003714  0.000682  0.000014
389  -0.004165  0.007646  0.000076
390  0.010374  -0.042533  0.001917
391  0.018165  -0.000140  0.000330
392  0.000660  -0.013519  0.000183
393  0.031169  0.001139  0.000973
394  -0.009273  -0.001555  0.000088
395  0.014085  -0.011752  0.000337
396  -0.014014  -0.051348  0.002833
397  -0.000044  -0.023491  0.000552
398  0.022773  -0.027082  0.001252
399  0.012307  -0.002460  0.000158
400  0.026607  0.005099  0.000734
401  -0.017159  -0.031949  0.001315
402  0.008018  -0.020258  0.000475
403  -0.013719  -0.010036  0.000289
404  0.003988  -0.007345  0.000070
405  -0.013588  0.006942  0.000233
406  0.005684  -0.004790  0.000055
407  -0.000100  0.000178  0.000000
408  -0.007662  -0.026979  0.000787
409  0.009641  0.010887  0.000211
410  -0.006868  0.001993  0.000051
411  -0.022517  0.018231  0.000839
412  0.038282  -0.010109  0.001568
413  0.034362  -0.000013  0.001181
414  0.003095  -0.035754  0.001288
415  0.006377  -0.026938  0.000766
416  0.003960  -0.002461  0.000022
417  0.001604  -0.010238  0.000107
418  -0.017593  0.026419  0.001007
419  0.003432  -0.029774  0.000898
420  -0.015204  -0.011885  0.000372
421  0.007672  -0.024433  0.000656
422  0.036747  0.000218  0.001350
423  0.001798  -0.027353  0.000751
424  0.011171  0.001422  0.000127
425  -0.001812  -0.032709  0.001073
426  -0.004056  -0.019451  0.000395
427  0.042790  -0.013339  0.002009
428  -0.003805  -0.008848  0.000093
429  0.014661  0.009341  0.000302
430  0.013050  -0.016957  0.000458
431  0.014339  -0.024036  0.000783
432  -0.001011  0.000351  0.000001
433  0.002211  0.023014  0.000535
434  0.004109  -0.016974  0.000305
435  0.024029  0.009359  0.000665
436  0.017751  -0.001080  0.000316
437  0.003776  0.009439  0.000103
438  -0.011976  -0.014695  0.000359
439  0.003170  -0.016240  0.000274
440  0.011951  0.019557  0.000525
441  0.019836  -0.010491  0.000504
442  -0.005702  -0.027202  0.000772
443  0.016085  0.010325  0.000365
444  0.030795  -0.002145  0.000953
445  -0.010743  -0.005944  0.000151
446  0.017766  -0.006260  0.000355
447  -0.003146  0.008685  0.000085
448  -0.006107  -0.014279  0.000241
449  -0.001207  -0.017825  0.000319
450  -0.005148  -0.003176  0.000037
451  -0.005685  -0.018357  0.000369
452  0.009006  -0.009389  0.000169
453  0.023627  0.000344  0.000558
454  0.020011  -0.016124  0.000660
455  -0.038858  -0.014218  0.001712
456  0.015696  0.007001  0.000295
457  -0.005839  -0.002378  0.000040
458  -0.019236  -0.001812  0.000373
459  0.012253  -0.018489  0.000492
460  -0.015972  0.024299  0.000846
461  0.020459  -0.008088  0.000484
462  0.020617  0.000726  0.000426
463  0.002755  0.023199  0.000546
464  0.022276  0.007835  0.000558
465  0.002340  -0.044089  0.001949
466  0.020150  -0.003803  0.000420
467  -0.001741  -0.002596  0.000010
468  -0.023403  0.012922  0.000715
469  0.013175  -0.000378  0.000174
470  -0.007862  -0.036992  0.001430
471  -0.008983  -0.021352  0.000537
472  0.040064  -0.010038  0.001706
473  -0.005522  0.008678  0.000106
474  -0.008464  0.005983  0.000107
475  0.016216  -0.026633  0.000972
476  -0.003545  -0.006419  0.000054
477  -0.003527  0.002884  0.000021
478  0.015910  -0.012142  0.000401
479  0.022770  0.005434  0.000548
480  0.008414  0.000942  0.000072
481  0.005601  -0.023269  0.000573
482  0.011214  -0.012480  0.000282
483  -0.014864  0.004589  0.000242
484  -0.001500  -0.020937  0.000441
485  -0.002117  0.003726  0.000018
486  0.012436  -0.024115  0.000736
487  0.012947  0.018168  0.000498
488  0.007358  0.029238  0.000909
489  0.034493  -0.025110  0.001820
490  0.020184  -0.021538  0.000871
491  -0.026375  0.015426  0.000934
492  0.001739  0.004438  0.000023
493  0.015904  0.000892  0.000254
494  0.003096  0.010491  0.000120
495  0.013837  -0.003831  0.000206
496  0.004801  0.006425  0.000064
497  0.014595  -0.025835  0.000880
498  0.003669  0.005315  0.000042
499  0.030729  0.018258  0.001278
500  0.003339  0.009547  0.000102
501  0.000122  0.011837  0.000140
502  -0.011584  0.003727  0.000148
503  -0.009001  -0.015931  0.000335
504  -0.006908  0.013773  0.000237
505  0.010791  -0.034729  0.001323
506  -0.016744  0.016159  0.000541
507  0.000197  0.009603  0.000092
508  0.007985  -0.001607  0.000066
509  -0.023839  -0.002382  0.000574
510  0.026276  0.003839  0.000705
511  0.019620  -0.007506  0.000441
512  0.006145  -0.010469  0.000147
513  -0.005475  0.011996  0.000174
514  0.003116  -0.008906  0.000089
515  0.023211  0.017293  0.000838
516  0.019920  0.022610  0.000908
517  -0.004512  0.005775  0.000054
518  0.017012  0.006263  0.000329
519  0.002616  -0.006809  0.000053
520  -0.008411  -0.003728  0.000085
521  -0.025427  -0.051502  0.003299
522  -0.013719  -0.027458  0.000942
523  -0.015243  -0.007239  0.000285
524  -0.010259  -0.012577  0.000263
525  0.018488  0.002163  0.000346
526  -0.015116  0.008806  0.000306
527  0.001753  -0.018966  0.000363
528  0.036016  0.005452  0.001327
529  0.015222  -0.011937  0.000374
530  0.005898  0.013839  0.000226
531  -0.003708  0.005700  0.000046
532  0.004134  0.019366  0.000392
533  -0.000415  -0.001739  0.000003
534  0.007610  -0.033807  0.001201
535  -0.003363  -0.010362  0.000119
536  0.009192  -0.016946  0.000372
537  0.001347  -0.018267  0.000336
538  0.000307  0.005824  0.000034
539  0.011808  -0.027629  0.000903
540  0.019829  -0.011470  0.000525
541  0.000627  -0.025563  0.000654
542  -0.004317  0.000909  0.000019
543  0.007787  0.001984  0.000065
544  -0.008621  -0.010350  0.000181
545  -0.008103  -0.030324  0.000985
546  -0.011526  0.004576  0.000154
547  -0.011236  0.039297  0.001671
548  -0.025454  -0.022058  0.001134
549  0.032008  -0.006068  0.001061
550  0.007004  -0.006505  0.000091
551  -0.012449  -0.036484  0.001486
552  -0.004685  -0.007908  0.000084
553  0.017630  0.001862  0.000314
554  0.022998  0.001818  0.000532
555  -0.003283  0.004740  0.000033
556  -0.002485  0.005709  0.000039
557  0.013801  -0.033942  0.001342
558  0.008942  0.004699  0.000102
559  0.048375  -0.032566  0.003401
560  -0.004085  0.012223  0.000166
561  0.026578  0.019504  0.001087
562  0.004105  -0.004602  0.000038
563  -0.012233  -0.009780  0.000245
564  0.032290  -0.009960  0.001142
565  0.009966  0.026001  0.000775
566  0.014365  0.006385  0.000247
567  0.028935  -0.022924  0.001363
568  -0.001176  -0.004412  0.000021
569  0.035469  0.026498  0.001960
570  0.005348  0.009557  0.000120
571  0.013588  -0.015912  0.000438
572  -0.008249  -0.027355  0.000816
573  -0.009974  0.010000  0.000199
574  0.025068  0.002791  0.000636
575  0.001528  -0.007913  0.000065
576  -0.010999  0.004265  0.000139
577  0.021608  -0.015518  0.000708
578  -0.009590  -0.015291  0.000326
579  -0.004770  0.013043  0.000193
580  0.013870  -0.007803  0.000253
581  -0.001214  -0.018334  0.000338
582  -0.018711  0.007199  0.000402
583  -0.022112  0.000874  0.000490
584  0.002577  -0.018859  0.000362
585  -0.008668  -0.001231  0.000077
586  -0.018749  -0.006453  0.000393
587  0.026910  -0.023218  0.001263
588  -0.025386  0.002180  0.000649
589  0.002158  0.013516  0.000187
590  0.016713  -0.010612  0.000392
591  -0.006384  -0.000687  0.000041
592  0.013435  0.008036  0.000245
593  0.005347  -0.030001  0.000929
594  -0.010358  0.008391  0.000178
595  -0.015482  -0.010155  0.000343
596  -0.022619  -0.025127  0.001143
597  0.015937  -0.016870  0.000539
598  0.024837  0.009582  0.000709
599  -0.001716  0.003588  0.000016
600  -0.014192  -0.024226  0.000788
601  0.020832  0.020334  0.000847
602  0.034803  -0.037113  0.002589
603  0.009775  -0.012174  0.000244
604  -0.043363  0.014859  0.002101
605  -0.026889  0.010228  0.000828
606  0.009881  -0.036938  0.001462
607  0.012787  -0.002674  0.000171
608  0.012594  -0.001184  0.000160
609  0.004321  0.001011  0.000020
610  0.011770  -0.005986  0.000174
611  0.001470  -0.012359  0.000155
612  -0.012746  0.017428  0.000466
613  -0.026453  0.013420  0.000880
614  -0.016653  -0.013052  0.000448
615  0.002505  -0.023112  0.000540
616  0.014087  -0.013437  0.000379
617  0.012373  0.028708  0.000977
618  -0.016114  0.012894  0.000426
619  0.012958  -0.034335  0.001347
620  0.019662  -0.003150  0.000397
621  -0.001716  -0.009761  0.000098
622  -0.002130  0.001758  0.000008
623  -0.012805  -0.050857  0.002750
624  -0.016495  -0.019112  0.000637
625  -0.009776  -0.000919  0.000096
626  0.013825  -0.007860  0.000253
627  0.010939  -0.006574  0.000163
628  0.032785  -0.026338  0.001769
629  -0.011993  -0.045622  0.002225
630  0.002856  -0.005215  0.000035
631  -0.015671  0.012485  0.000401
632  0.006558  -0.024532  0.000645
633  -0.018867  0.024607  0.000961
634  0.006621  -0.009914  0.000142
635  0.006222  -0.007490  0.000095
636  0.015221  -0.011775  0.000370
637  0.020163  -0.026234  0.001095
638  0.012902  -0.021610  0.000633
639  0.014720  -0.002717  0.000224
640  -0.025072  -0.041484  0.002350
641  0.011441  -0.014511  0.000341
642  0.000092  -0.016777  0.000281
643  -0.001655  -0.010702  0.000117
644  0.008372  0.002084  0.000074
645  0.000666  -0.023744  0.000564
646  -0.030078  -0.021713  0.001376
647  0.008799  -0.019009  0.000439
648  0.030669  -0.011031  0.001062
649  0.012912  0.004545  0.000187
650  -0.049145  -0.015073  0.002642
651  -0.036233  -0.008166  0.001379
652  -0.017552  0.000734  0.000309
653  0.016978  -0.006202  0.000327
654  -0.014071  -0.045872  0.002302
655  0.009562  -0.026358  0.000786
656  0.011449  -0.014510  0.000342
657  0.024074  -0.019934  0.000977
658  0.002020  0.002389  0.000010
659  -0.009624  0.033806  0.001235
660  -0.015524  0.002562  0.000248
661  0.002698  -0.006415  0.000048
662  -0.004744  0.016384  0.000291
663  0.009931  -0.001185  0.000100
664  -0.012321  -0.010008  0.000252
665  -0.001231  -0.048490  0.002353
666  0.012777  0.017849  0.000482
667  0.034994  0.012279  0.001375
668  -0.019184  0.038211  0.001828
669  0.019277  0.007808  0.000433
670  0.005122  -0.015403  0.000263
671  0.037131  -0.029031  0.002222
672  0.013890  -0.017861  0.000512
673  0.025335  -0.019853  0.001036
674  0.017753  -0.003696  0.000329
675  -0.013636  -0.016418  0.000455
676  0.000829  -0.008338  0.000070
677  0.005376  -0.010637  0.000142
678  0.030368  -0.006899  0.000970
679  0.006085  -0.003260  0.000048
680  -0.031846  -0.018189  0.001345
681  0.025870  -0.028753  0.001496
682  0.009787  0.003374  0.000107
683  0.000316  0.008293  0.000069
684  0.018299  -0.010944  0.000455
685  0.013148  0.008554  0.000246
686  0.010906  -0.038932  0.001635
687  0.032527  0.022337  0.001557
688  0.000513  -0.042464  0.001803
689  0.004250  -0.008477  0.000090
690  0.010737  -0.020647  0.000542
691  -0.010692  -0.016929  0.000401
692  -0.000997  -0.020863  0.000436
693  -0.027370  -0.021476  0.001210
694  -0.022843  -0.003238  0.000532
695  0.009639  0.003485  0.000105
696  -0.003595  0.002104  0.000017
697  0.034234  -0.042163  0.002950
698  -0.028030  0.006279  0.000825
699  0.000163  -0.015194  0.000231
700  0.019680  -0.028375  0.001192
701  0.018053  -0.024688  0.000935
702  0.017498  -0.015353  0.000542
703  0.001706  -0.011812  0.000142
704  0.000306  -0.000380  0.000000
705  0.047307  -0.017155  0.002532
706  -0.042850  -0.013211  0.002011
707  0.006768  0.011259  0.000173
708  0.005500  -0.023510  0.000583
709  -0.004063  -0.025078  0.000645
710  0.018420  -0.019221  0.000709
711  -0.013471  -0.004198  0.000199
712  0.020286  -0.010319  0.000518
713  0.005053  -0.023857  0.000595
714  0.012781  -0.006140  0.000201
715  0.025089  -0.035141  0.001864
716  0.026768  -0.012568  0.000874
717  -0.032204  -0.004195  0.001055
718  -0.022503  0.004541  0.000527
719  0.013168  -0.015504  0.000414
720  0.009007  -0.033702  0.001217
721  0.007342  -0.001136  0.000055
722  -0.006051  -0.019197  0.000405
723  0.018692  -0.018636  0.000697
724  -0.004962  -0.017175  0.000320
725  0.037011  -0.021086  0.001814
726  0.015446  -0.017762  0.000554
727  0.002849  -0.011914  0.000150
728  0.006335  -0.002571  0.000047
729  -0.015810  -0.032142  0.001283
730  0.018167  -0.006271  0.000369
731  -0.000391  -0.008527  0.000073
732  0.031408  -0.017848  0.001305
733  0.003710  0.006318  0.000054
734  -0.012259  0.010290  0.000256
735  -0.019111  -0.007871  0.000427
736  -0.017109  0.019276  0.000664
737  0.021664  -0.008759  0.000546
738  -0.028334  -0.013820  0.000994
739  0.007923  -0.006205  0.000101
740  0.039035  -0.020753  0.001954
741  -0.013151  0.033362  0.001286
742  0.016312  -0.014036  0.000463
743  -0.005043  -0.033495  0.001147
744  -0.013746  -0.006883  0.000236
745  0.014931  -0.016713  0.000502
746  0.000896  -0.020146  0.000407
747  -0.037960  -0.013038  0.001611
748  -0.009206  -0.016157  0.000346
749  -0.033226  -0.038999  0.002625
750  0.047438  0.001798  0.002254
751  0.030061  -0.010262  0.001009
752  -0.000053  -0.004033  0.000016
753  -0.003454  -0.002417  0.000018
754  0.021649  -0.022564  0.000978
755  0.022568  -0.006312  0.000549
756  -0.002889  0.005392  0.000037
757  -0.017525  0.030528  0.001239
758  -0.012993  0.004740  0.000191
759  0.013736  0.019604  0.000573
760  0.010843  -0.022712  0.000633
761  -0.019252  -0.022256  0.000866
762  -0.012819  -0.014673  0.000380
763  -0.002083  -0.006301  0.000044
764  -0.006805  -0.001712  0.000049
765  -0.026105  -0.005166  0.000708
766  -0.002705  -0.012209  0.000156
767  0.015567  -0.014299  0.000447
768  0.005294  -0.029095  0.000875
769  -0.006491  0.009929  0.000141
770  0.050446  -0.015941  0.002799
771  0.027641  0.026549  0.001469
772  -0.004593  -0.008498  0.000093
773  -0.007891  -0.021239  0.000513
774  0.006197  0.003802  0.000053
775  -0.028515  0.002762  0.000821
776  0.007357  -0.018262  0.000388
777  0.013737  0.009180  0.000273
778  -0.009991  0.010758  0.000216
779  -0.000025  0.001171  0.000001
780  0.007487  -0.000578  0.000056
781  -0.010626  -0.016167  0.000374
782  -0.001381  -0.008298  0.000071
783  0.002035  -0.004078  0.000021
784  0.019638  0.021014  0.000827
785  0.025764  -0.015691  0.000910
786  -0.001747  0.000903  0.000004
787  0.021915  0.022426  0.000983
788  -0.008583  -0.010731  0.000189
789  0.001183  -0.009965  0.000101
790  0.006642  -0.003657  0.000057
791  0.008389  -0.033370  0.001184
792  -0.013542  -0.016416  0.000453
793  0.011914  -0.050148  0.002657
794  -0.017858  -0.008490  0.000391
795  -0.017159  -0.029276  0.001152
796  -0.011733  -0.029095  0.000984
797  -0.001569  -0.020168  0.000409
798  0.012173  0.010402  0.000256
799  -0.021282  -0.039802  0.002037
800  0.053745  -0.012957  0.003056
801  -0.015919  -0.010088  0.000355
802  0.000015  -0.000485  0.000000
803  -0.021875  -0.004647  0.000500
804  0.029463  -0.000155  0.000868
805  0.010962  -0.004614  0.000141
806  -0.000166  0.003388  0.000012
807  0.003296  -0.010455  0.000120
808  -0.007263  -0.003380  0.000064
809  -0.002692  -0.018282  0.000341
810  -0.006606  0.001199  0.000045
811  -0.008031  -0.002410  0.000070
812  -0.005840  0.021383  0.000491
813  0.006999  -0.044138  0.001997
814  -0.012750  0.005821  0.000196
815  0.010559  -0.026945  0.000838
816  0.012942  -0.006348  0.000208
817  -0.019462  -0.008106  0.000444
818  0.010037  0.027326  0.000847
819  -0.016605  -0.034199  0.001445
820  -0.001288  -0.000736  0.000002
821  -0.006884  -0.033952  0.001200
822  -0.002568  -0.009901  0.000105
823  -0.003298  -0.034659  0.001212
824  0.003565  0.015607  0.000256
825  -0.025413  -0.007964  0.000709
826  -0.024819  -0.043127  0.002476
827  -0.014815  -0.015541  0.000461
828  -0.036455  -0.005165  0.001356
829  0.009958  -0.003048  0.000108
830  -0.003339  0.005945  0.000046
831  0.021055  0.008439  0.000515
832  -0.024554  0.000626  0.000603
833  -0.009661  0.005484  0.000123
834  -0.015614  -0.022586  0.000754
835  -0.008403  0.004104  0.000087
836  0.005896  0.003931  0.000050
837  0.023498  -0.015363  0.000788
838  0.019537  -0.014567  0.000594
839  -0.013638  0.035261  0.001429
840  -0.001687  -0.015645  0.000248
841  0.007992  0.004111  0.000081
842  0.036803  -0.010191  0.001458
843  -0.020020  -0.036106  0.001704
844  -0.030355  -0.027931  0.001702
845  0.016578  -0.035397  0.001528
846  -0.006579  -0.018111  0.000371
847  0.001415  -0.022913  0.000527
848  -0.003733  -0.003815  0.000028
849  0.022981  0.002052  0.000532
850  0.016887  -0.010177  0.000389
851  -0.000851  0.008751  0.000077
852  0.007861  -0.021990  0.000545
853  -0.010481  -0.043592  0.002010
854  0.003678  -0.010967  0.000134
855  -0.003777  0.018079  0.000341
856  -0.004120  -0.008426  0.000088
857  -0.020592  -0.013051  0.000594
858  0.011042  -0.010224  0.000226
859  0.004915  0.016345  0.000291
860  -0.025383  -0.012131  0.000791
861  0.016044  -0.005934  0.000293
862  -0.027096  -0.035383  0.001986
863  -0.004979  -0.009570  0.000116
864  0.007775  0.010437  0.000169
865  0.004719  -0.008110  0.000088
866  0.001189  -0.011102  0.000125
867  0.031112  -0.039318  0.002514
868  -0.022780  -0.051234  0.003144
869  -0.013692  -0.033705  0.001323
870  -0.028732  -0.002538  0.000832
871  0.002048  -0.012600  0.000163
872  0.003659  -0.003855  0.000028
873  -0.015050  -0.014013  0.000423
874  -0.019520  0.002028  0.000385
875  0.024101  -0.014230  0.000783
876  0.017738  -0.015964  0.000569
877  0.052820  0.007258  0.002843
878  -0.001055  -0.020735  0.000431
879  0.016624  -0.038724  0.001776
880  -0.022148  -0.013660  0.000677
881  0.008467  0.024956  0.000694
882  -0.007749  -0.015390  0.000297
883  0.037849  -0.019147  0.001799
884  0.012719  -0.015890  0.000414
885  -0.004013  0.021635  0.000484
886  0.016535  -0.005297  0.000301
887  -0.021471  0.010634  0.000574
888  -0.024449  -0.030747  0.001543
889  -0.015404  -0.028444  0.001046
890  -0.022608  -0.022427  0.001014
891  0.012733  -0.036519  0.001496
892  -0.011829  -0.008410  0.000211
893  -0.018762  0.021163  0.000800
894  -0.009366  -0.006858  0.000135
895  0.006440  -0.001477  0.000044
896  -0.027016  0.006122  0.000767
897  0.005608  0.035141  0.001266
898  0.001988  -0.030979  0.000964
899  -0.023210  -0.019938  0.000936
900  0.005072  0.014397  0.000233
901  0.012024  -0.059819  0.003723
902  0.008334  -0.012710  0.000231
903  -0.006341  -0.002283  0.000045
904  0.002144  -0.002188  0.000009
905  0.024915  -0.026204  0.001307
906  -0.024775  0.012724  0.000776
907  0.019129  0.001545  0.000368
908  0.012328  -0.005211  0.000179
909  -0.017821  0.013596  0.000502
910  0.010886  -0.025336  0.000760
911  -0.001875  -0.049918  0.002495
912  -0.004451  -0.010547  0.000131
913  0.033732  -0.025840  0.001806
914  -0.039768  -0.027653  0.002346
915  0.013143  -0.006512  0.000215
916  -0.037030  -0.049477  0.003819
917  0.005336  -0.011422  0.000159
918  -0.002705  -0.019222  0.000377
919  0.022267  0.003121  0.000506
920  0.006686  -0.026206  0.000731
921  0.039561  0.027829  0.002340
922  0.037346  -0.010084  0.001496
923  0.034002  -0.024307  0.001747
924  0.011840  0.001440  0.000142
925  -0.016485  -0.028198  0.001067
926  0.031672  0.017361  0.001305
927  0.010828  -0.029938  0.001014
928  -0.010368  0.021933  0.000589
929  -0.022609  0.005434  0.000541
930  -0.013681  -0.002625  0.000194
931  0.001789  -0.022899  0.000528
932  -0.015667  0.009664  0.000339
933  -0.022491  -0.032095  0.001536
934  0.011706  -0.054215  0.003076
935  -0.008390  -0.026141  0.000754
936  0.004955  0.009040  0.000106
937  0.010070  -0.018166  0.000431
938  -0.038080  0.017130  0.001744
939  -0.031766  -0.031476  0.002000
940  -0.001620  -0.014141  0.000203
941  0.035539  0.014522  0.001474
942  0.017520  -0.020214  0.000716
943  -0.020087  -0.014134  0.000603
944  0.000742  -0.005226  0.000028
945  0.005799  0.008033  0.000098
946  -0.053544  0.015783  0.003116
947  -0.001304  -0.006287  0.000041
948  0.018532  0.016335  0.000610
949  -0.024470  -0.014926  0.000822
950  -0.041764  -0.029772  0.002631
951  -0.009181  -0.002271  0.000089
952  -0.017788  -0.002797  0.000324
953  -0.019306  -0.021079  0.000817
954  0.048122  -0.022828  0.002837
955  0.004530  -0.041193  0.001717
956  -0.036555  0.001567  0.001339
957  -0.012277  -0.038461  0.001630
958  -0.052404  -0.019275  0.003118
959  0.016251  0.016005  0.000520
960  -0.027626  -0.010814  0.000880
961  -0.010853  0.002474  0.000124
962  -0.032162  -0.020706  0.001463
963  -0.021269  -0.001089  0.000454
964  -0.041460  -0.023703  0.002281
965  0.009640  -0.036821  0.001449
966  -0.043141  -0.012643  0.002021
967  -0.004148  -0.012213  0.000166
968  -0.049044  -0.022787  0.002925
969  -0.036324  -0.010327  0.001426
970  -0.016035  0.016610  0.000533
971  0.023356  0.023801  0.001112
972  0.012505  0.004303  0.000175
973  -0.009180  0.007093  0.000135
974  0.003934  -0.041224  0.001715
975  -0.056867  -0.003819  0.003248
976  -0.010680  -0.028432  0.000922
977  -0.020542  -0.028719  0.001247
978  0.000075  -0.004792  0.000023
979  -0.004581  -0.002736  0.000028
980  -0.017691  0.013411  0.000493
981  0.014312  0.005150  0.000231
982  0.005399  0.041561  0.001756
983  -0.011700  -0.030080  0.001042
984  -0.007784  0.019039  0.000423
985  -0.004052  -0.013575  0.000201
986  0.011895  -0.018756  0.000493
987  -0.021207  0.014516  0.000660
988  0.003057  0.004492  0.000030
989  0.022481  0.020184  0.000913
990  0.008193  0.021114  0.000513
991  -0.030142  0.028652  0.001729
992  -0.000767  0.006191  0.000039
993  0.004567  -0.034929  0.001241
994  0.021999  -0.021663  0.000953
995  0.035264  0.004241  0.001262
996  0.010155  0.007651  0.000162
997  0.025744  -0.020033  0.001064
998  0.015443  -0.036997  0.001607
999  -0.025716  0.005992  0.000697
1000  -0.021746  -0.002003  0.000477
1001  -0.030851  -0.016231  0.001215
1002  -0.001329  -0.009721  0.000096
1003  -0.001175  -0.064712  0.004189
1004  -0.032271  -0.006185  0.001080
1005  0.048538  -0.019453  0.002734
1006  0.006514  -0.001712  0.000045
1007  0.031081  0.002768  0.000974
1008  -0.016326  -0.014763  0.000484
1009  -0.001996  0.004828  0.000027
1010  0.014949  0.001342  0.000225
1011  0.036908  0.010608  0.001475
1012  0.013886  -0.018895  0.000550
1013  0.021570  -0.003495  0.000477
1014  -0.032910  0.004667  0.001105
1015  0.021317  0.013698  0.000642
1016  -0.028129  -0.032969  0.001878
1017  -0.008586  0.011418  0.000204
1018  0.023288  -0.019746  0.000932
1019  -0.029047  -0.035373  0.002095
1020  0.012561  -0.017024  0.000448
1021  -0.018169  0.009808  0.000426
1022  0.044630  -0.044064  0.003933
1023  -0.028446  -0.025921  0.001481
1024  -0.004625  -0.015467  0.000261
1025  0.039599  -0.013546  0.001752
1026  -0.046979  -0.016361  0.002475
1027  -0.019088  0.024182  0.000949
1028  0.013801  -0.038708  0.001689
1029  0.003642  -0.019376  0.000389
1030  0.025978  -0.025056  0.001303
1031  -0.036287  -0.076585  0.007182
1032  0.013110  0.006031  0.000208
1033  -0.010866  -0.052882  0.002915
1034  0.038547  -0.032306  0.002530
1035  -0.015255  0.000319  0.000233
1036  0.019795  0.004682  0.000414
1037  0.008375  -0.013212  0.000245
1038  -0.017631  0.013739  0.000500
1039  -0.020815  -0.026475  0.001134
1040  -0.006665  -0.025853  0.000713
1041  -0.055299  -0.027684  0.003824
1042  0.010650  0.007462  0.000169
1043  -0.000407  0.008807  0.000078
1044  -0.014944  0.009414  0.000312
1045  -0.000368  0.010823  0.000117
1046  -0.012627  0.051467  0.002808
1047  0.035793  -0.009569  0.001373
1048  0.017930  -0.011436  0.000452
1049  0.013968  -0.009834  0.000292
1050  -0.018505  -0.034323  0.001521
1051  0.003915  0.010407  0.000124
1052  0.036522  -0.021728  0.001806
1053  0.002568  0.031799  0.001018
1054  -0.012558  -0.023958  0.000732
1055  -0.023206  -0.015559  0.000781
1056  0.055199  -0.007087  0.003097
1057  -0.007445  0.000736  0.000056
1058  -0.002623  -0.009808  0.000103
1059  -0.030383  -0.027939  0.001704
1060  0.001159  -0.004187  0.000019
1061  -0.015822  -0.017356  0.000552
1062  -0.027511  -0.019909  0.001153
1063  -0.006072  -0.023726  0.000600
1064  -0.028379  -0.028961  0.001644
1065  -0.002588  -0.019065  0.000370
1066  0.012269  -0.038758  0.001653
1067  -0.005225  -0.006914  0.000075
1068  -0.027841  -0.046661  0.002952
1069  -0.059973  -0.017378  0.003899
1070  0.019774  -0.007096  0.000441
1071  0.019387  -0.024970  0.000999
1072  -0.012759  -0.023827  0.000731
1073  -0.016418  0.012540  0.000427
1074  0.002499  -0.016481  0.000278
1075  0.036441  0.002115  0.001332
1076  -0.011137  0.031511  0.001117
1077  -0.002286  -0.029538  0.000878
1078  -0.010166  0.038598  0.001593
1079  0.024908  -0.063753  0.004685
1080  0.001170  -0.032343  0.001047
1081  -0.038247  -0.033795  0.002605
1082  -0.065042  -0.062986  0.008198
1083  -0.025706  0.002760  0.000668
1084  0.011121  -0.048382  0.002465
1085  -0.018620  -0.009860  0.000444
1086  0.014568  -0.003602  0.000225
1087  0.031197  -0.000471  0.000973
1088  -0.025003  -0.012718  0.000787
1089  -0.005288  -0.037601  0.001442
1090  -0.011195  -0.019315  0.000498
1091  -0.001486  -0.035536  0.001265
1092  -0.014126  -0.042219  0.001982
1093  -0.030334  -0.042960  0.002766
1094  -0.014017  -0.007620  0.000255
1095  0.011479  0.003667  0.000145
1096  -0.029913  0.036792  0.002248
1097  -0.008747  -0.046537  0.002242
1098  0.043542  0.034291  0.003072
1099  -0.024883  0.039011  0.002141
1100  -0.030043  0.036097  0.002206
1101  0.012127  -0.001065  0.000148
1102  0.018552  0.013521  0.000527
1103  -0.038128  -0.012807  0.001618
1104  0.012257  0.032667  0.001217
1105  -0.034355  -0.035873  0.002467
1106  0.003461  0.008817  0.000090
1107  -0.048234  -0.011880  0.002468
1108  -0.056070  -0.028415  0.003951
1109  -0.022168  -0.000761  0.000492
1110  -0.031030  -0.054399  0.003922
1111  0.007348  -0.009221  0.000139
1112  -0.045041  -0.015442  0.002267
1113  0.023258  -0.030026  0.001442
1114  0.028114  -0.026042  0.001469
1115  0.014403  -0.042772  0.002037
1116  -0.003108  0.011932  0.000152
1117  -0.033895  -0.060922  0.004860
1118  -0.008783  -0.005232  0.000105
1119  -0.008781  -0.036231  0.001390
1120  0.020452  -0.013361  0.000597
1121  0.051095  0.004341  0.002630
1122  -0.049910  -0.033655  0.003624
1123  -0.000388  -0.027027  0.000731
1124  -0.032172  -0.033045  0.002127
1125  -0.004392  -0.034309  0.001196
1126  0.000757  -0.045563  0.002077
1127  -0.046605  -0.048659  0.004540
1128  0.009660  -0.011214  0.000219
1129  -0.043263  -0.047120  0.004092
1130  -0.061462  -0.034683  0.004981
1131  -0.015965  -0.012949  0.000423
1132  -0.012355  0.053394  0.003004
1133  0.005751  0.007106  0.000084
1134  0.035012  -0.019356  0.001600
1135  -0.027736  0.009770  0.000865
1136  -0.026970  -0.005099  0.000753
1137  0.009663  -0.006098  0.000131
1138  0.019382  -0.040316  0.002001
1139  0.007655  -0.007605  0.000116
1140  -0.032524  0.023468  0.001609
1141  -0.003120  -0.025343  0.000652
1142  -0.002010  -0.045671  0.002090
1143  0.011170  -0.033917  0.001275
1144  -0.046906  -0.012248  0.002350
1145  -0.029339  -0.027665  0.001626
1146  -0.007990  -0.005785  0.000097
1147  -0.007752  -0.036866  0.001419
1148  0.036427  -0.056987  0.004574
1149  -0.000561  -0.015674  0.000246
1150  -0.028627  -0.023478  0.001371
1151  0.006847  0.015359  0.000283
1152  0.033243  -0.061000  0.004826
1153  0.030260  -0.053404  0.003768
1154  -0.015433  -0.051490  0.002889
1155  -0.007400  0.007920  0.000117
1156  0.013081  -0.065124  0.004412
1157  0.034287  0.072500  0.006432
1158  -0.004082  0.017101  0.000309
1159  -0.042930  -0.014496  0.002053
1160  -0.016406  0.005541  0.000300
1161  0.059756  -0.045713  0.005660
1162  -0.009887  -0.072611  0.005370
1163  -0.011446  0.051612  0.002795
1164  -0.005777  -0.083173  0.006951
1165  0.040363  -0.017633  0.001940
1166  0.011058  -0.015610  0.000366
1167  -0.016495  -0.104572  0.011207
1168  0.014015  -0.031618  0.001196
1169  -0.023634  -0.064049  0.004661
1170  0.025723  -0.034306  0.001839
1171  0.061113  -0.039206  0.005272
1172  -0.019995  0.003987  0.000416
1173  -0.036306  -0.046297  0.003462
1174  0.038749  0.066381  0.005908
1175  -0.009595  0.033075  0.001186
1176  0.053219  0.026837  0.003553
1177  -0.017624  0.001665  0.000313
1178  -0.036075  -0.009282  0.001388
1179  0.055639  0.044110  0.005041
1180  -0.018372  0.027032  0.001068
1181  -0.040550  0.001621  0.001647
1182  0.000114  -0.006859  0.000047
1183  0.010169  -0.008827  0.000181
1184  -0.033114  0.041890  0.002851
1185  -0.094309  0.013197  0.009068
1186  -0.011065  -0.021857  0.000600
1187  -0.018882  -0.027000  0.001086
1188  0.045417  -0.057170  0.005331
1189  0.055865  0.044472  0.005099
1190  -0.017753  -0.022321  0.000813
1191  -0.096535  -0.030615  0.010256
1192  0.012356  -0.013847  0.000344
1193  0.073348  0.038545  0.006866
1194  -0.105849  0.010583  0.011316
1195  -0.015339  -0.053966  0.003148
1196  -0.007127  -0.015600  0.000294
1197  -0.021764  0.001454  0.000476
1198  -0.030831  -0.013725  0.001139
1199  -0.057757  -0.057949  0.006694
1200  -0.035038  0.026230  0.001916
1201  -0.064311  -0.077033  0.010070
1202  -0.027137  0.012657  0.000897
1203  -0.052613  -0.100822  0.012933
1204  0.009271  0.013937  0.000280
1205  0.019341  -0.014514  0.000585
1206  0.002509  0.077348  0.005989
1207  -0.009426  0.008623  0.000163
1208  -0.001972  -0.006244  0.000043
1209  -0.031260  0.003192  0.000987
1210  -0.020130  -0.086347  0.007861
1211  -0.031729  -0.002131  0.001011
1212  -0.062177  -0.069998  0.008766
1213  0.035001  0.024821  0.001841
1214  0.003295  0.004006  0.000027
1215  -0.040242  0.010894  0.001738
1216  0.036741  -0.088956  0.009263
1217  -0.072927  -0.013964  0.005513
1218  0.082776  -0.047032  0.009064
1219  -0.054058  0.018759  0.003274
1220  0.018024  -0.076513  0.006179
1221  0.052375  -0.037095  0.004119
1222  -0.065602  0.041347  0.006013
1223  0.010475  -0.069644  0.004960
1224  -0.029332  0.061266  0.004614
1225  0.045809  -0.002327  0.002104
1226  -0.023640  0.067685  0.005140
1227  0.003752  -0.049119  0.002427
1228  0.007261  -0.012533  0.000210
1229  -0.020696  -0.017927  0.000750
1230  -0.008493  -0.013225  0.000247
1231  0.000338  -0.042633  0.001818
1232  -0.017671  -0.003102  0.000322
1233  -0.069298  0.065658  0.009113
1234  -0.030198  -0.027212  0.001652
1235  -0.050414  -0.051526  0.005197
1236  -0.068123  -0.100115  0.014664
1237  -0.068745  -0.044958  0.006747
1238  -0.007862  -0.072977  0.005388
1239  0.083496  -0.059475  0.010509
1240  -0.016491  0.032834  0.001350
1241  -0.131179  -0.012532  0.017365
1242  -0.008464  -0.057065  0.003328
1243  0.026379  -0.048796  0.003077
1244  -0.044053  -0.009690  0.002035
1245  -0.010626  -0.042297  0.001902
1246  -0.040511  -0.047257  0.003874
1247  -0.057750  -0.021979  0.003818
1248  0.034924  -0.005166  0.001246
1249  0.005550  -0.123447  0.015270
1250  -0.005524  0.008053  0.000095
1251  0.017286  -0.169718  0.029103
1252  0.153788  -0.078809  0.029861
1253  -0.027427  0.012499  0.000908
1254  -0.019900  0.027956  0.001178
1255  -0.011470  -0.039942  0.001727
1256  -0.006998  0.011394  0.000179
1257  -0.038828  0.027998  0.002291
1258  -0.082336  -0.045254  0.008827
1259  -0.001728  -0.021248  0.000454
1260  -0.176725  -0.009804  0.031328
1261  -0.051029  -0.054442  0.005568
1262  0.106517  -0.008742  0.011422
1263  -0.030625  0.025756  0.001601
1264  0.011266  -0.085119  0.007372
1265  0.024961  0.008843  0.000701
1266  0.042404  -0.059626  0.005353
1267  -0.085967  -0.161223  0.033383
1268  0.042172  0.006683  0.001823
1269  -0.010291  -0.031366  0.001090
1270  0.085513  -0.067169  0.011824
1271  0.011228  0.013266  0.000302
1272  0.115259  0.001156  0.013286
1273  -0.012251  -0.033426  0.001267
1274  -0.054085  -0.010358  0.003032
1275  -0.071359  -0.086628  0.012596
1276  -0.071160  -0.115110  0.018314
1277  -0.015449  -0.081273  0.006844
1278  -0.037613  0.002665  0.001422
1279  0.028843  0.038844  0.002341
1280  -0.027836  0.136983  0.019539
1281  -0.135890  0.065582  0.022767
1282  0.013609  -0.093862  0.008995
1283  -0.058498  0.062600  0.007341
1284  0.005799  0.039554  0.001598
1285  0.119169  -0.023280  0.014743
1286  -0.028770  -0.007079  0.000878
1287  0.024381  -0.058376  0.004002
1288  0.055144  0.042145  0.004817
1289  -0.032647  0.085654  0.008402
1290  -0.126847  -0.025477  0.016739
1291  -0.008984  -0.180571  0.032686
1292  -0.033984  0.008385  0.001225
1293  0.015798  -0.062094  0.004105
1294  -0.014346  -0.076958  0.006128
1295  -0.074704  0.002663  0.005588
1296  -0.027859  0.131522  0.018074
1297  -0.286364  -0.119022  0.096171
1298  -0.076007  -0.100037  0.015784
1299  0.047914  -0.070802  0.007309
1300  -0.063824  -0.030273  0.004990
1301  -0.074971  0.004963  0.005645
1302  0.005998  -0.185752  0.034540
1303  -0.056431  -0.120992  0.017823
1304  0.072527  -0.095569  0.014394
1305  -0.001965  -0.191311  0.036604
1306  0.085579  -0.191526  0.044006
1307  -0.133390  0.054708  0.020786
1308  0.039022  -0.211700  0.046340
1309  -0.008980  -0.243676  0.059458
1310  0.009971  -0.125295  0.015798
1311  -0.070076  -0.196692  0.043598
1312  0.161894  -0.036473  0.027540
1313  -0.045474  0.024125  0.002650
1314  0.170935  -0.011336  0.029347
1315  0.013364  -0.085606  0.007507
1316  0.151992  0.056055  0.026244
1317  -0.135492  0.034630  0.019557
1318  -0.134595  -0.007303  0.018169
1319  -0.160503  -0.228526  0.077986
1320  0.033481  -0.037761  0.002547
1321  -0.031839  0.034509  0.002205
1322  -0.027811  -0.069859  0.005654
1323  -0.004217  -0.081440  0.006650
1324  -0.036264  -0.012462  0.001470
1325  -0.007660  0.046169  0.002190
1326  -0.414884  0.053725  0.175015
1327  -0.018308  -0.210740  0.044747
1328  -0.041108  0.069526  0.006524
1329  -0.111496  -0.032296  0.013474
1330  -0.022683  0.104594  0.011454
1331  0.031952  0.010029  0.001122
1332  -0.084095  -0.192065  0.043961
1333  0.119671  -0.034009  0.015478
1334  0.018293  0.023621  0.000893
1335  -0.160360  -0.198596  0.065156
1336  -0.071323  0.057840  0.008432
1337  -0.215396  -0.077531  0.052406
1338  -0.068251  -0.084545  0.011806
1339  0.071462  -0.126803  0.021186
1340  0.050239  0.181633  0.035514
1341  0.122304  -0.184622  0.049044
1342  -0.045208  0.094529  0.010979
1343  0.100452  -0.129321  0.026815
1344  -0.178003  -0.181749  0.064718
1345  -0.031874  -0.002432  0.001022
1346  -0.150528  -0.062348  0.026546
1347  0.057351  -0.074034  0.008770
1348  -0.082278  0.039047  0.008294
1349  -0.170308  0.020854  0.029440
1350  0.165922  -0.171420  0.056915
1351  -0.246622  -0.195035  0.098861
1352  0.037671  0.019495  0.001799
1353  0.064663  -0.248580  0.065973
1354  -0.024514  -0.026902  0.001325
1355  -0.050946  -0.300665  0.092995
1356  -0.145982  0.063921  0.025397
1357  0.245155  -0.134503  0.078192
1358  0.023790  -0.212152  0.045574
1359  0.136694  0.213914  0.064444
1360  -0.440057  0.047064  0.195865
1361  -0.183372  -0.165590  0.061045
1362  0.081389  -0.357200  0.134216
1363  0.123665  -0.467209  0.233578
1364  0.516248  0.000984  0.266513
1365  -0.110154  0.264400  0.082041
1366  0.137248  -0.057859  0.022185
1367  0.102394  0.116735  0.024112
1368  -0.379480  0.082651  0.150836
1369  -0.140206  -0.308104  0.114586
1370  -0.152267  -0.069740  0.028049
1371  -0.175952  -0.042047  0.032727
1372  -0.437854  -0.193592  0.229194
1373  -0.289738  -0.321527  0.187328
1374  -0.208452  -0.002419  0.043458
1375  0.079900  -0.113058  0.019166
1376  0.344819  -0.009560  0.118991
1377  -0.002245  -0.057056  0.003260
1378  0.052853  0.385553  0.151445
1379  -0.163866  0.071105  0.031908
1380  0.037535  0.090913  0.009674
1381  -0.302175  0.015248  0.091542
1382  -0.181606  -0.359953  0.162547
1383  -0.228300  -0.005741  0.052154
1384  0.190132  0.118174  0.050115
1385  -0.610966  -0.240712  0.431222
1386  -0.534226  0.027005  0.286127
1387  -0.051138  -0.414949  0.174797
1388  -0.269176  0.262016  0.141108
1389  0.334617  -0.341797  0.228793
1390  0.318866  0.195865  0.140039
1391  0.231009  0.223311  0.103233
1392  -0.332124  -0.499330  0.359637
1393  0.165230  -0.111626  0.039761
1394  0.581070  -0.301698  0.428664
1395  -0.165406  -0.112816  0.040086
1396  0.593123  -0.347883  0.472818
1397  -0.049928  0.245882  0.062951
1398  -0.134364  0.251562  0.081337
1399  0.200241  0.151867  0.063160
1400  0.266536  0.040882  0.072713
1401  -0.041756  -0.009891  0.001841
1402  0.316498  -0.277485  0.177169
1403  0.038231  -0.515646  0.267352
1404  0.270749  -0.749386  0.634884
1405  0.099401  0.396646  0.167209
1406  0.226374  0.288214  0.134313
1407  -0.371426  0.184535  0.172010
1408  -0.312357  0.399643  0.257282
1409  -0.174589  0.217687  0.077869
1410  -0.380428  -0.066687  0.149173
1411  0.344329  0.060964  0.122279
1412  -0.406845  -0.285763  0.247183
1413  -0.164711  -0.380153  0.171646
1414  -0.015823  -0.165409  0.027611
1415  0.185972  -0.272353  0.108762
1416  -0.003798  0.422813  0.178786
1417  -0.496016  0.015475  0.246271
1418  -0.007298  0.174059  0.030350
1419  -0.490376  0.008457  0.240540
1420  -0.221981  0.133777  0.067172
1421  0.312797  -0.082006  0.104567
1422  0.635138  0.142719  0.423769
1423  0.108487  -0.023817  0.012337
1424  -0.356822  0.331307  0.237086
1425  0.168069  0.083119  0.035156
1426  1.027274  0.117398  1.069073
1427  -0.299127  -0.414922  0.261638
1428  0.392185  0.588785  0.500476
1429  -0.091005  -0.432847  0.195638
1430  -0.035733  0.022553  0.001785
1431  0.285935  0.486432  0.318375
1432  -0.694742  -0.456027  0.690627
1433  0.541185  -0.374637  0.433234
1434  -0.684730  0.516164  0.735280
1435  0.659160  -0.034197  0.435662
1436  -0.039114  0.299970  0.091512
1437  -0.092582  -0.035095  0.009803
1438  -0.083312  -0.043562  0.008838
1439  -0.318154  -0.396317  0.258289
1440  0.785109  0.321126  0.719518
1441  0.552017  0.073470  0.310120
1442  -0.440715  0.506115  0.450382
1443  0.400723  -0.382424  0.306827
1444  1.183770  0.316583  1.501537
1445  -0.037018  0.351520  0.124937
1446  -0.739279  -0.087795  0.554242
1447  -0.091879  -0.385477  0.157034
1448  0.168803  0.176832  0.059764
1449  0.047766  0.065509  0.006573
1450  -0.144984  -0.758830  0.596844
1451  -0.195434  -0.035290  0.039440
1452  -0.013447  -0.128171  0.016609
1453  0.014869  -0.236874  0.056330
1454  0.068001  0.097561  0.014142
1455  0.187304  0.528165  0.314041
1456  0.645175  -0.892105  1.212102
1457  -0.479475  0.232857  0.284119
1458  0.403409  -0.597296  0.519501
1459  0.241742  -0.101586  0.068759
1460  -0.016056  -0.465739  0.217171
1461  0.264717  0.152794  0.093421
1462  0.110083  0.269803  0.084912
1463  0.009816  0.236821  0.056181
1464  -0.918762  0.779291  1.451417
1465  -0.485790  -1.161742  1.585637
1466  -0.090379  -0.032747  0.009241
1467  0.454721  0.239503  0.264133
1468  -0.962863  -0.084692  0.934278
1469  0.126833  -0.002838  0.016095
1470  -1.155900  0.946328  2.231641
1471  -0.556928  -0.150846  0.332923
1472  -0.621079  0.224298  0.436048
1473  -0.017972  -0.850182  0.723132
1474  -0.187691  0.261469  0.103594
1475  -0.840154  0.263525  0.775305
1476  -0.398544  -0.201417  0.199406
1477  -0.204244  -0.580040  0.378163
1478  -0.377751  0.112959  0.155455
1479  0.076103  0.498079  0.253874
1480  0.191126  -0.074839  0.042130
1481  -0.195240  0.389647  0.189944
1482  0.435766  -0.115059  0.203131
1483  -0.156696  0.119831  0.038913
1484  0.471804  0.242244  0.281281
1485  -0.013694  0.572160  0.327555
1486  0.248948  -0.565918  0.382238
1487  -0.623728  -0.307447  0.483560
1488  0.020775  -0.378639  0.143799
1489  -0.334168  -0.010815  0.111785
1490  0.024765  0.062525  0.004523
1491  -1.059276  0.927632  1.982565
1492  -0.098960  0.458414  0.219936
1493  -0.849246  -0.327164  0.828255
1494  0.619341  -0.409005  0.550868
1495  0.443991  0.182303  0.230363
1496  -0.084184  0.385590  0.155767
1497  0.635631  0.381549  0.549606
1498  0.026137  0.192979  0.037924
1499  -0.253058  0.155690  0.088277
1500  -0.839905  0.670350  1.154809
1501  0.996642  0.169159  1.021909
1502  0.123499  0.220242  0.063759
1503  -0.093381  -0.761316  0.588323
1504  -0.188411  -0.107190  0.046989
1505  -0.200724  0.077691  0.046326
1506  -0.657567  -0.143818  0.453078
1507  0.467549  -0.662679  0.657746
1508  0.445705  0.053069  0.201469
1509  0.091353  0.272674  0.082697
1510  0.255609  0.143845  0.086027
1511  -0.521588  -0.440931  0.466474
1512  -1.711435  -0.949341  3.830258
1513  0.322053  0.109530  0.115715
1514  -0.412398  -0.201391  0.210631
1515  1.710723  -0.115076  2.939814
1516  -0.180847  -0.089921  0.040792
1517  0.850894  0.004141  0.724038
1518  0.321497  0.455710  0.311032
1519  -0.027743  -0.952543  0.908107
1520  0.148094  0.543411  0.317228
1521  -0.538155  -0.594339  0.642849
1522  -0.462351  0.192502  0.250826
1523  -0.040095  -0.615247  0.380136
1524  -0.096845  -0.001998  0.009383
1525  -0.474850  -0.623766  0.614567
1526  -0.650329  0.588877  0.769704
1527  -0.156700  0.455951  0.232446
1528  -0.436661  0.030419  0.191598
1529  0.230418  -0.145233  0.074185
1530  0.106651  -0.241237  0.069570
1531  0.566465  -0.133763  0.338775
1532  -0.556395  -0.020479  0.309995
1533  -0.392857  0.124526  0.169843
1534  0.357964  0.950088  1.030807
1535  0.171193  0.036694  0.030654
1536  0.685175  0.360635  0.599523
1537  -0.637883  0.214978  0.453110
1538  -0.566581  0.303026  0.412838
1539  -0.280348  0.556576  0.388372
1540  -0.970449  -0.770538  1.535500
1541  0.204742  0.950540  0.945445
1542  0.444685  -0.521694  0.469909
1543  -0.020514  -0.431621  0.186718
1544  -0.066282  0.144428  0.025253
1545  0.278220  -0.064434  0.081558
1546  1.015921  -0.290940  1.116741
1547  -0.471999  -0.024067  0.223363
1548  -0.422506  -0.039458  0.180068
1549  -0.084909  0.047301  0.009447
1550  -0.441894  -0.046792  0.197459
1551  -0.041752  -0.307031  0.096011
1552  0.211727  0.092967  0.053471
1553  -0.198120  0.007732  0.039311
1554  0.314035  -0.390608  0.251192
1555  -0.260333  -0.402628  0.229882
1556  0.647955  0.197791  0.458967
1557  -0.207347  -0.255696  0.108373
1558  0.983755  -0.142310  0.988025
1559  0.338676  -0.183802  0.148485
1560  -0.380937  0.124751  0.160676
1561  0.685357  0.119146  0.483909
1562  0.204949  -0.577331  0.375315
1563  0.686685  -0.032708  0.472606
1564  0.427231  0.066889  0.187000
1565  0.588385  -0.349292  0.468201
1566  -0.237663  0.356363  0.183479
1567  0.223808  -0.743105  0.602294
1568  -0.507524  -0.293375  0.343650
1569  0.436691  -0.758745  0.766393
1570  0.247187  -0.275729  0.137128
1571  0.090124  0.163083  0.034718
1572  -0.805115  -0.535226  0.934677
1573  -0.261678  -0.480621  0.299472
1574  -0.166613  0.487772  0.265681
1575  0.168862  -0.058762  0.031967
1576  0.514567  0.185773  0.299291
1577  0.128197  0.055130  0.019474
1578  -0.098156  0.440459  0.203639
1579  -0.195189  0.625864  0.429805
1580  0.454660  0.136789  0.225427
1581  -0.612863  0.034841  0.376815
1582  -0.218803  0.208591  0.091385
1583  -0.684445  0.116198  0.481967
1584  0.134092  0.951438  0.923215
1585  -0.262260  0.302395  0.160223
1586  -0.060514  -0.581150  0.341397
1587  -0.072295  -0.331207  0.114925
1588  -0.611728  -0.542206  0.668199
1589  -0.451209  0.023232  0.204129
1590  -0.433227  -0.059110  0.191180
1591  0.421024  -0.452691  0.382190
1592  0.482904  -0.280301  0.311764
1593  -0.050409  0.040167  0.004155
1594  -0.879532  -0.218359  0.821258
1595  -0.734942  0.023494  0.540691
1596  0.267615  0.011341  0.071746
1597  0.398286  0.082814  0.165490
1598  -0.352266  0.081424  0.130721
1599  0.691698  -0.173611  0.508587
1600  0.628739  -0.310161  0.491512
1601  -0.765560  -0.053593  0.588954
1602  0.792241  -0.084036  0.634708
1603  0.106615  -0.462985  0.225722
1604  0.618686  -0.105763  0.393959
1605  0.484531  -0.212736  0.280027
1606  0.007981  0.399469  0.159640
1607  -1.050872  -0.169891  1.133194
1608  -0.352800  0.368719  0.260421
1609  0.527143  -0.225146  0.328570
1610  0.193515  -0.071661  0.042583
1611  0.624891  -0.406713  0.555905
1612  0.230623  -0.096964  0.062589
1613  0.074908  0.039203  0.007148
1614  0.566729  0.110714  0.333439
1615  0.276168  -0.144568  0.097168
1616  -0.065801  0.000490  0.004330
1617  0.165674  0.255016  0.092481
1618  -0.277874  -0.227411  0.128929
1619  0.098987  -0.024212  0.010385
1620  -0.428365  0.413509  0.354486
1621  0.000274  -0.212120  0.044995
1622  0.612139  0.176821  0.405980
1623  -0.346370  -0.644797  0.535735
1624  0.034090  0.558415  0.312990
1625  0.243565  0.438213  0.251355
1626  0.075873  -0.321264  0.108968
1627  0.308143  0.057638  0.098274
1628  -0.285164  -0.550965  0.384881
1629  0.327681  -0.050094  0.109884
1630  0.567465  -0.144568  0.342916
1631  -0.053566  -0.137394  0.021746
1632  -0.339046  0.025380  0.115596
1633  -0.204446  0.556024  0.350961
1634  -0.394593  -0.061023  0.159428
1635  -0.369118  0.403574  0.299121
1636  0.111591  -0.416979  0.186324
1637  -0.344416  -0.198901  0.158184
1638  0.030048  0.023391  0.001450
1639  0.374743  0.036101  0.141735
1640  -0.420436  -0.075578  0.182478
1641  0.047312  0.202379  0.043195
1642  0.053027  0.207521  0.045877
1643  0.603963  0.020834  0.365206
1644  0.084731  -0.247719  0.068544
1645  -0.104194  -0.019390  0.011232
1646  -0.214038  -0.043672  0.047719
1647  0.093680  -0.062754  0.012714
1648  -0.032056  -0.325362  0.106888
1649  -0.182053  0.012332  0.033295
1650  0.074095  -0.218763  0.053347
1651  -0.113079  -0.374120  0.152752
1652  -0.085275  0.029480  0.008141
1653  -0.475906  -0.091920  0.234936
1654  0.017015  0.491400  0.241764
1655  -0.060496  -0.178992  0.035698
1656  -0.111063  0.050221  0.014857
1657  0.051929  -0.360928  0.132966
1658  -0.120245  -0.075610  0.020176
1659  -0.277399  0.218239  0.124579
1660  -0.319406  0.667710  0.547857
1661  -0.199538  0.049669  0.042283
1662  -0.062284  0.280081  0.082325
1663  0.024176  0.073587  0.005999
1664  -0.100336  0.183092  0.043590
1665  -0.379549  0.368258  0.279671
1666  0.390207  0.425910  0.333661
1667  0.330294  0.256709  0.174993
1668  -0.177146  -0.383907  0.178765
1669  0.132861  0.082722  0.024495
1670  0.028907  -0.293758  0.087129
1671  -0.046378  0.046718  0.004333
1672  0.025861  0.268731  0.072885
1673  0.117837  -0.294297  0.100496
1674  -0.068672  -0.036320  0.006035
1675  0.048037  0.011408  0.002438
1676  -0.094380  0.105379  0.020012
1677  -0.102929  0.180368  0.043127
1678  0.057690  -0.037271  0.004717
1679  0.468693  0.085524  0.226988
1680  -0.085697  -0.251298  0.070495
1681  -0.009518  -0.209741  0.044082
1682  0.117573  0.296773  0.101898
1683  0.013930  -0.198590  0.039632
1684  -0.130886  0.188850  0.052796
1685  -0.018327  0.056529  0.003531
1686  -0.090902  0.118067  0.022203
1687  -0.066325  -0.112136  0.016973
1688  -0.095072  0.028748  0.009865
1689  0.016404  0.227582  0.052063
1690  0.138347  0.163951  0.046020
1691  0.096157  -0.122743  0.024312
1692  -0.011008  0.130901  0.017256
1693  -0.016519  0.094123  0.009132
1694  -0.116863  -0.079811  0.020027
1695  0.283774  0.113473  0.093404
1696  -0.013984  -0.088757  0.008073
1697  -0.053012  0.073818  0.008259
1698  -0.220999  -0.047244  0.051073
1699  0.095099  0.214345  0.054988
1700  -0.085453  0.043659  0.009208
1701  -0.126024  0.009943  0.015981
1702  -0.225391  0.251542  0.114074
1703  -0.106009  0.077820  0.017294
1704  -0.013960  0.281093  0.079208
1705  0.067931  0.142636  0.024960
1706  -0.129926  0.083984  0.023934
1707  0.155670  0.033415  0.025350
1708  -0.047769  -0.038998  0.003803
1709  0.154819  -0.082902  0.030842
1710  -0.153488  0.102170  0.033997
1711  0.246246  0.161427  0.086696
1712  0.179441  0.127664  0.048497
1713  -0.050221  0.048088  0.004835
1714  0.053995  0.040531  0.004558
1715  0.092234  -0.200977  0.048899
1716  0.023474  0.092682  0.009141
1717  -0.034425  -0.153012  0.024598
1718  0.011633  0.082140  0.006882
1719  -0.013499  -0.185921  0.034749
1720  0.122343  -0.157737  0.039849
1721  0.126839  -0.205935  0.058497
1722  -0.060752  0.080220  0.010126
1723  0.028110  0.043753  0.002705
1724  -0.033749  -0.016220  0.001402
1725  0.036253  -0.053025  0.004126
1726  -0.003587  0.043408  0.001897
1727  0.060301  0.193322  0.041009
1728  0.142318  0.076065  0.026040
1729  -0.072837  0.055900  0.008430
1730  -0.192661  0.065770  0.041444
1731  -0.135459  0.204617  0.060217
1732  -0.034134  0.161174  0.027142
1733  0.060535  -0.102733  0.014219
1734  0.000511  0.064782  0.004197
1735  0.117372  -0.055783  0.016888
1736  0.025166  0.085245  0.007900
1737  -0.006426  -0.150004  0.022542
1738  0.062207  -0.127545  0.020137
1739  0.004526  -0.039921  0.001614
1740  0.023513  -0.004453  0.000573
1741  0.211175  -0.017574  0.044904
1742  -0.030029  -0.182604  0.034246
1743  0.007582  -0.019140  0.000424
1744  -0.099939  -0.188693  0.045593
1745  0.045186  0.089833  0.010112
1746  -0.108595  0.054140  0.014724
1747  0.006303  0.147683  0.021850
1748  0.143317  -0.111929  0.033068
1749  0.098423  0.000500  0.009687
1750  0.043971  -0.032030  0.002959
1751  0.007270  0.158047  0.025032
1752  -0.053985  -0.068773  0.007644
1753  -0.084256  -0.035397  0.008352
1754  -0.058345  0.023124  0.003939
1755  -0.088365  0.075169  0.013459
1756  -0.162274  0.125846  0.042170
1757  0.036808  0.115064  0.014595
1758  0.026747  -0.057797  0.004056
1759  0.042437  0.015082  0.002028
1760  -0.055695  0.119768  0.017446
1761  0.006256  0.146036  0.021366
1762  0.117637  0.176526  0.045000
1763  0.157366  0.009544  0.024855
1764  -0.006734  -0.005572  0.000076
1765  0.134281  0.035685  0.019305
1766  0.094485  0.091296  0.017262
1767  0.159184  0.022930  0.025865
1768  -0.119363  0.101173  0.024484
1769  0.120439  0.115551  0.027858
1770  0.042425  -0.004161  0.001817
1771  0.098469  0.068901  0.014444
1772  0.023193  -0.045741  0.002630
1773  -0.065676  -0.061763  0.008128
1774  0.057358  0.097274  0.012752
1775  -0.000518  0.022194  0.000493
1776  0.070302  0.098574  0.014659
1777  0.001224  -0.042629  0.001819
1778  0.047463  -0.015352  0.002488
1779  -0.022583  0.044978  0.002533
1780  -0.010672  0.103581  0.010843
1781  0.160200  0.091509  0.034038
1782  0.039927  0.024430  0.002191
1783  0.041948  -0.051574  0.004419
1784  0.155745  0.009979  0.024356
1785  0.024660  0.024115  0.001190
1786  0.058691  -0.059033  0.006930
1787  0.057910  -0.042070  0.005123
1788  0.057617  0.052090  0.006033
1789  0.057885  -0.059897  0.006938
1790  0.114744  -0.018368  0.013503
1791  0.043186  -0.022803  0.002385
1792  0.011531  -0.014186  0.000334
1793  0.024543  0.018214  0.000934
1794  0.021206  -0.075486  0.006148
1795  -0.006795  -0.102859  0.010626
1796  0.036628  0.078290  0.007471
1797  0.066855  -0.062434  0.008368
1798  -0.025071  -0.050861  0.003215
1799  -0.030719  -0.001465  0.000946
1800  -0.055557  0.015146  0.003316
1801  -0.021922  0.019818  0.000873
1802  -0.029768  0.039266  0.002428
1803  0.097515  0.047327  0.011749
1804  -0.113435  0.053070  0.015684
1805  -0.056588  0.047773  0.005484
1806  -0.050092  -0.028258  0.003308
1807  -0.007966  0.013418  0.000244
1808  0.044319  -0.056998  0.005213
1809  -0.021086  -0.056264  0.003610
1810  0.023703  0.021803  0.001037
1811  0.006678  0.001713  0.000048
1812  0.015145  0.069148  0.005011
1813  0.036248  -0.056943  0.004556
1814  0.099308  -0.019436  0.010240
1815  0.021527  0.033942  0.001615
1816  0.097208  -0.084925  0.016662
1817  -0.006391  -0.016973  0.000329
1818  -0.018246  0.060870  0.004038
1819  0.041517  -0.052213  0.004450
1820  -0.079176  0.045962  0.008381
1821  -0.030622  0.020549  0.001360
1822  -0.115562  0.030432  0.014281
1823  0.001988  -0.045018  0.002031
1824  0.026403  0.009576  0.000789
1825  0.070697  -0.026503  0.005700
1826  0.005207  0.031556  0.001023
1827  0.006439  0.017768  0.000357
1828  0.051799  0.072606  0.007955
1829  0.033602  0.057718  0.004460
1830  0.047198  0.029694  0.003109
1831  -0.002410  0.030204  0.000918
1832  0.083209  0.025810  0.007590
1833  0.059889  0.002549  0.003593
1834  -0.027135  0.047645  0.003006
1835  0.049336  0.036478  0.003765
1836  -0.006696  -0.026437  0.000744
1837  0.097019  0.043426  0.011298
1838  0.015398  0.006859  0.000284
1839  -0.001374  0.044757  0.002005
1840  0.144406  0.002825  0.020861
1841  0.009189  0.003588  0.000097
1842  0.005523  -0.019765  0.000421
1843  0.028476  -0.003900  0.000826
1844  -0.025355  0.045275  0.002693
1845  0.059484  0.009779  0.003634
1846  0.033699  -0.003666  0.001149
1847  0.042649  -0.004982  0.001844
1848  0.103272  -0.043136  0.012526
1849  0.010574  -0.012037  0.000257
1850  0.008450  -0.029676  0.000952
1851  0.051891  -0.024816  0.003308
1852  -0.045010  0.044252  0.003984
1853  -0.013266  0.013547  0.000359
1854  0.043878  0.000085  0.001925
1855  -0.037972  0.064737  0.005633
1856  -0.027835  0.029999  0.001675
1857  0.001961  0.029688  0.000885
1858  0.026655  0.009422  0.000799
1859  0.017088  0.018859  0.000648
1860  -0.028326  0.034129  0.001967
1861  0.034828  -0.057982  0.004575
1862  -0.009235  0.027663  0.000851
1863  -0.009302  0.065453  0.004371
1864  0.066340  0.025375  0.005045
1865  0.017508  -0.034283  0.001482
1866  -0.010596  0.036246  0.001426
1867  -0.005257  0.016287  0.000293
1868  0.028668  -0.042286  0.002610
1869  0.111141  -0.010835  0.012470
1870  0.017982  -0.030167  0.001233
1871  0.026613  -0.000806  0.000709
1872  0.015243  -0.028229  0.001029
1873  0.046307  0.004803  0.002167
1874  -0.056216  0.023483  0.003712
1875  -0.030083  -0.003406  0.000917
1876  -0.009946  0.010644  0.000212
1877  0.040941  0.012900  0.001843
1878  0.027189  0.005914  0.000774
1879  -0.037458  0.011458  0.001534
1880  -0.003633  0.013920  0.000207
1881  -0.021721  -0.043356  0.002352
1882  -0.003429  0.023378  0.000558
1883  0.035335  0.027032  0.001979
1884  -0.052558  0.036979  0.004130
1885  0.048433  0.030722  0.003290
1886  0.008456  -0.024326  0.000663
1887  0.014035  0.017052  0.000488
1888  0.014315  -0.006990  0.000254
1889  0.019058  -0.033803  0.001506
1890  0.025168  -0.034767  0.001842
1891  -0.014720  0.026496  0.000919
1892  0.068787  0.089348  0.012715
1893  -0.026948  0.023559  0.001281
1894  0.055841  -0.023145  0.003654
1895  -0.012780  0.041586  0.001893
1896  0.012587  -0.035453  0.001415
1897  -0.020535  0.000654  0.000422
1898  -0.011939  0.023170  0.000679
1899  -0.002774  -0.042393  0.001805
1900  -0.007158  0.015913  0.000304
1901  0.048625  -0.027747  0.003134
1902  0.039001  0.013502  0.001703
1903  0.057129  -0.002198  0.003269
1904  -0.007569  -0.010969  0.000178
1905  -0.018461  -0.006620  0.000385
1906  -0.005779  0.003155  0.000043
1907  -0.025521  0.032961  0.001738
1908  0.016133  -0.006919  0.000308
1909  0.019155  -0.046852  0.002562
1910  0.045396  0.021739  0.002533
1911  0.026010  0.003284  0.000687
1912  0.006837  -0.003920  0.000062
1913  0.038930  0.019375  0.001891
1914  -0.018698  0.003955  0.000365
1915  0.047299  0.045597  0.004316
1916  0.017964  0.045369  0.002381
1917  0.044078  -0.019977  0.002342
1918  0.001577  -0.040608  0.001651
1919  -0.021097  0.035931  0.001736
1920  0.032522  -0.046989  0.003266
1921  0.029143  0.037248  0.002237
1922  0.011571  0.035236  0.001375
1923  -0.011588  -0.033365  0.001247
1924  0.049227  0.030437  0.003350
1925  0.036116  0.049983  0.003803
1926  -0.004156  0.037767  0.001444
1927  0.009632  0.008746  0.000169
1928  0.003116  0.025293  0.000649
1929  -0.026716  0.020041  0.001115
1930  -0.001115  0.019095  0.000366
1931  0.060274  -0.028409  0.004440
1932  -0.000020  0.004414  0.000019
1933  0.043214  0.003971  0.001883
1934  0.020936  0.002709  0.000446
1935  0.030695  0.004340  0.000961
1936  0.064943  -0.008234  0.004285
1937  0.035531  0.058795  0.004719
1938  0.007400  -0.035284  0.001300
1939  0.017407  0.033894  0.001452
1940  0.041181  -0.033726  0.002833
1941  0.036260  0.002226  0.001320
1942  0.040011  0.028099  0.002390
1943  0.011380  -0.004246  0.000148
1944  0.041087  0.000115  0.001688
1945  0.000202  0.012252  0.000150
1946  0.018040  0.014457  0.000534
1947  -0.003792  -0.035749  0.001292
1948  0.000549  0.002134  0.000005
1949  0.022807  -0.001188  0.000522
1950  0.025009  0.017841  0.000944
1951  0.043324  -0.013645  0.002063
1952  -0.003013  -0.020017  0.000410
1953  -0.019781  0.001759  0.000394
1954  0.007356  -0.013667  0.000241
1955  0.038753  -0.013371  0.001681
1956  -0.015211  0.024800  0.000846
1957  0.072100  -0.006758  0.005244
1958  0.029210  0.003104  0.000863
1959  0.020759  -0.010691  0.000545
1960  0.021249  0.039439  0.002007
1961  0.038658  -0.021323  0.001949
1962  0.022957  -0.008477  0.000599
1963  0.052375  -0.077923  0.008815
1964  -0.012135  0.022264  0.000643
1965  0.034056  0.011582  0.001294
1966  0.069705  -0.005122  0.004885
1967  -0.023159  0.026849  0.001257
1968  0.020588  0.012819  0.000588
1969  0.030462  0.038003  0.002372
1970  -0.026604  0.025489  0.001357
1971  -0.013948  0.005969  0.000230
1972  0.009649  -0.004630  0.000115
1973  -0.013030  -0.014300  0.000374
1974  0.010017  0.031630  0.001101
1975  -0.018403  0.009004  0.000420
1976  0.032007  0.005699  0.001057
1977  -0.005293  0.027996  0.000812
1978  0.031832  0.005717  0.001046
1979  -0.022486  0.006919  0.000553
1980  -0.012044  -0.019483  0.000525
1981  -0.002438  -0.027310  0.000752
1982  0.068828  -0.017323  0.005037
1983  0.008691  -0.026616  0.000784
1984  0.003897  -0.058416  0.003428
1985  0.052566  0.001157  0.002765
1986  0.045482  -0.007513  0.002125
1987  0.017076  0.017129  0.000585
1988  -0.012674  0.014578  0.000373
1989  0.014516  0.010616  0.000323
1990  0.040854  -0.005549  0.001700
1991  -0.002846  -0.029022  0.000850
1992  0.002912  0.000149  0.000009
1993  0.039578  0.002353  0.001572
1994  0.005931  -0.017637  0.000346
1995  0.016922  -0.007119  0.000337
1996  -0.005633  -0.043464  0.001921
1997  0.011489  -0.042712  0.001956
1998  0.054622  0.046577  0.005153
1999  0.003108  -0.005305  0.000038
2000  0.001179  -0.007105  0.000052
2001  -0.054416  0.018009  0.003285
2002  0.021921  -0.012053  0.000626
2003  0.062893  0.011870  0.004096
2004  0.035630  -0.021198  0.001719
2005  0.015122  -0.002892  0.000237
2006  -0.006889  -0.004420  0.000067
2007  0.015121  0.014200  0.000430
2008  0.008270  -0.007373  0.000123
2009  0.015662  0.032092  0.001275
2010  0.017133  -0.004976  0.000318
2011  -0.005012  -0.000107  0.000025
2012  0.027840  0.024299  0.001366
2013  0.013331  0.048602  0.002540
2014  -0.000756  -0.008250  0.000069
2015  -0.020859  -0.039148  0.001968
2016  0.015811  0.036329  0.001570
2017  0.024449  -0.000941  0.000599
2018  0.004313  0.007036  0.000068
2019  0.030845  -0.010593  0.001064
2020  -0.011764  -0.005551  0.000169
2021  0.008370  -0.010056  0.000171
2022  0.002289  -0.024635  0.000612
2023  0.023317  0.003911  0.000559
2024  0.043654  0.001650  0.001908
2025  0.032012  0.025807  0.001691
2026  0.002579  -0.027421  0.000759
2027  0.007675  -0.024232  0.000646
2028  -0.017513  0.000380  0.000307
2029  0.031414  0.016240  0.001251
2030  0.002948  0.023093  0.000542
2031  0.031753  -0.031006  0.001970
2032  0.003138  -0.015165  0.000240
2033  -0.013468  0.004074  0.000198
2034  -0.033091  0.031959  0.002116
2035  0.022606  0.006861  0.000558
2036  0.020569  -0.029546  0.001296
2037  0.043692  0.003047  0.001918
2038  0.022295  0.017128  0.000790
2039  0.006763  0.019290  0.000418
2040  0.021218  0.012355  0.000603
2041  0.053206  0.000079  0.002831
2042  0.034302  -0.009233  0.001262
2043  0.003033  -0.019975  0.000408
2044  0.037590  -0.020646  0.001839
2045  0.005320  -0.010808  0.000145
2046  0.033273  -0.003669  0.001121
2047  0.019924  -0.016907  0.000683
