0  -0.008392  -0.061502  0.003853
1  -0.038311  0.026832  0.002188
2  -0.016131  0.079891  0.006643
3  -0.001022  -0.016847  0.000285
4  -0.043914  -0.028645  0.002749
5  -0.015645  -0.016204  0.000507
6  0.028435  -0.010719  0.000923
7  0.015072  -0.012582  0.000385
8  0.042696  -0.038782  0.003327
9  -0.011308  -0.021291  0.000581
10  -0.041434  -0.014474  0.001926
11  -0.062450  -0.021612  0.004367
12  -0.024632  -0.014078  0.000805
13  -0.021946  -0.043773  0.002398
14  0.041932  -0.026653  0.002469
15  0.051966  -0.072237  0.007919
16  -0.032643  0.047009  0.003275
17  -0.094024  -0.033593  0.009969
18  -0.059909  -0.003876  0.003604
19  -0.032102  0.026417  0.001728
20  -0.007630  0.025885  0.000728
21  0.031018  -0.047026  0.003174
22  0.003661  -0.040905  0.001687
23  0.029180  -0.034257  0.002025
24  -0.017236  0.088887  0.008198
25  -0.004121  0.007141  0.000068
26  -0.033198  0.027047  0.001834
27  0.030836  0.047790  0.003235
28  -0.042596  -0.044564  0.003800
29  -0.076218  -0.041208  0.007507
30  0.043400  -0.011098  0.002007
31  0.005275  0.041901  0.001783
32  -0.033070  -0.018454  0.001434
33  -0.016322  -0.007375  0.000321
34  -0.039623  0.019168  0.001937
35  -0.038089  -0.028435  0.002259
36  -0.011478  0.012832  0.000296
37  0.011527  -0.040501  0.001773
38  -0.036185  0.013944  0.001504
39  -0.008511  -0.023616  0.000630
40  -0.080245  0.002937  0.006448
41  -0.006415  0.071695  0.005181
42  -0.034824  -0.079850  0.007589
43  0.020436  -0.024276  0.001007
44  -0.071007  -0.006045  0.005078
45  0.023862  -0.031047  0.001533
46  -0.008666  -0.042328  0.001867
47  -0.003114  0.006284  0.000049
48  -0.024383  -0.033111  0.001691
49  0.027707  -0.037692  0.002188
50  -0.034938  0.013993  0.001416
51  0.065643  -0.005855  0.004343
52  0.001282  0.039313  0.001547
53  -0.058817  0.014804  0.003679
54  0.044622  -0.061957  0.005830
55  0.005850  -0.014678  0.000250
56  0.018876  -0.031019  0.001318
57  -0.023240  0.030485  0.001469
58  -0.059750  -0.002258  0.003575
59  0.039582  0.101913  0.011953
60  -0.058576  -0.027373  0.004180
61  0.007877  0.008743  0.000138
62  -0.072195  -0.011705  0.005349
63  -0.037079  0.013820  0.001566
64  -0.033274  -0.043647  0.003012
65  -0.013056  -0.069629  0.005019
66  -0.067456  -0.030525  0.005482
67  0.008836  -0.002236  0.000083
68  -0.012759  0.064272  0.004294
69  0.023471  0.030056  0.001454
70  0.058122  0.032136  0.004411
71  -0.060536  -0.052541  0.006425
72  0.034911  0.002567  0.001225
73  -0.008805  0.031714  0.001083
74  -0.052069  0.067123  0.007217
75  -0.048293  0.031213  0.003307
76  0.011756  0.036781  0.001491
77  -0.006946  -0.071633  0.005179
78  -0.047275  0.065655  0.006545
79  0.002540  -0.036831  0.001363
80  0.021115  0.019738  0.000835
81  -0.043316  0.027533  0.002634
82  -0.045945  -0.088565  0.009955
83  -0.032776  0.026304  0.001766
84  -0.062754  0.001032  0.003939
85  -0.059116  -0.077926  0.009567
86  0.035873  0.022500  0.001793
87  0.013221  0.014175  0.000376
88  -0.045949  -0.085515  0.009424
89  0.020849  -0.050221  0.002957
90  -0.016267  -0.054564  0.003242
91  -0.054225  0.007061  0.002990
92  -0.022062  -0.020514  0.000908
93  0.083693  -0.048958  0.009401
94  0.048145  -0.009732  0.002413
95  -0.093313  -0.038028  0.010153
96  0.002538  -0.015133  0.000235
97  0.018999  -0.090218  0.008500
98  0.017499  -0.032505  0.001363
99  0.027907  -0.001096  0.000780
100  -0.015979  -0.088290  0.008051
101  0.073504  0.017459  0.005708
102  0.055406  0.028760  0.003897
103  0.033271  -0.064318  0.005244
104  0.060663  0.047760  0.005961
105  0.020355  0.053789  0.003308
106  0.007979  -0.033702  0.001200
107  0.090603  -0.106877  0.019632
108  -0.024775  -0.001953  0.000618
109  0.061669  0.052847  0.006596
110  -0.024484  -0.066656  0.005042
111  0.048998  -0.028964  0.003240
112  0.042219  -0.039810  0.003367
113  0.064854  0.033801  0.005349
114  -0.033998  0.003137  0.001166
115  -0.078694  0.025723  0.006854
116  -0.002674  -0.043285  0.001881
117  0.104705  0.074819  0.016561
118  -0.057083  -0.005098  0.003285
119  -0.003857  0.007158  0.000066
120  0.039280  -0.070447  0.006506
121  0.018787  -0.031800  0.001364
122  -0.018078  -0.025849  0.000995
123  -0.103801  -0.037139  0.012154
124  -0.000646  -0.035778  0.001280
125  0.026898  -0.031793  0.001734
126  -0.037401  -0.036362  0.002721
127  -0.044197  0.057830  0.005298
128  -0.021339  0.021866  0.000933
129  0.019153  0.030962  0.001325
130  -0.068860  0.002939  0.004750
131  0.054726  -0.040110  0.004604
132  -0.007322  -0.120631  0.014606
133  0.034657  0.015948  0.001455
134  -0.037707  0.003531  0.001434
135  0.102015  0.097101  0.019836
136  -0.007051  0.031379  0.001034
137  -0.059385  -0.040757  0.005188
138  0.057606  -0.075626  0.009038
139  0.028429  0.037438  0.002210
140  -0.084327  -0.072745  0.012403
141  0.014084  0.045462  0.002265
142  0.038716  0.015233  0.001731
143  -0.014967  -0.072682  0.005507
144  0.012226  -0.106101  0.011407
145  0.018273  -0.016298  0.000600
146  0.005329  -0.026882  0.000751
147  -0.004726  0.005583  0.000054
148  0.081033  0.100612  0.016689
149  0.016182  0.012472  0.000417
150  -0.022694  0.041282  0.002219
151  -0.031055  0.138611  0.020177
152  0.016695  0.181719  0.033301
153  -0.023861  -0.050356  0.003105
154  -0.047160  0.014836  0.002444
155  0.012795  0.011771  0.000302
156  0.017093  0.029828  0.001182
157  -0.121099  -0.037062  0.016038
158  0.021230  0.070944  0.005484
159  -0.229518  0.034985  0.053903
160  -0.015449  -0.018225  0.000571
161  0.074243  -0.051525  0.008167
162  0.005926  0.038781  0.001539
163  -0.165397  0.077443  0.033354
164  -0.040412  0.030809  0.002582
165  0.005743  0.095421  0.009138
166  -0.097460  -0.067382  0.014039
167  -0.087926  -0.022910  0.008256
168  -0.042834  0.037558  0.003245
169  -0.128605  -0.024017  0.017116
170  0.037535  -0.164884  0.028596
171  -0.069940  -0.022816  0.005412
172  0.091893  -0.072292  0.013670
173  0.099186  -0.040966  0.011516
174  -0.046466  0.023212  0.002698
175  0.024573  -0.016533  0.000877
176  0.001013  0.028830  0.000832
177  -0.011655  0.153290  0.023634
178  0.065434  0.019386  0.004657
179  0.015867  0.098242  0.009903
180  -0.135637  0.067807  0.022995
181  -0.062374  0.051354  0.006528
182  -0.008399  0.000596  0.000071
183  -0.097618  0.004379  0.009548
184  -0.020988  -0.005866  0.000475
185  0.035558  0.003839  0.001279
186  -0.050954  0.124220  0.018027
187  0.115633  -0.088500  0.021203
188  0.032359  0.068199  0.005698
189  0.073824  -0.039268  0.006992
190  0.115755  -0.001541  0.013401
191  0.173714  -0.202408  0.071146
192  0.003687  0.021449  0.000474
193  0.134500  -0.086248  0.025529
194  0.046602  -0.111160  0.014528
195  0.134952  -0.039731  0.019791
196  0.213429  -0.145129  0.066614
197  -0.039292  0.011275  0.001671
198  0.095934  0.038957  0.010721
199  0.019846  0.071638  0.005526
200  -0.096452  -0.039784  0.010886
201  0.074894  -0.014090  0.005808
202  -0.006985  0.005250  0.000076
203  -0.048229  0.184425  0.036339
204  -0.068086  0.040263  0.006257
205  0.046363  -0.072562  0.007415
206  -0.065581  -0.072992  0.009629
207  0.019826  -0.055404  0.003463
208  -0.064388  0.002512  0.004152
209  -0.069083  -0.114218  0.017818
210  0.001130  -0.023697  0.000563
211  -0.317585  0.015817  0.101110
212  -0.026593  -0.086963  0.008270
213  0.093528  0.009295  0.008834
214  -0.156514  0.259335  0.091751
215  -0.026987  -0.021601  0.001195
216  -0.151857  -0.067562  0.027625
217  -0.022146  0.003222  0.000501
218  -0.110912  -0.236696  0.068326
219  -0.274258  0.157595  0.100054
220  -0.038005  -0.181091  0.034238
221  0.121267  -0.053942  0.017615
222  -0.088586  -0.174515  0.038303
223  -0.188533  0.143891  0.056249
224  0.010437  -0.103149  0.010749
225  -0.010816  0.039742  0.001696
226  0.172226  -0.017784  0.029978
227  0.011792  0.004119  0.000156
228  0.115567  -0.004543  0.013376
229  -0.174197  -0.026872  0.031067
230  0.005619  -0.089428  0.008029
231  -0.266640  -0.159383  0.096500
232  0.084601  -0.062335  0.011043
233  0.026399  0.105677  0.011865
234  -0.024352  0.108350  0.012333
235  0.174472  -0.038987  0.031960
236  0.037619  0.201896  0.042177
237  -0.130483  -0.000942  0.017027
238  -0.008037  -0.024131  0.000647
239  0.062492  -0.048609  0.006268
240  -0.209782  -0.121838  0.058853
241  -0.285317  -0.088670  0.089268
242  0.096905  -0.128958  0.026021
243  -0.172940  -0.045078  0.031940
244  -0.175470  -0.024898  0.031409
245  0.005631  -0.003304  0.000043
246  0.083283  0.033284  0.008044
247  -0.006333  0.017570  0.000349
248  0.093209  -0.096986  0.018094
249  -0.042833  -0.016557  0.002109
250  0.041179  -0.222200  0.051068
251  0.046777  -0.008221  0.002256
252  0.043284  0.087101  0.009460
253  -0.039140  0.037873  0.002966
254  -0.203208  -0.060233  0.044922
255  0.025079  0.236785  0.056696
256  0.000871  -0.123422  0.015234
257  -0.020533  0.071746  0.005569
258  -0.046190  -0.072446  0.007382
259  -0.130005  -0.021750  0.017374
260  0.352472  0.093980  0.133069
261  -0.092617  0.140406  0.028292
262  -0.247251  0.105307  0.072223
263  0.058025  0.103807  0.014143
264  -0.041466  0.002938  0.001728
265  0.040368  0.178731  0.033574
266  0.076980  0.269868  0.078754
267  -0.016770  0.025861  0.000950
268  -0.264686  -0.004500  0.070079
269  0.046845  0.186213  0.036870
270  -0.198292  -0.159849  0.064872
271  0.176499  0.259039  0.098253
272  0.100683  -0.061985  0.013979
273  -0.211382  0.026793  0.045400
274  0.205780  -0.047261  0.044579
275  0.161691  0.113730  0.039079
276  0.110090  0.037043  0.013492
277  -0.233452  0.020458  0.054918
278  -0.283786  -0.063440  0.084559
279  -0.163391  -0.016171  0.026958
280  -0.078667  -0.199231  0.045881
281  0.066212  -0.079687  0.010734
282  0.142135  0.281855  0.099645
283  0.132159  0.196404  0.056041
284  0.079738  0.169299  0.035020
285  0.050050  -0.158022  0.027476
286  0.078073  -0.049785  0.008574
287  -0.057234  0.037060  0.004649
288  -0.064910  -0.117728  0.018073
289  0.205389  0.083361  0.049134
290  0.021849  -0.116156  0.013970
291  0.176159  -0.115010  0.044259
292  -0.005309  0.128523  0.016546
293  -0.202566  0.118184  0.055001
294  -0.017558  -0.071416  0.005408
295  -0.106144  -0.055814  0.014382
296  -0.036108  -0.055798  0.004417
297  0.170773  0.014694  0.029379
298  -0.387902  0.040709  0.152126
299  0.085958  0.016126  0.007649
300  0.025550  -0.099620  0.010577
301  -0.211424  0.138623  0.063917
302  0.007641  -0.422673  0.178711
303  0.090169  -0.037552  0.009541
304  0.061533  -0.013427  0.003967
305  0.129176  -0.011090  0.016809
306  -0.035858  -0.412256  0.171240
307  0.388240  0.099383  0.160607
308  0.132762  -0.000403  0.017626
309  0.237577  -0.017259  0.056741
310  -0.090581  -0.143872  0.028904
311  -0.011327  0.256709  0.066028
312  0.227797  0.016616  0.052168
313  -0.073389  -0.089069  0.013319
314  -0.167561  0.102217  0.038525
315  -0.292380  0.134293  0.103521
316  -0.300472  0.189987  0.126378
317  0.123664  -0.032207  0.016330
318  -0.183789  0.278374  0.111271
319  0.256948  0.025900  0.066693
320  0.165628  0.025064  0.028061
321  -0.075613  0.020266  0.006128
322  -0.064639  -0.007725  0.004238
323  0.077826  -0.381723  0.151769
324  0.147443  0.182770  0.055144
325  -0.026360  -0.286252  0.082635
326  -0.013179  0.241349  0.058423
327  0.160107  -0.511090  0.286848
328  -0.122982  -0.033586  0.016253
329  0.090562  0.115714  0.021591
330  0.139414  0.148336  0.041440
331  0.287998  0.230874  0.136246
332  0.060233  -0.115624  0.016997
333  0.174496  -0.279770  0.108720
334  -0.074246  0.005836  0.005546
335  -0.098295  -0.033545  0.010787
336  -0.001423  -0.001936  0.000006
337  -0.413402  0.010449  0.171011
338  0.248998  0.009384  0.062088
339  0.192596  -0.306086  0.130782
340  0.309465  0.001658  0.095772
341  -0.068990  0.050391  0.007299
342  -0.006032  0.171929  0.029596
343  -0.134876  0.057087  0.021450
344  0.256331  -0.150772  0.088438
345  -0.083641  0.174252  0.037360
346  0.215264  0.163084  0.072935
347  0.172957  -0.053417  0.032767
348  -0.042753  0.336790  0.115255
349  -0.221026  -0.113043  0.061631
350  0.074249  0.251091  0.068560
351  0.172029  -0.131106  0.046783
352  -0.328253  -0.185469  0.142149
353  -0.094103  -0.088058  0.016610
354  0.160260  0.018098  0.026011
355  0.042249  -0.401629  0.163091
356  -0.015935  0.311689  0.097404
357  -0.220356  0.126925  0.064667
358  -0.115624  -0.347376  0.134039
359  -0.093536  -0.032653  0.009815
360  0.148490  -0.100060  0.032061
361  0.256295  0.205759  0.108024
362  -0.174391  -0.130564  0.047459
363  0.289809  0.238537  0.140889
364  -0.643387  0.446177  0.613020
365  -0.015235  0.436720  0.190956
366  0.021535  0.014287  0.000668
367  -0.493586  -0.418644  0.418889
368  0.304276  -0.086978  0.100149
369  -0.345832  -0.338039  0.233870
370  -0.002103  -0.028701  0.000828
371  -0.153390  0.285365  0.104961
372  -0.134003  0.093141  0.026632
373  -0.375720  -0.113139  0.153966
374  -0.291964  0.228478  0.137445
375  0.217287  -0.271505  0.120929
376  -0.342035  -0.604699  0.482649
377  -0.095631  -0.640485  0.419366
378  -0.456641  0.259145  0.275678
379  -0.049543  0.080502  0.008935
380  1.011740  0.047955  1.025917
381  -0.020824  0.092786  0.009043
382  -0.186412  0.063469  0.038778
383  0.062621  0.310722  0.100470
384  -0.231322  0.377445  0.195975
385  0.191690  0.001398  0.036747
386  0.145305  0.064078  0.025220
387  -0.102364  -0.201262  0.050985
388  -0.007852  -0.004951  0.000086
389  0.349380  0.107622  0.133649
390  0.114636  -0.278203  0.090539
391  -0.289011  0.095310  0.092611
392  0.531862  0.099931  0.292863
393  -0.073307  -0.097379  0.014856
394  -0.331050  -0.188036  0.144951
395  -0.104971  0.165584  0.038437
396  -0.040099  0.557141  0.312014
397  0.088298  -0.075549  0.013504
398  0.374937  0.099164  0.150411
399  0.093917  -0.299382  0.098450
400  0.062269  0.291756  0.088999
401  -0.286940  -0.001005  0.082336
402  -0.186729  -0.218934  0.082800
403  0.070173  0.060303  0.008561
404  0.246349  0.323838  0.165559
405  0.145018  -0.158051  0.046010
406  -0.531767  -0.157630  0.307624
407  -0.164955  0.068832  0.031948
408  -0.153126  -0.011662  0.023584
409  -0.518938  -0.844266  0.982082
410  0.437002  0.030825  0.191921
411  0.324034  0.262934  0.174132
412  -0.082940  0.368794  0.142888
413  -0.167165  0.086594  0.035443
414  0.159674  -0.156902  0.050114
415  0.130032  -0.045130  0.018945
416  0.081626  -0.163878  0.033519
417  0.091502  -0.277012  0.085108
418  -0.014269  0.433486  0.188113
419  -0.001399  -0.309854  0.096011
420  0.249563  -0.324349  0.167484
421  -0.310682  -0.051746  0.099201
422  0.207410  0.016138  0.043279
423  -0.261649  -0.016582  0.068735
424  -0.451662  0.059497  0.207538
425  -0.044175  0.068313  0.006618
426  0.347310  0.351265  0.244011
427  0.383489  0.090188  0.155197
428  0.427398  -0.097971  0.192267
429  -0.502000  -0.048959  0.254401
430  -0.114112  0.090027  0.021126
431  -0.057556  0.450134  0.205933
432  0.101024  0.189352  0.046060
433  0.186498  0.081789  0.041471
434  0.638003  -0.082059  0.413781
435  -0.461663  -0.019707  0.213521
436  -0.181189  0.213850  0.078561
437  0.491963  -0.320691  0.344870
438  0.248024  0.003500  0.061528
439  -0.001637  -0.181607  0.032984
440  -0.001720  -0.127689  0.016308
441  -0.177604  0.149578  0.053917
442  0.295244  -0.074612  0.092736
443  0.090805  0.253950  0.072736
444  -0.429136  0.014933  0.184381
445  0.069237  0.115860  0.018217
446  -0.093147  0.094420  0.017592
447  -0.415858  -0.367441  0.307951
448  -0.309744  -0.044699  0.097940
449  0.509423  -0.095446  0.268622
450  0.595449  -0.072938  0.359879
451  0.263831  0.211106  0.114173
452  0.407644  0.443740  0.363079
453  -0.072863  0.434664  0.194242
454  -0.365691  0.171991  0.163311
455  0.076451  -0.367165  0.140655
456  0.568018  -0.155548  0.346840
457  0.247484  0.375925  0.202568
458  -0.091615  -0.449650  0.210578
459  0.799541  -0.242483  0.698063
460  -0.087501  -0.097966  0.017254
461  0.658690  0.123376  0.449094
462  -0.551714  -0.165772  0.331869
463  0.303522  -0.341514  0.208757
464  -0.654545  -0.593555  0.780737
465  0.141207  -0.234585  0.074970
466  0.784505  0.281554  0.694721
467  0.653216  -0.336837  0.540150
468  -0.479369  0.600311  0.590168
469  -0.007650  0.512647  0.262865
470  0.107306  -0.357854  0.139574
471  -0.320315  -0.311983  0.199935
472  -0.018087  -0.142272  0.020569
473  -0.310923  -0.197516  0.135686
474  -0.571216  -0.015799  0.326537
475  0.215155  0.298964  0.135671
476  -0.127035  -0.180766  0.048814
477  0.317627  -0.234725  0.155983
478  0.538038  0.366215  0.423598
479  0.065808  0.066413  0.008741
480  0.669604  -0.622684  0.836105
481  0.377158  0.212492  0.187401
482  0.204055  -0.372585  0.180458
483  0.343161  0.014012  0.117956
484  0.127744  0.146846  0.037882
485  -0.282346  -0.095076  0.088759
486  -0.311413  -0.160275  0.122666
487  -0.518443  0.279294  0.346789
488  -0.165085  -0.265656  0.097826
489  -0.516793  0.038466  0.268555
490  -0.627444  0.348936  0.515443
491  0.087513  0.087653  0.015342
492  0.639427  -0.133236  0.426618
493  -0.564337  -0.059058  0.321964
494  0.438379  -0.257054  0.258253
495  0.366073  0.751285  0.698438
496  0.203813  0.241118  0.099677
497  -0.032573  0.205032  0.043099
498  -0.156334  -0.191791  0.061224
499  0.426111  -0.275502  0.257471
500  0.177004  -0.270363  0.104427
501  -0.094256  -0.215101  0.055152
502  0.113303  -0.376695  0.154737
503  0.672520  -0.120563  0.466819
504  -0.175186  0.279531  0.108828
505  0.076023  -0.439267  0.198735
506  -1.004397  -0.152298  1.032008
507  0.017075  -0.401540  0.161526
508  0.403445  -0.278626  0.240401
509  -0.244246  0.035821  0.060939
510  -0.958810  -0.537446  1.208164
511  0.782995  0.591815  0.963326
512  -0.717336  -0.394917  0.670530
513  -0.996812  0.329037  1.101899
514  -0.275736  -0.579546  0.411904
515  -0.014176  0.200793  0.040519
516  -0.610516  0.206004  0.415168
517  0.231486  -0.330402  0.162751
518  0.377965  -0.095585  0.151994
519  0.123007  -0.592591  0.366295
520  0.333763  0.336196  0.224425
521  0.067974  -0.253806  0.069038
522  0.907367  0.549101  1.124828
523  -0.051040  -0.036713  0.003953
524  0.126673  -0.549117  0.317575
525  -0.296174  -0.005492  0.087749
526  -0.195567  -0.424294  0.218272
527  -0.100841  0.791697  0.636953
528  0.275039  0.119612  0.089953
529  0.127709  0.192967  0.053546
530  -0.128510  0.408992  0.183789
531  0.355595  -0.508539  0.385060
532  -0.140547  0.029059  0.020598
533  0.119363  -0.782679  0.626833
534  0.181425  0.459903  0.244426
535  -0.155447  0.329125  0.132487
536  1.026907  0.079094  1.060794
537  0.369714  -0.145549  0.157873
538  -0.041732  0.357644  0.129651
539  -0.275713  0.125065  0.091659
540  -0.905776  -0.280586  0.899159
541  -0.060953  0.099000  0.013516
542  0.368785  0.408417  0.302806
543  -0.169031  -0.091950  0.037026
544  0.219996  -0.099335  0.058266
545  0.400782  -0.703853  0.656036
546  -0.341525  -0.235399  0.172052
547  0.129950  0.154544  0.040771
548  0.221223  -0.299023  0.138354
549  -0.230699  -0.863695  0.799191
550  -0.266295  -0.390696  0.223556
551  -0.022697  -0.334170  0.112185
552  0.191729  -0.036263  0.038075
553  -0.029432  0.374125  0.140836
554  -0.051555  -0.032535  0.003716
555  0.380565  0.251354  0.208009
556  0.456261  -0.549895  0.510559
557  -0.237536  -0.319808  0.158701
558  -0.558823  -0.031477  0.313274
559  -0.305593  0.003405  0.093399
560  -0.307014  0.185491  0.128664
561  -0.384864  0.377312  0.290485
562  -0.332047  -0.409002  0.277538
563  -0.148464  -0.206543  0.064702
564  0.111387  0.141554  0.032445
565  -0.256032  0.059475  0.069090
566  0.885810  0.062445  0.788559
567  -0.169609  -0.111388  0.041174
568  -1.001678  0.219178  1.051398
569  0.272023  0.601258  0.435507
570  -0.281525  -0.783129  0.692547
571  -0.570270  0.133280  0.342972
572  0.070166  -0.184206  0.038855
573  -0.135591  -0.296884  0.106525
574  -0.101018  0.234897  0.065381
575  0.231956  0.439921  0.247335
576  0.410466  0.037073  0.169857
577  0.018486  -0.310067  0.096483
578  0.620365  0.352269  0.508946
579  -0.288910  0.020492  0.083889
580  0.001882  -0.003063  0.000013
581  0.005277  -0.010173  0.000131
582  -0.489508  -0.235403  0.295033
583  -0.270797  0.256994  0.139377
584  -0.499298  0.023598  0.249855
585  0.516124  0.202066  0.307214
586  0.005134  -0.306144  0.093751
587  -0.035879  -0.108921  0.013151
588  -0.316623  0.925425  0.956662
589  -0.306845  -0.919287  0.939243
590  -0.197828  -0.140423  0.058854
591  0.151662  0.411442  0.192286
592  -0.827433  -0.034644  0.685846
593  -0.376635  -0.151713  0.164871
594  0.108311  -0.679591  0.473575
595  0.009677  -0.350242  0.122763
596  -0.265229  0.158583  0.095495
597  -0.241460  -0.784747  0.674131
598  -0.382321  -0.626396  0.538541
599  0.237714  -0.614727  0.434398
600  -0.112921  0.965670  0.945270
601  -1.081531  -0.824027  1.848730
602  0.004827  0.108004  0.011688
603  0.261981  -0.157703  0.093504
604  -0.125418  0.177919  0.047385
605  0.116928  0.430986  0.199421
606  0.304003  0.153370  0.115940
607  -0.193078  -0.115046  0.050515
608  -0.344659  -0.090050  0.126899
609  -0.304120  -0.299487  0.182181
610  0.245787  -0.019961  0.060810
611  0.532348  0.334974  0.395602
612  0.059946  0.352136  0.127593
613  0.528645  -0.148787  0.301603
614  0.532519  0.461250  0.496328
615  0.303525  0.619746  0.476213
616  0.062083  -0.468943  0.223762
617  0.417301  0.413202  0.344876
618  0.193182  -0.046621  0.039493
619  0.487819  -0.013423  0.238147
620  -0.486987  0.531309  0.519445
621  -0.243387  0.507374  0.316666
622  -0.527699  -0.414213  0.450038
623  0.163745  0.402950  0.189181
624  0.538970  -0.517388  0.558179
625  0.102990  -0.636912  0.416264
626  0.206123  -0.247661  0.103823
627  0.290454  -0.098866  0.094138
628  -0.627757  -0.704483  0.890375
629  -0.385748  0.286733  0.231018
630  -0.004199  -0.223503  0.049971
631  0.625845  0.456070  0.599681
632  0.240338  0.125556  0.073527
633  0.094772  -0.677972  0.468628
634  -0.553228  -0.266440  0.377052
635  0.399549  -0.470592  0.381096
636  -0.142405  -0.220746  0.069008
637  -0.448370  -0.203317  0.242373
638  -0.141808  0.124672  0.035652
639  0.582431  -0.015872  0.339477
640  -0.138721  -0.136114  0.037771
641  0.857422  -0.749067  1.296274
642  -0.035765  0.741622  0.551282
643  -0.615073  0.323154  0.482743
644  -0.733147  -0.057049  0.540760
645  0.131326  0.078988  0.023486
646  -0.188343  0.286541  0.117579
647  -0.141325  0.025483  0.020622
648  -0.027800  -0.154664  0.024694
649  0.196141  0.286174  0.120367
650  -0.373610  -0.109740  0.151627
651  -0.375860  -0.028663  0.142092
652  0.379827  -0.042570  0.146081
653  0.251652  0.044682  0.065325
654  0.041484  0.260358  0.069507
655  0.338356  0.304033  0.206921
656  0.190432  0.054302  0.039213
657  0.301866  -0.487505  0.328784
658  -0.054332  0.181354  0.035841
659  -0.298509  0.168344  0.117447
660  -0.386145  0.541370  0.442189
661  -0.050984  -0.419158  0.178293
662  -0.059191  -0.631774  0.402641
663  -0.410206  0.202914  0.209443
664  0.078031  -0.473086  0.229899
665  0.179580  -0.014796  0.032468
666  0.572003  -0.023944  0.327761
667  -0.107696  0.062759  0.015537
668  -0.298602  -0.011571  0.089297
669  0.187826  0.150686  0.057985
670  0.297504  0.140719  0.108310
671  -0.529512  0.112197  0.292971
672  0.652591  0.142301  0.446124
673  0.143521  -0.585986  0.363978
674  0.033524  0.386217  0.150287
675  -0.055761  -0.511732  0.264979
676  0.350606  0.101909  0.133310
677  -0.115705  -0.147510  0.035147
678  -0.136529  0.145036  0.039676
679  -0.447353  -0.240264  0.257852
680  -0.014015  0.397577  0.158264
681  0.011439  -0.091617  0.008525
682  0.156030  0.396602  0.181639
683  0.263606  0.214838  0.115643
684  -0.173952  -0.433283  0.217993
685  0.220189  0.002721  0.048491
686  -0.101179  0.005688  0.010270
687  -0.112954  -0.169835  0.041602
688  -0.229774  0.025925  0.053468
689  -0.447926  0.000572  0.200638
690  0.188341  0.301916  0.126626
691  -0.252984  -0.033862  0.065147
692  0.125616  0.427261  0.198331
693  0.080141  -0.238464  0.063288
694  -0.093801  -0.272067  0.082819
695  -0.134243  0.379633  0.162142
696  0.174418  0.090520  0.038616
697  -0.047206  -0.332127  0.112537
698  0.193111  0.196702  0.075983
699  0.226925  0.342908  0.169081
700  -0.040004  -0.179826  0.033938
701  0.057756  0.280537  0.082037
702  0.100802  0.244193  0.069791
703  0.395637  -0.074750  0.162116
704  -0.196051  -0.632866  0.438955
705  0.532456  0.216858  0.330537
706  0.127261  -0.050222  0.018718
707  0.629130  -0.385536  0.544443
708  0.414749  0.114079  0.185031
709  0.138876  -0.095586  0.028423
710  -0.056508  -0.216880  0.050230
711  -0.264784  -0.236486  0.126036
712  -0.014606  0.188709  0.035824
713  -0.086262  -0.321756  0.110968
714  0.327546  -0.020309  0.107699
715  -0.052622  -0.052470  0.005522
716  -0.196921  -0.011813  0.038917
717  0.060907  0.387050  0.153518
718  -0.340493  0.477870  0.344296
719  -0.043788  0.042517  0.003725
720  -0.003438  0.333943  0.111530
721  0.104269  0.032644  0.011938
722  -0.297668  -0.480724  0.319702
723  -0.019777  -0.093685  0.009168
724  0.191599  0.385413  0.185253
725  0.248791  -0.066615  0.066335
726  -0.246892  0.154797  0.084918
727  -0.136602  0.056971  0.021906
728  0.255762  -0.116367  0.078955
729  -0.051924  0.469143  0.222791
730  0.396472  0.383168  0.304008
731  0.310206  -0.264974  0.166439
732  0.206095  -0.062354  0.046363
733  0.056063  0.011937  0.003286
734  0.053950  0.274890  0.078475
735  -0.031183  0.120840  0.015575
736  0.131963  -0.210589  0.061762
737  -0.139960  -0.034077  0.020750
738  -0.368365  0.044785  0.137699
739  0.082754  -0.184453  0.040871
740  -0.102537  -0.214916  0.056703
741  -0.125333  0.178404  0.047536
742  0.194906  0.166240  0.065624
743  -0.062185  -0.164129  0.030805
744  0.358435  -0.118012  0.142403
745  0.256292  0.121440  0.080434
746  -0.264071  0.007220  0.069786
747  0.163972  0.405109  0.191000
748  0.247856  0.071836  0.066593
749  0.178745  -0.059460  0.035485
750  -0.104008  -0.130413  0.027825
751  0.192641  -0.328608  0.145094
752  0.093893  -0.268740  0.081037
753  0.131443  -0.005546  0.017308
754  -0.086325  -0.229352  0.060054
755  -0.177167  0.050407  0.033929
756  -0.008048  0.015838  0.000316
757  -0.075883  0.180958  0.038504
758  0.198031  0.209979  0.083307
759  0.046456  0.293493  0.088297
760  -0.186557  0.263344  0.104153
761  0.019714  0.020936  0.000827
762  0.054557  0.255348  0.068179
763  -0.077996  -0.165328  0.033417
764  -0.062616  0.077902  0.009989
765  0.200956  0.181268  0.073242
766  0.185562  -0.075378  0.040115
767  0.080356  -0.176599  0.037644
768  -0.058591  0.206057  0.045893
769  0.331424  0.033117  0.110939
770  0.131048  -0.101083  0.027391
771  0.089116  -0.117139  0.021663
772  0.085812  -0.216849  0.054387
773  -0.285256  -0.150654  0.104068
774  0.082575  -0.271353  0.080451
775  -0.171845  -0.126656  0.045573
776  -0.081265  0.087235  0.014214
777  0.249409  0.101344  0.072476
778  -0.438914  -0.087889  0.200370
779  -0.062725  -0.147606  0.025722
780  0.025936  -0.164631  0.027776
781  -0.070092  0.321443  0.108238
782  -0.143966  -0.047204  0.022954
783  0.004212  -0.091097  0.008316
784  0.039071  -0.022214  0.002020
785  0.194447  -0.347551  0.158601
786  0.060931  0.061920  0.007547
787  0.075830  -0.318006  0.106878
788  -0.026036  0.040376  0.002308
789  0.005693  0.113169  0.012840
790  0.003132  -0.207330  0.042995
791  -0.280446  0.142500  0.098956
792  -0.160147  0.276497  0.102097
793  -0.174345  -0.003812  0.030411
794  0.008592  -0.037065  0.001448
795  0.008769  0.184411  0.034084
796  -0.179966  0.008736  0.032464
797  -0.004315  0.041718  0.001759
798  -0.234732  0.129346  0.071830
799  0.108353  0.264478  0.081689
800  0.142517  0.067723  0.024897
801  0.030188  0.181178  0.033737
802  0.194134  0.003104  0.037697
803  -0.060947  -0.143433  0.024288
804  0.087281  0.220487  0.056233
805  0.071003  -0.043920  0.006970
806  0.073720  0.044484  0.007413
807  0.064573  -0.145849  0.025442
808  0.122828  0.124657  0.030626
809  -0.059342  0.302524  0.095042
810  0.129015  0.177312  0.048084
811  0.103190  0.034521  0.011840
812  -0.285192  -0.296064  0.168988
813  -0.294455  -0.202329  0.127641
814  -0.281946  -0.006831  0.079540
815  -0.022233  -0.249111  0.062551
816  -0.158440  -0.001235  0.025105
817  0.042759  0.083381  0.008781
818  0.014042  0.203534  0.041623
819  -0.076321  -0.123792  0.021149
820  -0.309045  0.085038  0.102740
821  0.123615  -0.050014  0.017782
822  0.163044  0.079060  0.032834
823  0.197770  -0.013364  0.039292
824  0.024275  -0.080076  0.007002
825  -0.138820  0.139903  0.038844
826  -0.079879  -0.062857  0.010332
827  0.068466  0.089624  0.012720
828  0.079574  0.166807  0.034157
829  0.099622  0.009246  0.010010
830  -0.003652  0.137835  0.019012
831  -0.174381  0.112115  0.042978
832  -0.053145  -0.003658  0.002838
833  0.109801  0.136741  0.030754
834  -0.105115  0.048697  0.013421
835  0.138174  0.163344  0.045773
836  0.176192  -0.082639  0.037873
837  -0.033850  0.005322  0.001174
838  0.162980  -0.090264  0.034710
839  -0.104378  0.008726  0.010971
840  0.187271  -0.001411  0.035073
841  0.120848  0.009236  0.014690
842  -0.048562  -0.052040  0.005066
843  -0.190583  -0.053446  0.039178
844  -0.240428  -0.027326  0.058552
845  0.000929  -0.021641  0.000469
846  -0.256291  0.091849  0.074121
847  0.059897  -0.150251  0.026163
848  0.062446  0.120910  0.018519
849  0.010037  0.102250  0.010556
850  0.140469  0.078036  0.025821
851  0.003012  -0.095780  0.009183
852  -0.060059  -0.038972  0.005126
853  -0.049893  0.048884  0.004879
854  0.092886  0.048450  0.010975
855  -0.021331  0.136395  0.019059
856  -0.063111  -0.121445  0.018732
857  0.022668  -0.007318  0.000567
858  -0.091464  -0.120965  0.022998
859  0.040142  0.157427  0.026395
860  -0.100610  0.057444  0.013422
861  -0.040199  0.030976  0.002575
862  0.016106  0.007543  0.000316
863  0.044093  0.062815  0.005890
864  -0.029111  -0.035525  0.002109
865  0.006972  0.045575  0.002126
866  0.013520  -0.052806  0.002971
867  -0.050229  -0.173277  0.032548
868  -0.101963  0.047108  0.012616
869  -0.190370  -0.004923  0.036265
870  -0.030700  0.109746  0.012987
871  0.140289  -0.049782  0.022159
872  -0.037415  0.085618  0.008730
873  0.028659  0.048602  0.003184
874  0.072150  -0.048022  0.007512
875  -0.066554  -0.060085  0.008040
876  0.046212  -0.178923  0.034149
877  -0.018469  -0.175887  0.031277
878  0.026875  0.173111  0.030690
879  -0.140215  -0.137178  0.038478
880  0.027057  -0.034445  0.001919
881  0.052217  0.049001  0.005128
882  0.054086  0.033551  0.004051
883  0.114333  0.075082  0.018709
884  -0.057076  -0.031840  0.004271
885  -0.059036  0.169569  0.032239
886  -0.063286  -0.069495  0.008835
887  -0.140025  -0.014483  0.019817
888  -0.102098  0.080707  0.016938
889  0.002012  0.123052  0.015146
890  -0.108227  0.032424  0.012764
891  0.026986  -0.039037  0.002252
892  -0.119879  0.143161  0.034866
893  0.122889  0.028213  0.015898
894  -0.012970  -0.087066  0.007749
895  0.130628  0.022364  0.017564
896  -0.050958  0.040344  0.004224
897  0.004637  0.009411  0.000110
898  0.092147  0.007106  0.008542
899  -0.052599  -0.046602  0.004938
900  0.041399  0.042078  0.003484
901  0.021799  -0.107951  0.012129
902  -0.127256  0.044067  0.018136
903  -0.047378  0.077461  0.008245
904  -0.013596  0.056942  0.003427
905  -0.078984  -0.143100  0.026716
906  0.006054  0.042362  0.001831
907  -0.109001  0.058606  0.015316
908  -0.099429  -0.017338  0.010187
909  0.003289  0.039045  0.001535
910  -0.023071  -0.091680  0.008937
911  0.029873  -0.039034  0.002416
912  -0.113527  0.037269  0.014277
913  0.036478  0.085994  0.008726
914  -0.019377  -0.004210  0.000393
915  -0.155217  0.005086  0.024118
916  0.033320  -0.030309  0.002029
917  -0.085341  -0.008689  0.007359
918  -0.115949  0.037350  0.014839
919  0.023834  -0.039475  0.002126
920  -0.063840  -0.121682  0.018882
921  -0.019177  -0.060426  0.004019
922  0.042908  0.000160  0.001841
923  -0.061846  -0.110412  0.016016
924  0.019101  -0.092823  0.008981
925  -0.035399  0.061733  0.005064
926  -0.018249  -0.025288  0.000972
927  -0.064449  0.055183  0.007199
928  -0.003801  0.112391  0.012646
929  0.031086  0.099915  0.010949
930  -0.003501  -0.070761  0.005019
931  0.069721  -0.005067  0.004887
932  0.019789  -0.098492  0.010092
933  0.009843  0.002579  0.000104
934  0.002038  -0.080276  0.006448
935  -0.096211  0.024628  0.009863
936  -0.061840  0.031291  0.004803
937  -0.113884  0.033809  0.014113
938  0.028963  0.034768  0.002048
939  -0.024354  0.092715  0.009189
940  -0.042400  0.012343  0.001950
941  0.023998  -0.011231  0.000702
942  0.017225  0.053767  0.003188
943  -0.044538  -0.003705  0.001997
944  -0.108503  0.045580  0.013850
945  0.008032  0.015225  0.000296
946  -0.014331  0.081233  0.006804
947  0.060913  0.047706  0.005986
948  -0.005930  0.088725  0.007907
949  -0.037714  0.079063  0.007673
950  0.035098  0.041823  0.002981
951  -0.020136  -0.067634  0.004980
952  -0.063153  0.035144  0.005223
953  0.017251  0.040126  0.001908
954  0.016899  -0.027024  0.001016
955  0.034573  0.033114  0.002292
956  0.044967  0.001871  0.002026
957  -0.056947  0.002086  0.003247
958  0.058570  0.011322  0.003559
959  0.062699  0.003618  0.003944
960  -0.086528  0.008725  0.007563
961  0.095895  0.035781  0.010476
962  0.051626  0.043176  0.004529
963  -0.076496  0.073395  0.011239
964  -0.021888  0.048273  0.002809
965  0.044387  0.008383  0.002040
966  -0.040245  -0.067088  0.006121
967  0.008226  0.025146  0.000700
968  0.063821  0.116464  0.017637
969  -0.039584  0.047286  0.003803
970  0.046686  -0.038323  0.003648
971  -0.094724  0.073208  0.014332
972  -0.034490  -0.026648  0.001900
973  -0.046432  -0.024929  0.002777
974  -0.049093  0.065021  0.006638
975  -0.078936  0.030226  0.007144
976  0.010793  -0.111275  0.012499
977  -0.022239  0.025946  0.001168
978  0.069069  -0.049099  0.007181
979  0.099877  -0.124161  0.025391
980  0.075390  -0.058908  0.009154
981  0.037720  -0.021818  0.001899
982  0.024680  0.077638  0.006637
983  0.015828  -0.109976  0.012345
984  -0.022645  0.043255  0.002384
985  0.043509  0.079660  0.008239
986  0.082548  0.002900  0.006823
987  0.040948  -0.041526  0.003401
988  -0.041718  -0.038589  0.003230
989  -0.034139  0.087519  0.008825
990  -0.046132  -0.034857  0.003343
991  0.007337  0.047691  0.002328
992  0.029453  0.003923  0.000883
993  0.095172  0.001690  0.009060
994  -0.045550  -0.088148  0.009845
995  0.002369  0.048285  0.002337
996  -0.014099  0.000240  0.000199
997  0.016499  0.034691  0.001476
998  0.008545  -0.008962  0.000153
999  -0.031747  0.025408  0.001653
1000  -0.011584  -0.015382  0.000371
1001  0.053502  0.055648  0.005959
1002  -0.048629  -0.005944  0.002400
1003  0.029330  0.087882  0.008583
1004  0.039376  0.008307  0.001619
1005  -0.029758  0.000239  0.000886
1006  -0.055033  0.077807  0.009082
1007  0.092679  0.018513  0.008932
1008  -0.013564  0.037015  0.001554
1009  0.019208  0.097199  0.009817
1010  -0.017089  0.027229  0.001033
1011  -0.020238  0.018650  0.000757
1012  -0.018234  0.032993  0.001421
1013  0.027819  0.035853  0.002059
1014  0.015518  0.036017  0.001538
1015  0.055635  -0.052998  0.005904
1016  0.043275  0.018435  0.002213
1017  0.000027  0.035700  0.001274
1018  -0.023555  0.022520  0.001062
1019  0.039661  -0.016777  0.001854
1020  0.016965  -0.080909  0.006834
1021  0.028586  -0.001973  0.000821
1022  0.023879  0.029180  0.001422
1023  0.045030  -0.063931  0.006115
1024  -0.028780  0.005551  0.000859
1025  -0.013009  0.072270  0.005392
1026  -0.008550  -0.011810  0.000213
1027  0.051104  -0.025165  0.003245
1028  0.027818  -0.059198  0.004278
1029  0.054178  -0.042682  0.004757
1030  -0.003818  -0.008769  0.000091
1031  -0.012399  0.018608  0.000500
1032  -0.050044  0.015693  0.002751
1033  0.009009  -0.029373  0.000944
1034  -0.002448  0.026267  0.000696
1035  0.021739  0.027145  0.001209
1036  -0.080306  0.023989  0.007025
1037  -0.036050  -0.009430  0.001389
1038  0.034436  0.040194  0.002801
1039  -0.030851  -0.017210  0.001248
1040  0.070903  0.042262  0.006813
1041  -0.006494  0.035973  0.001336
1042  -0.013079  -0.007948  0.000234
1043  -0.019400  0.015830  0.000627
1044  0.057522  -0.026899  0.004032
1045  -0.006453  -0.043924  0.001971
1046  -0.003901  0.004129  0.000032
1047  0.050078  -0.048309  0.004842
1048  -0.039083  0.027723  0.002296
1049  0.081566  0.005647  0.006685
1050  -0.033171  -0.010277  0.001206
1051  0.044564  -0.047511  0.004243
1052  0.002201  -0.012536  0.000162
1053  0.016794  0.012195  0.000431
1054  0.010842  -0.004046  0.000134
1055  0.023964  0.000133  0.000574
1056  0.016768  -0.010363  0.000389
1057  0.033225  -0.004241  0.001122
1058  0.058414  -0.002216  0.003417
1059  -0.010290  0.023798  0.000672
1060  -0.014016  -0.021060  0.000640
1061  -0.036075  -0.057745  0.004636
1062  -0.003263  0.043743  0.001924
1063  0.020184  0.054604  0.003389
1064  -0.019766  0.016621  0.000667
1065  -0.036510  -0.068145  0.005977
1066  -0.036934  0.017392  0.001667
1067  0.055118  0.005371  0.003067
1068  0.003307  -0.018392  0.000349
1069  0.011572  0.022629  0.000646
1070  0.004450  0.051731  0.002696
1071  -0.009000  0.020038  0.000483
1072  -0.023489  -0.034076  0.001713
1073  -0.027327  0.039718  0.002324
1074  0.023055  -0.059449  0.004066
1075  -0.004411  -0.000319  0.000020
1076  0.014034  0.002560  0.000204
1077  0.000532  -0.032226  0.001039
1078  -0.014394  0.017228  0.000504
1079  0.034580  -0.018404  0.001535
1080  0.007941  -0.011649  0.000199
1081  -0.036984  -0.061823  0.005190
1082  0.016513  -0.011261  0.000399
1083  -0.015277  -0.059310  0.003751
1084  0.031716  -0.013856  0.001198
1085  -0.054734  0.020591  0.003420
1086  0.020129  0.025727  0.001067
1087  -0.001313  0.000198  0.000002
1088  0.010720  -0.063829  0.004189
1089  -0.011265  0.003760  0.000141
1090  -0.032749  0.016863  0.001357
1091  -0.040077  0.003539  0.001619
1092  0.023156  0.010886  0.000655
1093  -0.023410  0.014035  0.000745
1094  0.001353  -0.029374  0.000865
1095  -0.010760  -0.004270  0.000134
1096  -0.010375  0.014762  0.000326
1097  -0.020444  0.017330  0.000718
1098  0.066669  0.029579  0.005320
1099  -0.000375  -0.030936  0.000957
1100  0.024291  0.008304  0.000659
1101  0.005148  0.020503  0.000447
1102  0.007696  0.045624  0.002141
1103  0.046759  -0.041281  0.003891
1104  0.049806  -0.029681  0.003362
1105  -0.023540  0.027058  0.001286
1106  0.043157  0.045689  0.003950
1107  -0.014044  -0.046326  0.002343
1108  -0.045041  -0.023395  0.002576
1109  -0.056385  0.007362  0.003234
1110  -0.029983  0.065060  0.005132
1111  0.020106  -0.008972  0.000485
1112  -0.030375  -0.050722  0.003495
1113  -0.015550  0.000918  0.000243
1114  0.052720  -0.003213  0.002790
1115  0.010272  -0.082575  0.006924
1116  0.016151  0.047327  0.002501
1117  0.015950  -0.000816  0.000255
1118  0.006475  0.009664  0.000135
1119  -0.028212  0.033692  0.001931
1120  0.049471  -0.010578  0.002559
1121  0.068229  0.045730  0.006746
1122  -0.031491  0.015666  0.001237
1123  -0.007354  0.026810  0.000773
1124  0.010276  -0.014546  0.000317
1125  -0.018470  0.011449  0.000472
1126  -0.022205  -0.017466  0.000798
1127  -0.032721  0.011526  0.001204
1128  0.015652  0.012712  0.000407
1129  -0.000754  -0.004187  0.000018
1130  -0.047363  0.086910  0.009797
1131  0.006805  0.083833  0.007074
1132  -0.015996  -0.016462  0.000527
1133  -0.014592  -0.012887  0.000379
1134  0.007087  -0.019028  0.000412
1135  -0.021156  0.021744  0.000920
1136  -0.017390  0.002183  0.000307
1137  -0.001588  0.031446  0.000991
1138  0.002111  -0.009031  0.000086
1139  0.013588  -0.012529  0.000342
1140  -0.026297  -0.021350  0.001147
1141  -0.042875  -0.028237  0.002636
1142  0.031777  0.028325  0.001812
1143  -0.013081  0.045579  0.002249
1144  0.051293  0.038618  0.004122
1145  -0.011553  0.023163  0.000670
1146  0.055737  0.055479  0.006185
1147  0.050392  -0.080713  0.009054
1148  -0.067193  -0.031484  0.005506
1149  -0.038489  0.056389  0.004661
1150  -0.001114  -0.039314  0.001547
1151  0.054483  0.033090  0.004063
1152  0.009460  -0.045277  0.002140
1153  -0.001702  -0.002911  0.000011
1154  -0.026647  -0.046499  0.002872
1155  0.099529  -0.025832  0.010573
1156  0.016569  -0.045806  0.002373
1157  -0.014645  -0.055227  0.003265
1158  0.048601  0.053638  0.005239
1159  -0.037344  0.024143  0.001977
1160  -0.022574  0.050061  0.003016
1161  -0.023964  0.046002  0.002690
1162  0.025188  0.031791  0.001645
1163  0.025341  -0.024454  0.001240
1164  0.047641  -0.037628  0.003685
1165  -0.029999  0.020556  0.001322
1166  -0.010324  -0.011939  0.000249
1167  0.051286  -0.011552  0.002764
1168  -0.010419  -0.019751  0.000499
1169  -0.042418  0.009243  0.001885
1170  0.024135  -0.023665  0.001143
1171  0.028565  -0.036617  0.002157
1172  0.041290  -0.007258  0.001758
1173  0.013248  -0.035852  0.001461
1174  0.048883  0.060298  0.006025
1175  -0.020238  0.027248  0.001152
1176  -0.004016  0.009492  0.000106
1177  0.063974  0.015161  0.004323
1178  -0.051355  -0.016087  0.002896
1179  -0.002279  0.034635  0.001205
1180  0.017190  0.002367  0.000301
1181  -0.017899  -0.003971  0.000336
1182  -0.002310  0.043778  0.001922
1183  0.000347  0.036227  0.001313
1184  -0.026273  0.059181  0.004193
1185  -0.027658  0.018632  0.001112
1186  0.033233  0.049717  0.003576
1187  0.010610  -0.003741  0.000127
1188  -0.022363  -0.033521  0.001624
1189  0.056675  0.001857  0.003216
1190  -0.017179  0.011120  0.000419
1191  -0.019754  0.021228  0.000841
1192  0.053757  0.033486  0.004011
1193  -0.008517  -0.037946  0.001512
1194  -0.013073  -0.016699  0.000450
1195  0.019910  -0.002990  0.000405
1196  -0.017410  -0.025145  0.000935
1197  0.017772  0.045948  0.002427
1198  -0.021164  -0.031288  0.001427
1199  0.015404  0.010166  0.000341
1200  -0.016876  0.017393  0.000587
1201  -0.027767  0.009460  0.000861
1202  0.023825  -0.053292  0.003408
1203  0.007214  -0.004310  0.000071
1204  0.039347  0.002376  0.001554
1205  0.005875  -0.043690  0.001943
1206  0.021390  0.028909  0.001293
1207  0.060172  0.044159  0.005571
1208  0.075291  -0.035363  0.006919
1209  -0.029228  -0.005988  0.000890
1210  0.012224  -0.000789  0.000150
1211  -0.005666  -0.041683  0.001770
1212  -0.049576  0.008567  0.002531
1213  0.034856  -0.010991  0.001336
1214  -0.003085  -0.014303  0.000214
1215  0.077559  0.000872  0.006016
1216  0.025139  -0.023933  0.001205
1217  -0.033245  -0.000023  0.001105
1218  0.025303  -0.020719  0.001070
1219  -0.020196  0.022423  0.000911
1220  -0.048294  -0.041445  0.004050
1221  -0.006634  0.006639  0.000088
1222  -0.008245  -0.019723  0.000457
1223  -0.044583  0.041261  0.003690
1224  0.021978  -0.023156  0.001019
1225  0.002496  0.008961  0.000087
1226  -0.000342  -0.005482  0.000030
1227  0.035796  0.007016  0.001331
1228  -0.030145  -0.056522  0.004103
1229  0.008824  -0.015168  0.000308
1230  -0.051263  -0.049624  0.005090
1231  -0.047562  -0.038831  0.003770
1232  0.045396  0.044019  0.003999
1233  0.013455  -0.000532  0.000181
1234  -0.011889  -0.050283  0.002670
1235  0.001611  -0.009411  0.000091
1236  -0.053119  0.025089  0.003451
1237  -0.002320  -0.035328  0.001253
1238  -0.053288  0.046696  0.005020
1239  -0.021415  -0.006608  0.000502
1240  -0.005901  0.018308  0.000370
1241  -0.021832  0.048024  0.002783
1242  -0.012975  -0.004423  0.000188
1243  -0.084794  -0.031765  0.008199
1244  -0.036751  0.025274  0.001989
1245  0.040267  0.029264  0.002478
1246  0.049699  0.002338  0.002475
1247  0.025013  -0.013900  0.000819
1248  0.025561  0.005119  0.000680
1249  -0.039989  -0.027932  0.002379
1250  0.002313  -0.024699  0.000615
1251  -0.015405  -0.033242  0.001342
1252  0.030813  0.047486  0.003204
1253  0.009270  -0.023513  0.000639
1254  0.005198  0.013652  0.000213
1255  0.032486  -0.025824  0.001722
1256  -0.037317  -0.001257  0.001394
1257  0.069980  0.039401  0.006450
1258  -0.020326  0.001431  0.000415
1259  -0.012118  0.005147  0.000173
1260  -0.038071  -0.030719  0.002393
1261  0.034915  -0.010067  0.001320
1262  0.022663  -0.021120  0.000960
1263  -0.025932  -0.053726  0.003559
1264  -0.029995  -0.026127  0.001582
1265  -0.034494  0.009731  0.001285
1266  0.008457  0.010152  0.000175
1267  -0.010464  -0.035073  0.001340
1268  -0.010501  -0.010232  0.000215
1269  0.030991  -0.008864  0.001039
1270  -0.013362  -0.027222  0.000920
1271  0.014158  0.001759  0.000204
1272  -0.003017  -0.037889  0.001445
1273  -0.007690  0.011997  0.000203
1274  -0.019076  0.023443  0.000913
1275  -0.048485  -0.016138  0.002611
1276  -0.020408  -0.006444  0.000458
1277  -0.017754  -0.041805  0.002063
1278  -0.004338  -0.000794  0.000019
1279  -0.027181  0.003125  0.000749
1280  0.059016  0.042706  0.005307
1281  0.021878  -0.014389  0.000686
1282  -0.005365  0.011341  0.000157
1283  0.025357  0.053153  0.003468
1284  0.019318  -0.014012  0.000569
1285  0.007086  0.040913  0.001724
1286  0.040225  -0.047429  0.003868
1287  -0.043310  -0.005457  0.001906
1288  0.016892  -0.002854  0.000293
1289  0.023081  0.010322  0.000639
1290  0.001063  -0.047662  0.002273
1291  -0.007101  0.046630  0.002225
1292  0.001862  -0.020909  0.000441
1293  -0.026625  -0.032929  0.001793
1294  0.053751  0.012426  0.003044
1295  0.016419  -0.036118  0.001574
1296  0.037405  0.021155  0.001847
1297  -0.021677  -0.000633  0.000470
1298  0.012823  0.001813  0.000168
1299  0.015054  -0.023334  0.000771
1300  0.009178  0.022187  0.000577
1301  -0.045811  0.061498  0.005881
1302  0.000630  0.022947  0.000527
1303  -0.003988  -0.002327  0.000021
1304  -0.006687  0.009742  0.000140
1305  0.005017  -0.033732  0.001163
1306  -0.045600  -0.030576  0.003014
1307  0.027641  -0.002855  0.000772
1308  0.005946  -0.004520  0.000056
1309  0.026663  -0.058657  0.004151
1310  -0.015328  -0.001122  0.000236
1311  -0.021043  0.047151  0.002666
1312  0.039657  0.017236  0.001870
1313  0.027441  -0.002402  0.000759
1314  -0.003407  -0.041748  0.001754
1315  -0.061914  -0.058646  0.007273
1316  0.048477  0.043367  0.004231
1317  -0.005372  0.001596  0.000031
1318  -0.040047  0.033461  0.002723
1319  -0.036295  -0.004397  0.001337
1320  -0.014452  0.015563  0.000451
1321  0.023808  0.002629  0.000574
1322  -0.007156  -0.003726  0.000065
1323  -0.024899  0.026936  0.001345
1324  -0.021763  0.009818  0.000570
1325  -0.018525  -0.026403  0.001040
1326  0.052336  0.027894  0.003517
1327  -0.048265  0.031643  0.003331
1328  -0.003634  0.016932  0.000300
1329  -0.033093  -0.020681  0.001523
1330  -0.001437  0.049354  0.002438
1331  0.018815  0.012584  0.000512
1332  0.046185  -0.005678  0.002165
1333  0.017610  0.008606  0.000384
1334  -0.021753  -0.001296  0.000475
1335  -0.005365  -0.003923  0.000044
1336  0.006529  0.052630  0.002812
1337  -0.049955  -0.011512  0.002628
1338  -0.049256  -0.042304  0.004216
1339  -0.019167  0.037734  0.001791
1340  0.020053  -0.020143  0.000808
1341  0.007098  0.002087  0.000055
1342  -0.027553  -0.013647  0.000945
1343  0.000524  -0.042381  0.001796
1344  0.043824  -0.042139  0.003696
1345  -0.002274  0.025093  0.000635
1346  -0.006915  -0.063034  0.004021
1347  -0.015443  0.023155  0.000775
1348  0.019720  0.025635  0.001046
1349  -0.022880  0.039619  0.002093
1350  0.006986  -0.010139  0.000152
1351  -0.034032  0.015172  0.001388
1352  -0.024307  -0.015658  0.000836
1353  0.012039  0.030065  0.001049
1354  0.000902  0.000089  0.000001
1355  0.014303  0.032165  0.001239
1356  0.014956  0.047316  0.002462
1357  -0.029504  -0.024831  0.001487
1358  -0.010010  -0.031013  0.001062
1359  0.037003  0.019702  0.001757
1360  -0.005937  -0.029195  0.000888
1361  0.018185  -0.024790  0.000945
1362  -0.062132  -0.010158  0.003964
1363  -0.018339  -0.013406  0.000516
1364  0.035217  -0.030938  0.002197
1365  -0.010557  -0.005892  0.000146
1366  -0.028895  -0.001750  0.000838
1367  -0.007014  -0.054886  0.003062
1368  0.014466  -0.027589  0.000970
1369  0.007058  0.028669  0.000872
1370  0.050327  0.014876  0.002754
1371  0.032301  -0.009584  0.001135
1372  0.019563  0.014581  0.000595
1373  0.027114  0.008890  0.000814
1374  0.021294  -0.009075  0.000536
1375  -0.012238  -0.011138  0.000274
1376  -0.005546  -0.011252  0.000157
1377  0.003274  0.051461  0.002659
1378  0.040097  -0.006721  0.001653
1379  0.037709  0.011811  0.001561
1380  -0.026232  -0.023404  0.001236
1381  0.016475  -0.002373  0.000277
1382  0.002035  0.008339  0.000074
1383  0.015100  -0.011123  0.000352
1384  0.029200  -0.023982  0.001428
1385  0.075087  0.003501  0.005650
1386  -0.024626  0.002258  0.000612
1387  -0.010526  -0.038478  0.001591
1388  0.003511  0.031331  0.000994
1389  -0.000258  -0.001734  0.000003
1390  0.025615  -0.015099  0.000884
1391  -0.023657  0.018761  0.000912
1392  0.041436  0.070440  0.006679
1393  -0.034341  -0.020357  0.001594
1394  -0.005874  -0.019824  0.000427
1395  -0.004659  0.030894  0.000976
1396  0.001558  -0.043812  0.001922
1397  0.017054  -0.003625  0.000304
1398  0.011766  0.019951  0.000536
1399  -0.004733  -0.004705  0.000045
1400  0.018707  0.023956  0.000924
1401  0.009052  -0.008244  0.000150
1402  0.014980  -0.003596  0.000237
1403  0.040578  -0.023276  0.002188
1404  0.050565  -0.036245  0.003871
1405  0.025412  -0.035531  0.001908
1406  0.010060  -0.019715  0.000490
1407  -0.024710  0.017684  0.000923
1408  -0.019180  -0.016330  0.000635
1409  -0.014884  0.021588  0.000688
1410  0.038941  0.038493  0.002998
1411  0.015074  0.014901  0.000449
1412  -0.011117  -0.012610  0.000283
1413  -0.042671  -0.005402  0.001850
1414  -0.022142  -0.025122  0.001121
1415  0.037586  -0.053070  0.004229
1416  0.009024  -0.018399  0.000420
1417  0.021666  0.052385  0.003214
1418  -0.021651  0.017979  0.000792
1419  -0.005308  0.002384  0.000034
1420  -0.032176  -0.024398  0.001631
1421  -0.025803  -0.029461  0.001534
1422  0.037195  0.000064  0.001383
1423  -0.016421  -0.024003  0.000846
1424  0.004896  -0.010538  0.000135
1425  -0.005759  -0.036616  0.001374
1426  0.010866  0.015274  0.000351
1427  -0.028289  0.015781  0.001049
1428  0.032244  0.031174  0.002012
1429  0.008553  0.006993  0.000122
1430  0.006917  -0.061844  0.003873
1431  -0.004048  -0.036353  0.001338
1432  0.001202  -0.014104  0.000200
1433  0.049450  0.020080  0.002849
1434  -0.012859  -0.026297  0.000857
1435  -0.031243  -0.031264  0.001954
1436  -0.027046  0.029895  0.001625
1437  0.052150  0.034094  0.003882
1438  0.058708  -0.014959  0.003670
1439  -0.019236  -0.009679  0.000464
1440  0.030368  -0.012722  0.001084
1441  0.088649  0.007896  0.007921
1442  0.020963  -0.060004  0.004040
1443  -0.014168  0.002902  0.000209
1444  -0.064779  -0.021568  0.004662
1445  -0.013863  -0.007155  0.000243
1446  -0.040378  -0.032870  0.002711
1447  0.029753  0.010922  0.001005
1448  0.003129  0.007917  0.000072
1449  0.020088  -0.012373  0.000557
1450  0.039745  -0.030678  0.002521
1451  0.031904  -0.015153  0.001248
1452  -0.004458  -0.001513  0.000022
1453  -0.022959  0.004765  0.000550
1454  0.025283  0.006742  0.000685
1455  -0.056444  0.013144  0.003359
1456  -0.005907  0.012573  0.000193
1457  -0.016975  0.010984  0.000409
1458  -0.030223  -0.059651  0.004472
1459  -0.010842  -0.051177  0.002737
1460  0.023828  -0.025248  0.001205
1461  -0.046101  0.010842  0.002243
1462  0.012335  0.038489  0.001634
1463  -0.016939  -0.003228  0.000297
1464  -0.018314  0.015988  0.000591
1465  0.022689  -0.015528  0.000756
1466  0.022158  0.027744  0.001261
1467  0.001859  -0.005856  0.000038
1468  -0.002087  -0.007767  0.000065
1469  0.008558  0.044106  0.002019
1470  -0.031722  0.003951  0.001022
1471  -0.016045  -0.059374  0.003783
1472  0.001776  0.008581  0.000077
1473  -0.015062  0.010764  0.000343
1474  0.021867  -0.040074  0.002084
1475  0.010522  0.030051  0.001014
1476  0.049930  -0.008050  0.002558
1477  0.025726  -0.012728  0.000824
1478  -0.024267  0.035632  0.001859
1479  0.037424  0.016423  0.001670
1480  -0.017565  -0.022776  0.000827
1481  -0.063438  0.044084  0.005968
1482  0.009374  0.009996  0.000188
1483  -0.005055  -0.018908  0.000383
1484  0.020513  0.012865  0.000586
1485  0.021936  0.018229  0.000813
1486  -0.003975  -0.035575  0.001281
1487  -0.035143  -0.029037  0.002078
1488  -0.001154  0.031780  0.001011
1489  0.017150  0.016555  0.000568
1490  -0.036567  0.047853  0.003627
1491  0.001240  -0.027691  0.000768
1492  0.008504  0.019730  0.000462
1493  0.032144  -0.067005  0.005523
1494  -0.030302  0.008765  0.000995
1495  0.017272  0.005322  0.000327
1496  0.023887  -0.035645  0.001841
1497  0.004528  -0.021948  0.000502
1498  0.005529  0.046018  0.002148
1499  0.003939  0.005276  0.000043
1500  0.031471  -0.005321  0.001019
1501  0.005642  0.008530  0.000105
1502  0.019422  0.013146  0.000550
1503  0.019962  -0.007787  0.000459
1504  -0.029385  -0.012907  0.001030
1505  -0.006825  0.014087  0.000245
1506  0.003437  -0.042466  0.001815
1507  0.038949  0.001871  0.001521
1508  0.031054  0.007259  0.001017
1509  -0.019607  0.007482  0.000440
1510  -0.026867  0.026106  0.001403
1511  0.012041  -0.013568  0.000329
1512  -0.012931  0.044371  0.002136
1513  0.024917  0.020498  0.001041
1514  -0.022389  0.043682  0.002409
1515  0.018552  -0.030264  0.001260
1516  0.025503  0.012372  0.000803
1517  -0.045510  -0.023546  0.002626
1518  0.007262  -0.024329  0.000645
1519  -0.061519  -0.041069  0.005471
1520  0.032570  -0.033197  0.002163
1521  -0.032180  0.005411  0.001065
1522  0.064567  -0.005278  0.004197
1523  -0.029120  -0.024661  0.001456
1524  0.023691  0.002212  0.000566
1525  -0.003092  0.002489  0.000016
1526  -0.004753  0.010143  0.000125
1527  -0.049147  -0.014620  0.002629
1528  0.023941  -0.035210  0.001813
1529  0.032158  -0.022603  0.001545
1530  0.037521  -0.052220  0.004135
1531  0.015776  -0.002749  0.000256
1532  0.024579  0.009035  0.000686
1533  0.049051  0.025734  0.003068
1534  0.010451  0.012950  0.000277
1535  0.028801  -0.040238  0.002449
1536  0.002576  0.020970  0.000446
1537  -0.016517  -0.016478  0.000544
1538  -0.013215  0.013140  0.000347
1539  0.004585  0.000603  0.000021
1540  -0.004412  0.061533  0.003806
1541  0.011070  0.026993  0.000851
1542  -0.034409  -0.038849  0.002693
1543  0.047186  -0.025715  0.002888
1544  -0.043599  -0.005995  0.001937
1545  -0.029872  -0.006548  0.000935
1546  0.015742  0.006511  0.000290
1547  -0.007937  -0.011304  0.000191
1548  0.038485  0.049326  0.003914
1549  0.004027  0.037566  0.001427
1550  -0.017744  -0.002653  0.000322
1551  0.015424  -0.007651  0.000296
1552  -0.005906  0.006385  0.000076
1553  0.002740  0.052272  0.002740
1554  -0.017419  -0.027164  0.001041
1555  0.001280  -0.023800  0.000568
1556  0.035835  -0.004161  0.001301
1557  -0.022262  0.037958  0.001936
1558  -0.040800  -0.015727  0.001912
1559  -0.058938  -0.026959  0.004200
1560  0.030016  -0.003729  0.000915
1561  0.035533  -0.015063  0.001490
1562  0.033187  0.005330  0.001130
1563  0.036364  0.003812  0.001337
1564  -0.009920  0.031359  0.001082
1565  0.063531  0.004221  0.004054
1566  0.023754  -0.058331  0.003967
1567  0.019410  -0.003757  0.000391
1568  0.037650  0.014316  0.001622
1569  -0.008433  -0.012709  0.000233
1570  -0.005552  -0.003274  0.000042
1571  -0.016823  -0.016792  0.000565
1572  -0.019487  0.011487  0.000512
1573  0.008159  -0.001420  0.000069
1574  -0.000204  0.043857  0.001924
1575  -0.003431  0.039779  0.001594
1576  -0.012783  -0.021844  0.000641
1577  -0.017429  -0.035613  0.001572
1578  -0.000369  0.024818  0.000616
1579  0.022221  -0.002918  0.000502
1580  -0.035570  0.006519  0.001308
1581  -0.028445  -0.024488  0.001409
1582  0.013308  0.019553  0.000559
1583  -0.000631  -0.021348  0.000456
1584  0.020707  0.046104  0.002554
1585  0.004179  -0.024595  0.000622
1586  0.036745  -0.019787  0.001742
1587  0.006325  -0.024654  0.000648
1588  0.028538  0.023677  0.001375
1589  0.038225  0.030462  0.002389
1590  0.036120  -0.017852  0.001623
1591  0.009862  -0.009663  0.000191
1592  0.035212  -0.024061  0.001819
1593  -0.043333  -0.009900  0.001976
1594  -0.042838  -0.000405  0.001835
1595  0.000027  -0.009861  0.000097
1596  -0.015550  0.015428  0.000480
1597  -0.002715  -0.033851  0.001153
1598  0.001403  0.020442  0.000420
1599  0.050037  0.027087  0.003237
1600  -0.040679  -0.016061  0.001913
1601  -0.065691  0.017130  0.004609
1602  0.022958  -0.028318  0.001329
1603  0.017524  0.000490  0.000307
1604  -0.018680  0.033524  0.001473
1605  -0.015108  0.007382  0.000283
1606  -0.019270  -0.000035  0.000371
1607  0.009701  -0.017058  0.000385
1608  0.045829  -0.024486  0.002700
1609  0.010272  0.042365  0.001900
1610  0.028232  -0.015935  0.001051
1611  0.002200  -0.023847  0.000574
1612  -0.003605  -0.009815  0.000109
1613  0.017016  0.011553  0.000423
1614  0.039880  -0.006254  0.001630
1615  0.013068  -0.006356  0.000211
1616  -0.019428  -0.010769  0.000493
1617  0.005898  -0.020616  0.000460
1618  -0.049342  -0.001943  0.002438
1619  -0.009362  -0.009023  0.000169
1620  -0.045192  -0.001109  0.002044
1621  0.012342  0.041984  0.001915
1622  0.023075  0.031846  0.001547
1623  0.044972  -0.029823  0.002912
1624  0.038405  -0.026012  0.002152
1625  -0.011367  0.010950  0.000249
1626  0.016163  0.002478  0.000267
1627  0.046247  0.006584  0.002182
1628  0.012814  -0.028467  0.000975
1629  0.002002  0.025198  0.000639
1630  -0.015224  0.019652  0.000618
1631  -0.000241  -0.006332  0.000040
1632  0.011797  -0.022699  0.000654
1633  -0.035674  -0.001741  0.001276
1634  0.041614  -0.027196  0.002471
1635  0.010410  -0.034560  0.001303
1636  0.063701  0.002357  0.004063
1637  -0.002106  -0.048592  0.002366
1638  0.012951  -0.002651  0.000175
1639  -0.009221  -0.019466  0.000464
1640  -0.005143  0.004619  0.000048
1641  0.030736  0.023476  0.001496
1642  0.018530  -0.009596  0.000435
1643  0.024126  0.012266  0.000732
1644  -0.002601  0.020728  0.000436
1645  -0.009642  -0.023691  0.000654
1646  0.035527  -0.007009  0.001311
1647  0.058053  -0.009078  0.003453
1648  -0.032369  0.011625  0.001183
1649  -0.012900  0.021578  0.000632
1650  0.017875  -0.004720  0.000342
1651  0.012397  0.026335  0.000847
1652  -0.014664  -0.015150  0.000445
1653  -0.005572  0.040545  0.001675
1654  0.019575  0.033266  0.001490
1655  -0.024855  -0.006604  0.000661
1656  0.013397  0.006007  0.000216
1657  -0.018105  0.019654  0.000714
1658  -0.011623  -0.024440  0.000732
1659  0.023330  0.047162  0.002769
1660  0.023450  0.035023  0.001776
1661  0.013007  0.007188  0.000221
1662  0.009432  0.007554  0.000146
1663  -0.022235  0.027194  0.001234
1664  0.037320  0.007518  0.001449
1665  0.028921  -0.013236  0.001012
1666  -0.011284  0.005149  0.000154
1667  0.018828  0.022708  0.000870
1668  -0.036613  -0.020354  0.001755
1669  -0.016077  -0.006118  0.000296
1670  0.013822  0.015111  0.000419
1671  -0.006359  -0.015309  0.000275
1672  0.033489  0.012545  0.001279
1673  0.034612  0.011809  0.001337
1674  -0.042278  -0.007874  0.001849
1675  -0.049832  0.036444  0.003811
1676  0.040978  0.027107  0.002414
1677  0.009310  0.018180  0.000417
1678  0.025309  0.039657  0.002213
1679  -0.032319  0.006061  0.001081
1680  -0.022343  0.036839  0.001856
1681  0.007196  -0.005448  0.000081
1682  -0.023010  -0.039629  0.002100
1683  0.009104  -0.043736  0.001996
1684  0.015878  -0.040153  0.001864
1685  -0.029532  -0.041548  0.002598
1686  0.017280  0.004156  0.000316
1687  -0.027144  -0.046929  0.002939
1688  -0.023715  -0.014280  0.000766
1689  0.001472  -0.028916  0.000838
1690  0.001963  -0.018930  0.000362
1691  0.022029  -0.018297  0.000820
1692  0.006261  0.000902  0.000040
1693  -0.035121  -0.009552  0.001325
1694  0.072492  0.016004  0.005511
1695  0.008129  -0.044783  0.002072
1696  -0.059551  -0.011522  0.003679
1697  0.029110  -0.027682  0.001614
1698  0.018076  0.006228  0.000366
1699  -0.002029  0.019021  0.000366
1700  0.033985  -0.034155  0.002322
1701  -0.010062  0.023583  0.000657
1702  -0.023212  -0.049536  0.002993
1703  0.001610  0.018509  0.000345
1704  -0.019906  0.005454  0.000426
1705  0.011723  0.011726  0.000275
1706  0.017524  -0.005398  0.000336
1707  0.003984  -0.038009  0.001461
1708  -0.019841  -0.000036  0.000394
1709  -0.039923  0.040860  0.003263
1710  0.026906  -0.013275  0.000900
1711  0.025791  -0.011472  0.000797
1712  -0.001899  -0.025058  0.000632
1713  -0.008434  0.042906  0.001912
1714  -0.018697  0.008810  0.000427
1715  -0.003621  0.080141  0.006436
1716  0.003990  -0.008042  0.000081
1717  -0.009939  -0.000392  0.000099
1718  -0.030372  0.021342  0.001378
1719  0.012681  -0.002256  0.000166
1720  0.021073  0.008814  0.000522
1721  -0.002945  -0.005464  0.000039
1722  0.006503  0.030561  0.000976
1723  0.005767  -0.023856  0.000602
1724  0.014315  0.007687  0.000264
1725  -0.025140  0.005762  0.000665
1726  -0.015704  -0.015894  0.000499
1727  0.040222  -0.014582  0.001830
1728  -0.003569  -0.042354  0.001807
1729  0.023791  -0.007539  0.000623
1730  -0.047691  0.019542  0.002656
1731  -0.008713  -0.009203  0.000161
1732  -0.019753  0.037418  0.001790
1733  0.016301  0.008318  0.000335
1734  -0.016253  0.000872  0.000265
1735  0.059106  -0.009967  0.003593
1736  -0.013607  -0.010246  0.000290
1737  0.007843  0.025555  0.000715
1738  -0.024511  -0.007834  0.000662
1739  -0.028065  -0.005735  0.000821
1740  -0.034337  0.051858  0.003868
1741  0.013596  -0.021138  0.000632
1742  0.012261  0.002068  0.000155
1743  -0.016655  -0.002100  0.000282
1744  0.010046  0.001333  0.000103
1745  0.000500  -0.007679  0.000059
1746  -0.031205  -0.018762  0.001326
1747  0.066737  0.005333  0.004482
1748  -0.038042  0.027364  0.002196
1749  -0.028797  -0.010805  0.000946
1750  -0.003424  -0.031584  0.001009
1751  -0.034522  -0.056131  0.004342
1752  0.021864  0.022105  0.000967
1753  -0.011091  -0.001975  0.000127
1754  0.016221  0.018007  0.000587
1755  0.028706  0.010555  0.000935
1756  0.020128  -0.003876  0.000420
1757  0.033465  -0.023741  0.001684
1758  0.013510  -0.054491  0.003152
1759  0.026603  -0.018871  0.001064
1760  -0.044697  -0.033403  0.003114
1761  -0.035965  -0.054388  0.004252
1762  -0.014921  -0.041119  0.001913
1763  0.019984  -0.009201  0.000484
1764  -0.014235  -0.013349  0.000381
1765  -0.035390  -0.000588  0.001253
1766  -0.026611  0.047349  0.002950
1767  -0.020564  -0.043237  0.002292
1768  -0.023057  -0.042457  0.002334
1769  0.019802  0.045998  0.002508
1770  -0.022380  -0.000909  0.000502
1771  -0.011308  -0.017760  0.000443
1772  0.011418  0.000562  0.000131
1773  0.039173  -0.011139  0.001659
1774  -0.044746  -0.009074  0.002085
1775  -0.022304  -0.005903  0.000532
1776  -0.017287  -0.003907  0.000314
1777  -0.004971  0.027320  0.000771
1778  0.000923  -0.048487  0.002352
1779  -0.020044  -0.035621  0.001671
1780  -0.014447  -0.020719  0.000638
1781  -0.012039  0.000136  0.000145
1782  -0.021311  -0.010808  0.000571
1783  0.003365  0.036597  0.001351
1784  0.040121  0.026197  0.002296
1785  -0.030737  -0.020595  0.001369
1786  0.008916  -0.002350  0.000085
1787  -0.027086  -0.015449  0.000972
1788  0.033741  0.014475  0.001348
1789  0.055218  0.020815  0.003482
1790  0.014569  -0.040356  0.001841
1791  0.002384  0.005781  0.000039
1792  0.013058  0.008271  0.000239
1793  0.069877  -0.023794  0.005449
1794  -0.035056  0.022781  0.001748
1795  -0.002938  0.020994  0.000449
1796  0.010507  -0.015634  0.000355
1797  0.005463  -0.015009  0.000255
1798  0.023392  0.009245  0.000633
1799  -0.041438  -0.008293  0.001786
1800  0.003205  0.004378  0.000029
1801  0.026103  -0.008043  0.000746
1802  0.007821  -0.041896  0.001816
1803  -0.005446  0.045431  0.002094
1804  -0.018991  0.015637  0.000605
1805  0.038889  0.019923  0.001909
1806  0.013639  -0.024019  0.000763
1807  -0.036087  -0.005623  0.001334
1808  0.030087  0.005797  0.000939
1809  0.037695  -0.057536  0.004731
1810  0.006918  0.017197  0.000344
1811  -0.043974  0.044754  0.003937
1812  0.018995  0.000298  0.000361
1813  0.034268  -0.027031  0.001905
1814  0.037170  -0.024111  0.001963
1815  0.025883  0.010920  0.000789
1816  -0.011164  0.050944  0.002720
1817  0.079719  0.012707  0.006517
1818  -0.055006  -0.000981  0.003027
1819  0.047139  -0.004865  0.002246
1820  -0.010888  -0.032564  0.001179
1821  0.021720  0.009416  0.000560
1822  -0.008709  0.011067  0.000198
1823  -0.003247  -0.037204  0.001395
1824  -0.014599  -0.003298  0.000224
1825  0.032795  -0.057532  0.004385
1826  0.001101  -0.050272  0.002529
1827  0.034611  -0.006575  0.001241
1828  0.012348  -0.040613  0.001802
1829  -0.009622  0.018282  0.000427
1830  -0.035803  -0.035222  0.002522
1831  -0.065631  -0.038357  0.005779
1832  -0.032849  0.038312  0.002547
1833  0.014404  0.018271  0.000541
1834  0.009895  0.034827  0.001311
1835  0.047817  -0.051163  0.004904
1836  0.016242  -0.005623  0.000295
1837  -0.086702  0.032550  0.008577
1838  -0.030463  -0.016899  0.001214
1839  0.007219  -0.033358  0.001165
1840  0.012757  -0.009503  0.000253
1841  0.057096  -0.009952  0.003359
1842  -0.021616  -0.026306  0.001159
1843  0.072536  0.022045  0.005748
1844  0.052957  -0.006256  0.002844
1845  -0.012115  -0.004307  0.000165
1846  -0.015377  0.056657  0.003446
1847  0.000316  -0.001268  0.000002
1848  0.038253  0.033100  0.002559
1849  -0.001569  0.032069  0.001031
1850  0.050732  -0.018540  0.002918
1851  0.029049  0.009890  0.000942
1852  -0.021878  0.009788  0.000574
1853  0.030740  -0.019839  0.001339
1854  0.012988  0.015946  0.000423
1855  0.057920  -0.016618  0.003631
1856  -0.002431  -0.025476  0.000655
1857  -0.023653  -0.023261  0.001101
1858  -0.021046  -0.029958  0.001340
1859  0.005187  0.018292  0.000361
1860  0.022299  -0.005737  0.000530
1861  -0.039168  0.018035  0.001859
1862  0.005213  -0.011781  0.000166
1863  0.031891  0.006742  0.001062
1864  -0.006229  -0.025890  0.000709
1865  0.052615  -0.004475  0.002788
1866  -0.013637  0.046884  0.002384
1867  0.034399  -0.057021  0.004435
1868  0.034828  -0.000466  0.001213
1869  -0.029465  0.002550  0.000875
1870  0.046838  0.034384  0.003376
1871  -0.002739  0.008771  0.000084
1872  0.025141  0.035974  0.001926
1873  0.040010  -0.011785  0.001740
1874  -0.028391  -0.002395  0.000812
1875  0.014484  -0.028595  0.001027
1876  0.047890  0.070352  0.007243
1877  -0.005215  -0.030088  0.000932
1878  0.005377  0.012045  0.000174
1879  -0.017441  -0.006438  0.000346
1880  -0.020267  0.012594  0.000569
1881  0.013625  0.014018  0.000382
1882  0.024627  -0.000013  0.000606
1883  0.019723  -0.017450  0.000693
1884  -0.010833  -0.022011  0.000602
1885  0.004729  0.004033  0.000039
1886  0.035065  -0.025810  0.001896
1887  -0.031994  -0.020788  0.001456
1888  -0.039479  0.004848  0.001582
1889  0.031676  0.057175  0.004272
1890  0.002253  -0.008595  0.000079
1891  0.028933  -0.023897  0.001408
1892  -0.064731  0.005939  0.004225
1893  -0.000892  -0.028911  0.000837
1894  0.087170  -0.046229  0.009736
1895  -0.077688  -0.021440  0.006495
1896  0.016897  -0.026216  0.000973
1897  -0.034766  0.040086  0.002816
1898  0.028978  0.045439  0.002904
1899  -0.016350  -0.051015  0.002870
1900  0.019520  0.003855  0.000396
1901  0.023824  0.075837  0.006319
1902  -0.036960  -0.001942  0.001370
1903  -0.015714  0.030441  0.001174
1904  0.003176  -0.034087  0.001172
1905  0.063869  -0.077285  0.010052
1906  -0.002081  -0.041776  0.001750
1907  -0.050121  -0.037069  0.003886
1908  0.014139  -0.015879  0.000452
1909  -0.042617  0.057042  0.005070
1910  0.025800  -0.016155  0.000927
1911  0.026186  0.012849  0.000851
1912  -0.020851  -0.004951  0.000459
1913  -0.035741  0.041716  0.003018
1914  -0.063380  0.041200  0.005714
1915  -0.010878  0.015396  0.000355
1916  0.028535  -0.000907  0.000815
1917  -0.013923  0.011105  0.000317
1918  0.001723  0.009384  0.000091
1919  0.064030  0.022941  0.004626
1920  -0.048869  0.006928  0.002436
1921  -0.058819  0.047608  0.005726
1922  0.023200  -0.072354  0.005773
1923  0.016141  -0.022841  0.000782
1924  0.012693  0.014763  0.000379
1925  -0.034084  0.009555  0.001253
1926  -0.026388  0.018235  0.001029
1927  -0.008063  0.029418  0.000930
1928  -0.053845  -0.051813  0.005584
1929  -0.059808  -0.031117  0.004545
1930  -0.013624  -0.061158  0.003926
1931  0.053258  0.003969  0.002852
1932  -0.010207  0.007844  0.000166
1933  0.023365  0.029204  0.001399
1934  -0.053503  0.002947  0.002871
1935  -0.013752  -0.011806  0.000329
1936  0.001738  0.032298  0.001046
1937  0.024059  0.015003  0.000804
1938  0.025894  -0.009551  0.000762
1939  -0.043328  0.017188  0.002173
1940  0.063541  0.020198  0.004445
1941  -0.034416  -0.012011  0.001329
1942  0.011529  -0.008234  0.000201
1943  -0.071558  0.068477  0.009810
1944  0.019884  -0.002936  0.000404
1945  0.034119  -0.010635  0.001277
1946  0.017155  0.011360  0.000423
1947  0.054121  0.028209  0.003725
1948  0.038671  -0.012015  0.001640
1949  -0.034554  -0.005462  0.001224
1950  0.003015  0.016519  0.000282
1951  0.029592  0.019510  0.001256
1952  0.012059  0.021654  0.000614
1953  0.002013  0.015888  0.000256
1954  0.019518  -0.029694  0.001263
1955  0.025790  -0.009908  0.000763
1956  0.012980  0.001900  0.000172
1957  -0.002939  -0.030833  0.000959
1958  -0.017206  0.023241  0.000836
1959  -0.020069  -0.009250  0.000488
1960  0.007566  -0.010008  0.000157
1961  0.032087  0.040820  0.002696
1962  -0.040591  0.010025  0.001748
1963  -0.026652  -0.039043  0.002235
1964  0.028168  -0.032361  0.001841
1965  0.022877  -0.027818  0.001297
1966  0.061942  0.014969  0.004061
1967  0.015616  -0.023443  0.000793
1968  0.012190  -0.008395  0.000219
1969  -0.009075  0.034330  0.001261
1970  -0.043192  0.004678  0.001887
1971  0.067576  -0.004993  0.004592
1972  -0.019340  0.023791  0.000940
1973  0.017965  -0.013712  0.000511
1974  0.025735  -0.022302  0.001160
1975  0.036602  0.018260  0.001673
1976  -0.010047  0.031538  0.001096
1977  -0.066085  -0.013700  0.004555
1978  -0.049752  0.010889  0.002594
1979  0.032583  0.065264  0.005321
1980  0.001472  0.018277  0.000336
1981  0.012797  -0.075923  0.005928
1982  -0.031522  -0.038226  0.002455
1983  0.022288  -0.019554  0.000879
1984  -0.001953  -0.014242  0.000207
1985  0.013572  0.012127  0.000331
1986  0.017953  0.021723  0.000794
1987  -0.000566  0.041754  0.001744
1988  0.004528  0.037212  0.001405
1989  0.019951  -0.042995  0.002247
1990  0.023075  0.036284  0.001849
1991  -0.059053  -0.019674  0.003874
1992  0.033707  0.005007  0.001161
1993  -0.030406  0.025055  0.001552
1994  0.013460  -0.040703  0.001838
1995  -0.041127  -0.023318  0.002235
1996  -0.009861  -0.023182  0.000635
1997  0.014162  -0.008215  0.000268
1998  -0.014449  0.018243  0.000542
1999  -0.016513  -0.084450  0.007404
2000  0.067781  -0.067611  0.009166
2001  -0.035530  0.031477  0.002253
2002  -0.015615  -0.016812  0.000526
2003  0.053571  0.029464  0.003738
2004  0.035217  0.060436  0.004893
2005  0.033554  -0.022148  0.001616
2006  0.000556  -0.026599  0.000708
2007  0.043855  -0.018406  0.002262
2008  0.021371  -0.031367  0.001441
2009  -0.020651  0.011743  0.000564
2010  -0.013887  0.023427  0.000742
2011  0.021054  0.068159  0.005089
2012  0.004732  0.041759  0.001766
2013  0.022266  -0.007173  0.000547
2014  -0.032246  0.013879  0.001232
2015  0.006128  -0.052550  0.002799
2016  -0.012279  -0.049515  0.002603
2017  -0.067141  0.019105  0.004873
2018  0.019177  0.008816  0.000445
2019  0.031280  0.037934  0.002417
2020  0.021740  0.002732  0.000480
2021  -0.015709  -0.047181  0.002473
2022  0.018125  0.039994  0.001928
2023  0.010335  0.056738  0.003326
2024  -0.012321  -0.001151  0.000153
2025  -0.027251  -0.017328  0.001043
2026  -0.015665  -0.015039  0.000472
2027  -0.018278  0.059492  0.003873
2028  0.037840  0.016394  0.001701
2029  -0.009023  0.065466  0.004367
2030  -0.046720  -0.019177  0.002551
2031  -0.018108  -0.021875  0.000806
2032  0.078933  -0.038515  0.007714
2033  -0.023391  -0.047783  0.002830
2034  -0.018780  0.011090  0.000476
2035  -0.001657  -0.031591  0.001001
2036  0.067401  0.012569  0.004701
2037  -0.060013  0.001825  0.003605
2038  0.017099  -0.034416  0.001477
2039  0.007938  0.035690  0.001337
2040  -0.057048  0.022853  0.003777
2041  -0.016833  -0.004262  0.000302
2042  -0.089241  -0.043025  0.009815
2043  -0.046726  -0.045322  0.004237
2044  0.039786  0.028363  0.002387
2045  -0.008073  0.099693  0.010004
2046  0.018169  -0.005790  0.000364
2047  -0.020696  0.065479  0.004716
