0  -0.008465  -0.000512  0.000072
1  -0.004425  -0.004629  0.000041
2  -0.003931  -0.005075  0.000041
3  -0.008683  -0.002405  0.000081
4  0.002342  0.002632  0.000012
5  -0.005557  0.002794  0.000039
6  -0.007399  0.000048  0.000055
7  -0.008686  0.002054  0.000080
8  0.003111  0.000893  0.000010
9  -0.004461  0.000333  0.000020
10  -0.001863  -0.002938  0.000012
11  -0.002431  -0.002474  0.000012
12  -0.007839  0.007590  0.000119
13  -0.002156  0.001044  0.000006
14  -0.004379  0.005797  0.000053
15  -0.008327  0.006542  0.000112
16  -0.002318  0.005297  0.000033
17  -0.006260  -0.004561  0.000060
18  -0.001740  0.001145  0.000004
19  -0.005601  0.003103  0.000041
20  -0.002742  0.008103  0.000073
21  -0.003700  -0.001994  0.000018
22  -0.003814  -0.002752  0.000022
23  -0.001105  0.000539  0.000002
24  -0.009924  -0.007823  0.000160
25  -0.003807  -0.003282  0.000025
26  -0.002356  0.001183  0.000007
27  -0.001276  -0.003539  0.000014
28  -0.005857  0.002836  0.000042
29  -0.010735  0.003463  0.000127
30  -0.002318  0.000244  0.000005
31  -0.003620  -0.001472  0.000015
32  0.000197  0.001446  0.000002
33  -0.011540  -0.006997  0.000182
34  -0.006038  -0.001878  0.000040
35  -0.001935  -0.003885  0.000019
36  -0.009887  -0.004387  0.000117
37  0.001002  0.001844  0.000004
38  -0.002343  0.003565  0.000018
39  -0.004519  -0.000343  0.000021
40  -0.005872  0.002606  0.000041
41  -0.001432  -0.005358  0.000031
42  -0.002518  0.004573  0.000027
43  -0.003984  0.004371  0.000035
44  -0.004284  0.005845  0.000053
45  0.005915  0.005153  0.000062
46  -0.004577  0.003132  0.000031
47  -0.002838  -0.000862  0.000009
48  -0.000783  -0.003395  0.000012
49  -0.007194  -0.006904  0.000099
50  0.001156  0.002052  0.000006
51  -0.003272  0.001834  0.000014
52  -0.003641  -0.001407  0.000015
53  -0.008821  -0.002830  0.000086
54  -0.000955  0.006713  0.000046
55  -0.006785  0.003998  0.000062
56  -0.004729  0.001950  0.000026
57  -0.001229  -0.001707  0.000004
58  -0.011377  -0.005253  0.000157
59  -0.001931  -0.004163  0.000021
60  -0.002803  -0.002048  0.000012
61  -0.006002  -0.003684  0.000050
62  -0.010982  0.003664  0.000134
63  -0.003044  -0.004787  0.000032
64  -0.001282  -0.001320  0.000003
65  -0.002286  -0.002735  0.000013
66  -0.009294  -0.003546  0.000099
67  -0.000066  0.004193  0.000018
68  -0.006428  0.004432  0.000061
69  -0.007160  0.003884  0.000066
70  -0.002876  0.005721  0.000041
71  -0.003721  -0.006170  0.000052
72  -0.000765  0.001579  0.000003
73  -0.003126  0.003441  0.000022
74  -0.000602  0.004024  0.000017
75  -0.000415  -0.006281  0.000040
76  -0.001842  0.003858  0.000018
77  -0.006293  0.002178  0.000044
78  -0.008868  0.002445  0.000085
79  -0.005255  0.008847  0.000106
80  -0.007008  -0.003016  0.000058
81  -0.002919  0.000207  0.000009
82  -0.002723  0.003274  0.000018
83  0.002097  0.002369  0.000010
84  -0.008840  -0.003756  0.000092
85  -0.002306  -0.003081  0.000015
86  -0.002858  0.000334  0.000008
87  -0.000924  0.004164  0.000018
88  0.004490  -0.005225  0.000047
89  0.000882  0.003254  0.000011
90  -0.001378  0.000784  0.000003
91  -0.001748  -0.003313  0.000014
92  -0.010254  -0.002365  0.000111
93  0.001429  -0.002231  0.000007
94  -0.000447  0.000814  0.000001
95  -0.001965  -0.001580  0.000006
96  -0.008692  -0.001868  0.000079
97  0.001693  0.004737  0.000025
98  -0.004130  0.005573  0.000048
99  -0.003480  0.004444  0.000032
100  0.000850  0.001274  0.000002
101  -0.009556  -0.003805  0.000106
102  -0.000918  -0.002936  0.000009
103  -0.000564  -0.000900  0.000001
104  -0.001818  -0.003870  0.000018
105  -0.011054  0.000184  0.000122
106  -0.000976  -0.003425  0.000013
107  -0.000055  0.000594  0.000000
108  0.001409  0.000042  0.000002
109  -0.001639  -0.007137  0.000054
110  -0.002048  0.004657  0.000026
111  -0.006239  0.000606  0.000039
112  -0.007146  -0.001462  0.000053
113  -0.009336  0.002850  0.000095
114  0.002656  -0.000776  0.000008
115  -0.002757  0.003611  0.000021
116  -0.005476  0.001539  0.000032
117  -0.008006  0.003697  0.000078
118  0.002652  0.006787  0.000053
119  -0.006200  0.004394  0.000058
120  -0.003990  0.000635  0.000016
121  -0.001995  -0.002765  0.000012
122  -0.009954  -0.005076  0.000125
123  0.000718  -0.000311  0.000001
124  -0.002845  0.001387  0.000010
125  -0.005145  -0.001079  0.000028
126  -0.010511  0.001831  0.000114
127  0.002140  0.001776  0.000008
128  -0.002355  0.005025  0.000031
129  -0.002844  0.002390  0.000014
130  -0.005223  -0.002429  0.000033
131  -0.010661  0.007616  0.000172
132  -0.009156  -0.000880  0.000085
133  -0.007254  -0.000111  0.000053
134  -0.008343  0.003696  0.000083
135  0.001187  0.006421  0.000043
136  -0.009232  0.003096  0.000095
137  -0.007583  0.000041  0.000057
138  -0.008298  0.001912  0.000073
139  -0.003233  0.007991  0.000074
140  -0.006085  -0.003709  0.000051
141  -0.000755  -0.001475  0.000003
142  -0.000086  -0.001279  0.000002
143  -0.004077  -0.004895  0.000041
144  -0.004716  0.007342  0.000076
145  -0.007495  0.000248  0.000056
146  -0.005696  -0.001899  0.000036
147  -0.008813  -0.001931  0.000081
148  -0.004983  0.008541  0.000098
149  -0.008377  -0.000414  0.000070
150  -0.004147  -0.001696  0.000020
151  -0.002562  -0.004075  0.000023
152  -0.010871  -0.005692  0.000151
153  -0.000366  -0.000880  0.000001
154  -0.004703  0.001303  0.000024
155  -0.007860  0.000734  0.000062
156  -0.008035  0.006472  0.000106
157  -0.001017  -0.004251  0.000019
158  -0.001159  0.001507  0.000004
159  -0.004456  0.001340  0.000022
160  -0.007764  0.004577  0.000081
161  0.003913  0.005495  0.000046
162  -0.004296  0.006736  0.000064
163  -0.003580  0.003605  0.000026
164  -0.000750  0.000041  0.000001
165  -0.008986  -0.004836  0.000104
166  0.000718  0.000681  0.000001
167  -0.001741  0.002517  0.000009
168  -0.002438  -0.000474  0.000006
169  -0.009866  -0.001918  0.000101
170  0.000533  0.004888  0.000024
171  -0.004389  0.006518  0.000062
172  -0.003581  0.005634  0.000045
173  -0.000023  0.000847  0.000001
174  -0.012101  0.001382  0.000148
175  -0.005229  -0.002574  0.000034
176  -0.003785  -0.001578  0.000017
177  -0.007276  -0.002808  0.000061
178  -0.009185  0.008136  0.000151
179  -0.008092  -0.001792  0.000069
180  -0.004325  -0.001466  0.000021
181  -0.004761  -0.003328  0.000034
182  -0.013215  -0.000563  0.000175
183  -0.001660  -0.000471  0.000003
184  -0.004561  0.004246  0.000039
185  -0.006006  0.006193  0.000074
186  -0.000275  0.006844  0.000047
187  -0.009769  -0.001657  0.000098
188  -0.003582  -0.000280  0.000013
189  -0.003040  0.003036  0.000018
190  0.000828  0.002800  0.000009
191  -0.007429  -0.005866  0.000090
192  -0.000802  -0.000680  0.000001
193  -0.003862  0.002113  0.000019
194  -0.006411  0.005504  0.000071
195  0.002575  0.008310  0.000076
196  -0.008028  0.004745  0.000087
197  -0.005163  0.002522  0.000033
198  -0.001948  0.004091  0.000021
199  0.002049  -0.001731  0.000007
200  -0.008530  0.005519  0.000103
201  -0.007728  0.000725  0.000060
202  -0.005742  0.002395  0.000039
203  0.000032  0.003362  0.000011
204  -0.007036  -0.006561  0.000093
205  -0.000260  -0.002772  0.000008
206  -0.001473  -0.001481  0.000004
207  -0.005628  -0.003264  0.000042
208  -0.008411  0.007328  0.000124
209  -0.006959  -0.002922  0.000057
210  -0.003983  -0.002402  0.000022
211  -0.006430  -0.002521  0.000048
212  -0.009626  0.005853  0.000127
213  -0.002154  -0.003456  0.000017
214  0.000103  0.001350  0.000002
215  0.000939  0.001605  0.000003
216  -0.000586  -0.004496  0.000021
217  -0.006296  0.006780  0.000086
218  -0.007056  -0.000200  0.000050
219  -0.005272  -0.002070  0.000032
220  -0.009079  -0.002311  0.000088
221  -0.004081  0.008730  0.000093
222  -0.009015  0.001362  0.000083
223  -0.005728  -0.001032  0.000034
224  -0.005648  -0.004113  0.000049
225  -0.014647  -0.000289  0.000215
226  -0.003997  -0.003183  0.000026
227  -0.005247  0.001410  0.000030
228  -0.007543  0.004151  0.000074
229  -0.001744  0.007707  0.000062
230  -0.009481  -0.002684  0.000097
231  -0.004537  -0.001400  0.000023
232  -0.005264  0.001876  0.000031
233  -0.001597  0.005585  0.000034
234  -0.002498  -0.006938  0.000054
235  0.000591  -0.000111  0.000000
236  -0.002483  0.000095  0.000006
237  -0.007458  -0.000762  0.000056
238  -0.006292  0.009826  0.000136
239  -0.009031  -0.000480  0.000082
240  -0.006393  -0.000391  0.000041
241  -0.007668  0.002773  0.000066
242  -0.000730  0.007815  0.000062
243  -0.008711  -0.001831  0.000079
244  -0.004225  -0.002834  0.000026
245  -0.005570  -0.002354  0.000037
246  -0.009543  0.003163  0.000101
247  0.002613  0.000036  0.000007
248  -0.002171  0.005598  0.000036
249  -0.003662  0.005550  0.000044
250  0.000528  0.004750  0.000023
251  -0.005611  -0.005770  0.000065
252  0.000512  0.001247  0.000002
253  -0.001761  0.003978  0.000019
254  0.000478  0.004510  0.000021
255  0.001030  -0.005598  0.000032
256  -0.001977  0.005297  0.000032
257  -0.006323  0.002157  0.000045
258  -0.008795  0.000971  0.000078
259  -0.008978  0.007875  0.000143
260  -0.003076  -0.003626  0.000023
261  -0.002107  0.002147  0.000009
262  -0.004691  0.004327  0.000041
263  -0.001739  0.007869  0.000065
264  -0.000981  -0.005017  0.000026
265  0.000789  0.002453  0.000007
266  -0.003103  0.002927  0.000018
267  -0.007093  0.005110  0.000076
268  0.001719  0.011140  0.000127
269  -0.007489  0.005804  0.000090
270  -0.004542  0.003915  0.000036
271  -0.000827  0.005301  0.000029
272  0.002600  -0.002272  0.000012
273  -0.005273  0.007875  0.000090
274  -0.006600  0.003721  0.000057
275  -0.003991  0.004404  0.000035
276  0.001813  0.001193  0.000005
277  -0.011023  -0.000590  0.000122
278  -0.004735  -0.003745  0.000036
279  -0.004648  -0.002354  0.000027
280  -0.008564  0.001040  0.000074
281  0.001826  0.006928  0.000051
282  -0.007743  0.004332  0.000079
283  -0.007468  0.001653  0.000059
284  -0.007544  0.004573  0.000078
285  0.002475  0.005912  0.000041
286  -0.008854  0.002285  0.000084
287  -0.006204  -0.001886  0.000042
288  -0.007091  -0.002930  0.000059
289  -0.011513  0.003067  0.000142
290  0.000375  -0.001967  0.000004
291  -0.002536  0.003961  0.000022
292  -0.004843  0.005117  0.000050
293  -0.000692  0.007001  0.000049
294  -0.003600  -0.005838  0.000047
295  0.000461  0.001230  0.000002
296  -0.002647  0.003577  0.000020
297  -0.002015  0.006921  0.000052
298  0.006426  -0.000373  0.000041
299  -0.001881  0.006185  0.000042
300  -0.003233  0.001614  0.000013
301  -0.003473  -0.002436  0.000018
302  -0.011402  -0.000629  0.000130
303  0.001601  -0.000607  0.000003
304  -0.001673  0.002692  0.000010
305  -0.004514  0.000558  0.000021
306  -0.009858  0.003479  0.000109
307  0.003503  0.004474  0.000032
308  -0.002675  0.007321  0.000061
309  -0.002794  0.004407  0.000027
310  -0.002947  -0.001163  0.000010
311  -0.013478  0.004289  0.000200
312  -0.006002  -0.002546  0.000043
313  -0.004792  -0.000508  0.000023
314  -0.008473  0.000745  0.000072
315  -0.006301  0.010433  0.000149
316  -0.007553  -0.001948  0.000061
317  -0.003409  -0.001154  0.000013
318  -0.005153  -0.001525  0.000029
319  -0.011161  0.003579  0.000137
320  0.001775  0.001498  0.000005
321  -0.002279  0.007035  0.000055
322  -0.003341  0.007529  0.000068
323  0.001366  0.005533  0.000032
324  -0.009258  -0.002279  0.000091
325  -0.000847  0.000390  0.000001
326  -0.000800  0.003757  0.000015
327  0.001653  0.002218  0.000008
328  -0.006978  -0.005400  0.000078
329  0.000635  0.002558  0.000007
330  -0.003766  0.005322  0.000043
331  -0.005526  0.007866  0.000092
332  0.002574  0.009522  0.000097
333  -0.008863  0.003074  0.000088
334  -0.003548  0.001570  0.000015
335  -0.000675  0.003517  0.000013
336  0.002156  -0.001315  0.000006
337  -0.010651  0.004091  0.000130
338  -0.006073  -0.001210  0.000038
339  -0.003513  0.001480  0.000015
340  0.001277  0.002558  0.000008
341  -0.003323  -0.008694  0.000087
342  0.001944  -0.000180  0.000004
343  -0.001541  0.000341  0.000002
344  -0.005443  -0.002124  0.000034
345  -0.010533  0.006233  0.000150
346  -0.003017  -0.004136  0.000026
347  -0.001274  -0.000674  0.000002
348  -0.004322  -0.000940  0.000020
349  -0.009268  0.005014  0.000111
350  0.003373  -0.000152  0.000011
351  0.000759  0.005770  0.000034
352  0.000238  0.004740  0.000023
353  0.000330  -0.001272  0.000002
354  -0.011093  0.005109  0.000149
355  -0.005203  -0.002308  0.000032
356  -0.002966  -0.001544  0.000011
357  -0.006433  -0.002445  0.000047
358  -0.008641  0.008881  0.000154
359  -0.006021  -0.002570  0.000043
360  -0.001606  -0.001140  0.000004
361  -0.000965  -0.002910  0.000009
362  -0.009709  -0.004742  0.000117
363  0.001160  0.002681  0.000009
364  -0.005026  0.004410  0.000045
365  -0.007755  0.004090  0.000077
366  -0.005214  0.009050  0.000109
367  -0.001492  -0.004621  0.000024
368  -0.000271  0.002871  0.000008
369  -0.003853  0.004329  0.000034
370  -0.003486  0.008252  0.000080
371  0.005988  -0.000184  0.000036
372  -0.001127  0.007027  0.000051
373  -0.003537  0.002891  0.000021
374  -0.005694  -0.001192  0.000034
375  -0.012906  0.005203  0.000194
376  -0.002365  -0.002584  0.000012
377  -0.002461  0.001701  0.000009
378  -0.006195  0.002529  0.000045
379  -0.006634  0.009711  0.000138
380  0.000388  -0.002801  0.000008
381  0.001444  0.003256  0.000013
382  -0.001229  0.002318  0.000007
383  -0.007451  0.001801  0.000059
384  -0.000434  0.012925  0.000167
385  -0.008159  0.007146  0.000118
386  -0.006625  0.005577  0.000075
387  -0.003526  0.008835  0.000090
388  0.004672  0.000645  0.000022
389  -0.003952  0.009390  0.000104
390  -0.006397  0.006251  0.000080
391  -0.005099  0.008028  0.000090
392  0.004018  0.006280  0.000056
393  -0.009327  0.003176  0.000097
394  -0.004517  -0.001308  0.000022
395  -0.003840  -0.002171  0.000019
396  -0.009778  -0.000222  0.000096
397  0.002580  0.006721  0.000052
398  -0.005923  0.006290  0.000075
399  -0.007405  0.003321  0.000066
400  -0.009297  0.006471  0.000128
401  0.003673  0.007895  0.000076
402  -0.007086  0.007290  0.000103
403  -0.006495  0.002266  0.000047
404  -0.008201  -0.000814  0.000068
405  -0.014300  0.007107  0.000255
406  -0.004410  -0.001675  0.000022
407  -0.003968  0.003751  0.000030
408  -0.006129  0.006929  0.000086
409  -0.000083  0.010240  0.000105
410  -0.008192  -0.002206  0.000072
411  -0.002211  0.000229  0.000005
412  -0.003874  0.003590  0.000028
413  -0.002083  0.008889  0.000083
414  0.004423  -0.003217  0.000030
415  0.002423  0.006039  0.000042
416  -0.000505  0.004109  0.000017
417  -0.002982  -0.000635  0.000009
418  -0.012252  0.006076  0.000187
419  -0.002308  -0.002040  0.000009
420  -0.001130  0.001256  0.000003
421  -0.004577  0.000618  0.000021
422  -0.009710  0.008174  0.000161
423  0.002039  -0.000237  0.000004
424  0.002106  0.005796  0.000038
425  0.001711  0.004750  0.000025
426  -0.001845  -0.001361  0.000005
427  -0.006307  0.012224  0.000189
428  -0.008112  0.003297  0.000077
429  -0.006508  0.001871  0.000046
430  -0.009469  0.005050  0.000115
431  0.002009  0.011813  0.000144
432  -0.008435  0.007022  0.000120
433  -0.006753  0.002864  0.000054
434  -0.009060  0.002355  0.000088
435  -0.009535  0.013069  0.000262
436  -0.005213  0.000290  0.000027
437  -0.000901  0.005104  0.000027
438  0.000910  0.007662  0.000060
439  0.004198  0.001493  0.000020
440  -0.008865  0.009119  0.000162
441  -0.005441  0.002732  0.000037
442  -0.001456  0.003277  0.000013
443  -0.000004  -0.001297  0.000002
444  -0.012963  0.004924  0.000192
445  -0.005156  -0.000901  0.000027
446  -0.003020  0.003383  0.000021
447  -0.000049  0.007683  0.000059
448  0.006589  -0.001665  0.000046
449  -0.000761  0.009282  0.000087
450  -0.002512  0.005544  0.000037
451  0.000407  0.002405  0.000006
452  -0.004933  -0.004510  0.000045
453  0.000048  0.009929  0.000099
454  -0.005265  0.007887  0.000090
455  -0.002823  0.006302  0.000048
456  0.000412  -0.000123  0.000000
457  -0.013390  0.004967  0.000204
458  -0.007306  -0.001875  0.000057
459  -0.006094  -0.000376  0.000037
460  -0.009574  0.003783  0.000106
461  0.002113  0.010432  0.000113
462  -0.009319  0.006099  0.000124
463  -0.008096  0.002637  0.000072
464  -0.009126  0.005329  0.000112
465  -0.000124  0.011800  0.000139
466  -0.009017  0.000662  0.000082
467  -0.002820  -0.000978  0.000009
468  -0.002030  -0.002097  0.000009
469  -0.009750  -0.002280  0.000100
470  0.002175  0.007405  0.000060
471  -0.006092  0.006844  0.000084
472  -0.008047  0.004219  0.000083
473  -0.009640  0.008680  0.000168
474  0.004943  0.005542  0.000055
475  -0.004634  0.009836  0.000118
476  -0.006804  0.005431  0.000076
477  -0.010626  0.004370  0.000132
478  -0.008368  0.016315  0.000336
479  -0.009669  0.003103  0.000103
480  -0.004493  0.005363  0.000049
481  -0.001615  0.008869  0.000081
482  0.004377  0.002708  0.000026
483  -0.009690  0.009924  0.000192
484  -0.007528  0.004293  0.000075
485  -0.003787  0.005838  0.000048
486  0.001799  0.002235  0.000008
487  -0.013638  0.000759  0.000187
488  -0.005069  -0.002015  0.000030
489  -0.005284  0.001508  0.000030
490  -0.007452  0.007414  0.000111
491  0.005913  0.008134  0.000101
492  -0.006908  0.009939  0.000147
493  -0.006674  0.006790  0.000091
494  -0.003158  0.008993  0.000091
495  0.004577  0.001307  0.000023
496  -0.008338  0.009588  0.000161
497  -0.009241  0.003984  0.000101
498  -0.009132  0.005566  0.000114
499  -0.003058  0.011630  0.000145
500  -0.005174  -0.003826  0.000041
501  0.001155  0.002510  0.000008
502  0.001143  0.004528  0.000022
503  0.001041  -0.000762  0.000002
504  -0.013032  0.005472  0.000200
505  -0.004001  -0.001314  0.000018
506  -0.000724  0.001758  0.000004
507  0.000508  -0.000927  0.000001
508  -0.012205  -0.003063  0.000158
509  0.000903  0.001582  0.000003
510  -0.003249  0.006789  0.000057
511  -0.005182  0.009991  0.000127
512  0.003572  0.011337  0.000141
513  -0.010329  0.003040  0.000116
514  -0.003317  0.002055  0.000015
515  -0.000738  0.005516  0.000031
516  0.004318  0.002260  0.000024
517  -0.011925  0.000225  0.000142
518  -0.002767  -0.001808  0.000011
519  -0.002391  0.002966  0.000015
520  -0.000010  0.008391  0.000070
521  0.008460  -0.002386  0.000077
522  0.001597  0.008966  0.000083
523  -0.000760  0.005467  0.000030
524  0.001252  0.000842  0.000002
525  -0.008349  -0.004265  0.000088
526  0.004196  0.005895  0.000052
527  -0.000914  0.007797  0.000062
528  0.000073  0.004709  0.000022
529  -0.003708  -0.003097  0.000023
530  -0.006312  0.013220  0.000215
531  -0.010572  0.005470  0.000142
532  -0.009132  0.005210  0.000111
533  -0.005085  0.010427  0.000135
534  0.002702  -0.002941  0.000016
535  -0.000243  0.009131  0.000083
536  -0.003783  0.009076  0.000097
537  -0.000136  0.009432  0.000089
538  0.001755  -0.003664  0.000017
539  -0.002441  0.010779  0.000122
540  -0.008039  0.007722  0.000124
541  -0.009728  0.008865  0.000173
542  -0.002007  0.014810  0.000223
543  -0.009003  -0.000224  0.000081
544  -0.001317  0.002920  0.000010
545  0.000465  0.005977  0.000036
546  0.003122  0.000610  0.000010
547  -0.013474  0.005003  0.000207
548  -0.005058  -0.000780  0.000026
549  -0.001783  0.003027  0.000012
550  0.002765  0.002228  0.000013
551  -0.007209  -0.008541  0.000125
552  0.001988  0.001342  0.000006
553  -0.003600  0.003605  0.000026
554  -0.009031  0.004208  0.000099
555  -0.006309  0.014769  0.000258
556  -0.007669  -0.001988  0.000063
557  -0.003007  0.001534  0.000011
558  -0.005510  0.005396  0.000059
559  -0.001282  0.012497  0.000158
560  -0.001389  -0.005034  0.000027
561  0.003346  0.002300  0.000016
562  -0.000133  0.002818  0.000008
563  -0.007501  0.003462  0.000068
564  0.000917  0.016837  0.000284
565  -0.009086  0.008418  0.000153
566  -0.006886  0.006375  0.000088
567  -0.004935  0.011055  0.000147
568  0.007855  0.007007  0.000111
569  -0.007900  0.010694  0.000177
570  -0.007869  0.005111  0.000088
571  -0.008335  0.007280  0.000122
572  -0.000756  0.014764  0.000219
573  -0.005704  -0.001785  0.000036
574  0.002367  0.002198  0.000010
575  0.003571  0.003607  0.000026
576  0.000460  -0.002424  0.000006
577  -0.007979  0.013142  0.000236
578  -0.006492  0.001833  0.000046
579  -0.002002  0.000938  0.000005
580  -0.004283  -0.002265  0.000023
581  -0.012936  0.010737  0.000283
582  -0.004474  -0.000912  0.000021
583  0.000243  0.004126  0.000017
584  0.004194  0.006172  0.000056
585  0.005042  -0.005085  0.000051
586  -0.000626  0.011492  0.000132
587  -0.004052  0.005217  0.000044
588  -0.002137  0.000869  0.000005
589  -0.009296  -0.002189  0.000091
590  0.001014  0.013508  0.000183
591  -0.007149  0.009363  0.000139
592  -0.004371  0.005423  0.000049
593  -0.003902  -0.001379  0.000017
594  -0.017900  0.007613  0.000378
595  -0.008511  -0.001805  0.000076
596  -0.006721  0.002359  0.000051
597  -0.009053  0.008224  0.000150
598  0.003690  0.013088  0.000185
599  -0.012159  0.006460  0.000190
600  -0.008422  0.002880  0.000079
601  -0.008027  0.006882  0.000112
602  0.001475  0.012131  0.000149
603  -0.009261  -0.002986  0.000095
604  -0.000558  -0.001852  0.000004
605  -0.001389  -0.001016  0.000003
606  -0.009499  0.000445  0.000090
607  0.002780  0.013766  0.000197
608  -0.008964  0.008906  0.000160
609  -0.008998  0.005546  0.000112
610  -0.009353  0.010410  0.000196
611  0.006805  0.009719  0.000141
612  -0.009032  0.010595  0.000194
613  -0.008987  0.004166  0.000098
614  -0.011725  0.003607  0.000150
615  -0.011406  0.016178  0.000392
616  -0.005782  -0.000978  0.000034
617  -0.000929  0.006298  0.000041
618  -0.000195  0.010353  0.000107
619  0.005895  0.005367  0.000064
620  -0.013861  0.005765  0.000225
621  -0.004867  0.000935  0.000025
622  -0.001426  0.005090  0.000028
623  0.004002  0.003292  0.000027
624  -0.011150  -0.006202  0.000163
625  0.001355  -0.000242  0.000002
626  -0.002863  0.004709  0.000030
627  -0.007644  0.009363  0.000146
628  0.004016  0.016794  0.000298
629  -0.011000  0.006508  0.000163
630  -0.005605  0.004449  0.000051
631  -0.002925  0.009082  0.000091
632  0.007275  0.006793  0.000099
633  -0.012567  0.003180  0.000168
634  -0.005407  -0.001415  0.000031
635  -0.005453  0.002263  0.000035
636  -0.003544  0.011029  0.000134
637  0.008178  -0.003615  0.000080
638  0.004709  0.009398  0.000110
639  0.001846  0.008554  0.000077
640  0.004856  0.003041  0.000033
641  -0.010308  -0.004260  0.000124
642  0.005507  0.002422  0.000036
643  0.002847  0.007532  0.000065
644  0.004707  0.005228  0.000049
645  -0.002105  -0.006455  0.000046
646  0.000817  0.012768  0.000164
647  -0.007859  0.009161  0.000146
648  -0.009833  0.008647  0.000171
649  -0.004467  0.015890  0.000272
650  -0.001922  -0.004405  0.000023
651  0.002458  0.006693  0.000051
652  -0.000659  0.010552  0.000112
653  0.004573  0.011807  0.000160
654  -0.000624  -0.006533  0.000043
655  0.004974  0.007627  0.000083
656  -0.001932  0.009923  0.000102
657  -0.005434  0.014060  0.000227
658  0.008751  0.018117  0.000405
659  -0.008711  0.010552  0.000187
660  -0.002178  0.006548  0.000048
661  0.003484  0.007576  0.000070
662  0.004810  -0.002674  0.000030
663  -0.006695  0.015689  0.000291
664  -0.007700  0.006585  0.000103
665  -0.002388  0.006712  0.000051
666  0.003970  0.001161  0.000017
667  -0.016293  -0.000073  0.000265
668  -0.003144  -0.003800  0.000024
669  -0.003527  0.001017  0.000013
670  -0.008412  0.007248  0.000123
671  0.006621  0.015682  0.000290
672  -0.010567  0.008357  0.000182
673  -0.007397  0.004353  0.000074
674  -0.006175  0.009232  0.000123
675  0.007536  0.011456  0.000188
676  -0.011444  0.001857  0.000134
677  -0.003805  -0.002842  0.000023
678  -0.004736  -0.002043  0.000027
679  -0.010774  0.006666  0.000161
680  0.010355  0.003089  0.000117
681  0.000401  0.012012  0.000144
682  -0.002936  0.011190  0.000134
683  0.003141  0.013233  0.000185
684  0.004069  -0.007007  0.000066
685  0.005805  0.009786  0.000129
686  -0.000934  0.010926  0.000120
687  -0.000303  0.014587  0.000213
688  0.014549  0.007626  0.000270
689  -0.005152  0.011808  0.000166
690  -0.002528  0.002532  0.000013
691  -0.000369  -0.002107  0.000005
692  -0.011162  -0.002343  0.000130
693  0.008924  0.008796  0.000157
694  -0.001706  0.009830  0.000100
695  -0.004198  0.004214  0.000035
696  -0.011680  0.005488  0.000167
697  0.006668  0.017800  0.000361
698  -0.007081  0.013014  0.000219
699  -0.003532  0.006930  0.000061
700  -0.000016  -0.000458  0.000000
701  -0.017872  -0.001985  0.000323
702  0.002153  -0.001871  0.000008
703  -0.000729  0.003555  0.000013
704  -0.007198  0.002294  0.000057
705  -0.012393  0.015197  0.000385
706  0.001883  -0.003380  0.000015
707  0.004363  0.005021  0.000044
708  0.000588  0.003305  0.000011
709  -0.010758  0.004200  0.000133
710  0.007717  0.017819  0.000377
711  -0.006335  0.016627  0.000317
712  -0.006013  0.013883  0.000229
713  0.002221  0.015100  0.000233
714  0.000715  -0.006193  0.000039
715  0.005765  0.011931  0.000176
716  0.000186  0.013947  0.000195
717  0.004449  0.013292  0.000196
718  0.005081  -0.004438  0.000046
719  -0.000695  0.017011  0.000290
720  -0.008879  0.010976  0.000199
721  -0.011564  0.010772  0.000250
722  -0.005152  0.021265  0.000479
723  -0.004117  -0.003077  0.000026
724  0.003297  0.007437  0.000066
725  0.001877  0.012749  0.000166
726  0.009296  0.011134  0.000210
727  -0.008736  -0.004716  0.000099
728  0.005939  0.002525  0.000042
729  0.002669  0.009636  0.000100
730  0.004771  0.015965  0.000278
731  0.018267  0.001556  0.000336
732  0.003394  0.016548  0.000285
733  0.000704  0.008141  0.000067
734  0.002371  0.000823  0.000006
735  -0.011729  -0.001259  0.000139
736  0.011636  0.008892  0.000214
737  0.002804  0.012546  0.000165
738  0.000950  0.006446  0.000042
739  -0.009478  0.002540  0.000096
740  0.004571  0.023628  0.000579
741  -0.008133  0.016634  0.000343
742  -0.004059  0.013291  0.000193
743  0.005720  0.010146  0.000136
744  -0.007465  -0.007811  0.000117
745  0.008691  0.005602  0.000107
746  0.004892  0.009202  0.000109
747  0.004112  0.002656  0.000024
748  -0.014219  0.000808  0.000203
749  0.010004  0.007390  0.000155
750  0.004490  0.015227  0.000252
751  0.006305  0.013975  0.000235
752  0.007706  -0.000295  0.000059
753  -0.008959  0.019696  0.000468
754  -0.008999  0.004966  0.000106
755  -0.006475  0.002175  0.000047
756  -0.013169  0.007775  0.000234
757  0.010724  0.018321  0.000451
758  -0.007656  0.015909  0.000312
759  -0.007997  0.008255  0.000132
760  -0.012947  0.009363  0.000255
761  -0.001065  0.027981  0.000784
762  -0.011194  0.007168  0.000177
763  -0.000072  0.005641  0.000032
764  0.006623  0.004341  0.000063
765  -0.001584  -0.008494  0.000075
766  0.005370  0.018219  0.000361
767  -0.004432  0.011801  0.000159
768  -0.003418  0.004448  0.000031
769  -0.013601  0.001586  0.000188
770  0.003777  0.023882  0.000585
771  -0.010159  0.016435  0.000373
772  -0.005282  0.010252  0.000133
773  -0.001257  0.000680  0.000002
774  -0.025105  0.003580  0.000643
775  -0.003384  -0.003156  0.000021
776  -0.003907  0.003961  0.000031
777  -0.012005  0.007329  0.000198
778  -0.006399  0.026003  0.000717
779  -0.010915  -0.001525  0.000121
780  -0.001740  0.001346  0.000005
781  -0.006350  0.003936  0.000056
782  -0.011360  0.018700  0.000479
783  0.011221  0.000498  0.000126
784  0.008658  0.015982  0.000330
785  0.006513  0.015490  0.000282
786  0.007766  0.004179  0.000078
787  -0.018705  0.012820  0.000514
788  -0.001474  -0.000411  0.000002
789  0.003824  0.003670  0.000028
790  -0.000089  -0.001110  0.000001
791  -0.018584  0.014385  0.000552
792  0.003207  -0.000838  0.000011
793  0.008008  0.009868  0.000161
794  0.012025  0.010961  0.000265
795  0.008980  -0.006392  0.000121
796  0.001871  0.022811  0.000524
797  -0.005920  0.010217  0.000139
798  -0.004966  0.003489  0.000037
799  -0.015216  0.007278  0.000284
800  0.013635  0.020235  0.000595
801  -0.004722  0.020097  0.000426
802  -0.005304  0.010982  0.000149
803  -0.012654  0.006355  0.000201
804  -0.010878  0.033758  0.001258
805  -0.014204  0.009422  0.000291
806  -0.003606  0.011794  0.000152
807  0.005185  0.017439  0.000331
808  0.013882  -0.001247  0.000194
809  -0.002126  0.025464  0.000653
810  -0.005992  0.015556  0.000278
811  0.001949  0.012633  0.000163
812  0.004292  -0.002901  0.000027
813  -0.014868  0.023849  0.000790
814  -0.015294  0.007587  0.000291
815  -0.009785  0.009937  0.000194
816  0.001908  0.017635  0.000315
817  0.003969  -0.012562  0.000174
818  0.011434  0.010846  0.000248
819  0.005945  0.012911  0.000202
820  0.008041  0.003899  0.000080
821  -0.016724  -0.004327  0.000298
822  0.011786  0.005821  0.000173
823  0.006554  0.015417  0.000281
824  0.009547  0.013431  0.000272
825  0.006010  -0.006834  0.000083
826  -0.003630  0.024643  0.000620
827  -0.013258  0.009979  0.000275
828  -0.013739  0.005611  0.000220
829  -0.015892  0.018221  0.000585
830  0.015109  0.002016  0.000232
831  0.001780  0.019600  0.000387
832  -0.006874  0.016520  0.000320
833  -0.007596  0.024550  0.000660
834  0.021425  0.012256  0.000609
835  -0.004377  0.024018  0.000596
836  -0.006955  0.011059  0.000171
837  -0.012249  0.003044  0.000159
838  -0.026055  0.020655  0.001105
839  0.000201  -0.001920  0.000004
840  -0.000479  0.011612  0.000135
841  -0.006943  0.016691  0.000327
842  0.001993  0.031021  0.000966
843  0.000512  -0.006761  0.000046
844  0.010522  0.009482  0.000201
845  0.002130  0.013081  0.000176
846  -0.006278  0.024101  0.000620
847  0.028870  0.023856  0.001403
848  0.001169  0.032381  0.001050
849  0.000878  0.023637  0.000559
850  0.011468  0.015244  0.000364
851  -0.007530  -0.008240  0.000125
852  0.016834  0.019135  0.000650
853  0.005818  0.022723  0.000550
854  0.010455  0.014620  0.000323
855  -0.002107  -0.003689  0.000018
856  0.004173  0.033190  0.001119
857  -0.011402  0.023719  0.000693
858  -0.006516  0.024952  0.000665
859  0.005778  0.032246  0.001073
860  -0.004330  -0.006141  0.000056
861  0.013528  0.015766  0.000432
862  0.006659  0.017966  0.000367
863  0.017075  0.009274  0.000378
864  -0.012874  -0.003146  0.000176
865  0.020289  0.011512  0.000544
866  0.009296  0.024257  0.000675
867  0.014092  0.030094  0.001104
868  0.026328  0.002946  0.000702
869  0.000999  0.035818  0.001284
870  -0.003325  0.014086  0.000209
871  -0.002443  0.005350  0.000035
872  -0.020301  0.011106  0.000535
873  0.021219  0.019885  0.000846
874  0.001439  0.027789  0.000774
875  -0.000971  0.013515  0.000184
876  -0.011989  0.020708  0.000573
877  0.005455  0.047266  0.002264
878  -0.010097  0.029077  0.000947
879  0.001191  0.026839  0.000722
880  0.000038  0.025724  0.000662
881  -0.016906  -0.011350  0.000415
882  0.012797  0.019207  0.000533
883  -0.004532  0.015308  0.000255
884  0.011638  0.008317  0.000205
885  -0.014939  0.008558  0.000296
886  0.020344  0.033975  0.001568
887  -0.011419  0.038011  0.001575
888  0.002430  0.033113  0.001102
889  0.002641  0.004998  0.000032
890  -0.034114  0.038010  0.002609
891  -0.019045  -0.002030  0.000367
892  -0.013805  0.009327  0.000278
893  -0.024393  0.014229  0.000797
894  0.016802  0.034048  0.001442
895  -0.028553  0.034842  0.002029
896  -0.024904  0.005930  0.000655
897  -0.038196  0.015280  0.001692
898  -0.010592  0.015608  0.000356
899  -0.007176  -0.007876  0.000114
900  0.005760  -0.004729  0.000056
901  0.026974  -0.021112  0.001173
902  0.050259  0.002401  0.002532
903  0.022259  0.070575  0.005476
904  -0.010277  0.033327  0.001216
905  -0.018334  0.035330  0.001584
906  -0.013603  -0.002381  0.000191
907  -0.021102  0.045570  0.002522
908  -0.024891  -0.007154  0.000671
909  -0.006138  0.023138  0.000573
910  0.027419  -0.001331  0.000754
911  -0.027290  -0.016764  0.001026
912  0.047627  0.044931  0.004287
913  -0.019364  0.024342  0.000968
914  -0.010640  0.026213  0.000800
915  -0.052633  0.054027  0.005689
916  0.026561  -0.046560  0.002873
917  0.028207  0.056373  0.003974
918  -0.033624  0.033637  0.002262
919  -0.079199  0.059634  0.009829
920  0.015096  -0.014612  0.000441
921  -0.011856  0.008969  0.000221
922  -0.025094  0.015748  0.000878
923  0.007801  -0.087346  0.007690
924  0.016190  -0.031940  0.001282
925  0.092732  0.046077  0.010722
926  0.058938  0.055842  0.006592
927  -0.037129  0.042626  0.003196
928  -0.006357  0.018675  0.000389
929  0.001816  0.042273  0.001790
930  0.020432  0.032373  0.001465
931  -0.033956  0.047532  0.003412
932  0.054834  0.026719  0.003721
933  -0.039170  0.010554  0.001646
934  -0.069470  0.107387  0.016358
935  -0.053390  -0.036337  0.004171
936  -0.028674  0.013893  0.001015
937  -0.107665  -0.028237  0.012389
938  0.065906  0.035997  0.005639
939  -0.042008  0.048613  0.004128
940  -0.053501  -0.065133  0.007105
941  -0.075585  -0.185712  0.040202
942  0.096141  -0.055379  0.012310
943  0.165778  0.040462  0.029120
944  0.060649  0.043591  0.005578
945  0.204971  0.156045  0.066363
946  0.042574  0.035725  0.003089
947  0.007168  0.066757  0.004508
948  -0.053234  0.172390  0.032552
949  0.125152  0.020556  0.016086
950  -0.081752  0.031404  0.007670
951  0.119733  0.010734  0.014451
952  -0.099367  0.043183  0.011739
953  0.073804  0.024891  0.006067
954  0.051836  0.149926  0.025165
955  -0.083031  0.119089  0.021076
956  0.161864  -0.073931  0.031666
957  0.181559  0.179716  0.065262
958  0.097454  0.015294  0.009731
959  0.095835  0.402015  0.170800
960  -0.112034  0.022940  0.013078
961  -0.007902  -0.035573  0.001328
962  0.174592  0.116346  0.044019
963  -0.297349  0.319900  0.190753
964  -0.071624  0.151829  0.028182
965  -0.172955  -0.089202  0.037870
966  -0.243853  -0.041995  0.061228
967  0.039278  -0.069367  0.006355
968  -0.220137  -0.056531  0.051656
969  -0.067284  -0.119416  0.018787
970  0.127872  -0.011002  0.016472
971  -0.067330  -0.113401  0.017393
972  0.148083  -0.019342  0.022303
973  0.224834  -0.263383  0.119921
974  0.076617  0.360067  0.135518
975  -0.084208  -0.077334  0.013071
976  0.178536  0.225063  0.082528
977  -0.293648  0.313584  0.184564
978  0.025338  -0.306399  0.094522
979  0.317668  -0.173028  0.130852
980  0.238862  0.085576  0.064378
981  0.257276  0.405919  0.230961
982  0.135589  0.113023  0.031159
983  -0.218747  -0.032420  0.048901
984  0.031709  -0.165796  0.028494
985  -0.190320  0.309195  0.131823
986  0.153728  0.372155  0.162131
987  -0.033433  0.144951  0.022129
988  -0.528010  0.313997  0.377388
989  0.038424  -0.035275  0.002721
990  -0.309296  0.109518  0.107658
991  0.073807  -0.056547  0.008645
992  -0.149127  0.318116  0.123437
993  -0.170455  -0.318723  0.130639
994  0.241414  0.141869  0.078408
995  0.496139  0.049021  0.248557
996  -0.281650  0.412060  0.249120
997  -0.268201  0.017294  0.072231
998  -0.039304  0.364498  0.134403
999  -0.885851  -0.237547  0.841160
1000  0.010443  -0.077931  0.006182
1001  0.575591  0.329836  0.440097
1002  0.355825  0.538445  0.416534
1003  -0.475240  0.175613  0.256693
1004  -0.110437  0.627293  0.405693
1005  -0.181283  0.041710  0.034603
1006  0.080831  0.123776  0.021854
1007  0.058345  -0.128959  0.020035
1008  -0.347541  0.429760  0.305478
1009  -0.032249  0.498128  0.249172
1010  -0.116529  -0.687033  0.485594
1011  -0.022464  0.413804  0.171739
1012  -0.105161  -0.221008  0.059903
1013  -0.382573  0.844827  0.860095
1014  -0.227688  -0.705219  0.549176
1015  0.309332  0.083987  0.102740
1016  -0.525254  0.084206  0.282983
1017  -0.955519  -0.516874  1.180175
1018  -0.188095  -0.346603  0.155514
1019  0.591940  -0.091999  0.358856
1020  -0.087402  -0.120169  0.022080
1021  0.645050  0.441799  0.611276
1022  0.622324  0.233637  0.441873
1023  -0.233703  -0.072128  0.059819
1024  -0.993564  -0.664490  1.428717
1025  -0.025403  0.322027  0.104346
1026  0.073477  -0.627798  0.399530
1027  -0.283749  -0.062104  0.084371
1028  0.760073  0.060296  0.581347
1029  -0.282354  0.214553  0.125756
1030  0.597399  -0.142594  0.377218
1031  0.369159  -0.141836  0.156396
1032  -0.396847  -0.162978  0.184049
1033  0.620990  -0.521926  0.658035
1034  -0.138684  0.131054  0.036408
1035  1.448672  0.165467  2.126029
1036  -0.149456  0.250872  0.085274
1037  -0.096749  -0.557101  0.319722
1038  0.683850  0.175864  0.498579
1039  -1.361091  0.884710  2.635279
1040  -0.832684  0.689035  1.168132
1041  -0.173401  -0.545154  0.327260
1042  0.048414  -0.692398  0.481759
1043  0.248104  0.231341  0.115074
1044  0.506724  -0.793583  0.886543
1045  0.251361  -0.304720  0.156037
1046  -0.664133  0.315932  0.540886
1047  0.101833  0.725511  0.536737
1048  -0.347940  -0.407314  0.286967
1049  -1.144902  0.554697  1.618490
1050  0.999224  -0.294010  1.084890
1051  -0.151654  0.670680  0.472811
1052  0.537115  -0.291901  0.373698
1053  0.119089  1.174240  1.393022
1054  -0.265016  -0.308840  0.165615
1055  0.823622  -0.591361  1.028060
1056  0.157815  0.199288  0.064621
1057  0.501506  0.846074  0.967348
1058  0.287175  0.770384  0.675960
1059  -0.157226  -0.540190  0.316525
1060  1.072677  0.121276  1.165345
1061  -0.837796  -0.539968  0.993469
1062  -1.434494  0.073068  2.063111
1063  -0.633753  0.086362  0.409101
1064  1.114024  -0.968397  2.178843
1065  -0.616626  -0.191810  0.417019
1066  0.758430  -0.314127  0.673892
1067  -0.081983  -0.624674  0.396939
1068  0.351032  0.084175  0.130309
1069  -0.527569  0.413476  0.449292
1070  0.529828  -0.267867  0.352470
1071  -0.147655  -1.012101  1.046150
1072  0.210419  0.460283  0.256137
1073  -0.693541  -0.574945  0.811560
1074  0.412381  0.481234  0.401644
1075  -1.555901  -1.049834  3.522979
1076  -0.206975  -0.521586  0.314891
1077  -0.042590  0.804563  0.649136
1078  -1.074085  0.859486  1.892375
1079  -0.293705  -0.695201  0.569567
1080  -1.315007  -0.855657  2.461391
1081  -0.140512  -0.320049  0.122175
1082  -0.167572  0.207814  0.071267
1083  -0.020568  0.414009  0.171826
1084  0.929451  -0.509684  1.123658
1085  0.600087  -1.177867  1.747475
1086  -0.603931  0.603356  0.728771
1087  0.833084  0.088083  0.701787
1088  -0.584663  0.093174  0.350513
1089  0.866112  1.309966  2.466162
1090  -0.549734  -0.324242  0.407340
1091  0.642650  -0.378917  0.556578
1092  -0.426294  -0.003749  0.181740
1093  -0.322196  -0.629872  0.500548
1094  -0.023030  -0.436437  0.191008
1095  0.094379  0.788840  0.631175
1096  -0.237655  -0.494963  0.301468
1097  -0.303061  0.972264  1.037143
1098  -0.612396  1.165954  1.734478
1099  0.063874  0.072433  0.009326
1100  1.954675  0.648050  4.240721
1101  0.171185  -0.186688  0.064157
1102  -0.291008  0.990549  1.065873
1103  0.157706  1.135109  1.313343
1104  0.000173  -0.744165  0.553782
1105  0.438831  0.475507  0.418680
1106  -0.138108  -0.610209  0.391429
1107  -0.662328  0.053893  0.441583
1108  -0.166013  0.067644  0.032136
1109  0.232295  -0.654478  0.482303
1110  -0.485789  0.255245  0.301141
1111  1.173632  0.044489  1.379391
1112  -0.170645  0.391692  0.182542
1113  0.431449  -0.597066  0.542636
1114  0.155372  0.658056  0.457178
1115  -0.489519  -1.015942  1.271768
1116  -0.193356  -0.862256  0.780872
1117  0.201655  0.041113  0.042355
1118  -0.343686  0.424059  0.297946
1119  -0.305192  -0.016055  0.093400
1120  -0.663953  1.077598  1.602050
1121  -0.482894  0.577044  0.566166
1122  0.910227  0.399883  0.988420
1123  0.679513  -0.221550  0.510822
1124  -0.307409  0.083505  0.101474
1125  -0.025125  1.376587  1.895622
1126  0.312105  -0.558236  0.409038
1127  0.075082  0.495446  0.251104
1128  0.292380  -0.496673  0.332170
1129  -0.653473  0.633667  0.828561
1130  -0.213410  -0.142990  0.065990
1131  0.498072  0.070153  0.252997
1132  -0.254678  -0.071590  0.069986
1133  -0.040455  0.016480  0.001908
1134  -0.486660  -0.046379  0.238989
1135  0.392242  0.111057  0.166187
1136  -0.662451  0.456266  0.647019
1137  0.382291  0.161052  0.172084
1138  0.993891  0.110114  0.999944
1139  0.735614  0.117363  0.554902
1140  -0.590547  -0.372971  0.487853
1141  0.116258  0.176674  0.044730
1142  -0.229670  -0.430959  0.238474
1143  -0.643327  -0.390089  0.566039
1144  -0.047608  0.142247  0.022501
1145  -0.191349  0.572528  0.364403
1146  0.419317  0.055230  0.178877
1147  -0.412234  -0.325720  0.276030
1148  -0.027230  0.348688  0.122325
1149  -0.086452  -0.233875  0.062171
1150  -0.069606  0.556915  0.315000
1151  0.299049  -0.597130  0.445995
1152  0.285083  -0.063891  0.085354
1153  -0.276813  -0.194642  0.114511
1154  0.145186  -0.472238  0.244088
1155  0.012981  0.192282  0.037141
1156  0.337754  0.350659  0.237039
1157  -0.065915  0.186226  0.039025
1158  0.341969  -0.168211  0.145238
1159  0.306306  -0.175662  0.124680
1160  -0.262213  -0.450486  0.271694
1161  -0.671141  -0.505183  0.705640
1162  -0.065033  0.330451  0.113427
1163  0.194471  -0.080972  0.044376
1164  -0.216840  -0.037893  0.048455
1165  0.307032  0.616659  0.474537
1166  0.057152  -0.095098  0.012310
1167  0.377608  0.020201  0.142996
1168  -0.081240  -0.218066  0.054153
1169  0.267496  0.042547  0.073364
1170  0.271818  -0.003460  0.073897
1171  -0.057683  -0.098199  0.012970
1172  0.312246  0.030918  0.098453
1173  0.072545  -0.140634  0.025041
1174  0.229606  -0.251103  0.115772
1175  0.049634  0.039082  0.003991
1176  -0.235888  -0.441534  0.250596
1177  -0.180051  -0.091264  0.040747
1178  0.192163  0.035993  0.038222
1179  0.354198  0.109968  0.137549
1180  -0.039575  -0.237524  0.057984
1181  0.090956  -0.157244  0.032999
1182  -0.082920  -0.246950  0.067860
1183  -0.410051  0.030329  0.169061
1184  -0.089599  0.104887  0.019029
1185  0.139777  -0.069072  0.024309
1186  -0.250213  -0.104615  0.073551
1187  0.062085  0.209502  0.047745
1188  -0.062445  -0.108358  0.015641
1189  0.030454  0.027107  0.001662
1190  -0.187184  -0.086197  0.042468
1191  0.040845  0.106550  0.013021
1192  0.017694  0.104201  0.011171
1193  -0.066462  -0.072265  0.009639
1194  0.037781  0.020740  0.001858
1195  -0.000389  0.006315  0.000040
1196  0.190454  0.078557  0.042444
1197  0.116470  0.179200  0.045678
1198  0.232137  -0.136935  0.072639
1199  0.028837  -0.189574  0.036770
1200  -0.061490  -0.078336  0.009917
1201  0.016850  0.241608  0.058658
1202  0.180586  -0.085797  0.039972
1203  -0.023530  -0.025456  0.001202
1204  0.169342  -0.079462  0.034991
1205  -0.082804  -0.200756  0.047160
1206  -0.012938  -0.050012  0.002669
1207  0.043652  0.036536  0.003240
1208  0.062793  -0.037523  0.005351
1209  -0.018244  0.014455  0.000542
1210  0.110798  0.001363  0.012278
1211  0.014542  -0.095224  0.009279
1212  0.146793  0.004724  0.021571
1213  0.022570  -0.054430  0.003472
1214  0.023874  -0.127861  0.016918
1215  0.112907  -0.151141  0.035592
1216  -0.110749  -0.063969  0.016357
1217  0.024075  -0.087340  0.008208
1218  -0.034713  -0.113126  0.014002
1219  -0.149270  -0.156375  0.046735
1220  -0.054305  0.035170  0.004186
1221  -0.098434  0.013065  0.009860
1222  0.008083  0.016459  0.000336
1223  -0.025764  -0.129492  0.017432
1224  -0.060061  0.012158  0.003755
1225  -0.001365  -0.051066  0.002610
1226  -0.042760  -0.088074  0.009585
1227  0.023731  0.014511  0.000774
1228  -0.039864  -0.065140  0.005832
1229  0.030890  0.011014  0.001076
1230  -0.045210  -0.006365  0.002084
1231  0.002058  -0.043286  0.001878
1232  -0.025471  -0.041351  0.002359
1233  0.052262  0.016066  0.002989
1234  -0.004977  -0.054885  0.003037
1235  0.002466  -0.071839  0.005167
1236  -0.071398  -0.081334  0.011713
1237  -0.131327  -0.035061  0.018476
1238  -0.062350  -0.001759  0.003891
1239  -0.023348  -0.004188  0.000563
1240  -0.022149  -0.007328  0.000544
1241  -0.031386  0.029455  0.001853
1242  -0.034910  0.009622  0.001311
1243  -0.030387  0.016390  0.001192
1244  0.022343  0.005411  0.000528
1245  0.001145  -0.018943  0.000360
1246  -0.044946  -0.037581  0.003432
1247  -0.001524  -0.034101  0.001165
1248  -0.031832  -0.037161  0.002394
1249  -0.024645  -0.005007  0.000632
1250  0.006379  0.008466  0.000112
1251  -0.012537  0.001862  0.000161
1252  -0.040720  0.002277  0.001663
1253  -0.019310  0.014763  0.000591
1254  0.033414  -0.002409  0.001122
1255  0.002728  0.017696  0.000321
1256  -0.012247  -0.023704  0.000712
1257  -0.009807  -0.016548  0.000370
1258  -0.003059  0.005051  0.000035
1259  -0.019191  -0.062475  0.004271
1260  -0.006255  -0.018817  0.000393
1261  0.000799  0.000916  0.000001
1262  0.026462  -0.028515  0.001513
1263  -0.052130  -0.020734  0.003147
1264  -0.011492  -0.022713  0.000648
1265  -0.007420  -0.015063  0.000282
1266  0.014058  -0.011592  0.000332
1267  -0.031478  -0.044700  0.002989
1268  0.004087  -0.024457  0.000615
1269  -0.013440  -0.007136  0.000232
1270  -0.019488  -0.000708  0.000380
1271  0.012142  0.016514  0.000420
1272  -0.021457  -0.014703  0.000677
1273  -0.005517  -0.007969  0.000094
1274  0.005304  -0.007243  0.000081
1275  0.025968  -0.021623  0.001142
1276  -0.029071  -0.031210  0.001819
1277  -0.019594  -0.028213  0.001180
1278  -0.010548  -0.011834  0.000251
1279  -0.003110  0.005914  0.000045
1280  0.022156  -0.024024  0.001068
1281  0.017057  0.004076  0.000308
1282  0.009948  -0.006588  0.000142
1283  0.015921  -0.025370  0.000897
1284  -0.021163  -0.036232  0.001761
1285  0.017289  -0.012151  0.000447
1286  0.005872  -0.008083  0.000100
1287  0.010431  -0.014388  0.000316
1288  -0.004355  -0.041912  0.001776
1289  -0.008393  0.004322  0.000089
1290  -0.022160  -0.011187  0.000616
1291  -0.019787  -0.010790  0.000508
1292  -0.009855  0.006736  0.000142
1293  0.006681  -0.031255  0.001022
1294  0.003753  -0.004406  0.000033
1295  -0.002043  -0.004280  0.000022
1296  0.006320  -0.001873  0.000043
1297  0.003480  -0.037628  0.001428
1298  -0.001883  -0.002433  0.000009
1299  -0.012176  -0.001830  0.000152
1300  -0.016373  0.002008  0.000272
1301  0.006345  0.013938  0.000235
1302  -0.015839  -0.014287  0.000455
1303  0.000654  -0.015101  0.000228
1304  0.007183  -0.009287  0.000138
1305  0.011313  -0.026280  0.000819
1306  -0.023116  -0.004519  0.000555
1307  -0.010762  -0.020408  0.000532
1308  -0.001933  -0.014589  0.000217
1309  0.010288  -0.019781  0.000497
1310  -0.020632  -0.038291  0.001892
1311  0.003029  -0.025441  0.000656
1312  -0.006152  -0.018394  0.000376
1313  -0.018009  -0.013220  0.000499
1314  -0.003786  0.010457  0.000124
1315  -0.018183  -0.020055  0.000733
1316  -0.008403  -0.017669  0.000383
1317  -0.010802  -0.009418  0.000205
1318  0.004975  0.003718  0.000039
1319  -0.009091  -0.030545  0.001016
1320  0.003330  -0.023127  0.000546
1321  -0.001587  -0.020573  0.000426
1322  -0.016826  -0.013372  0.000462
1323  0.011755  0.004816  0.000161
1324  -0.011296  -0.000210  0.000128
1325  -0.010590  -0.004773  0.000135
1326  -0.003431  0.003609  0.000025
1327  0.017744  -0.017530  0.000622
1328  -0.005131  0.001902  0.000030
1329  -0.011050  -0.005883  0.000157
1330  -0.011539  -0.000276  0.000133
1331  0.010980  0.006903  0.000168
1332  -0.012442  -0.015735  0.000402
1333  0.002602  -0.017973  0.000330
1334  0.007084  -0.018987  0.000411
1335  -0.004618  -0.028481  0.000833
1336  -0.002125  0.005427  0.000034
1337  -0.010261  -0.011249  0.000232
1338  -0.005318  -0.017783  0.000345
1339  -0.013549  -0.022057  0.000670
1340  -0.013291  0.008870  0.000255
1341  -0.013070  -0.014662  0.000386
1342  -0.001594  -0.012971  0.000171
1343  0.007979  -0.015063  0.000291
1344  -0.003893  -0.035157  0.001251
1345  0.006019  -0.006947  0.000084
1346  -0.003664  -0.010817  0.000130
1347  -0.006282  -0.019246  0.000410
1348  -0.022539  -0.015262  0.000741
1349  0.009011  -0.005562  0.000112
1350  -0.003329  -0.001674  0.000014
1351  -0.003300  -0.009322  0.000098
1352  -0.011415  -0.020590  0.000554
1353  -0.019552  0.008369  0.000452
1354  -0.019677  -0.011650  0.000523
1355  -0.014546  -0.009243  0.000297
1356  -0.010863  0.001683  0.000121
1357  0.012509  -0.008586  0.000230
1358  -0.012145  0.001697  0.000150
1359  -0.013396  -0.005094  0.000205
1360  -0.008932  0.000128  0.000080
1361  0.010607  -0.005919  0.000148
1362  -0.018823  -0.009952  0.000453
1363  -0.010467  -0.019130  0.000476
1364  -0.011657  -0.019121  0.000502
1365  -0.020595  -0.007072  0.000474
1366  0.009033  -0.008550  0.000155
1367  -0.006479  0.000108  0.000042
1368  -0.011224  -0.001748  0.000129
1369  -0.005794  0.005416  0.000063
1370  0.010067  -0.016794  0.000383
1371  -0.002463  0.001583  0.000009
1372  -0.010418  -0.003285  0.000119
1373  -0.015345  0.000547  0.000236
1374  0.002049  0.013377  0.000183
1375  -0.013731  -0.007463  0.000244
1376  -0.002226  -0.007822  0.000066
1377  0.004616  -0.006007  0.000057
1378  0.004332  -0.020338  0.000432
1379  -0.011048  0.004818  0.000145
1380  -0.010577  -0.007689  0.000171
1381  -0.002949  -0.008842  0.000087
1382  -0.000214  -0.018973  0.000360
1383  -0.024842  -0.006625  0.000661
1384  -0.010763  -0.017009  0.000405
1385  -0.008252  -0.009316  0.000155
1386  -0.005552  0.001119  0.000032
1387  0.013883  -0.009383  0.000281
1388  -0.007304  0.002284  0.000059
1389  -0.007201  -0.003902  0.000067
1390  0.000517  -0.003832  0.000015
1391  0.004676  -0.020397  0.000438
1392  -0.011570  0.001939  0.000138
1393  -0.014212  -0.007431  0.000257
1394  -0.011006  -0.004447  0.000141
1395  0.002459  -0.000853  0.000007
1396  -0.010007  -0.024040  0.000678
1397  0.003236  -0.014792  0.000229
1398  0.002323  -0.012290  0.000156
1399  -0.002626  -0.020040  0.000408
1400  -0.020281  -0.003176  0.000421
1401  -0.006191  -0.018288  0.000373
1402  -0.000714  -0.014037  0.000198
1403  -0.001928  -0.018577  0.000349
1404  -0.021436  -0.014955  0.000683
1405  0.002357  -0.010897  0.000124
1406  -0.003898  -0.001792  0.000018
1407  -0.004781  0.002248  0.000028
1408  0.008236  -0.001018  0.000069
1409  -0.015981  -0.010806  0.000372
1410  -0.003168  -0.012476  0.000166
1411  0.001169  -0.007826  0.000063
1412  0.005924  -0.014810  0.000254
1413  -0.019222  -0.013812  0.000560
1414  -0.002950  -0.016537  0.000282
1415  -0.001934  -0.008240  0.000072
1416  0.003085  -0.001782  0.000013
1417  0.012669  -0.019360  0.000535
1418  0.000882  -0.001169  0.000002
1419  -0.002210  -0.008168  0.000072
1420  0.000037  -0.015213  0.000231
1421  -0.014037  -0.019801  0.000589
1422  0.005291  -0.003374  0.000039
1423  -0.003560  -0.002769  0.000020
1424  -0.002179  -0.008465  0.000076
1425  -0.008585  -0.018257  0.000407
1426  -0.012934  0.005962  0.000203
1427  -0.016361  -0.007414  0.000323
1428  -0.012482  -0.006364  0.000196
1429  -0.005750  0.000889  0.000034
1430  0.005885  -0.017107  0.000327
1431  -0.002562  0.000614  0.000007
1432  -0.006717  -0.001554  0.000048
1433  -0.000843  -0.001722  0.000004
1434  0.002533  -0.018959  0.000366
1435  -0.008242  0.001266  0.000070
1436  -0.013919  -0.005488  0.000224
1437  -0.014592  -0.003641  0.000226
1438  -0.004322  0.004656  0.000040
1439  -0.009064  -0.018418  0.000421
1440  0.000131  -0.009510  0.000090
1441  0.000633  -0.005762  0.000034
1442  0.003970  -0.013040  0.000186
1443  -0.019077  -0.012477  0.000520
1444  -0.003440  -0.015377  0.000248
1445  -0.001158  -0.008825  0.000079
1446  0.004107  -0.009605  0.000109
1447  -0.005340  -0.026088  0.000709
1448  0.001026  -0.007442  0.000056
1449  -0.007901  -0.008288  0.000131
1450  -0.014088  -0.009390  0.000287
1451  -0.013389  0.003870  0.000194
1452  -0.005658  -0.017870  0.000351
1453  -0.003044  -0.009217  0.000094
1454  -0.008188  -0.005615  0.000099
1455  -0.005351  0.003487  0.000041
1456  0.003714  -0.017597  0.000323
1457  0.002655  -0.005114  0.000033
1458  -0.003022  -0.007283  0.000062
1459  -0.011914  -0.009496  0.000232
1460  -0.009283  0.009699  0.000180
1461  -0.013963  -0.007708  0.000254
1462  -0.009482  -0.006956  0.000138
1463  -0.009450  -0.000204  0.000089
1464  0.005910  0.001733  0.000038
1465  -0.014304  -0.006132  0.000242
1466  -0.009082  -0.010763  0.000198
1467  -0.010578  -0.007336  0.000166
1468  -0.006388  0.004313  0.000059
1469  0.000437  -0.016437  0.000270
1470  0.004094  -0.005318  0.000045
1471  0.003078  -0.004478  0.000030
1472  0.002475  -0.012933  0.000173
1473  -0.016463  -0.003981  0.000287
1474  -0.004133  -0.013381  0.000196
1475  -0.000141  -0.010282  0.000106
1476  -0.001505  -0.014695  0.000218
1477  -0.018161  -0.008515  0.000402
1478  0.000401  -0.011197  0.000126
1479  -0.000584  -0.002841  0.000008
1480  0.001303  0.000493  0.000002
1481  0.009037  -0.009376  0.000170
1482  -0.010294  -0.000662  0.000106
1483  -0.005955  -0.009262  0.000121
1484  -0.001212  -0.010885  0.000120
1485  -0.005742  -0.017628  0.000344
1486  -0.010680  0.003411  0.000126
1487  -0.011498  -0.008603  0.000206
1488  -0.005268  -0.009061  0.000110
1489  -0.000500  -0.014093  0.000199
1490  -0.018222  -0.018412  0.000671
1491  -0.002302  -0.014793  0.000224
1492  -0.006294  -0.009959  0.000139
1493  -0.012719  -0.007546  0.000219
1494  -0.007366  0.005278  0.000082
1495  -0.010913  -0.014670  0.000334
1496  -0.005364  -0.011608  0.000164
1497  -0.008902  -0.007892  0.000142
1498  -0.006488  0.002620  0.000049
1499  0.001145  -0.016756  0.000282
1500  0.003237  -0.006875  0.000058
1501  0.000442  -0.008085  0.000066
1502  -0.006507  -0.013777  0.000232
1503  -0.011654  0.004450  0.000156
1504  -0.011593  -0.010557  0.000246
1505  -0.008374  -0.010889  0.000189
1506  -0.012779  -0.007498  0.000220
1507  -0.003826  0.005848  0.000049
1508  -0.011620  -0.010700  0.000250
1509  -0.005206  -0.012316  0.000179
1510  -0.006959  -0.013989  0.000244
1511  -0.017335  -0.007108  0.000351
1512  0.002153  -0.008138  0.000071
1513  -0.004583  -0.000963  0.000022
1514  -0.007344  0.000342  0.000054
1515  0.000111  0.002289  0.000005
1516  -0.007305  -0.016397  0.000322
1517  0.000173  -0.007032  0.000049
1518  -0.003037  -0.002612  0.000016
1519  0.000890  0.000452  0.000001
1520  0.004247  -0.016660  0.000296
1521  0.000079  -0.001876  0.000004
1522  -0.006144  -0.005667  0.000070
1523  -0.011410  -0.008168  0.000197
1524  -0.013741  0.004312  0.000207
1525  -0.005889  -0.012850  0.000200
1526  -0.003656  -0.006436  0.000055
1527  -0.007486  -0.002695  0.000063
1528  -0.002473  0.004864  0.000030
1529  -0.002494  -0.015110  0.000235
1530  0.001811  -0.007020  0.000053
1531  -0.002913  -0.006198  0.000047
1532  -0.010045  -0.002206  0.000106
1533  0.005285  0.006293  0.000068
1534  -0.008118  0.002479  0.000072
1535  -0.006040  -0.000411  0.000037
1536  -0.000031  0.001236  0.000002
1537  0.004180  -0.012840  0.000182
1538  -0.002748  0.003235  0.000018
1539  -0.006789  -0.000200  0.000046
1540  -0.003516  0.000832  0.000013
1541  0.005580  -0.006444  0.000073
1542  -0.012990  -0.003785  0.000183
1543  -0.008031  -0.011168  0.000189
1544  -0.007798  -0.011305  0.000189
1545  -0.013334  -0.005215  0.000205
1546  0.004813  -0.002183  0.000028
1547  -0.007180  0.000085  0.000052
1548  -0.009592  -0.003028  0.000101
1549  -0.009525  0.001662  0.000093
1550  0.006360  -0.002224  0.000045
1551  -0.008544  0.000297  0.000073
1552  -0.009077  -0.006323  0.000122
1553  -0.012117  -0.008518  0.000219
1554  -0.015650  0.003258  0.000256
1555  -0.005289  -0.010898  0.000147
1556  -0.003794  -0.003371  0.000026
1557  -0.005419  0.000762  0.000030
1558  0.002593  0.001681  0.000010
1559  -0.010906  -0.011675  0.000255
1560  -0.002342  -0.008678  0.000081
1561  -0.003731  -0.003788  0.000028
1562  0.000103  0.001299  0.000002
1563  0.004722  -0.014991  0.000247
1564  0.002745  -0.002454  0.000014
1565  -0.001767  -0.005117  0.000029
1566  -0.005997  -0.010058  0.000137
1567  -0.014997  -0.000147  0.000225
1568  -0.002937  -0.011632  0.000144
1569  -0.001988  -0.007017  0.000053
1570  -0.006671  -0.006952  0.000093
1571  -0.010764  0.002582  0.000123
1572  0.003092  -0.009135  0.000093
1573  0.002332  -0.001572  0.000008
1574  0.000891  -0.003543  0.000013
1575  -0.004636  -0.009938  0.000120
1576  -0.009014  0.006606  0.000125
1577  -0.010653  -0.005072  0.000139
1578  -0.008504  -0.005944  0.000108
1579  -0.011372  -0.001358  0.000131
1580  0.002163  0.005670  0.000037
1581  -0.010880  -0.001361  0.000120
1582  -0.008263  -0.005869  0.000103
1583  -0.010872  -0.005536  0.000149
1584  -0.010733  0.006599  0.000159
1585  -0.004311  -0.008715  0.000095
1586  -0.000084  -0.001987  0.000004
1587  0.001309  0.000388  0.000002
1588  0.004220  -0.006865  0.000065
1589  -0.011851  0.000715  0.000141
1590  -0.005789  -0.006497  0.000076
1591  -0.001429  -0.005229  0.000029
1592  -0.000370  -0.010124  0.000103
1593  -0.015612  -0.004288  0.000262
1594  -0.004411  -0.009199  0.000104
1595  -0.002878  -0.003389  0.000020
1596  -0.000060  0.001277  0.000002
1597  0.007890  -0.008310  0.000131
1598  -0.003573  0.002480  0.000019
1599  -0.004048  -0.002900  0.000025
1600  -0.000294  -0.005903  0.000035
1601  -0.005261  -0.013492  0.000210
1602  -0.003271  0.004045  0.000027
1603  -0.008195  -0.000843  0.000068
1604  -0.004598  -0.002415  0.000027
1605  -0.000408  -0.008718  0.000076
1606  -0.016599  -0.006600  0.000319
1607  -0.006943  -0.011507  0.000181
1608  -0.006647  -0.008642  0.000119
1609  -0.011301  -0.004605  0.000149
1610  -0.001005  0.005121  0.000027
1611  -0.011853  -0.004362  0.000160
1612  -0.008823  -0.006904  0.000125
1613  -0.010412  -0.003761  0.000123
1614  -0.003040  0.004968  0.000034
1615  -0.008095  -0.010455  0.000175
1616  -0.001256  -0.008833  0.000080
1617  -0.001101  -0.009378  0.000089
1618  -0.009076  -0.011325  0.000211
1619  -0.001015  0.003181  0.000011
1620  -0.009291  -0.001981  0.000090
1621  -0.009661  -0.005036  0.000119
1622  -0.012149  -0.000781  0.000148
1623  0.003127  0.001822  0.000013
1624  -0.009078  0.000730  0.000083
1625  -0.008820  -0.004593  0.000099
1626  -0.011943  -0.006428  0.000184
1627  -0.014240  0.005685  0.000235
1628  -0.008280  -0.007761  0.000129
1629  -0.004777  -0.002298  0.000028
1630  -0.003858  0.001862  0.000018
1631  0.003606  -0.001745  0.000016
1632  -0.013205  -0.002502  0.000181
1633  -0.007122  -0.006047  0.000087
1634  -0.004405  -0.002563  0.000026
1635  0.001703  -0.003665  0.000016
1636  -0.011354  -0.012771  0.000292
1637  -0.002026  -0.009157  0.000088
1638  -0.004885  -0.005743  0.000057
1639  -0.009533  -0.001506  0.000093
1640  0.001375  0.005632  0.000034
1641  -0.010759  -0.001246  0.000117
1642  -0.007845  -0.003299  0.000072
1643  -0.005713  0.000593  0.000033
1644  0.004205  -0.001918  0.000021
1645  -0.011820  -0.003225  0.000150
1646  -0.008165  -0.007744  0.000127
1647  -0.008703  -0.005539  0.000106
1648  -0.006699  0.002486  0.000051
1649  0.001202  -0.010987  0.000122
1650  0.001123  -0.001496  0.000003
1651  -0.000413  -0.000831  0.000001
1652  0.002151  -0.005538  0.000035
1653  -0.012062  -0.009336  0.000233
1654  -0.000080  -0.007510  0.000056
1655  -0.000242  -0.003239  0.000011
1656  0.001826  -0.005053  0.000029
1657  -0.006192  -0.014044  0.000236
1658  -0.000225  -0.001002  0.000001
1659  -0.006900  -0.000852  0.000048
1660  -0.009549  -0.000001  0.000091
1661  -0.003818  0.005793  0.000048
1662  -0.007181  -0.009676  0.000145
1663  -0.001818  -0.004220  0.000021
1664  -0.002635  -0.000332  0.000007
1665  0.002589  0.000039  0.000007
1666  -0.006542  -0.012404  0.000197
1667  0.000677  -0.005686  0.000033
1668  -0.002970  -0.002250  0.000014
1669  -0.004697  0.002604  0.000029
1670  0.007699  0.001467  0.000061
1671  -0.005451  0.002421  0.000036
1672  -0.003373  -0.001655  0.000014
1673  0.001059  -0.003033  0.000010
1674  -0.001423  -0.012055  0.000147
1675  -0.002359  0.003522  0.000018
1676  -0.006180  -0.000334  0.000038
1677  -0.002946  -0.001671  0.000011
1678  -0.000082  -0.008545  0.000073
1679  -0.013803  -0.001697  0.000193
1680  -0.008844  -0.008683  0.000154
1681  -0.007824  -0.006697  0.000106
1682  -0.009067  -0.000681  0.000083
1683  0.004540  -0.001635  0.000023
1684  -0.007229  0.001320  0.000054
1685  -0.008064  -0.001606  0.000068
1686  -0.005906  0.001251  0.000036
1687  0.004276  -0.003668  0.000032
1688  -0.009740  -0.000834  0.000096
1689  -0.008949  -0.006466  0.000122
1690  -0.010195  -0.006402  0.000145
1691  -0.010520  0.002014  0.000115
1692  -0.001145  -0.009694  0.000095
1693  -0.001411  -0.001681  0.000005
1694  -0.003094  0.000328  0.000010
1695  0.001917  -0.000673  0.000004
1696  -0.007849  -0.011903  0.000203
1697  0.000108  -0.005931  0.000035
1698  -0.002044  -0.002000  0.000008
1699  0.000444  0.000528  0.000000
1700  0.004828  -0.011049  0.000145
1701  -0.001165  -0.000063  0.000001
1702  -0.004671  -0.004556  0.000043
1703  -0.006795  -0.008246  0.000114
1704  -0.013307  -0.002396  0.000183
1705  0.000437  -0.008195  0.000067
1706  -0.002193  -0.003158  0.000015
1707  -0.006157  -0.004068  0.000054
1708  -0.009667  0.001272  0.000095
1709  0.004531  -0.003604  0.000034
1710  -0.001511  0.001669  0.000005
1711  -0.002981  -0.001784  0.000012
1712  -0.005737  -0.007193  0.000085
1713  -0.013992  0.002682  0.000203
1714  -0.008180  -0.007464  0.000123
1715  -0.006332  -0.005255  0.000068
1716  -0.009571  -0.002280  0.000097
1717  -0.003554  0.006276  0.000052
1718  -0.009249  -0.006697  0.000130
1719  -0.004590  -0.006722  0.000066
1720  -0.006758  -0.006044  0.000082
1721  -0.010618  0.001350  0.000115
1722  0.002318  -0.005183  0.000032
1723  -0.000803  0.001884  0.000004
1724  -0.001730  0.002123  0.000008
1725  0.002134  -0.001932  0.000008
1726  -0.011189  -0.006635  0.000169
1727  -0.001079  -0.005761  0.000034
1728  -0.000397  -0.002329  0.000006
1729  0.001232  -0.004933  0.000026
1730  -0.009780  -0.009946  0.000195
1731  0.000507  -0.003016  0.000009
1732  -0.003691  0.000804  0.000014
1733  -0.004510  0.003515  0.000033
1734  0.004010  0.002544  0.000023
1735  -0.009590  -0.001806  0.000095
1736  -0.003769  -0.004332  0.000033
1737  -0.000520  -0.002965  0.000009
1738  0.000647  -0.008476  0.000072
1739  -0.011477  -0.000089  0.000132
1740  -0.006902  -0.006611  0.000091
1741  -0.003548  -0.004128  0.000030
1742  0.001332  -0.004335  0.000021
1743  -0.005717  -0.014767  0.000251
1744  0.001055  -0.006105  0.000038
1745  -0.002963  -0.005220  0.000036
1746  -0.007408  -0.006943  0.000103
1747  -0.010696  0.002257  0.000119
1748  -0.003935  -0.009767  0.000111
1749  -0.002083  -0.005922  0.000039
1750  -0.005490  -0.005595  0.000061
1751  -0.009182  0.001092  0.000086
1752  0.003382  -0.005853  0.000046
1753  0.000578  0.000467  0.000001
1754  -0.000307  -0.001112  0.000001
1755  -0.001323  -0.007249  0.000054
1756  -0.012205  0.000373  0.000149
1757  -0.006038  -0.007805  0.000097
1758  -0.003954  -0.006793  0.000062
1759  -0.007738  -0.007036  0.000109
1760  -0.008801  0.004340  0.000096
1761  -0.006277  -0.007963  0.000103
1762  -0.001878  -0.006325  0.000044
1763  -0.001848  -0.008044  0.000068
1764  -0.010640  -0.008937  0.000193
1765  0.000716  -0.001408  0.000002
1766  -0.005928  0.000054  0.000035
1767  -0.008270  -0.000332  0.000069
1768  -0.005124  0.004139  0.000043
1769  -0.001474  -0.009637  0.000095
1770  -0.000791  -0.001457  0.000003
1771  -0.004457  -0.000165  0.000020
1772  -0.003697  0.003404  0.000025
1773  0.005545  -0.005001  0.000056
1774  -0.002558  0.001926  0.000010
1775  -0.004710  -0.002666  0.000029
1776  -0.006735  -0.006476  0.000087
1777  -0.013522  -0.000253  0.000183
1778  -0.002162  -0.007253  0.000057
1779  -0.003107  -0.002698  0.000017
1780  -0.006875  -0.002053  0.000051
1781  -0.007238  0.004621  0.000074
1782  0.000729  -0.007236  0.000053
1783  0.000496  -0.000840  0.000001
1784  -0.002462  -0.002139  0.000011
1785  -0.008384  -0.002790  0.000078
1786  -0.002566  0.008519  0.000079
1787  -0.009290  0.001316  0.000088
1788  -0.007128  0.000219  0.000051
1789  -0.004233  0.003623  0.000031
1790  0.004123  -0.003293  0.000028
1791  -0.006007  0.003926  0.000051
1792  -0.007436  0.000347  0.000055
1793  -0.006018  0.002228  0.000041
1794  0.002577  0.001450  0.000009
1795  -0.009852  -0.003853  0.000112
1796  -0.004150  -0.006852  0.000064
1797  -0.003737  -0.007084  0.000064
1798  -0.009544  -0.005657  0.000123
1799  0.000757  0.003072  0.000010
1800  -0.007492  0.000399  0.000056
1801  -0.008014  -0.002546  0.000071
1802  -0.009926  0.000302  0.000099
1803  0.001680  0.003876  0.000018
1804  -0.008558  0.000382  0.000073
1805  -0.006637  -0.004102  0.000061
1806  -0.007694  -0.006857  0.000106
1807  -0.014497  -0.000707  0.000211
1808  -0.002950  -0.006236  0.000048
1809  -0.004373  -0.000933  0.000020
1810  -0.006971  0.001265  0.000050
1811  -0.002168  0.005047  0.000030
1812  -0.006281  -0.008368  0.000109
1813  -0.001639  -0.003825  0.000017
1814  -0.004171  -0.001141  0.000019
1815  -0.003606  0.003713  0.000027
1816  0.005219  -0.005372  0.000056
1817  0.000035  0.002260  0.000005
1818  -0.002045  -0.000796  0.000005
1819  -0.003073  -0.005587  0.000041
1820  -0.012668  -0.002182  0.000165
1821  -0.001008  -0.005972  0.000037
1822  -0.001591  -0.002613  0.000009
1823  -0.004636  -0.004158  0.000039
1824  -0.010843  0.000845  0.000118
1825  0.002232  -0.002541  0.000011
1826  -0.000382  0.002453  0.000006
1827  -0.000610  0.000910  0.000001
1828  -0.002065  -0.005308  0.000032
1829  -0.010405  0.004584  0.000129
1830  -0.008154  -0.003813  0.000081
1831  -0.006361  -0.003975  0.000056
1832  -0.009832  -0.001938  0.000100
1833  -0.002729  0.007371  0.000062
1834  -0.009570  -0.001165  0.000093
1835  -0.006451  -0.003657  0.000055
1836  -0.008285  -0.004467  0.000089
1837  -0.012173  0.004030  0.000164
1838  -0.003277  -0.004686  0.000033
1839  -0.002103  0.001160  0.000006
1840  -0.001774  0.003478  0.000015
1841  0.002717  -0.000546  0.000008
1842  -0.010800  0.000101  0.000117
1843  -0.004769  -0.003341  0.000034
1844  -0.001974  -0.001209  0.000005
1845  0.000484  -0.004311  0.000019
1846  -0.012081  -0.004679  0.000168
1847  -0.002988  -0.005286  0.000037
1848  -0.003408  -0.000813  0.000012
1849  -0.002794  0.003476  0.000020
1850  0.005837  -0.001023  0.000035
1851  -0.005110  0.003711  0.000040
1852  -0.004244  -0.000169  0.000018
1853  -0.000684  -0.001288  0.000002
1854  -0.001983  -0.008366  0.000074
1855  -0.005141  0.004785  0.000049
1856  -0.007659  0.000226  0.000059
1857  -0.004788  0.000080  0.000023
1858  0.000145  -0.003312  0.000011
1859  -0.012234  -0.006053  0.000186
1860  -0.004128  -0.007472  0.000073
1861  -0.004416  -0.005464  0.000049
1862  -0.008879  -0.003839  0.000094
1863  -0.003795  0.006134  0.000052
1864  -0.009519  -0.003226  0.000101
1865  -0.006744  -0.004597  0.000067
1866  -0.008724  -0.002850  0.000084
1867  -0.005505  0.005658  0.000062
1868  -0.005671  -0.006846  0.000079
1869  -0.000828  -0.004279  0.000019
1870  -0.000289  -0.004642  0.000022
1871  -0.005657  -0.008225  0.000100
1872  -0.002913  0.004491  0.000029
1873  -0.007999  -0.000925  0.000065
1874  -0.007690  -0.003442  0.000071
1875  -0.010708  -0.000984  0.000116
1876  0.000303  0.004521  0.000021
1877  -0.008510  0.001380  0.000074
1878  -0.007276  -0.002617  0.000060
1879  -0.009209  -0.004920  0.000109
1880  -0.013803  0.003806  0.000205
1881  -0.006721  -0.005170  0.000072
1882  -0.005032  -0.000477  0.000026
1883  -0.005188  0.003032  0.000036
1884  0.001483  0.002068  0.000006
1885  -0.011201  -0.001776  0.000129
1886  -0.006119  -0.003514  0.000050
1887  -0.004718  -0.000351  0.000022
1888  0.000359  0.000222  0.000000
1889  -0.007920  -0.009396  0.000151
1890  -0.001370  -0.005247  0.000029
1891  -0.003999  -0.003199  0.000026
1892  -0.008493  -0.000864  0.000073
1893  -0.001329  0.006913  0.000050
1894  -0.009553  -0.000295  0.000091
1895  -0.007129  -0.001565  0.000053
1896  -0.006250  0.001816  0.000042
1897  0.002156  0.001781  0.000008
1898  -0.010049  -0.001818  0.000104
1899  -0.006673  -0.004971  0.000069
1900  -0.007494  -0.003572  0.000069
1901  -0.007460  0.003155  0.000066
1902  0.000917  -0.006196  0.000039
1903  -0.000312  0.001172  0.000001
1904  -0.001602  0.001706  0.000005
1905  0.001303  -0.001449  0.000004
1906  -0.009468  -0.006750  0.000135
1907  -0.000403  -0.003860  0.000015
1908  -0.000992  -0.000421  0.000001
1909  0.001045  -0.001376  0.000003
1910  -0.003976  -0.009910  0.000114
1911  -0.000895  0.001067  0.000002
1912  -0.006224  0.000499  0.000039
1913  -0.008696  0.000814  0.000076
1914  -0.005062  0.006466  0.000067
1915  -0.005888  -0.006320  0.000075
1916  -0.002196  -0.001609  0.000007
1917  -0.003299  0.001485  0.000013
1918  0.000932  0.002696  0.000008
1919  -0.004929  -0.008507  0.000097
1920  0.000199  -0.002661  0.000007
1921  -0.003006  -0.000311  0.000009
1922  -0.005129  0.003477  0.000038
1923  0.005175  0.004088  0.000043
1924  -0.005414  0.003747  0.000043
1925  -0.003565  0.000685  0.000013
1926  0.000225  0.000038  0.000000
1927  -0.000697  -0.007806  0.000061
1928  -0.002783  0.004684  0.000030
1929  -0.005706  0.001479  0.000035
1930  -0.003048  0.000759  0.000010
1931  0.000155  -0.004658  0.000022
1932  -0.011659  -0.000248  0.000136
1933  -0.007378  -0.005691  0.000087
1934  -0.006693  -0.004260  0.000063
1935  -0.008349  0.000512  0.000070
1936  0.003060  0.000824  0.000010
1937  -0.006572  0.002626  0.000050
1938  -0.007294  0.000183  0.000053
1939  -0.005888  0.002710  0.000042
1940  0.003077  -0.000610  0.000010
1941  -0.008461  0.001008  0.000073
1942  -0.007731  -0.003665  0.000073
1943  -0.008863  -0.003934  0.000094
1944  -0.009859  0.003074  0.000107
1945  -0.001597  -0.006208  0.000041
1946  -0.001923  0.000272  0.000004
1947  -0.003421  0.002048  0.000016
1948  0.000873  0.001693  0.000004
1949  -0.006842  -0.008145  0.000113
1950  -0.000465  -0.003271  0.000011
1951  -0.002305  -0.000028  0.000005
1952  -0.000360  0.002391  0.000006
1953  0.003860  -0.007216  0.000067
1954  -0.001116  0.001754  0.000004
1955  -0.004007  -0.001891  0.000020
1956  -0.005753  -0.005176  0.000060
1957  -0.011638  -0.000478  0.000136
1958  -0.000175  -0.005250  0.000028
1959  -0.002116  -0.001112  0.000006
1960  -0.005416  -0.001914  0.000033
1961  -0.008697  0.002586  0.000082
1962  0.003289  -0.001443  0.000013
1963  -0.001429  0.003120  0.000012
1964  -0.002625  0.000411  0.000007
1965  -0.004869  -0.004274  0.000042
1966  -0.011952  0.004158  0.000160
1967  -0.007483  -0.004435  0.000076
1968  -0.005813  -0.002839  0.000042
1969  -0.008557  -0.000371  0.000073
1970  -0.003328  0.007055  0.000061
1971  -0.008499  -0.003576  0.000085
1972  -0.004591  -0.003994  0.000037
1973  -0.006334  -0.003554  0.000053
1974  -0.009650  0.002864  0.000101
1975  0.001055  -0.003121  0.000011
1976  -0.001027  0.002998  0.000010
1977  -0.001794  0.003501  0.000015
1978  0.001514  0.000068  0.000002
1979  -0.010125  -0.003408  0.000114
1980  -0.001719  -0.003396  0.000014
1981  -0.000805  -0.000491  0.000001
1982  0.000663  -0.002700  0.000008
1983  -0.009098  -0.006578  0.000126
1984  -0.000013  -0.001558  0.000002
1985  -0.003209  0.002054  0.000015
1986  -0.003869  0.004614  0.000036
1987  0.003530  0.003469  0.000024
1988  -0.008351  0.000870  0.000070
1989  -0.003841  -0.001820  0.000018
1990  -0.000869  -0.000911  0.000002
1991  -0.000016  -0.005834  0.000034
1992  -0.009749  0.002346  0.000101
1993  -0.006768  -0.003562  0.000058
1994  -0.003744  -0.001804  0.000017
1995  0.000585  -0.002279  0.000006
1996  -0.006395  -0.010766  0.000157
1997  0.000302  -0.004323  0.000019
1998  -0.002841  -0.003086  0.000018
1999  -0.006863  -0.004193  0.000065
2000  -0.008991  0.004220  0.000099
2001  -0.004695  -0.006752  0.000068
2002  -0.002517  -0.003907  0.000022
2003  -0.005335  -0.003332  0.000040
2004  -0.007998  0.002951  0.000073
2005  0.001932  -0.004498  0.000024
2006  0.000644  0.001263  0.000002
2007  -0.000172  0.000237  0.000000
2008  -0.001637  -0.004994  0.000028
2009  -0.010124  0.003032  0.000112
2010  -0.006238  -0.004769  0.000062
2011  -0.004219  -0.004388  0.000037
2012  -0.007487  -0.004261  0.000074
2013  -0.006925  0.005893  0.000083
2014  -0.006737  -0.004853  0.000069
2015  -0.002653  -0.004302  0.000026
2016  -0.002670  -0.005896  0.000042
2017  -0.010532  -0.005550  0.000142
2018  0.000396  -0.000994  0.000001
2019  -0.004880  0.001495  0.000026
2020  -0.007139  0.001637  0.000054
2021  -0.003837  0.005233  0.000042
2022  -0.003025  -0.007310  0.000063
2023  -0.000850  -0.000701  0.000001
2024  -0.003750  0.001119  0.000015
2025  -0.002598  0.004267  0.000025
2026  0.004046  -0.004668  0.000038
2027  -0.001317  0.002756  0.000009
2028  -0.004052  -0.000637  0.000017
2029  -0.006559  -0.003701  0.000057
2030  -0.011521  0.002975  0.000142
2031  -0.003322  -0.005332  0.000039
2032  -0.003005  -0.001428  0.000011
2033  -0.006125  -0.000144  0.000038
2034  -0.005259  0.005911  0.000063
2035  -0.000883  -0.005951  0.000036
2036  0.000557  -0.000649  0.000001
2037  -0.002077  -0.001144  0.000006
2038  -0.007432  -0.000607  0.000056
2039  0.000071  0.007966  0.000063
2040  -0.007303  0.003575  0.000066
2041  -0.005920  0.002069  0.000039
2042  -0.002726  0.004396  0.000027
2043  0.003149  -0.003609  0.000023
2044  -0.003559  0.004889  0.000037
2045  -0.005778  0.002267  0.000039
2046  -0.004216  0.003566  0.000030
2047  0.003312  0.000907  0.000012
