0  -0.008193  -0.006605  0.000111
1  -0.000859  -0.006778  0.000047
2  -0.007946  -0.002378  0.000069
3  -0.017455  -0.002909  0.000313
4  0.001450  -0.004322  0.000021
5  -0.008682  0.003943  0.000091
6  -0.006218  -0.003215  0.000049
7  -0.005350  0.007570  0.000086
8  0.013130  -0.008741  0.000249
9  -0.006378  -0.006038  0.000077
10  -0.006478  -0.012946  0.000210
11  -0.011531  -0.006049  0.000170
12  0.002541  0.013581  0.000191
13  0.004312  -0.008663  0.000094
14  0.005592  0.019631  0.000417
15  -0.002192  0.011525  0.000138
16  0.004928  0.003891  0.000039
17  -0.013379  -0.005937  0.000214
18  -0.000132  -0.001739  0.000003
19  -0.005156  0.006764  0.000072
20  0.002720  0.016451  0.000278
21  -0.000669  -0.006646  0.000045
22  -0.007776  -0.002352  0.000066
23  0.005929  -0.007828  0.000096
24  -0.011974  -0.009810  0.000240
25  -0.008386  -0.017100  0.000363
26  -0.002186  0.007813  0.000066
27  -0.001653  -0.007159  0.000054
28  -0.001501  0.010784  0.000119
29  -0.013412  0.014677  0.000395
30  -0.001012  -0.001945  0.000005
31  -0.008738  -0.011107  0.000200
32  0.011177  -0.006341  0.000165
33  -0.021873  -0.008777  0.000555
34  -0.003624  -0.004251  0.000031
35  0.000960  -0.013487  0.000183
36  -0.013422  -0.000388  0.000180
37  0.003295  -0.007412  0.000066
38  0.014747  0.003210  0.000228
39  0.001646  -0.004511  0.000023
40  -0.002034  0.009013  0.000085
41  -0.003599  -0.018777  0.000366
42  0.015592  0.002637  0.000250
43  -0.007797  0.009929  0.000159
44  -0.005575  -0.001854  0.000035
45  0.025461  0.004620  0.000670
46  0.007197  0.014543  0.000263
47  0.011394  -0.001275  0.000131
48  0.005580  -0.018136  0.000360
49  -0.012549  -0.001562  0.000160
50  0.017281  -0.003570  0.000311
51  0.005018  -0.004248  0.000043
52  -0.001249  -0.008552  0.000075
53  -0.019718  -0.005950  0.000424
54  0.008442  0.004097  0.000088
55  0.002551  0.008172  0.000073
56  -0.008495  -0.001202  0.000074
57  0.006821  -0.005723  0.000079
58  -0.012845  -0.011567  0.000299
59  0.004176  -0.018732  0.000368
60  -0.007382  -0.006053  0.000091
61  -0.007757  -0.007849  0.000122
62  -0.007381  0.003626  0.000068
63  -0.001508  -0.008603  0.000076
64  0.001480  -0.008810  0.000080
65  -0.008301  -0.008358  0.000139
66  -0.013971  -0.000253  0.000195
67  0.013132  0.006918  0.000220
68  -0.003144  0.013714  0.000198
69  -0.016996  0.011242  0.000415
70  0.003921  0.004433  0.000035
71  -0.010474  -0.011903  0.000251
72  0.002558  -0.006120  0.000044
73  -0.006142  -0.003202  0.000048
74  0.011262  -0.005049  0.000152
75  -0.003145  -0.016331  0.000277
76  0.009582  0.002518  0.000098
77  -0.000959  -0.010415  0.000109
78  -0.007129  0.016088  0.000310
79  -0.000894  0.007265  0.000054
80  -0.010666  -0.012033  0.000259
81  -0.004000  -0.003829  0.000031
82  0.014463  0.006111  0.000247
83  0.008752  -0.013968  0.000272
84  -0.018652  -0.008869  0.000427
85  0.000163  -0.006195  0.000038
86  0.004964  -0.006478  0.000067
87  0.005458  -0.005784  0.000063
88  0.005974  -0.023950  0.000609
89  0.005348  0.005554  0.000059
90  0.008507  -0.002137  0.000077
91  0.000073  -0.019741  0.000390
92  -0.018140  0.002897  0.000337
93  0.007823  -0.015407  0.000299
94  -0.000411  -0.006746  0.000046
95  0.005156  -0.005936  0.000062
96  -0.011927  -0.003255  0.000153
97  0.003097  -0.000205  0.000010
98  0.002424  0.013347  0.000184
99  0.000765  0.003486  0.000013
100  0.006044  0.003239  0.000047
101  -0.010485  -0.008370  0.000180
102  0.007395  -0.012299  0.000206
103  -0.002133  -0.006425  0.000046
104  0.009273  -0.008700  0.000162
105  -0.015175  0.000204  0.000230
106  0.009300  -0.013290  0.000263
107  0.009266  0.005704  0.000118
108  0.010344  -0.001160  0.000108
109  -0.003072  -0.018713  0.000360
110  0.007627  -0.000254  0.000058
111  -0.006184  0.002262  0.000043
112  0.000493  0.009669  0.000094
113  -0.010673  0.009462  0.000203
114  0.010235  -0.007439  0.000160
115  0.005764  0.006599  0.000077
116  0.003544  -0.004093  0.000029
117  -0.002655  0.015366  0.000243
118  0.022724  -0.000334  0.000517
119  0.001033  0.004098  0.000018
120  0.006363  -0.007325  0.000094
121  -0.000762  -0.004796  0.000024
122  -0.021731  -0.007643  0.000531
123  0.002430  -0.013188  0.000180
124  0.005669  -0.001534  0.000034
125  -0.004991  -0.013216  0.000200
126  -0.015800  -0.000630  0.000250
127  0.009471  -0.011676  0.000226
128  0.001854  0.012046  0.000149
129  0.000743  0.006391  0.000041
130  -0.014931  -0.008289  0.000292
131  -0.012685  0.014725  0.000378
132  -0.014210  -0.005789  0.000235
133  -0.018000  0.006197  0.000362
134  -0.007117  0.005178  0.000077
135  0.015456  -0.000467  0.000239
136  -0.007975  0.012217  0.000213
137  -0.007014  -0.001579  0.000052
138  0.000152  0.007954  0.000063
139  -0.007814  0.004366  0.000080
140  -0.009276  -0.014280  0.000290
141  -0.001318  -0.009833  0.000098
142  0.007893  -0.011110  0.000186
143  -0.002806  -0.008268  0.000076
144  0.002794  0.019577  0.000391
145  -0.009799  0.001091  0.000097
146  -0.007149  -0.011416  0.000181
147  -0.004668  -0.007203  0.000074
148  -0.010065  0.010153  0.000204
149  -0.018458  0.001748  0.000344
150  -0.001681  -0.009134  0.000086
151  0.000087  -0.013089  0.000171
152  -0.019993  -0.008310  0.000469
153  0.006863  -0.003338  0.000058
154  -0.004631  0.000035  0.000021
155  -0.003249  -0.005257  0.000038
156  -0.011530  0.013174  0.000307
157  -0.002046  -0.015784  0.000253
158  -0.002313  -0.002413  0.000011
159  -0.003297  -0.002969  0.000020
160  0.005485  0.009111  0.000113
161  0.013566  -0.002138  0.000189
162  0.008225  0.011383  0.000197
163  -0.007419  -0.002259  0.000060
164  -0.002080  -0.011999  0.000148
165  -0.028581  -0.003169  0.000827
166  0.015631  -0.004304  0.000263
167  0.004460  -0.001060  0.000021
168  -0.004895  -0.011700  0.000161
169  -0.013732  -0.006359  0.000229
170  0.009770  -0.007558  0.000153
171  -0.002865  0.012857  0.000174
172  0.006456  0.001582  0.000044
173  0.004139  -0.011777  0.000156
174  -0.018562  -0.000448  0.000345
175  -0.004566  -0.003688  0.000034
176  -0.003207  -0.014103  0.000209
177  -0.015305  -0.010003  0.000334
178  -0.005783  0.004474  0.000053
179  -0.003309  0.000339  0.000011
180  0.002265  -0.011724  0.000143
181  -0.003481  -0.009290  0.000098
182  -0.023935  0.005856  0.000607
183  0.004264  -0.008958  0.000098
184  0.012429  0.010417  0.000263
185  0.007362  0.011130  0.000178
186  0.017568  -0.002597  0.000315
187  -0.012878  -0.007856  0.000228
188  -0.004650  -0.003758  0.000036
189  -0.004261  0.002801  0.000026
190  0.008114  -0.007729  0.000126
191  -0.009837  -0.007313  0.000150
192  0.013924  -0.007023  0.000243
193  -0.007523  -0.000665  0.000057
194  0.004742  0.010674  0.000136
195  0.012033  0.006103  0.000182
196  -0.002871  0.003434  0.000020
197  -0.002790  -0.001337  0.000010
198  0.011065  -0.004012  0.000139
199  -0.000349  -0.019100  0.000365
200  -0.010567  0.013285  0.000288
201  -0.001885  -0.002751  0.000011
202  -0.000051  -0.014428  0.000208
203  0.008959  -0.007973  0.000144
204  -0.015021  -0.017264  0.000524
205  0.002984  -0.008738  0.000085
206  0.008303  -0.013108  0.000241
207  -0.013237  -0.011839  0.000315
208  0.000902  0.003618  0.000014
209  -0.010094  -0.013267  0.000278
210  -0.012640  -0.002610  0.000167
211  -0.005521  -0.012791  0.000194
212  -0.016292  0.009540  0.000356
213  -0.004363  -0.011825  0.000159
214  0.003424  -0.007045  0.000061
215  0.006394  -0.010932  0.000160
216  0.003766  -0.022965  0.000542
217  -0.002786  0.012021  0.000152
218  -0.008930  -0.004313  0.000098
219  0.000426  -0.008889  0.000079
220  -0.018145  -0.008958  0.000409
221  0.011570  0.003835  0.000149
222  -0.014564  0.009616  0.000305
223  -0.002828  -0.005905  0.000043
224  -0.013185  -0.021987  0.000657
225  -0.019924  0.003630  0.000410
226  -0.000355  -0.004306  0.000019
227  -0.001687  -0.000471  0.000003
228  -0.018636  0.001252  0.000349
229  0.000436  -0.004102  0.000017
230  -0.021841  -0.000510  0.000477
231  -0.012547  -0.020810  0.000590
232  -0.000139  0.003376  0.000011
233  0.003739  -0.006859  0.000061
234  -0.007152  -0.014387  0.000258
235  0.006067  -0.011737  0.000175
236  -0.000765  -0.002218  0.000006
237  -0.015809  0.003142  0.000260
238  -0.007021  0.009821  0.000146
239  -0.011291  0.000746  0.000128
240  -0.016873  -0.011081  0.000407
241  -0.014463  0.000704  0.000210
242  0.009095  0.006310  0.000123
243  -0.010677  0.001996  0.000118
244  -0.008413  -0.011526  0.000204
245  -0.010225  -0.008106  0.000170
246  -0.010727  0.009113  0.000198
247  0.004247  -0.007592  0.000076
248  0.009697  0.008479  0.000166
249  -0.009649  0.010590  0.000205
250  0.002703  -0.002762  0.000015
251  -0.018866  -0.021101  0.000801
252  -0.002424  -0.011879  0.000147
253  0.001411  0.003335  0.000013
254  0.010769  0.012800  0.000280
255  0.000420  -0.024951  0.000623
256  0.000972  -0.005106  0.000027
257  -0.014745  -0.003112  0.000227
258  -0.009548  -0.002234  0.000096
259  -0.004101  0.012154  0.000165
260  -0.005496  -0.007879  0.000092
261  0.002738  -0.007424  0.000063
262  -0.003211  0.014211  0.000212
263  0.008186  0.022616  0.000579
264  -0.005967  -0.023831  0.000603
265  0.006801  -0.010177  0.000150
266  -0.000418  -0.002435  0.000006
267  -0.010768  0.000785  0.000117
268  0.013089  0.002478  0.000177
269  -0.009979  0.011596  0.000234
270  -0.001379  0.001363  0.000004
271  0.005676  0.005722  0.000065
272  0.002598  -0.010544  0.000118
273  0.000931  0.004042  0.000017
274  -0.013452  0.010398  0.000289
275  -0.007703  0.007224  0.000112
276  0.008356  0.001842  0.000073
277  -0.026925  -0.000528  0.000725
278  -0.001767  -0.012826  0.000168
279  -0.011739  0.001906  0.000141
280  -0.011298  -0.016110  0.000387
281  0.014378  0.002075  0.000211
282  -0.004126  0.003416  0.000029
283  -0.003752  0.001673  0.000017
284  0.002918  0.004349  0.000027
285  0.020789  -0.004047  0.000449
286  -0.015351  0.001035  0.000237
287  -0.009659  -0.003341  0.000104
288  -0.014404  -0.011368  0.000337
289  -0.004608  0.001390  0.000023
290  0.001174  -0.012168  0.000149
291  -0.000725  0.000986  0.000001
292  -0.000972  -0.000322  0.000001
293  0.010267  0.007043  0.000155
294  -0.014168  -0.020468  0.000620
295  0.007372  -0.011442  0.000185
296  0.000084  0.001544  0.000002
297  -0.007016  0.008150  0.000116
298  0.014560  -0.025033  0.000839
299  0.007504  -0.001487  0.000059
300  0.002835  -0.009457  0.000097
301  -0.002045  -0.014967  0.000228
302  -0.023464  -0.006521  0.000593
303  0.006556  -0.011307  0.000171
304  0.013199  -0.002432  0.000180
305  -0.002636  -0.003339  0.000018
306  -0.001676  0.011715  0.000140
307  0.007741  0.005229  0.000087
308  0.008586  0.004439  0.000093
309  0.005272  0.001953  0.000032
310  -0.013018  -0.018151  0.000499
311  -0.015644  0.001395  0.000247
312  -0.012803  -0.014075  0.000362
313  -0.003214  -0.010178  0.000114
314  -0.013035  0.002427  0.000176
315  -0.003455  0.012275  0.000163
316  -0.012452  -0.012626  0.000314
317  0.003862  -0.011142  0.000139
318  -0.005132  -0.015127  0.000255
319  -0.011206  -0.002731  0.000133
320  0.015130  -0.002267  0.000234
321  0.011057  0.006268  0.000162
322  0.001698  0.017139  0.000297
323  0.007313  -0.001802  0.000057
324  -0.014144  0.003186  0.000210
325  -0.000323  -0.004025  0.000016
326  -0.001341  0.004054  0.000018
327  0.007712  -0.011836  0.000200
328  -0.016591  -0.013420  0.000455
329  0.003823  -0.016272  0.000279
330  0.002201  -0.002362  0.000010
331  0.011236  0.002311  0.000132
332  0.012546  0.005657  0.000189
333  -0.018739  -0.006064  0.000388
334  -0.003440  -0.001479  0.000014
335  0.004972  -0.006883  0.000072
336  0.003901  -0.012283  0.000166
337  -0.011719  0.008052  0.000202
338  -0.006515  -0.009719  0.000137
339  -0.008805  -0.010938  0.000197
340  0.009608  -0.003540  0.000105
341  -0.017548  -0.025367  0.000951
342  0.013821  -0.006139  0.000229
343  0.009814  -0.021108  0.000542
344  -0.018082  -0.012471  0.000482
345  -0.011133  0.003554  0.000137
346  -0.008841  -0.011712  0.000215
347  0.005625  0.000399  0.000032
348  -0.001954  -0.011337  0.000132
349  -0.002190  0.008441  0.000076
350  0.010219  -0.013366  0.000283
351  0.010757  -0.008672  0.000191
352  -0.000066  -0.007327  0.000054
353  0.005573  -0.009039  0.000113
354  -0.020852  0.008734  0.000511
355  -0.008227  -0.016610  0.000344
356  -0.009038  -0.001774  0.000085
357  -0.014841  -0.008909  0.000300
358  -0.013775  0.011542  0.000323
359  -0.015154  -0.007840  0.000291
360  0.002949  -0.014852  0.000229
361  -0.000828  -0.020690  0.000429
362  -0.013334  -0.004189  0.000195
363  0.003547  -0.005147  0.000039
364  -0.004678  -0.001561  0.000024
365  -0.003964  -0.010982  0.000136
366  0.005313  0.010131  0.000131
367  -0.006186  -0.014681  0.000254
368  0.010594  -0.009401  0.000201
369  -0.006897  -0.001658  0.000050
370  0.011206  -0.002573  0.000132
371  0.009639  -0.017434  0.000397
372  0.004655  0.003278  0.000032
373  -0.012024  -0.006686  0.000189
374  -0.003762  -0.005127  0.000040
375  -0.006328  0.008832  0.000118
376  -0.002517  -0.008152  0.000073
377  -0.002467  -0.006220  0.000045
378  -0.010822  -0.000848  0.000118
379  -0.003413  0.015406  0.000249
380  -0.004518  -0.017293  0.000319
381  0.008401  -0.004985  0.000095
382  0.003580  -0.004783  0.000036
383  -0.001972  0.002081  0.000008
384  0.013205  0.021892  0.000654
385  -0.006960  0.016410  0.000318
386  0.013778  0.007032  0.000239
387  0.004646  0.010742  0.000137
388  0.004440  -0.009191  0.000104
389  0.004301  0.007124  0.000069
390  -0.001092  0.004107  0.000018
391  -0.002750  0.000160  0.000008
392  0.017003  0.004370  0.000308
393  -0.011301  0.006350  0.000168
394  -0.006010  -0.008435  0.000107
395  -0.017302  -0.017053  0.000590
396  -0.014803  -0.009692  0.000313
397  0.020749  -0.011529  0.000563
398  0.002100  0.000336  0.000005
399  -0.010885  0.002956  0.000127
400  -0.018649  0.009736  0.000443
401  0.019686  0.011063  0.000510
402  0.002566  0.011405  0.000137
403  -0.004104  -0.003675  0.000030
404  -0.016039  -0.012543  0.000415
405  -0.017628  0.010409  0.000419
406  -0.002053  -0.018390  0.000342
407  -0.005899  -0.003358  0.000046
408  -0.009378  0.009340  0.000175
409  0.012831  0.009150  0.000248
410  -0.013362  -0.012695  0.000340
411  0.005292  -0.009321  0.000115
412  -0.002564  0.001253  0.000008
413  -0.005959  -0.002855  0.000044
414  0.004301  -0.017450  0.000323
415  0.004468  -0.011782  0.000159
416  0.008710  0.002865  0.000084
417  -0.009470  -0.003458  0.000102
418  0.002670  0.007964  0.000071
419  -0.007826  -0.023029  0.000592
420  0.003646  -0.011767  0.000152
421  -0.004147  -0.000600  0.000018
422  -0.007391  0.014928  0.000277
423  0.000593  -0.000375  0.000000
424  0.015085  -0.001745  0.000231
425  0.004637  -0.002492  0.000028
426  -0.001617  -0.009120  0.000086
427  -0.002617  0.024038  0.000585
428  -0.008334  -0.003614  0.000083
429  -0.012617  0.004412  0.000179
430  -0.005988  0.007532  0.000093
431  0.008036  0.020825  0.000498
432  -0.010717  0.002288  0.000120
433  -0.015138  0.007575  0.000287
434  -0.019521  -0.000441  0.000381
435  -0.001984  0.012347  0.000156
436  -0.008191  -0.003478  0.000079
437  -0.002988  -0.012090  0.000155
438  0.001014  -0.001476  0.000003
439  0.000182  -0.011202  0.000126
440  -0.011412  0.016407  0.000399
441  -0.005079  0.001784  0.000029
442  0.008339  -0.002940  0.000078
443  0.000996  -0.009494  0.000091
444  -0.022976  0.005738  0.000561
445  -0.018182  -0.011297  0.000458
446  -0.001007  -0.003554  0.000014
447  -0.000687  -0.005690  0.000033
448  0.015639  -0.018827  0.000599
449  0.002018  0.008416  0.000075
450  -0.002302  0.001276  0.000007
451  -0.002173  -0.004513  0.000025
452  -0.005180  -0.008727  0.000103
453  0.016275  0.002301  0.000270
454  -0.013306  0.010564  0.000289
455  -0.004112  0.010252  0.000122
456  0.002680  -0.006460  0.000049
457  -0.021795  0.019247  0.000845
458  -0.016209  -0.014220  0.000465
459  -0.022452  -0.001652  0.000507
460  -0.013020  0.004009  0.000186
461  0.005958  0.013962  0.000230
462  -0.015806  0.017677  0.000562
463  -0.002570  -0.007296  0.000060
464  -0.015088  0.010102  0.000330
465  0.017351  0.007585  0.000359
466  -0.010197  -0.004980  0.000129
467  -0.007815  -0.013924  0.000255
468  0.002423  -0.004147  0.000023
469  -0.021755  0.001900  0.000477
470  0.014025  -0.000325  0.000197
471  -0.006094  0.009033  0.000119
472  -0.022248  0.002986  0.000504
473  -0.000747  0.008258  0.000069
474  0.008748  0.007153  0.000128
475  -0.000485  0.001298  0.000002
476  -0.011127  0.005466  0.000154
477  -0.012082  0.013433  0.000326
478  -0.010862  0.024108  0.000699
479  -0.024567  0.002267  0.000609
480  -0.008604  0.006001  0.000110
481  0.018363  0.005154  0.000364
482  0.015405  0.004484  0.000257
483  -0.003703  0.002985  0.000023
484  0.002243  0.013397  0.000185
485  -0.006773  0.005509  0.000076
486  0.008745  0.002495  0.000083
487  -0.027716  0.000658  0.000769
488  -0.005817  -0.003903  0.000049
489  -0.009784  -0.008518  0.000168
490  -0.010057  0.003779  0.000115
491  0.019192  -0.001276  0.000370
492  -0.008862  0.009972  0.000178
493  -0.002024  0.011455  0.000135
494  0.011177  0.004708  0.000147
495  0.014789  -0.009426  0.000308
496  -0.008232  0.009495  0.000158
497  -0.012126  0.001474  0.000149
498  -0.008673  0.013085  0.000246
499  0.001652  0.008289  0.000071
500  -0.013374  -0.019730  0.000568
501  -0.007735  -0.009918  0.000158
502  0.003709  -0.014994  0.000239
503  0.005791  -0.015108  0.000262
504  -0.010776  0.000715  0.000117
505  -0.000000  -0.008169  0.000067
506  -0.005327  -0.011715  0.000166
507  -0.012976  -0.013750  0.000357
508  -0.027445  -0.007690  0.000812
509  0.013086  -0.004478  0.000191
510  -0.002300  -0.001837  0.000009
511  -0.002783  0.008342  0.000077
512  0.011995  0.004453  0.000164
513  -0.015053  0.000253  0.000227
514  -0.003497  0.004711  0.000034
515  -0.002640  -0.005527  0.000038
516  -0.003955  -0.022083  0.000503
517  -0.017631  -0.003813  0.000325
518  -0.009346  -0.011416  0.000218
519  -0.000024  0.003762  0.000014
520  0.009562  -0.003236  0.000102
521  0.016644  -0.016471  0.000548
522  0.016033  0.000164  0.000257
523  0.002945  0.004126  0.000026
524  0.003928  -0.016267  0.000280
525  -0.020981  -0.022450  0.000944
526  0.016103  0.000941  0.000260
527  0.006824  -0.014015  0.000243
528  0.005217  -0.008955  0.000107
529  -0.018882  -0.017585  0.000666
530  0.000251  0.003626  0.000013
531  -0.020298  0.001995  0.000416
532  -0.020285  -0.011469  0.000543
533  0.001896  0.018942  0.000362
534  -0.002562  -0.012778  0.000170
535  0.005125  -0.000557  0.000027
536  -0.003233  0.001268  0.000012
537  0.000104  0.016726  0.000280
538  -0.004301  -0.013662  0.000205
539  0.005950  0.003629  0.000049
540  -0.018116  0.005056  0.000354
541  -0.006797  0.011221  0.000172
542  0.001737  0.024492  0.000603
543  -0.025926  0.001273  0.000674
544  0.001101  -0.013526  0.000184
545  0.003365  0.001731  0.000014
546  -0.002641  -0.012076  0.000153
547  -0.011721  0.007477  0.000193
548  -0.008897  -0.008044  0.000144
549  0.005118  -0.012677  0.000187
550  0.004347  -0.022183  0.000511
551  -0.014068  -0.012859  0.000363
552  0.007182  -0.006593  0.000095
553  -0.001870  -0.006577  0.000047
554  -0.007594  0.007327  0.000111
555  0.003677  0.006132  0.000051
556  -0.019839  -0.010195  0.000498
557  -0.010983  0.005622  0.000152
558  0.001890  -0.000842  0.000004
559  -0.010468  0.018065  0.000436
560  -0.016484  -0.030250  0.001187
561  0.004850  -0.011648  0.000159
562  0.000109  -0.000835  0.000001
563  -0.008066  -0.012222  0.000214
564  0.022106  0.017369  0.000790
565  -0.002339  0.004372  0.000025
566  -0.008232  0.008808  0.000145
567  -0.006209  0.003690  0.000052
568  0.015717  -0.008020  0.000311
569  -0.013422  0.004345  0.000199
570  -0.010141  0.007820  0.000164
571  -0.004420  0.014581  0.000232
572  0.009312  0.017571  0.000395
573  -0.024010  -0.002673  0.000584
574  -0.001694  -0.003725  0.000017
575  -0.005607  -0.011804  0.000171
576  0.001574  -0.014009  0.000199
577  -0.017722  0.016803  0.000596
578  -0.012191  -0.012540  0.000306
579  -0.007905  -0.016383  0.000331
580  -0.016593  -0.013819  0.000466
581  -0.013749  0.016111  0.000449
582  -0.003435  -0.011761  0.000150
583  0.014481  0.005928  0.000245
584  0.018180  0.007997  0.000394
585  0.006376  -0.024095  0.000621
586  0.012222  -0.003181  0.000160
587  -0.005665  -0.005279  0.000060
588  -0.002693  -0.012026  0.000152
589  -0.017482  -0.005606  0.000337
590  0.004373  0.010857  0.000137
591  -0.015553  0.017925  0.000563
592  -0.012453  -0.000748  0.000156
593  -0.006286  -0.009396  0.000128
594  -0.013246  0.018540  0.000519
595  -0.023923  -0.002144  0.000577
596  -0.003214  0.003745  0.000024
597  -0.015687  0.003257  0.000257
598  0.023276  -0.000076  0.000542
599  -0.019603  0.004402  0.000404
600  -0.019760  -0.003268  0.000401
601  -0.009626  0.011118  0.000216
602  0.010932  0.016708  0.000399
603  -0.014556  -0.003707  0.000226
604  0.007825  -0.010563  0.000173
605  0.003451  -0.018940  0.000371
606  -0.023362  0.009102  0.000629
607  0.015691  -0.000053  0.000246
608  -0.011737  0.014057  0.000335
609  -0.027323  0.000701  0.000747
610  -0.005739  0.000069  0.000033
611  0.012552  -0.006873  0.000205
612  -0.017775  0.011959  0.000459
613  -0.014764  0.001185  0.000219
614  -0.021243  0.004745  0.000474
615  -0.016724  0.030927  0.001236
616  -0.011073  -0.006427  0.000164
617  0.007692  -0.001486  0.000061
618  0.022078  -0.004432  0.000507
619  0.003224  0.011046  0.000132
620  -0.020793  0.002743  0.000440
621  -0.008278  0.001332  0.000070
622  0.002513  -0.013004  0.000175
623  0.009046  -0.007692  0.000141
624  -0.018609  -0.017485  0.000652
625  0.001080  -0.018554  0.000345
626  -0.010292  -0.020620  0.000531
627  -0.015159  0.010147  0.000333
628  0.018245  0.014722  0.000550
629  -0.014434  0.015782  0.000457
630  -0.015853  -0.003614  0.000264
631  0.000890  -0.000337  0.000001
632  0.017035  0.002209  0.000295
633  -0.015664  -0.003413  0.000257
634  -0.018283  -0.014162  0.000535
635  -0.018169  -0.001733  0.000333
636  0.012655  0.007522  0.000217
637  -0.000768  -0.021361  0.000457
638  0.005823  0.004298  0.000052
639  0.015791  0.018448  0.000590
640  0.003534  -0.004819  0.000036
641  -0.029229  -0.015943  0.001109
642  -0.003714  -0.015521  0.000255
643  0.016163  -0.001252  0.000263
644  0.000425  -0.004921  0.000024
645  -0.004148  -0.022945  0.000544
646  0.002550  0.019887  0.000402
647  -0.012263  0.003616  0.000163
648  -0.011874  -0.001289  0.000143
649  0.002122  0.012600  0.000163
650  -0.002060  -0.015434  0.000242
651  0.014253  -0.006880  0.000250
652  0.008407  0.013034  0.000241
653  0.003593  0.006357  0.000053
654  -0.014294  -0.019673  0.000591
655  0.013499  -0.003691  0.000196
656  0.002347  0.009000  0.000087
657  0.011960  0.010139  0.000246
658  0.022998  0.001089  0.000530
659  -0.005872  0.023055  0.000566
660  -0.000708  -0.010343  0.000107
661  0.003135  0.009467  0.000099
662  -0.002967  -0.020631  0.000434
663  0.004535  0.009348  0.000108
664  -0.002962  0.011584  0.000143
665  0.000049  -0.003861  0.000015
666  0.004630  -0.028649  0.000842
667  -0.028068  -0.002477  0.000794
668  -0.003417  -0.024249  0.000600
669  -0.007023  -0.007619  0.000107
670  -0.013872  -0.008872  0.000271
671  0.039560  0.010011  0.001665
672  -0.008992  -0.000172  0.000081
673  -0.003271  0.003164  0.000021
674  -0.001565  -0.003053  0.000012
675  0.020035  0.011877  0.000542
676  -0.029155  0.006417  0.000891
677  -0.013371  -0.011128  0.000303
678  -0.013445  -0.022284  0.000677
679  -0.007748  0.009530  0.000151
680  0.006331  -0.009248  0.000126
681  -0.000736  -0.004977  0.000025
682  -0.004218  0.008924  0.000097
683  0.014962  0.000711  0.000224
684  -0.012227  -0.027248  0.000892
685  0.006793  0.001800  0.000049
686  -0.017191  0.013078  0.000467
687  0.003164  0.008120  0.000076
688  0.034155  -0.018349  0.001503
689  -0.005112  0.013610  0.000211
690  -0.005210  -0.007524  0.000084
691  -0.017815  -0.013214  0.000492
692  -0.027218  -0.015418  0.000979
693  0.015338  0.007100  0.000286
694  -0.005229  0.016472  0.000299
695  -0.019420  -0.003689  0.000391
696  -0.017345  0.014095  0.000499
697  0.005261  0.009590  0.000120
698  -0.009303  0.020490  0.000506
699  -0.008358  -0.008961  0.000150
700  -0.007411  -0.022623  0.000567
701  -0.030673  0.001306  0.000943
702  -0.010794  -0.012044  0.000262
703  -0.017021  -0.002381  0.000295
704  -0.025137  0.000054  0.000632
705  -0.007523  0.023594  0.000613
706  -0.008735  -0.010072  0.000178
707  -0.006986  -0.000090  0.000049
708  0.003199  -0.014450  0.000219
709  -0.008405  0.009258  0.000156
710  -0.002500  0.015882  0.000258
711  -0.009302  0.006326  0.000127
712  -0.007933  0.007534  0.000120
713  0.018215  -0.001347  0.000334
714  -0.011905  -0.021510  0.000604
715  0.003227  0.006517  0.000053
716  0.014509  0.005689  0.000243
717  0.014693  0.018522  0.000559
718  0.016268  -0.025949  0.000938
719  0.012559  0.017819  0.000475
720  -0.014803  0.006269  0.000258
721  -0.016828  0.017924  0.000604
722  0.005563  0.019082  0.000395
723  -0.007722  -0.008849  0.000138
724  -0.001663  -0.012153  0.000150
725  -0.006411  0.010813  0.000158
726  0.028346  -0.007971  0.000867
727  -0.023468  -0.001794  0.000554
728  -0.001569  -0.013773  0.000192
729  0.005388  0.015196  0.000260
730  0.020163  0.003976  0.000422
731  0.022028  -0.022324  0.000984
732  -0.006398  0.010447  0.000150
733  -0.012326  0.012498  0.000308
734  0.016816  -0.014871  0.000504
735  -0.026689  -0.013235  0.000887
736  0.022263  -0.019478  0.000875
737  0.010028  -0.007610  0.000158
738  -0.005586  0.011315  0.000159
739  -0.016709  -0.005646  0.000311
740  0.018231  0.030370  0.001255
741  0.000389  0.028800  0.000830
742  0.003778  0.009564  0.000106
743  -0.000698  -0.001046  0.000002
744  -0.024889  -0.023132  0.001155
745  -0.000258  -0.008216  0.000068
746  0.013689  -0.008962  0.000268
747  0.005655  -0.021147  0.000479
748  -0.023940  0.006417  0.000614
749  0.005588  -0.007113  0.000082
750  0.010697  -0.008903  0.000194
751  0.008549  0.014123  0.000273
752  0.013688  -0.021968  0.000670
753  -0.007790  0.020522  0.000482
754  -0.026249  -0.001695  0.000692
755  -0.035969  -0.015199  0.001525
756  -0.024895  0.008901  0.000699
757  0.025688  -0.015029  0.000886
758  -0.017643  0.012423  0.000466
759  -0.025075  0.005009  0.000654
760  -0.032425  0.018496  0.001393
761  0.006725  0.034518  0.001237
762  -0.004555  0.011943  0.000163
763  -0.022724  -0.007414  0.000571
764  0.017296  -0.024532  0.000901
765  -0.019638  -0.030430  0.001312
766  0.014123  0.023499  0.000752
767  -0.005841  0.014124  0.000234
768  -0.014015  0.011717  0.000334
769  -0.036476  0.016871  0.001615
770  0.008600  0.013617  0.000259
771  -0.005254  0.002573  0.000034
772  0.007284  0.015942  0.000307
773  -0.012792  -0.018259  0.000497
774  -0.042011  0.008327  0.001834
775  -0.008413  -0.011679  0.000207
776  -0.002662  0.000431  0.000007
777  -0.018902  0.004605  0.000379
778  -0.009364  0.020536  0.000509
779  -0.009830  -0.014393  0.000304
780  -0.007963  -0.020764  0.000495
781  -0.011020  -0.009618  0.000214
782  -0.019931  0.056686  0.003611
783  -0.002786  -0.021472  0.000469
784  0.007065  -0.002552  0.000056
785  -0.007156  0.006610  0.000095
786  -0.006048  -0.021763  0.000510
787  -0.031364  0.016043  0.001241
788  -0.014664  -0.024432  0.000812
789  -0.008201  -0.017583  0.000376
790  -0.002171  -0.000135  0.000005
791  -0.022527  0.031970  0.001530
792  -0.000106  -0.021313  0.000454
793  -0.007516  -0.011418  0.000187
794  0.010812  -0.008797  0.000194
795  0.001126  -0.025682  0.000661
796  0.000046  0.028633  0.000820
797  -0.023202  0.010939  0.000658
798  -0.031793  -0.002971  0.001020
799  -0.031501  0.029799  0.001880
800  0.015907  0.001147  0.000254
801  -0.005768  0.017411  0.000336
802  -0.006281  -0.012135  0.000187
803  -0.033102  0.004717  0.001118
804  -0.017056  0.057339  0.003579
805  -0.032712  0.008461  0.001142
806  -0.023593  -0.008712  0.000633
807  0.008164  0.016863  0.000351
808  0.000201  -0.041261  0.001703
809  0.003475  0.005535  0.000043
810  -0.004859  0.008601  0.000098
811  0.013118  -0.005979  0.000208
812  -0.001224  -0.012235  0.000151
813  -0.026532  0.040083  0.002311
814  -0.029817  -0.000311  0.000889
815  -0.006309  -0.002278  0.000045
816  -0.024898  0.000960  0.000621
817  -0.008217  -0.040096  0.001675
818  0.026313  -0.015203  0.000923
819  -0.004849  0.005024  0.000049
820  -0.000406  -0.027541  0.000759
821  -0.045664  -0.005665  0.002117
822  0.007677  -0.009080  0.000141
823  0.010055  0.002530  0.000107
824  -0.001258  -0.001495  0.000004
825  -0.024131  -0.043256  0.002453
826  0.015035  0.041252  0.001928
827  -0.009650  0.004026  0.000109
828  -0.029151  0.007619  0.000908
829  -0.015042  0.012583  0.000385
830  -0.000603  -0.015040  0.000227
831  -0.014194  0.019614  0.000586
832  -0.003073  0.015688  0.000256
833  -0.030896  0.036024  0.002252
834  0.021899  0.005351  0.000508
835  -0.009251  0.021426  0.000545
836  -0.019804  -0.007959  0.000456
837  -0.013590  -0.021728  0.000657
838  -0.032880  0.024325  0.001673
839  -0.022443  -0.027260  0.001247
840  0.000715  -0.010443  0.000110
841  -0.016354  0.024173  0.000852
842  -0.005734  0.016908  0.000319
843  -0.018587  -0.021846  0.000823
844  -0.005226  0.010130  0.000130
845  -0.008222  0.027347  0.000815
846  -0.020361  0.011701  0.000552
847  0.040854  0.006890  0.001717
848  0.004409  0.028087  0.000808
849  -0.025961  0.007012  0.000723
850  -0.001224  0.007440  0.000057
851  -0.022052  -0.029894  0.001380
852  0.008284  0.001890  0.000072
853  -0.001976  -0.003856  0.000019
854  0.017244  -0.004176  0.000315
855  -0.013164  -0.038714  0.001672
856  0.032313  0.025715  0.001705
857  -0.015030  0.002925  0.000234
858  -0.041970  0.042095  0.003533
859  0.019878  0.018555  0.000739
860  -0.025224  -0.032795  0.001712
861  0.004981  0.002853  0.000033
862  0.046823  0.012805  0.002356
863  0.013690  -0.017262  0.000485
864  -0.045362  -0.003058  0.002067
865  0.012666  -0.018911  0.000518
866  0.006876  0.012391  0.000201
867  0.012536  0.008862  0.000236
868  0.024296  -0.037849  0.002023
869  -0.008283  0.024795  0.000683
870  -0.006909  0.005296  0.000076
871  -0.038410  -0.030098  0.002381
872  -0.034453  0.000977  0.001188
873  0.040686  0.006893  0.001703
874  -0.001296  0.024905  0.000622
875  -0.007978  -0.001186  0.000065
876  -0.053050  0.011020  0.002936
877  0.032514  0.020966  0.001497
878  -0.048280  0.037736  0.003755
879  -0.023910  0.026549  0.001277
880  0.012435  -0.000671  0.000155
881  -0.039404  -0.037177  0.002935
882  0.019185  -0.008752  0.000445
883  0.011413  0.003517  0.000143
884  -0.025401  0.001151  0.000647
885  -0.047146  0.007202  0.002275
886  0.003295  0.007267  0.000064
887  0.013752  0.018955  0.000548
888  0.011746  0.039980  0.001736
889  -0.016431  -0.036639  0.001612
890  -0.043786  0.035337  0.003166
891  -0.035908  -0.014075  0.001488
892  -0.046197  -0.023888  0.002705
893  -0.041745  0.026879  0.002465
894  0.028789  0.042794  0.002660
895  -0.049719  0.047142  0.004694
896  -0.023701  -0.015717  0.000809
897  -0.008653  0.001546  0.000077
898  -0.025804  0.065817  0.004998
899  -0.008546  -0.020648  0.000499
900  0.007847  -0.003955  0.000077
901  0.055269  -0.004190  0.003072
902  -0.010425  -0.018109  0.000437
903  -0.022979  0.078474  0.006686
904  -0.050766  0.010141  0.002680
905  -0.015320  -0.029451  0.001102
906  -0.006579  -0.018747  0.000395
907  -0.003618  0.047451  0.002265
908  -0.020298  -0.003824  0.000427
909  -0.028988  -0.010045  0.000941
910  -0.026722  -0.038588  0.002203
911  -0.067473  -0.031476  0.005543
912  0.008981  -0.016482  0.000352
913  -0.012691  0.004220  0.000179
914  -0.012334  -0.013160  0.000325
915  -0.020797  0.043922  0.002362
916  -0.010365  -0.012116  0.000254
917  0.000835  0.001282  0.000002
918  -0.019694  -0.000091  0.000388
919  -0.060613  0.008587  0.003748
920  0.060559  0.007967  0.003731
921  0.034951  0.033967  0.002375
922  -0.014899  0.034185  0.001391
923  0.034947  0.004112  0.001238
924  -0.069501  -0.016175  0.005092
925  -0.007218  0.007868  0.000114
926  -0.000627  0.012378  0.000154
927  -0.026073  -0.009434  0.000769
928  -0.044398  -0.023320  0.002515
929  0.027244  0.001669  0.000745
930  0.031030  0.026505  0.001665
931  -0.006127  0.038000  0.001482
932  0.012752  0.014735  0.000380
933  -0.032235  0.020870  0.001475
934  -0.043286  0.018227  0.002206
935  -0.005981  -0.010220  0.000140
936  -0.074404  0.011562  0.005670
937  -0.035194  0.078278  0.007366
938  -0.056657  0.013062  0.003381
939  -0.031710  0.006160  0.001043
940  -0.029677  -0.053531  0.003746
941  -0.063159  0.011445  0.004120
942  -0.006192  0.002604  0.000045
943  -0.033504  0.033562  0.002249
944  -0.014019  0.031151  0.001167
945  -0.011557  0.088566  0.007977
946  -0.074602  -0.008238  0.005633
947  -0.006096  -0.048882  0.002427
948  0.003514  0.026500  0.000715
949  0.037989  0.041839  0.003194
950  -0.059928  -0.031445  0.004580
951  -0.006930  -0.046997  0.002257
952  0.021344  0.018221  0.000788
953  -0.030883  0.057335  0.004241
954  0.026486  -0.019921  0.001098
955  -0.020990  0.026524  0.001144
956  0.030151  0.017788  0.001226
957  0.007997  0.035719  0.001340
958  0.025924  -0.024342  0.001265
959  -0.012441  0.065726  0.004475
960  -0.038414  -0.026487  0.002177
961  0.007512  0.060121  0.003671
962  -0.010654  0.047903  0.002408
963  -0.066405  -0.043351  0.006289
964  -0.030179  -0.035493  0.002170
965  -0.048427  -0.027257  0.003088
966  -0.055978  -0.070321  0.008079
967  -0.022788  0.081251  0.007121
968  -0.018127  0.006698  0.000373
969  -0.060002  0.002224  0.003605
970  -0.098126  -0.025818  0.010295
971  -0.055320  0.002283  0.003065
972  -0.028036  -0.067552  0.005349
973  0.045485  -0.047078  0.004285
974  0.054113  0.008914  0.003008
975  -0.002310  -0.005257  0.000033
976  -0.019384  0.076789  0.006272
977  -0.031118  0.060580  0.004638
978  -0.067665  -0.000155  0.004579
979  -0.048997  0.042702  0.004224
980  0.009281  0.132400  0.017616
981  -0.046972  0.061280  0.005962
982  -0.041200  0.023792  0.002264
983  -0.065091  0.075058  0.009870
984  -0.163981  0.078120  0.032992
985  -0.229486  -0.060188  0.056286
986  -0.093285  -0.010697  0.008817
987  -0.117251  0.016273  0.014013
988  0.066830  0.025967  0.005140
989  -0.112008  0.095151  0.021600
990  -0.045951  0.053341  0.004957
991  -0.117156  0.036865  0.015084
992  -0.010699  0.092483  0.008668
993  -0.186139  -0.089254  0.042614
994  -0.048746  -0.020482  0.002796
995  -0.163391  -0.106045  0.037942
996  -0.094964  -0.110935  0.021325
997  0.105471  -0.037805  0.012553
998  -0.178332  0.069538  0.036638
999  -0.065988  -0.088474  0.012182
1000  0.055703  0.092222  0.011608
1001  -0.031905  -0.048477  0.003368
1002  -0.050757  -0.011279  0.002703
1003  -0.042874  0.071144  0.006900
1004  -0.110319  0.096079  0.021401
1005  -0.134836  0.010174  0.018284
1006  -0.013774  -0.222020  0.049483
1007  0.028861  0.056610  0.004038
1008  -0.128352  -0.047134  0.018696
1009  -0.177624  -0.158297  0.056608
1010  0.084215  0.034769  0.008301
1011  0.059185  -0.002483  0.003509
1012  -0.101549  -0.049324  0.012745
1013  -0.184715  0.062914  0.038078
1014  -0.066613  -0.339044  0.119388
1015  0.028366  -0.006644  0.000849
1016  -0.226778  -0.255305  0.116609
1017  -0.123036  -0.153766  0.038782
1018  0.116105  -0.174910  0.044074
1019  -0.027620  -0.216396  0.047590
1020  0.267965  -0.036056  0.073106
1021  0.018953  -0.007383  0.000414
1022  0.025835  -0.035727  0.001944
1023  -0.023149  -0.259870  0.068068
1024  0.166853  -0.082247  0.034604
1025  0.007593  -0.079947  0.006449
1026  0.158285  -0.059614  0.028608
1027  0.609519  0.013686  0.371701
1028  -0.101202  0.370874  0.147789
1029  -0.018943  0.170027  0.029268
1030  0.033985  0.178900  0.033160
1031  -0.282573  -0.217948  0.127349
1032  0.230957  0.111778  0.065835
1033  -0.059640  -0.069011  0.008319
1034  0.339461  0.126772  0.131305
1035  -0.197449  -0.084915  0.046197
1036  -0.098180  -0.008071  0.009704
1037  0.152828  0.100617  0.033480
1038  -0.428229  0.037963  0.184822
1039  0.028068  -0.202545  0.041812
1040  0.487696  0.066675  0.242293
1041  0.042095  0.199723  0.041661
1042  0.227867  0.212901  0.097250
1043  0.062418  0.199251  0.043597
1044  0.099861  -0.304002  0.102389
1045  -0.113552  -0.046628  0.015068
1046  0.138553  0.200212  0.059282
1047  0.038583  0.230837  0.054774
1048  -0.055808  0.323383  0.107691
1049  0.113678  -0.107027  0.024377
1050  0.070540  -0.152462  0.028220
1051  -0.312809  0.225912  0.148886
1052  0.131634  -0.111483  0.029756
1053  0.369858  -0.165489  0.164182
1054  0.095864  0.198212  0.048478
1055  0.184269  0.507224  0.291231
1056  -0.272899  0.091979  0.082934
1057  0.391075  -0.145664  0.174157
1058  -0.021732  0.548844  0.301702
1059  -0.429355  0.034884  0.185562
1060  -0.327920  0.017137  0.107825
1061  -0.676349  0.056943  0.460690
1062  -0.162879  -0.143154  0.047023
1063  0.100674  -0.243727  0.069538
1064  -0.054610  -0.107241  0.014483
1065  -0.522882  0.459351  0.484409
1066  0.199351  0.006467  0.039783
1067  -0.407411  -0.211432  0.210687
1068  -0.276548  0.181111  0.109280
1069  -0.549750  -0.707713  0.803083
1070  -0.100271  -0.077667  0.016086
1071  0.073878  -0.592106  0.356048
1072  0.483329  -0.514870  0.498697
1073  0.188140  0.281100  0.114414
1074  0.038424  0.151151  0.024323
1075  -0.190957  -0.599100  0.395385
1076  0.318499  0.116335  0.114976
1077  -0.543179  -0.103193  0.305692
1078  -0.215006  -0.056651  0.049437
1079  -0.172002  -0.090691  0.037810
1080  0.486424  -0.104581  0.247546
1081  0.427424  -0.680057  0.645169
1082  0.209674  0.265261  0.114326
1083  -0.329440  -0.078164  0.114641
1084  -0.291437  0.301545  0.175865
1085  -0.306632  0.581980  0.432724
1086  -0.106395  -0.076549  0.017180
1087  -0.450332  -0.400370  0.363095
1088  -0.034339  0.263170  0.070437
1089  0.059999  0.040006  0.005200
1090  -0.223277  -0.336018  0.162761
1091  0.421802  0.001183  0.177918
1092  -0.194744  -0.200561  0.078150
1093  0.099382  0.319281  0.111817
1094  0.187033  0.388148  0.185640
1095  -0.400640  -0.188961  0.196219
1096  0.200109  -0.281623  0.119355
1097  0.061100  0.418443  0.178828
1098  0.002548  -0.274292  0.075243
1099  0.448177  -0.391995  0.354523
1100  -0.762003  0.537374  0.869419
1101  0.317092  -0.286837  0.182822
1102  0.751351  -0.306194  0.658283
1103  -0.167012  0.645665  0.444776
1104  -0.446627  0.773170  0.797268
1105  -0.308435  0.258890  0.162156
1106  -0.362245  0.771638  0.726647
1107  0.080194  -0.069944  0.011323
1108  -0.364220  -0.515248  0.398137
1109  0.251658  -0.774624  0.663375
1110  0.268099  -0.204703  0.113781
1111  0.158217  -0.275524  0.100947
1112  -0.273338  0.866858  0.826156
1113  -0.220180  -0.141389  0.068470
1114  -0.505203  0.912273  1.087471
1115  -0.730252  -0.014209  0.533470
1116  -0.175848  0.414649  0.202856
1117  -0.419411  1.383228  2.089225
1118  -0.484140  0.158372  0.259473
1119  0.462242  -0.435022  0.402912
1120  0.020794  0.195543  0.038669
1121  0.022310  0.174060  0.030795
1122  -0.818250  0.674488  1.124466
1123  -0.263896  -0.080950  0.076194
1124  0.161523  0.432988  0.213568
1125  0.226306  0.928785  0.913856
1126  0.767497  0.866824  1.340434
1127  -0.775187  -0.478553  0.829928
1128  0.227141  0.473064  0.275383
1129  0.961804  -0.104787  0.936047
1130  0.024316  -0.976112  0.953387
1131  -0.299189  -0.295198  0.176656
1132  -0.031104  -0.993509  0.988028
1133  0.398695  0.286472  0.241024
1134  -0.822247  1.215989  2.154719
1135  0.131876  -0.875128  0.783241
1136  -0.034540  0.576545  0.333597
1137  0.363675  0.434227  0.320813
1138  -0.601686  0.199374  0.401775
1139  0.340542  -0.671303  0.566616
1140  -0.322242  -0.759615  0.680854
1141  0.125965  -0.842360  0.725437
1142  0.516956  0.368233  0.402839
1143  -0.065727  0.887729  0.792383
1144  0.650286  -1.207884  1.881857
1145  0.228266  -1.919285  3.735759
1146  0.745204  -0.093693  0.564107
1147  -1.045394  -0.192645  1.129960
1148  0.564041  -0.176562  0.349317
1149  1.066425  0.723325  1.660462
1150  -0.297366  0.231071  0.141821
1151  -1.031810  1.160433  2.411237
1152  0.597143  -0.345501  0.475951
1153  -0.812592  -0.201258  0.700810
1154  0.406626  -0.971632  1.109413
1155  -0.431526  -0.604470  0.551599
1156  -0.177052  -0.794096  0.661936
1157  0.566638  -0.429673  0.505698
1158  -0.069992  -0.313011  0.102875
1159  1.500948  0.781136  2.863017
1160  0.414427  -0.379134  0.315493
1161  0.176169  1.098777  1.238347
1162  -0.298553  -0.836673  0.789155
1163  1.546060  -0.095819  2.399482
1164  0.475541  -0.108257  0.237859
1165  0.013409  0.205862  0.042559
1166  0.467713  -0.516613  0.485645
1167  0.221350  -0.095433  0.058103
1168  -0.194862  -0.530443  0.319341
1169  0.561644  -0.410284  0.483777
1170  -1.000715  -0.017885  1.001751
1171  -0.484046  0.040357  0.235929
1172  0.282758  -0.445007  0.277983
1173  -0.370839  1.206529  1.593235
1174  -0.216629  -0.195963  0.085330
1175  0.350262  0.386020  0.271695
1176  -0.551084  -0.029309  0.304553
1177  0.171711  -0.728820  0.560663
1178  0.689873  0.468292  0.695221
1179  -0.737679  0.843200  1.255156
1180  0.199827  -0.103303  0.050602
1181  0.061283  0.441537  0.198711
1182  -0.068775  -0.374491  0.144973
1183  -0.763631  -0.272304  0.657282
1184  0.203265  0.717800  0.556554
1185  0.361206  -0.863410  0.875947
1186  0.236109  -0.483280  0.289307
1187  0.206785  -0.271390  0.116413
1188  -0.056555  -0.690167  0.479528
1189  -0.142897  0.227901  0.072359
1190  -0.391468  -0.542701  0.447771
1191  0.005888  0.156630  0.024568
1192  0.303507  -0.293281  0.178131
1193  -0.013796  -0.386512  0.149581
1194  0.530514  -0.096593  0.290775
1195  0.033179  -0.935557  0.876368
1196  -0.719524  0.182896  0.551166
1197  -0.218755  0.071795  0.053008
1198  0.185178  -0.146001  0.055607
1199  -0.950247  -0.476056  1.129598
1200  0.096917  0.859361  0.747895
1201  -0.630544  0.295158  0.484705
1202  0.281079  0.737233  0.622518
1203  -0.087054  -0.387282  0.157566
1204  0.090255  0.112687  0.020844
1205  -0.339072  0.545443  0.412479
1206  -0.236769  0.118790  0.070171
1207  0.076137  0.451052  0.209245
1208  0.100212  0.822750  0.686960
1209  0.102194  0.802576  0.654572
1210  -0.093710  0.312033  0.106146
1211  0.499277  0.694271  0.731290
1212  1.130992  0.294907  1.366114
1213  -0.649277  -0.106386  0.432878
1214  0.694425  -0.193978  0.519853
1215  -0.515413  -0.464337  0.481260
1216  -0.566052  -0.648056  0.740391
1217  -0.566927  1.196990  1.754191
1218  -0.403657  0.098834  0.172707
1219  1.133760  -0.402638  1.447529
1220  0.632628  0.289622  0.484100
1221  -0.258580  0.154052  0.090596
1222  -0.498115  -0.585565  0.591005
1223  -0.348988  -0.205665  0.164090
1224  -0.553913  0.742172  0.857639
1225  -0.274148  0.467252  0.293481
1226  0.505380  0.139551  0.274884
1227  -0.297763  0.149728  0.111081
1228  -0.636761  0.102024  0.415873
1229  0.292873  0.691650  0.564154
1230  0.585180  0.283212  0.422644
1231  0.600247  -0.105360  0.371398
1232  -0.659152  -0.275840  0.510569
1233  0.006299  0.382935  0.146679
1234  0.545103  0.400864  0.457829
1235  0.121407  0.400297  0.174977
1236  -0.349507  -0.435197  0.311551
1237  -0.558415  0.332134  0.422141
1238  0.111630  -0.196897  0.051230
1239  0.097501  -0.210897  0.053984
1240  -0.347499  0.182711  0.154139
1241  0.199668  0.291265  0.124703
1242  -0.375871  -0.370257  0.278369
1243  -0.406067  0.012123  0.165038
1244  0.268697  0.122382  0.087175
1245  -0.035411  -0.740189  0.549133
1246  -0.054300  0.286743  0.085170
1247  0.535686  0.056754  0.290181
1248  -0.118345  -0.068540  0.018703
1249  -0.089259  0.226154  0.059113
1250  0.092697  -0.032488  0.009648
1251  -0.008038  -0.456699  0.208639
1252  0.391263  0.523636  0.427281
1253  0.079527  -0.233560  0.060875
1254  0.166065  -0.132091  0.045025
1255  0.204379  -0.042119  0.043545
1256  0.088273  0.036286  0.009109
1257  0.221969  0.110574  0.061497
1258  0.085214  -0.592704  0.358559
1259  -0.020406  0.187967  0.035748
1260  0.183095  -0.207336  0.076512
1261  0.515417  -0.148849  0.287811
1262  -0.112679  -0.216542  0.059587
1263  0.072004  0.099075  0.015000
1264  0.177344  -0.526755  0.308922
1265  0.067158  -0.073814  0.009959
1266  -0.422106  -0.361752  0.309038
1267  -0.086200  0.115162  0.020693
1268  -0.015161  -0.287311  0.082777
1269  -0.115955  -0.118768  0.027551
1270  0.199531  0.248243  0.101437
1271  -0.011656  0.108648  0.011940
1272  -0.005245  -0.071323  0.005114
1273  -0.056870  0.049272  0.005662
1274  -0.020906  -0.133261  0.018196
1275  0.065632  -0.158405  0.029400
1276  -0.036265  0.091620  0.009709
1277  -0.110080  0.019337  0.012492
1278  -0.063626  0.013750  0.004237
1279  -0.047079  0.058729  0.005666
1280  0.157227  -0.193591  0.062198
1281  -0.003245  0.001143  0.000012
1282  -0.098336  -0.139531  0.029139
1283  -0.079625  -0.163954  0.033221
1284  -0.022650  -0.075142  0.006159
1285  0.001547  -0.198075  0.039236
1286  -0.095290  -0.027052  0.009812
1287  0.089694  0.042392  0.009842
1288  -0.130936  -0.282819  0.097131
1289  -0.075069  0.041348  0.007345
1290  -0.122921  0.154449  0.038964
1291  -0.064207  -0.014789  0.004341
1292  -0.025921  0.031636  0.001673
1293  0.061384  -0.140519  0.023514
1294  -0.126674  -0.009239  0.016132
1295  0.201919  0.250620  0.103582
1296  0.095796  0.072854  0.014485
1297  -0.000963  -0.207004  0.042852
1298  0.043342  -0.040656  0.003531
1299  -0.179445  0.066002  0.036557
1300  0.013037  0.037662  0.001588
1301  -0.114141  0.160292  0.038722
1302  -0.034418  0.111345  0.013582
1303  0.256418  0.127719  0.082063
1304  0.082447  -0.141693  0.026874
1305  -0.136268  -0.160191  0.044230
1306  -0.094947  0.168507  0.037410
1307  0.190918  0.196378  0.075014
1308  0.232653  0.054447  0.057092
1309  0.206841  -0.121089  0.057446
1310  -0.022203  -0.227111  0.052072
1311  -0.113694  -0.108012  0.024593
1312  0.007333  -0.035183  0.001292
1313  -0.072669  -0.023191  0.005819
1314  -0.008672  -0.004816  0.000098
1315  -0.008464  0.110152  0.012205
1316  0.045414  0.024316  0.002654
1317  0.092227  0.056354  0.011682
1318  0.088322  -0.056475  0.010990
1319  -0.059077  -0.034681  0.004693
1320  0.043604  -0.131771  0.019265
1321  -0.048372  0.011767  0.002478
1322  0.028216  0.033286  0.001904
1323  0.127723  -0.039579  0.017880
1324  0.022589  -0.017265  0.000808
1325  -0.062198  0.024470  0.004467
1326  0.117930  0.053991  0.016822
1327  0.040198  -0.101486  0.011915
1328  0.024582  0.026294  0.001296
1329  -0.033016  -0.023239  0.001630
1330  -0.071120  0.024957  0.005681
1331  0.110505  0.034330  0.013390
1332  -0.063936  -0.050210  0.006609
1333  -0.006962  0.046180  0.002181
1334  0.059262  -0.017361  0.003813
1335  0.039642  -0.068833  0.006309
1336  -0.021074  -0.009566  0.000536
1337  -0.036279  0.011329  0.001444
1338  0.021334  0.006746  0.000501
1339  -0.007417  -0.115187  0.013323
1340  -0.071870  0.004294  0.005184
1341  -0.092396  -0.020402  0.008953
1342  -0.026177  -0.044261  0.002644
1343  -0.013242  0.016645  0.000452
1344  -0.036968  -0.002079  0.001371
1345  0.094464  0.009175  0.009008
1346  0.027341  -0.009380  0.000835
1347  -0.006956  0.018151  0.000378
1348  -0.054963  -0.012722  0.003183
1349  0.085351  0.007007  0.007334
1350  0.007971  0.004279  0.000082
1351  -0.030800  0.008635  0.001023
1352  -0.009432  -0.061734  0.003900
1353  -0.032641  0.051025  0.003669
1354  -0.024050  0.015507  0.000819
1355  -0.046749  -0.045863  0.004289
1356  -0.061672  0.016130  0.004064
1357  0.034127  -0.007121  0.001215
1358  0.000276  0.032353  0.001047
1359  -0.003189  0.002255  0.000015
1360  -0.002154  0.029705  0.000887
1361  0.079697  -0.009434  0.006441
1362  0.000711  0.028667  0.000822
1363  0.012975  -0.040497  0.001808
1364  -0.081262  -0.039717  0.008181
1365  -0.039387  0.037280  0.002941
1366  0.050048  -0.031765  0.003514
1367  -0.004977  0.022990  0.000553
1368  0.015254  0.049912  0.002724
1369  0.024987  0.054226  0.003565
1370  0.015342  -0.044532  0.002218
1371  0.037571  0.022171  0.001903
1372  -0.003444  0.004996  0.000037
1373  -0.021608  0.031702  0.001472
1374  0.076699  0.043447  0.007770
1375  -0.023001  -0.003845  0.000544
1376  0.009741  0.020218  0.000504
1377  0.028362  -0.018101  0.001132
1378  0.011341  -0.043869  0.002053
1379  0.024171  0.054977  0.003607
1380  -0.010442  0.017912  0.000430
1381  0.044843  -0.007661  0.002070
1382  -0.009781  -0.049844  0.002580
1383  0.004283  0.007550  0.000075
1384  -0.046514  -0.023183  0.002701
1385  -0.022732  0.007232  0.000569
1386  0.027303  0.040143  0.002357
1387  0.046154  -0.019391  0.002506
1388  0.007776  0.013553  0.000244
1389  0.023808  0.005294  0.000595
1390  0.011638  -0.000472  0.000136
1391  -0.004914  -0.034136  0.001189
1392  -0.017097  0.014306  0.000497
1393  -0.001305  0.004300  0.000020
1394  0.012361  0.041487  0.001874
1395  0.038320  -0.016407  0.001738
1396  -0.019766  -0.023674  0.000951
1397  0.019658  -0.034111  0.001550
1398  -0.001205  -0.044937  0.002021
1399  -0.033201  -0.031914  0.002121
1400  -0.018290  0.041940  0.002093
1401  -0.019789  0.000535  0.000392
1402  0.024864  -0.019587  0.001002
1403  0.034627  -0.055248  0.004251
1404  -0.071423  0.024314  0.005692
1405  0.022385  -0.018997  0.000862
1406  0.002484  0.021378  0.000463
1407  0.062789  0.016331  0.004209
1408  0.045927  -0.001145  0.002111
1409  -0.025068  0.031982  0.001651
1410  -0.007550  0.000764  0.000058
1411  0.021287  -0.004683  0.000475
1412  0.049530  -0.036832  0.003810
1413  -0.024012  -0.008930  0.000656
1414  0.035620  -0.026992  0.001997
1415  0.010019  -0.014953  0.000324
1416  -0.000322  -0.010013  0.000100
1417  0.028800  -0.043829  0.002750
1418  0.015037  -0.000746  0.000227
1419  0.015740  -0.003868  0.000263
1420  0.009842  -0.042142  0.001873
1421  -0.018173  -0.030460  0.001258
1422  0.037615  0.006714  0.001460
1423  0.004129  0.011849  0.000157
1424  0.006089  0.005292  0.000065
1425  -0.044604  -0.029351  0.002851
1426  0.007391  0.024082  0.000635
1427  -0.001104  -0.014817  0.000221
1428  -0.013790  0.001571  0.000193
1429  0.041788  0.004848  0.001770
1430  0.023733  -0.029851  0.001454
1431  0.012567  0.012989  0.000327
1432  -0.003367  0.012162  0.000159
1433  0.018936  0.014867  0.000580
1434  0.003059  -0.046469  0.002169
1435  0.001496  0.019039  0.000365
1436  0.001767  -0.014278  0.000207
1437  -0.014648  0.011239  0.000341
1438  0.008423  0.027592  0.000832
1439  -0.020507  -0.036585  0.001759
1440  0.012367  -0.025020  0.000779
1441  0.025143  -0.022008  0.001117
1442  0.008736  -0.006578  0.000120
1443  -0.014413  0.010102  0.000310
1444  0.001065  -0.027375  0.000751
1445  0.022549  -0.007967  0.000572
1446  0.005020  -0.030781  0.000973
1447  -0.013093  -0.057232  0.003447
1448  0.040664  -0.002210  0.001658
1449  -0.009572  0.007130  0.000142
1450  -0.030419  -0.007775  0.000986
1451  -0.002191  0.070121  0.004922
1452  -0.011636  -0.008945  0.000215
1453  -0.003076  -0.014047  0.000207
1454  -0.007750  -0.001664  0.000063
1455  0.022543  0.032378  0.001557
1456  0.013250  -0.050796  0.002756
1457  0.009254  0.004366  0.000105
1458  0.023292  -0.013881  0.000735
1459  -0.002944  -0.022115  0.000498
1460  -0.008091  0.031198  0.001039
1461  -0.036062  -0.001476  0.001303
1462  0.003120  -0.019274  0.000381
1463  -0.017080  0.019057  0.000655
1464  0.044578  -0.004502  0.002007
1465  -0.023140  -0.011534  0.000668
1466  -0.023206  -0.012544  0.000696
1467  -0.002542  -0.000849  0.000007
1468  0.020199  0.030664  0.001348
1469  -0.008160  -0.058291  0.003464
1470  0.010459  -0.011615  0.000244
1471  0.027791  0.001950  0.000776
1472  0.007253  -0.026399  0.000750
1473  -0.009986  0.025572  0.000754
1474  0.004559  -0.019551  0.000403
1475  -0.005103  -0.034929  0.001246
1476  0.005392  -0.016888  0.000314
1477  -0.048689  -0.000042  0.002371
1478  0.002073  -0.012753  0.000167
1479  0.005426  -0.000751  0.000030
1480  0.007790  0.001123  0.000062
1481  0.049164  -0.031223  0.003392
1482  -0.000813  0.020157  0.000407
1483  -0.004832  -0.019389  0.000399
1484  0.011299  -0.010836  0.000245
1485  -0.012716  -0.042971  0.002008
1486  0.022768  0.020973  0.000958
1487  -0.005819  -0.007417  0.000089
1488  -0.008226  -0.005764  0.000101
1489  -0.006859  -0.035494  0.001307
1490  -0.037383  -0.028426  0.002206
1491  -0.014368  -0.010201  0.000311
1492  -0.000225  0.013175  0.000174
1493  -0.013165  0.006245  0.000212
1494  0.005429  0.003017  0.000039
1495  -0.030696  -0.008630  0.001017
1496  -0.020374  -0.038267  0.001880
1497  -0.004996  -0.014934  0.000248
1498  0.007996  -0.008349  0.000134
1499  0.005537  -0.041334  0.001739
1500  0.012058  -0.021689  0.000616
1501  0.028561  -0.004896  0.000840
1502  -0.003016  -0.027230  0.000751
1503  -0.010876  0.015472  0.000358
1504  -0.004485  0.007450  0.000076
1505  -0.006773  -0.027610  0.000808
1506  -0.044061  -0.010470  0.002051
1507  0.014300  0.020997  0.000645
1508  -0.021923  -0.006876  0.000528
1509  -0.005688  -0.018455  0.000373
1510  -0.024184  -0.036978  0.001952
1511  -0.031208  -0.001974  0.000978
1512  0.014518  -0.025285  0.000850
1513  0.013305  -0.011912  0.000319
1514  -0.012199  0.016892  0.000434
1515  0.042001  0.020960  0.002203
1516  -0.022811  -0.034710  0.001725
1517  -0.012523  -0.014981  0.000381
1518  -0.014817  -0.008841  0.000298
1519  0.021308  0.019073  0.000818
1520  0.014853  -0.053708  0.003105
1521  0.001094  0.003281  0.000012
1522  -0.008303  0.001011  0.000070
1523  -0.010676  -0.009012  0.000195
1524  -0.010055  0.025072  0.000730
1525  0.003012  -0.015163  0.000239
1526  -0.012856  -0.013598  0.000350
1527  -0.009466  -0.002392  0.000095
1528  0.047419  0.022506  0.002755
1529  -0.002908  -0.031729  0.001015
1530  0.017031  -0.013708  0.000478
1531  0.007166  -0.011677  0.000188
1532  -0.003869  -0.010351  0.000122
1533  0.028458  0.015580  0.001053
1534  -0.000255  0.019350  0.000374
1535  -0.006239  0.004391  0.000058
1536  0.007145  0.016064  0.000309
1537  0.020174  -0.032219  0.001445
1538  -0.004205  0.007490  0.000074
1539  0.020451  0.004989  0.000443
1540  0.001046  0.023777  0.000566
1541  0.027107  -0.029339  0.001596
1542  -0.002369  0.022996  0.000534
1543  -0.014379  -0.018155  0.000536
1544  0.016206  -0.019263  0.000634
1545  -0.019367  0.001388  0.000377
1546  0.019370  -0.009164  0.000459
1547  0.012779  0.005134  0.000190
1548  0.008915  0.015518  0.000320
1549  -0.003480  0.012001  0.000156
1550  0.025175  -0.029394  0.001498
1551  0.009380  0.005814  0.000122
1552  -0.011410  -0.015310  0.000365
1553  -0.009266  -0.009227  0.000171
1554  -0.023201  0.019127  0.000904
1555  -0.021740  -0.008417  0.000543
1556  0.010969  -0.009023  0.000202
1557  0.000169  0.020993  0.000441
1558  0.019625  -0.019441  0.000763
1559  -0.010605  -0.015751  0.000361
1560  0.001896  -0.012628  0.000163
1561  0.010092  -0.007232  0.000154
1562  0.032910  -0.012126  0.001230
1563  0.015220  -0.027776  0.001003
1564  0.020876  -0.002103  0.000440
1565  0.013318  -0.014923  0.000400
1566  -0.003736  -0.008431  0.000085
1567  0.001621  0.012934  0.000170
1568  -0.002035  -0.030632  0.000942
1569  -0.004694  -0.007405  0.000077
1570  0.006951  -0.004921  0.000073
1571  -0.024961  0.025460  0.001271
1572  0.001396  -0.038727  0.001502
1573  0.014361  -0.017872  0.000526
1574  0.009764  -0.014889  0.000317
1575  -0.007422  -0.021700  0.000526
1576  -0.001107  0.020285  0.000413
1577  -0.003853  -0.013564  0.000199
1578  -0.015591  0.000256  0.000243
1579  -0.005114  -0.001559  0.000029
1580  0.017043  0.003233  0.000301
1581  -0.021502  -0.003512  0.000475
1582  -0.021584  -0.014646  0.000680
1583  -0.004379  0.005184  0.000046
1584  0.005326  0.024881  0.000647
1585  -0.016228  -0.015766  0.000512
1586  0.011730  -0.001949  0.000141
1587  0.002374  -0.008795  0.000083
1588  0.024152  -0.017668  0.000895
1589  -0.030760  0.023985  0.001521
1590  -0.015919  -0.014955  0.000477
1591  0.004801  -0.020146  0.000429
1592  -0.011754  -0.021895  0.000618
1593  -0.034922  0.001430  0.001222
1594  -0.015243  -0.017224  0.000529
1595  0.011880  -0.003188  0.000151
1596  0.018310  0.009717  0.000430
1597  0.024999  -0.020488  0.001045
1598  0.008168  -0.002091  0.000071
1599  0.003472  -0.012771  0.000175
1600  0.003984  -0.012482  0.000172
1601  -0.013785  -0.023829  0.000758
1602  0.008919  0.004354  0.000098
1603  -0.003454  0.012942  0.000179
1604  -0.004931  0.020097  0.000428
1605  -0.005581  -0.017712  0.000345
1606  -0.014805  -0.010585  0.000331
1607  -0.008105  -0.003851  0.000081
1608  -0.006230  -0.008915  0.000118
1609  -0.018057  0.018933  0.000685
1610  0.015506  0.000683  0.000241
1611  -0.018126  -0.001816  0.000332
1612  -0.029052  0.001007  0.000845
1613  -0.020145  0.006463  0.000448
1614  0.008529  0.024450  0.000671
1615  -0.005532  -0.014951  0.000254
1616  0.012792  -0.026405  0.000861
1617  -0.003345  -0.032550  0.001071
1618  -0.004722  -0.014257  0.000226
1619  0.011564  -0.001619  0.000136
1620  0.002996  0.004959  0.000034
1621  -0.003403  -0.002760  0.000019
1622  -0.024603  0.007273  0.000658
1623  0.022253  -0.008431  0.000566
1624  -0.001170  0.015561  0.000244
1625  -0.015466  -0.008085  0.000305
1626  -0.021896  0.007045  0.000529
1627  0.000516  0.036602  0.001340
1628  -0.001271  -0.008597  0.000076
1629  0.007255  -0.001337  0.000054
1630  -0.014969  0.008486  0.000296
1631  0.033305  -0.006939  0.001157
1632  -0.020507  0.013074  0.000591
1633  0.000934  -0.008379  0.000071
1634  0.009914  -0.010780  0.000214
1635  0.014493  -0.008433  0.000281
1636  -0.026075  -0.027199  0.001420
1637  -0.004432  -0.023568  0.000575
1638  -0.010195  0.008010  0.000168
1639  0.002600  0.019510  0.000387
1640  0.021571  0.016281  0.000730
1641  -0.009282  0.005439  0.000116
1642  -0.007795  0.003368  0.000072
1643  0.001456  0.009294  0.000088
1644  0.028017  -0.017778  0.001101
1645  -0.014665  0.009028  0.000297
1646  -0.018530  -0.003257  0.000354
1647  0.009899  -0.002221  0.000103
1648  -0.009455  0.014623  0.000303
1649  0.003124  -0.015307  0.000244
1650  0.020328  0.003157  0.000423
1651  0.006737  0.002225  0.000050
1652  0.009380  -0.022442  0.000592
1653  -0.029458  -0.004125  0.000885
1654  0.024679  -0.010659  0.000723
1655  0.011616  -0.003176  0.000145
1656  0.024502  -0.020582  0.001024
1657  -0.021428  -0.023760  0.001024
1658  0.012315  -0.021789  0.000626
1659  -0.005898  0.014037  0.000232
1660  -0.014212  -0.002660  0.000209
1661  0.018431  0.015351  0.000575
1662  0.003357  -0.021538  0.000475
1663  0.016654  -0.002328  0.000283
1664  0.007153  0.005340  0.000080
1665  0.021636  -0.011781  0.000607
1666  -0.018613  -0.029550  0.001220
1667  0.005259  -0.020825  0.000461
1668  0.010815  -0.011802  0.000256
1669  -0.009004  0.011882  0.000222
1670  0.039053  -0.003582  0.001538
1671  0.004517  0.001221  0.000022
1672  0.009829  0.002610  0.000103
1673  0.004245  -0.016841  0.000302
1674  -0.012111  -0.032045  0.001174
1675  0.016042  -0.000677  0.000258
1676  -0.008052  -0.002036  0.000069
1677  0.007393  0.004684  0.000077
1678  0.010673  -0.007384  0.000168
1679  -0.025424  0.006404  0.000687
1680  -0.026668  -0.012939  0.000879
1681  -0.015078  -0.006218  0.000266
1682  -0.003604  0.003960  0.000029
1683  0.021370  -0.001729  0.000460
1684  0.000389  0.005300  0.000028
1685  -0.007467  0.003268  0.000066
1686  0.019370  0.014449  0.000584
1687  0.017426  -0.015982  0.000559
1688  -0.012338  0.004561  0.000173
1689  -0.025669  -0.001648  0.000662
1690  -0.006314  -0.002402  0.000046
1691  -0.004009  0.022827  0.000537
1692  -0.009382  -0.008928  0.000168
1693  0.013795  -0.013426  0.000371
1694  0.003825  0.004737  0.000037
1695  0.029213  -0.004073  0.000870
1696  -0.006197  -0.023141  0.000574
1697  0.006840  -0.021580  0.000512
1698  0.010627  -0.023779  0.000678
1699  0.010123  0.001598  0.000105
1700  0.013524  -0.023119  0.000717
1701  0.014915  -0.008722  0.000299
1702  0.000832  -0.014968  0.000225
1703  -0.006481  -0.013421  0.000222
1704  -0.011078  -0.011683  0.000259
1705  0.003332  -0.018612  0.000358
1706  0.003899  0.005069  0.000041
1707  0.004368  -0.015537  0.000260
1708  -0.013990  0.011484  0.000328
1709  0.012835  -0.022395  0.000666
1710  0.014954  0.001947  0.000227
1711  0.007717  -0.003417  0.000071
1712  -0.013259  -0.025638  0.000833
1713  -0.001799  0.021494  0.000465
1714  -0.008995  -0.008698  0.000157
1715  -0.018029  -0.005370  0.000354
1716  -0.018894  -0.002221  0.000362
1717  0.009013  0.013032  0.000251
1718  -0.028522  -0.012509  0.000970
1719  -0.006041  -0.000373  0.000037
1720  -0.013619  -0.003261  0.000196
1721  -0.013257  0.010806  0.000293
1722  -0.001337  -0.007200  0.000054
1723  0.005303  -0.000220  0.000028
1724  0.008638  -0.004342  0.000093
1725  0.023570  -0.006781  0.000602
1726  -0.019634  -0.012493  0.000542
1727  0.008748  -0.020801  0.000509
1728  0.009080  -0.008882  0.000161
1729  0.006709  -0.011200  0.000170
1730  -0.007829  -0.001301  0.000063
1731  0.018950  -0.006861  0.000406
1732  0.011863  0.021089  0.000585
1733  0.009471  0.015807  0.000340
1734  0.023152  -0.010879  0.000654
1735  -0.004166  -0.007100  0.000068
1736  -0.002183  -0.016428  0.000275
1737  0.008431  -0.008829  0.000149
1738  -0.006090  -0.015257  0.000270
1739  -0.023432  -0.000817  0.000550
1740  -0.024508  -0.010134  0.000703
1741  -0.000517  -0.004448  0.000020
1742  0.012155  -0.005148  0.000174
1743  -0.010001  -0.014245  0.000303
1744  0.010190  -0.017370  0.000406
1745  0.002803  -0.009918  0.000106
1746  -0.005080  -0.016715  0.000305
1747  -0.003220  0.010639  0.000124
1748  -0.003691  -0.022269  0.000510
1749  -0.003401  -0.010514  0.000122
1750  -0.012149  -0.004642  0.000169
1751  -0.016337  0.014341  0.000473
1752  0.016076  -0.015455  0.000497
1753  0.014124  0.002906  0.000208
1754  0.011689  -0.011455  0.000268
1755  -0.009777  -0.022436  0.000599
1756  -0.004144  0.010691  0.000131
1757  -0.012245  -0.020387  0.000566
1758  -0.001130  -0.026601  0.000709
1759  -0.000647  -0.003080  0.000010
1760  -0.001795  0.010863  0.000121
1761  -0.016875  -0.014599  0.000498
1762  -0.003864  -0.016162  0.000276
1763  -0.009494  -0.011033  0.000212
1764  -0.027078  -0.010651  0.000847
1765  0.008133  -0.001515  0.000068
1766  -0.006890  0.012459  0.000203
1767  -0.001867  0.010431  0.000112
1768  -0.011096  -0.005702  0.000156
1769  0.002235  -0.016285  0.000270
1770  0.008150  0.001182  0.000068
1771  0.015323  0.012996  0.000404
1772  0.001778  -0.001563  0.000006
1773  0.016797  -0.014340  0.000488
1774  0.012858  0.003094  0.000175
1775  0.009942  -0.008439  0.000170
1776  -0.015132  -0.017117  0.000522
1777  -0.017246  0.007199  0.000349
1778  -0.007004  -0.020779  0.000481
1779  0.008827  -0.006295  0.000118
1780  -0.004231  0.007408  0.000073
1781  -0.012002  0.006677  0.000189
1782  0.005820  -0.015334  0.000269
1783  0.015351  -0.016134  0.000496
1784  -0.004489  -0.011851  0.000161
1785  -0.013902  0.003642  0.000207
1786  0.019126  0.002810  0.000374
1787  -0.009176  0.004825  0.000107
1788  -0.013263  0.000027  0.000176
1789  0.012918  0.007191  0.000219
1790  0.018687  -0.013649  0.000535
1791  0.005995  0.012530  0.000193
1792  -0.013139  0.008398  0.000243
1793  0.004248  0.003163  0.000028
1794  0.014287  0.005055  0.000230
1795  -0.017950  -0.011999  0.000466
1796  0.001175  -0.010971  0.000122
1797  -0.011737  -0.005808  0.000171
1798  -0.021666  -0.007935  0.000532
1799  0.004189  0.000468  0.000018
1800  -0.010746  0.003792  0.000130
1801  -0.007820  -0.009245  0.000147
1802  -0.006126  0.006592  0.000081
1803  0.019237  0.004053  0.000386
1804  -0.011571  0.004163  0.000151
1805  -0.011531  -0.002156  0.000138
1806  -0.021757  -0.000630  0.000474
1807  -0.014311  0.010295  0.000311
1808  -0.004605  -0.021192  0.000470
1809  0.002122  0.004527  0.000025
1810  0.002013  -0.003291  0.000015
1811  0.011205  0.013876  0.000318
1812  -0.021248  -0.008707  0.000527
1813  -0.000729  -0.015567  0.000243
1814  0.005037  0.001644  0.000028
1815  -0.000371  0.020368  0.000415
1816  0.011149  -0.022017  0.000609
1817  0.006879  0.004335  0.000066
1818  0.004909  -0.008116  0.000090
1819  0.001840  -0.010989  0.000124
1820  -0.032245  -0.004943  0.001064
1821  -0.004715  -0.009467  0.000112
1822  0.002506  -0.013906  0.000200
1823  -0.001144  -0.009689  0.000095
1824  -0.001841  -0.001772  0.000007
1825  0.025230  -0.005111  0.000663
1826  0.014394  0.002033  0.000211
1827  0.014962  0.004316  0.000242
1828  0.001039  -0.013419  0.000181
1829  0.002858  0.016080  0.000267
1830  -0.011777  0.001566  0.000141
1831  0.000501  -0.005391  0.000029
1832  -0.013328  0.001330  0.000179
1833  0.023134  0.019304  0.000908
1834  -0.008682  0.004095  0.000092
1835  0.006311  -0.000539  0.000040
1836  -0.018082  -0.003015  0.000336
1837  -0.021679  0.015073  0.000697
1838  0.003465  -0.010308  0.000118
1839  -0.002393  -0.001209  0.000007
1840  0.016450  0.007206  0.000323
1841  0.009483  -0.005407  0.000119
1842  -0.002067  -0.001294  0.000006
1843  0.007023  -0.008422  0.000120
1844  0.012023  -0.008291  0.000213
1845  0.009657  -0.016019  0.000350
1846  -0.010858  0.003050  0.000127
1847  0.001085  -0.008952  0.000081
1848  0.001802  0.001350  0.000005
1849  0.003068  0.004402  0.000029
1850  0.022569  -0.019998  0.000909
1851  0.008285  0.012274  0.000219
1852  0.003184  0.001994  0.000014
1853  0.011305  -0.008320  0.000197
1854  0.002479  -0.022188  0.000498
1855  0.006590  0.005135  0.000070
1856  -0.007205  0.009047  0.000134
1857  0.001096  -0.003198  0.000011
1858  0.011479  -0.015803  0.000382
1859  -0.011402  0.008781  0.000207
1860  -0.012731  -0.020758  0.000593
1861  -0.007928  -0.003719  0.000077
1862  -0.013180  -0.009462  0.000263
1863  0.013438  0.016118  0.000440
1864  -0.005401  0.003514  0.000042
1865  -0.005413  -0.022519  0.000536
1866  -0.006823  -0.005651  0.000078
1867  0.003828  -0.000555  0.000015
1868  -0.010928  -0.016700  0.000398
1869  -0.001836  -0.007669  0.000062
1870  0.017907  -0.010036  0.000421
1871  -0.012930  -0.007589  0.000225
1872  0.012250  0.003528  0.000162
1873  -0.008925  0.007765  0.000140
1874  -0.015836  0.000498  0.000251
1875  -0.007399  -0.006314  0.000095
1876  0.019817  0.009873  0.000490
1877  -0.011606  0.000535  0.000135
1878  -0.002882  0.000047  0.000008
1879  -0.009541  -0.005558  0.000122
1880  -0.025208  0.017565  0.000944
1881  -0.012356  -0.002235  0.000158
1882  -0.000288  -0.000831  0.000001
1883  0.013713  -0.008600  0.000262
1884  0.016421  0.007155  0.000321
1885  -0.015711  -0.009513  0.000337
1886  0.000188  -0.000756  0.000001
1887  -0.003323  0.002969  0.000020
1888  0.012729  -0.000566  0.000162
1889  -0.014346  -0.014070  0.000404
1890  0.008914  -0.012970  0.000248
1891  -0.006146  -0.018336  0.000374
1892  -0.017899  -0.001703  0.000323
1893  0.010467  0.006937  0.000158
1894  -0.009697  0.003370  0.000105
1895  -0.005071  -0.001150  0.000027
1896  0.000051  -0.000531  0.000000
1897  0.019393  -0.001468  0.000378
1898  -0.013975  -0.002958  0.000204
1899  -0.009958  -0.013237  0.000274
1900  -0.012452  0.002277  0.000160
1901  -0.004904  -0.000034  0.000024
1902  -0.002145  -0.024733  0.000616
1903  -0.003063  -0.003415  0.000021
1904  0.006317  -0.006441  0.000081
1905  0.018677  -0.009998  0.000449
1906  -0.015310  -0.018335  0.000571
1907  0.001125  -0.005337  0.000030
1908  -0.002554  -0.007143  0.000058
1909  0.003576  -0.000006  0.000013
1910  -0.008389  -0.024518  0.000672
1911  0.019898  0.002574  0.000403
1912  -0.006773  -0.003445  0.000058
1913  -0.005693  0.001828  0.000036
1914  0.000996  0.013170  0.000174
1915  -0.006280  -0.007692  0.000099
1916  -0.001643  0.000372  0.000003
1917  -0.001209  -0.005888  0.000036
1918  0.008915  -0.004428  0.000099
1919  -0.003426  -0.016646  0.000289
1920  0.005067  -0.007927  0.000089
1921  0.007604  0.004711  0.000080
1922  0.005220  -0.004437  0.000047
1923  0.019458  0.004118  0.000396
1924  0.009486  0.004173  0.000107
1925  -0.002207  0.002504  0.000011
1926  0.012576  -0.012471  0.000314
1927  0.003624  -0.027044  0.000745
1928  0.011187  0.010279  0.000231
1929  0.005722  -0.008851  0.000111
1930  0.000100  -0.004269  0.000018
1931  -0.004176  -0.016138  0.000278
1932  -0.011567  -0.000968  0.000135
1933  -0.014104  -0.015787  0.000448
1934  -0.008783  -0.015751  0.000325
1935  -0.009373  0.014363  0.000294
1936  0.006523  -0.005088  0.000068
1937  -0.002222  0.003882  0.000020
1938  -0.008054  -0.003661  0.000078
1939  -0.010391  0.016754  0.000389
1940  0.011071  -0.008088  0.000188
1941  -0.004602  0.001442  0.000023
1942  -0.014372  -0.012919  0.000373
1943  -0.012346  0.001649  0.000155
1944  -0.018764  0.011556  0.000486
1945  -0.010709  -0.020332  0.000528
1946  0.012406  -0.002818  0.000162
1947  0.000434  0.002522  0.000007
1948  0.007567  0.001154  0.000059
1949  -0.008519  -0.005393  0.000102
1950  0.006084  -0.010862  0.000155
1951  0.016783  -0.002794  0.000289
1952  0.011774  -0.004488  0.000159
1953  0.003658  -0.015366  0.000249
1954  0.008618  0.004411  0.000094
1955  0.001306  -0.005115  0.000028
1956  -0.007240  -0.006254  0.000092
1957  -0.004952  0.003631  0.000038
1958  -0.001579  -0.016555  0.000277
1959  -0.009447  -0.004521  0.000110
1960  0.004574  -0.001071  0.000022
1961  -0.015626  -0.000506  0.000244
1962  0.018973  -0.018310  0.000695
1963  0.006030  0.003048  0.000046
1964  0.001064  0.002572  0.000008
1965  0.005858  -0.010754  0.000150
1966  -0.011121  0.022879  0.000647
1967  -0.008525  -0.004068  0.000089
1968  -0.009855  -0.008465  0.000169
1969  -0.007834  -0.008090  0.000127
1970  0.007785  0.011033  0.000182
1971  -0.011645  -0.015629  0.000380
1972  -0.013838  -0.007709  0.000251
1973  -0.013915  -0.005256  0.000221
1974  -0.013380  0.007933  0.000242
1975  -0.002925  -0.022432  0.000512
1976  0.004152  -0.006806  0.000064
1977  0.010714  -0.004719  0.000137
1978  0.011633  -0.000353  0.000135
1979  -0.012425  -0.008708  0.000230
1980  0.009346  -0.010320  0.000194
1981  0.010792  -0.008497  0.000189
1982  0.002574  -0.011688  0.000143
1983  -0.018496  -0.001714  0.000345
1984  0.005414  0.000546  0.000030
1985  -0.007785  0.014776  0.000279
1986  -0.004807  0.011572  0.000157
1987  0.022537  -0.001405  0.000510
1988  0.000552  0.006990  0.000049
1989  0.003869  -0.010447  0.000124
1990  0.005324  -0.004485  0.000048
1991  -0.003734  -0.018507  0.000356
1992  -0.008614  -0.001343  0.000076
1993  -0.015527  -0.015193  0.000472
1994  -0.003702  -0.005071  0.000039
1995  0.002324  -0.007297  0.000059
1996  -0.018254  -0.009456  0.000423
1997  0.001527  -0.016404  0.000271
1998  -0.007640  -0.003484  0.000071
1999  -0.003082  -0.005230  0.000037
2000  -0.002419  0.013559  0.000190
2001  -0.004570  -0.014682  0.000236
2002  -0.002744  -0.015963  0.000262
2003  -0.012469  -0.008658  0.000230
2004  -0.014369  0.003062  0.000216
2005  0.005898  -0.012604  0.000194
2006  0.004180  0.001919  0.000021
2007  0.011554  -0.000668  0.000134
2008  -0.004091  -0.023643  0.000576
2009  -0.003319  0.014207  0.000213
2010  -0.009465  -0.011818  0.000229
2011  0.007388  -0.018917  0.000412
2012  -0.006724  0.000466  0.000045
2013  0.003052  0.012032  0.000154
2014  -0.012062  -0.013123  0.000318
2015  -0.004106  -0.014416  0.000225
2016  -0.011604  -0.016235  0.000398
2017  -0.022338  -0.013449  0.000680
2018  0.003063  -0.005863  0.000044
2019  -0.007815  0.005158  0.000088
2020  -0.010906  0.011663  0.000255
2021  0.000015  -0.008094  0.000066
2022  -0.003385  -0.013853  0.000203
2023  -0.001630  -0.005182  0.000030
2024  0.002807  0.012123  0.000155
2025  0.001168  0.000053  0.000001
2026  0.008848  -0.014887  0.000300
2027  0.008454  0.003937  0.000087
2028  0.007825  0.001405  0.000063
2029  -0.008913  -0.015706  0.000326
2030  -0.013777  0.006151  0.000228
2031  -0.005890  -0.018401  0.000373
2032  0.004602  -0.005145  0.000048
2033  -0.007116  0.005670  0.000083
2034  -0.002584  0.004265  0.000025
2035  -0.001358  -0.011931  0.000144
2036  0.014278  -0.012466  0.000359
2037  0.000248  -0.013188  0.000174
2038  -0.013444  -0.001662  0.000184
2039  0.021952  0.000290  0.000482
2040  -0.002964  0.002394  0.000015
2041  -0.011852  -0.007742  0.000200
2042  0.009537  0.005859  0.000125
2043  0.014619  -0.012764  0.000377
2044  0.005554  0.007614  0.000089
2045  -0.008663  0.003048  0.000084
2046  0.004354  0.004240  0.000037
2047  0.011078  -0.002088  0.000127
