0  0.040346  -0.002958  0.001637
1  0.005812  -0.034668  0.001236
2  0.022273  -0.029581  0.001371
3  -0.032624  0.006091  0.001101
4  0.026638  0.004203  0.000727
5  0.038288  -0.002446  0.001472
6  0.000461  -0.035395  0.001253
7  0.029191  -0.008190  0.000919
8  -0.007107  0.031136  0.001020
9  0.026951  -0.009131  0.000810
10  -0.011129  0.024971  0.000747
11  0.013148  -0.008678  0.000248
12  0.016074  0.012657  0.000419
13  -0.043861  -0.044907  0.003940
14  0.000634  -0.041942  0.001760
15  0.017022  0.002643  0.000297
16  -0.022070  0.022413  0.000989
17  0.037640  0.021313  0.001871
18  -0.009626  -0.027809  0.000866
19  0.050039  0.015337  0.002739
20  -0.039091  0.005296  0.001556
21  -0.053291  -0.052574  0.005604
22  0.022708  0.019653  0.000902
23  -0.009756  0.012355  0.000248
24  -0.014351  -0.019724  0.000595
25  -0.011307  -0.036994  0.001496
26  0.007291  -0.011351  0.000182
27  0.034175  0.066011  0.005525
28  -0.043898  0.038561  0.003414
29  0.017138  -0.001200  0.000295
30  0.037758  0.015672  0.001671
31  0.020642  -0.045900  0.002533
32  0.018673  0.022924  0.000874
33  -0.011001  -0.006107  0.000158
34  -0.016919  0.030035  0.001188
35  -0.041216  0.031956  0.002720
36  0.004265  -0.000839  0.000019
37  0.023059  0.000116  0.000532
38  -0.022685  -0.001123  0.000516
39  0.032066  0.026127  0.001711
40  0.013257  -0.013746  0.000365
41  0.037302  -0.054663  0.004379
42  0.011897  0.044922  0.002160
43  -0.010574  -0.020064  0.000514
44  0.005429  0.011204  0.000155
45  0.006090  0.012940  0.000205
46  -0.011753  0.044620  0.002129
47  -0.013839  0.002242  0.000197
48  0.064252  -0.019114  0.004494
49  0.004839  0.013724  0.000212
50  0.014319  0.026963  0.000932
51  0.001429  0.022360  0.000502
52  -0.006854  0.010653  0.000160
53  -0.022300  0.027060  0.001230
54  -0.010302  0.026620  0.000815
55  -0.047417  0.046488  0.004410
56  0.054628  0.028926  0.003821
57  -0.028099  0.022062  0.001276
58  0.036049  -0.016559  0.001574
59  -0.002898  -0.047568  0.002271
60  -0.046556  -0.032949  0.003253
61  0.008232  0.010194  0.000172
62  -0.037440  -0.016635  0.001678
63  -0.052083  -0.039282  0.004256
64  -0.021207  0.007605  0.000508
65  -0.002927  0.013309  0.000186
66  0.025703  0.012995  0.000830
67  0.013318  0.000317  0.000177
68  0.005709  0.043827  0.001953
69  -0.033609  0.029007  0.001971
70  0.042570  0.030153  0.002721
71  -0.014257  0.040620  0.001853
72  0.018141  0.009475  0.000419
73  0.015953  -0.017775  0.000570
74  -0.014287  0.053840  0.003103
75  -0.002545  0.005319  0.000035
76  -0.026195  0.011500  0.000818
77  0.031460  -0.025071  0.001618
78  -0.050791  0.028467  0.003390
79  -0.021136  -0.008845  0.000525
80  -0.011518  0.030612  0.001070
81  -0.055603  -0.004610  0.003113
82  0.048133  0.029224  0.003171
83  0.013255  0.035216  0.001416
84  0.042086  -0.027689  0.002538
85  0.007211  -0.017813  0.000369
86  -0.021824  0.006889  0.000524
87  0.005402  0.018114  0.000357
88  -0.010037  -0.016667  0.000379
89  -0.016704  -0.024426  0.000876
90  0.011653  0.033095  0.001231
91  0.043633  0.079999  0.008304
92  -0.001415  -0.011815  0.000142
93  -0.037116  0.047199  0.003605
94  0.027614  -0.024276  0.001352
95  -0.020167  -0.033071  0.001500
96  -0.021581  -0.042601  0.002281
97  -0.055069  -0.009843  0.003129
98  -0.034949  0.016577  0.001496
99  0.032425  0.052385  0.003796
100  -0.007944  0.005674  0.000095
101  0.002475  -0.037767  0.001432
102  -0.062721  0.024902  0.004554
103  -0.037921  -0.050254  0.003963
104  0.074570  0.026194  0.006247
105  0.001719  0.035222  0.001244
106  -0.018777  0.014415  0.000560
107  0.013006  0.029111  0.001017
108  -0.029202  0.007276  0.000906
109  0.035347  -0.027726  0.002018
110  -0.025613  0.020515  0.001077
111  0.034874  -0.019870  0.001611
112  0.002790  0.065789  0.004336
113  -0.061385  0.021873  0.004247
114  0.033658  0.047472  0.003386
115  -0.059649  -0.016534  0.003831
116  -0.029164  0.053187  0.003679
117  0.012679  0.057598  0.003478
118  0.001275  0.027281  0.000746
119  0.067656  0.053574  0.007447
120  0.004822  0.041064  0.001710
121  0.001878  0.002526  0.000010
122  -0.000540  -0.027450  0.000754
123  -0.001759  0.013476  0.000185
124  -0.001317  0.013709  0.000190
125  -0.008462  0.026731  0.000786
126  -0.007771  0.034606  0.001258
127  0.007231  -0.001030  0.000053
128  0.026889  0.011257  0.000850
129  -0.002220  -0.006961  0.000053
130  -0.016009  -0.050501  0.002807
131  0.002564  0.016469  0.000278
132  0.042239  -0.022039  0.002270
133  -0.024233  0.003882  0.000602
134  0.015358  -0.001977  0.000240
135  0.008044  -0.002686  0.000072
136  0.013210  -0.030754  0.001120
137  0.010964  0.029610  0.000997
138  -0.009662  -0.017520  0.000400
139  -0.028708  -0.019666  0.001211
140  -0.030358  -0.034684  0.002125
141  -0.037886  -0.019375  0.001811
142  -0.000099  0.001724  0.000003
143  -0.027735  -0.025447  0.001417
144  0.007099  0.038631  0.001543
145  -0.019167  -0.054048  0.003289
146  -0.018974  -0.036088  0.001662
147  -0.045068  0.000905  0.002032
148  0.015196  0.017777  0.000547
149  -0.004797  0.027928  0.000803
150  0.001087  -0.005126  0.000027
151  0.005900  0.031912  0.001053
152  -0.025288  -0.015122  0.000868
153  -0.062769  0.009954  0.004039
154  -0.016094  -0.029313  0.001118
155  0.007787  -0.013079  0.000232
156  0.024291  -0.019952  0.000988
157  -0.044348  -0.009599  0.002059
158  0.002244  0.007402  0.000060
159  -0.015683  0.041978  0.002008
160  -0.049788  0.033284  0.003587
161  0.038278  -0.073421  0.006856
162  0.040330  0.020357  0.002041
163  0.043427  0.024633  0.002493
164  0.053894  0.001285  0.002906
165  -0.054279  -0.053756  0.005836
166  -0.022439  0.041087  0.002192
167  -0.024785  0.005509  0.000645
168  -0.005703  0.005750  0.000066
169  0.002998  0.009305  0.000096
170  -0.040366  0.032498  0.002686
171  -0.029844  0.040372  0.002521
172  0.023566  -0.017082  0.000847
173  0.022729  -0.011424  0.000647
174  -0.053850  -0.038289  0.004366
175  -0.043976  -0.017681  0.002247
176  0.025643  0.003756  0.000672
177  0.001539  0.028923  0.000839
178  -0.008256  0.020284  0.000480
179  0.015678  0.035101  0.001478
180  0.042719  0.044869  0.003838
181  -0.054168  -0.041989  0.004697
182  -0.038143  0.053546  0.004322
183  0.006791  -0.011921  0.000188
184  0.003246  0.029939  0.000907
185  0.026095  0.011080  0.000804
186  0.015227  0.010396  0.000340
187  -0.023782  -0.034245  0.001738
188  0.019987  -0.036861  0.001758
189  -0.027742  0.001474  0.000772
190  0.010952  -0.018350  0.000457
191  0.001725  -0.076668  0.005881
192  0.021985  0.020245  0.000893
193  0.070544  -0.049646  0.007441
194  0.028020  -0.019159  0.001152
195  -0.008479  -0.049557  0.002528
196  0.031121  0.029232  0.001823
197  -0.016647  0.045236  0.002323
198  0.023548  0.025096  0.001184
199  0.008839  -0.025686  0.000738
200  0.013950  0.027895  0.000973
201  -0.023124  0.064684  0.004719
202  -0.023322  -0.010115  0.000646
203  0.008230  -0.039190  0.001604
204  0.010065  -0.020258  0.000512
205  -0.028207  0.027512  0.001553
206  0.052887  0.039410  0.004350
207  0.019923  -0.033086  0.001492
208  0.016531  0.028438  0.001082
209  0.044435  -0.030353  0.002896
210  0.008722  -0.022897  0.000600
211  0.018687  -0.003864  0.000364
212  -0.007820  0.030537  0.000994
213  0.029859  -0.010181  0.000995
214  0.020126  -0.025407  0.001051
215  -0.037695  0.000414  0.001421
216  0.025711  -0.017747  0.000976
217  -0.046437  -0.016913  0.002443
218  0.014156  -0.003308  0.000211
219  -0.008657  0.010905  0.000194
220  -0.016040  -0.007918  0.000320
221  0.016023  -0.008989  0.000338
222  -0.002649  0.057455  0.003308
223  0.012687  0.005878  0.000196
224  0.009368  -0.006293  0.000127
225  0.013952  -0.015407  0.000432
226  0.010857  -0.016500  0.000390
227  -0.027420  -0.002585  0.000759
228  -0.057205  -0.099603  0.013193
229  0.008278  -0.055440  0.003142
230  0.026753  -0.032472  0.001770
231  -0.037331  -0.022644  0.001906
232  -0.027083  0.032790  0.001809
233  0.065946  -0.057452  0.007650
234  0.039821  -0.056815  0.004814
235  0.010055  0.017019  0.000391
236  -0.068127  0.019614  0.005026
237  0.028212  -0.019380  0.001171
238  0.012869  -0.015618  0.000410
239  -0.034936  -0.019088  0.001585
240  0.024839  -0.007733  0.000677
241  -0.045699  0.003288  0.002099
242  -0.044958  0.021691  0.002492
243  -0.029206  -0.028189  0.001648
244  -0.048340  -0.027200  0.003077
245  0.021851  -0.002094  0.000482
246  -0.005471  -0.030911  0.000985
247  -0.034530  -0.016562  0.001467
248  0.010371  0.023126  0.000642
249  0.007175  -0.044836  0.002062
250  0.012254  -0.042146  0.001926
251  -0.026655  -0.044859  0.002723
252  -0.057064  -0.011686  0.003393
253  0.028246  0.024204  0.001384
254  0.027112  -0.014455  0.000944
255  0.013295  0.023501  0.000729
256  0.010289  0.004321  0.000125
257  0.021562  -0.010953  0.000585
258  0.041098  0.019285  0.002061
259  0.010222  0.021670  0.000574
260  -0.019720  0.039615  0.001958
261  -0.002049  -0.038111  0.001457
262  -0.011044  0.036836  0.001479
263  -0.036061  -0.071141  0.006361
264  0.034207  -0.032864  0.002250
265  0.032476  -0.030031  0.001957
266  0.000009  -0.004708  0.000022
267  -0.021572  0.012459  0.000621
268  -0.038706  0.007470  0.001554
269  -0.002552  0.023481  0.000558
270  -0.001378  0.016575  0.000277
271  -0.012109  -0.067114  0.004651
272  -0.029057  -0.051872  0.003535
273  -0.012797  0.018371  0.000501
274  -0.093457  -0.043383  0.010616
275  0.041004  -0.027627  0.002445
276  -0.021344  0.040196  0.002071
277  0.001605  -0.003687  0.000016
278  -0.010686  0.004863  0.000138
279  -0.070170  -0.052602  0.007691
280  0.076629  0.005136  0.005898
281  0.001330  0.031378  0.000986
282  0.006823  0.043138  0.001907
283  -0.052628  -0.005302  0.002798
284  0.006569  0.016176  0.000305
285  0.032234  0.024381  0.001633
286  -0.032305  -0.009337  0.001131
287  -0.042306  0.031103  0.002757
288  0.048094  -0.002467  0.002319
289  -0.022440  0.004394  0.000523
290  0.034995  0.034061  0.002385
291  0.016697  0.006782  0.000325
292  -0.046338  0.012511  0.002304
293  0.006279  0.023917  0.000611
294  0.021157  -0.073638  0.005870
295  -0.001802  0.019133  0.000369
296  0.024703  0.036659  0.001954
297  -0.007435  0.018969  0.000415
298  0.047047  -0.019168  0.002581
299  -0.033943  0.060932  0.004865
300  -0.027694  -0.041132  0.002459
301  -0.016388  0.034775  0.001478
302  0.020116  -0.036207  0.001716
303  -0.007948  -0.015817  0.000313
304  -0.020044  -0.009761  0.000497
305  0.020342  0.026651  0.001124
306  0.031997  0.047159  0.003248
307  0.044749  -0.071829  0.007162
308  -0.003577  0.018726  0.000363
309  -0.010297  -0.031748  0.001114
310  0.021223  -0.034483  0.001639
311  -0.045189  -0.058597  0.005476
312  0.033631  -0.052012  0.003836
313  0.057054  -0.068306  0.007921
314  -0.023893  -0.000426  0.000571
315  0.058313  -0.037099  0.004777
316  -0.061346  -0.038408  0.005238
317  0.035160  -0.032848  0.002315
318  0.050740  0.060143  0.006192
319  -0.072066  0.007710  0.005253
320  0.008628  0.050241  0.002599
321  -0.007135  -0.017480  0.000356
322  -0.010483  -0.010750  0.000225
323  0.033123  -0.011457  0.001228
324  0.035896  -0.053350  0.004135
325  0.016462  -0.020156  0.000677
326  -0.029433  0.003231  0.000877
327  -0.040681  0.038288  0.003121
328  0.007561  0.001110  0.000058
329  0.011693  0.007822  0.000198
330  0.070637  -0.013547  0.005173
331  -0.059032  0.007205  0.003537
332  0.004921  -0.042472  0.001828
333  0.023261  -0.022608  0.001052
334  0.045199  0.002214  0.002048
335  0.017248  0.012623  0.000457
336  -0.053237  -0.084111  0.009909
337  -0.012893  -0.003662  0.000180
338  0.018362  -0.010967  0.000457
339  -0.022726  0.006907  0.000564
340  -0.048487  -0.002129  0.002356
341  0.029801  -0.017709  0.001202
342  0.043803  0.051824  0.004604
343  -0.014523  0.023442  0.000760
344  0.003520  -0.050656  0.002578
345  0.037358  0.012652  0.001556
346  0.006190  -0.069067  0.004809
347  -0.018555  -0.004984  0.000369
348  -0.040944  -0.000877  0.001677
349  -0.014022  0.092978  0.008841
350  -0.031832  0.005884  0.001048
351  0.140288  -0.048773  0.022060
352  0.009525  -0.065964  0.004442
353  0.022610  0.006093  0.000548
354  0.028671  -0.014697  0.001038
355  -0.001251  -0.007548  0.000059
356  -0.069520  -0.064218  0.008957
357  0.053386  -0.066279  0.007243
358  -0.029435  -0.019076  0.001230
359  -0.019662  -0.041190  0.002083
360  -0.016154  0.052578  0.003025
361  0.022739  -0.019921  0.000914
362  0.004066  0.024730  0.000628
363  0.080134  -0.057191  0.009692
364  0.055280  -0.021620  0.003523
365  0.061893  0.016127  0.004091
366  -0.010879  -0.018726  0.000469
367  -0.026139  0.044160  0.002633
368  0.016910  -0.036387  0.001610
369  0.011330  0.001058  0.000129
370  0.013372  -0.003800  0.000193
371  -0.005776  -0.025308  0.000674
372  0.058027  0.037379  0.004764
373  0.000505  0.020185  0.000408
374  0.036564  -0.015469  0.001576
375  0.004350  -0.027903  0.000798
376  -0.007699  0.023426  0.000608
377  -0.006281  0.040021  0.001641
378  -0.009275  -0.058271  0.003482
379  0.028876  -0.029244  0.001689
380  0.028555  0.022983  0.001344
381  -0.058277  0.008789  0.003473
382  -0.031360  0.008360  0.001053
383  0.032252  -0.016212  0.001303
384  -0.056740  0.013097  0.003391
385  -0.001264  -0.016521  0.000275
386  0.029795  0.038012  0.002333
387  0.026483  -0.039131  0.002233
388  -0.017590  0.001657  0.000312
389  0.003951  0.041424  0.001732
390  -0.024500  -0.004039  0.000617
391  0.013281  -0.034078  0.001338
392  0.030460  0.019664  0.001314
393  -0.017048  0.057881  0.003641
394  -0.044828  0.038226  0.003471
395  0.004832  -0.050528  0.002576
396  0.032903  0.021859  0.001560
397  0.036930  -0.006507  0.001406
398  -0.019268  0.063238  0.004370
399  -0.006362  0.062563  0.003955
400  0.054583  -0.021496  0.003441
401  -0.020625  -0.035891  0.001714
402  -0.050589  0.055383  0.005627
403  0.033560  -0.004754  0.001149
404  0.036957  -0.068803  0.006100
405  0.011262  0.062209  0.003997
406  0.039343  0.019995  0.001948
407  -0.053593  -0.034254  0.004046
408  0.061458  0.075177  0.009429
409  -0.030011  0.026315  0.001593
410  -0.007355  0.013032  0.000224
411  0.002938  0.007042  0.000058
412  0.057765  -0.018087  0.003664
413  0.039062  -0.050956  0.004122
414  -0.003175  -0.015171  0.000240
415  0.019668  -0.016445  0.000657
416  -0.037009  -0.017751  0.001685
417  0.028737  0.011115  0.000949
418  0.088099  -0.012708  0.007923
419  0.031311  -0.016802  0.001263
420  0.004653  -0.013566  0.000206
421  -0.034386  0.003782  0.001197
422  0.033617  0.031247  0.002106
423  -0.035553  -0.013590  0.001449
424  0.000854  -0.007778  0.000061
425  -0.012339  0.034406  0.001336
426  -0.004361  -0.000310  0.000019
427  -0.048998  0.015086  0.002628
428  0.074787  -0.111184  0.017955
429  -0.058259  -0.044603  0.005384
430  -0.019372  -0.020252  0.000785
431  -0.084196  -0.074591  0.012653
432  0.110858  0.011805  0.012429
433  -0.020381  -0.003616  0.000428
434  0.031229  0.015326  0.001210
435  0.007648  -0.036105  0.001362
436  -0.005502  0.034726  0.001236
437  0.011359  0.003989  0.000145
438  -0.020704  0.038238  0.001891
439  0.030346  -0.109068  0.012817
440  -0.029701  -0.004541  0.000903
441  -0.057636  -0.008901  0.003401
442  -0.009917  0.029676  0.000979
443  -0.051834  0.009765  0.002782
444  0.015523  -0.094395  0.009151
445  -0.078923  -0.054480  0.009197
446  0.061701  -0.014715  0.004024
447  0.037661  -0.015194  0.001649
448  0.022382  0.026521  0.001204
449  -0.043051  -0.001263  0.001855
450  -0.071653  -0.013249  0.005310
451  0.028075  0.083395  0.007743
452  -0.091161  0.061417  0.012082
453  0.015863  0.023276  0.000793
454  -0.010627  0.028085  0.000902
455  -0.008224  -0.009124  0.000151
456  -0.026190  0.030212  0.001599
457  -0.058266  0.016514  0.003668
458  0.072220  -0.072379  0.010454
459  -0.038579  -0.080497  0.007968
460  0.087197  -0.072098  0.012801
461  -0.018933  -0.043080  0.002214
462  0.047456  -0.108132  0.013945
463  -0.018896  0.102957  0.010957
464  0.053426  0.040793  0.004518
465  -0.060563  0.037238  0.005055
466  -0.041109  0.008667  0.001765
467  0.029674  -0.022019  0.001365
468  -0.008552  0.051001  0.002674
469  -0.049383  0.004674  0.002461
470  0.040736  0.106335  0.012967
471  0.010353  0.007464  0.000163
472  -0.027441  -0.041884  0.002507
473  -0.022218  0.061234  0.004243
474  -0.040827  -0.110524  0.013882
475  0.048841  -0.046013  0.004503
476  0.007520  -0.007218  0.000109
477  0.011596  0.046732  0.002318
478  -0.011807  -0.046669  0.002317
479  0.059304  0.072525  0.008777
480  -0.097741  -0.039843  0.011141
481  -0.000229  0.057394  0.003294
482  -0.068241  0.010898  0.004776
483  -0.018055  0.065754  0.004650
484  -0.076477  0.049712  0.008320
485  -0.032622  -0.044552  0.003049
486  -0.024209  -0.008545  0.000659
487  -0.067492  0.088018  0.012302
488  -0.006624  0.037907  0.001481
489  -0.067734  0.058886  0.008055
490  0.010618  0.028023  0.000898
491  0.002794  0.018992  0.000369
492  0.020393  0.066411  0.004826
493  0.022602  -0.003757  0.000525
494  -0.031119  0.085643  0.008303
495  -0.066525  0.007011  0.004475
496  0.056613  0.054700  0.006197
497  0.018733  0.018343  0.000687
498  -0.051001  0.085305  0.009878
499  -0.052229  -0.037730  0.004151
500  0.030564  -0.019175  0.001302
501  -0.003187  -0.037255  0.001398
502  -0.003981  -0.062422  0.003912
503  0.002402  -0.085202  0.007265
504  0.042750  -0.005448  0.001857
505  -0.095645  -0.028613  0.009967
506  -0.004823  -0.011626  0.000158
507  0.018778  -0.039597  0.001921
508  0.050670  0.030011  0.003468
509  0.057892  0.003306  0.003362
510  -0.025173  -0.009962  0.000733
511  0.011700  -0.067125  0.004643
512  0.113194  0.022249  0.013308
513  0.028214  0.026147  0.001480
514  -0.124748  0.052691  0.018339
515  0.024464  -0.001071  0.000600
516  0.005886  0.037814  0.001465
517  -0.077377  -0.029318  0.006847
518  -0.050493  -0.045635  0.004632
519  -0.039600  -0.017116  0.001861
520  0.008370  -0.063665  0.004123
521  -0.014517  0.012314  0.000362
522  -0.082095  -0.016138  0.007000
523  0.021901  0.037148  0.001860
524  0.012434  0.009855  0.000252
525  0.005769  0.034715  0.001238
526  0.020502  0.040213  0.002037
527  0.037104  -0.003440  0.001389
528  -0.021170  -0.026594  0.001155
529  0.028718  -0.033693  0.001960
530  0.024995  0.009952  0.000724
531  0.016879  0.031793  0.001296
532  -0.020468  0.081500  0.007061
533  -0.063414  0.022377  0.004522
534  -0.008453  0.019398  0.000448
535  -0.034273  0.068997  0.005935
536  0.021948  0.003042  0.000491
537  0.075303  0.007144  0.005722
538  0.013549  -0.059901  0.003772
539  0.009621  0.058704  0.003539
540  0.033535  -0.047251  0.003357
541  -0.017504  0.063493  0.004338
542  -0.007043  0.009942  0.000148
543  -0.004241  -0.048837  0.002403
544  0.050846  0.010912  0.002704
545  -0.056986  0.001273  0.003249
546  -0.038922  -0.012908  0.001682
547  -0.040337  0.082730  0.008471
548  0.000490  -0.039969  0.001598
549  -0.071002  -0.106029  0.016284
550  -0.044931  -0.079405  0.008324
551  -0.069045  -0.079208  0.011041
552  0.118201  -0.067038  0.018465
553  -0.051470  -0.067370  0.007188
554  0.028807  -0.144042  0.021578
555  0.022642  0.020946  0.000951
556  -0.051172  0.020541  0.003040
557  -0.031927  -0.015490  0.001259
558  0.065336  0.099984  0.014266
559  -0.097880  -0.050577  0.012139
560  0.042418  0.010858  0.001917
561  0.011134  0.033029  0.001215
562  0.067715  0.009357  0.004673
563  -0.000226  -0.104792  0.010981
564  0.052749  0.025367  0.003426
565  -0.004762  0.015936  0.000277
566  -0.114629  0.020825  0.013574
567  -0.023820  -0.082330  0.007346
568  -0.094758  0.029083  0.009825
569  0.079754  0.005277  0.006389
570  -0.090665  -0.017807  0.008537
571  -0.043870  -0.108366  0.013668
572  0.062701  -0.086777  0.011462
573  0.056127  -0.059444  0.006684
574  -0.068852  0.027922  0.005520
575  0.007942  -0.123012  0.015195
576  0.008523  -0.002147  0.000077
577  -0.002479  -0.038704  0.001504
578  0.024845  0.087561  0.008284
579  0.007836  0.011545  0.000195
580  0.065957  -0.044002  0.006287
581  0.064633  0.044211  0.006132
582  -0.036523  -0.020129  0.001739
583  -0.057453  -0.037341  0.004695
584  -0.051705  -0.064405  0.006821
585  0.129388  0.058669  0.020183
586  0.080182  -0.065654  0.010740
587  0.077125  0.023158  0.006485
588  0.099786  -0.121042  0.024608
589  -0.070395  0.037998  0.006399
590  0.023425  -0.015349  0.000784
591  -0.026700  0.089248  0.008678
592  -0.007574  -0.040799  0.001722
593  -0.087893  0.075515  0.013428
594  -0.083309  -0.024024  0.007518
595  -0.046212  0.062381  0.006027
596  -0.150774  0.034010  0.023890
597  -0.024410  -0.009539  0.000687
598  0.122200  -0.071289  0.020015
599  0.077937  0.039117  0.007604
600  0.062937  0.059817  0.007539
601  -0.021665  -0.030944  0.001427
602  -0.027988  0.044724  0.002784
603  0.082637  0.073350  0.012209
604  0.035186  -0.027726  0.002007
605  0.090634  -0.127226  0.024401
606  0.056871  -0.000288  0.003234
607  0.117784  0.067509  0.018431
608  0.091543  -0.092939  0.017018
609  -0.116739  0.046179  0.015760
610  0.112186  0.070885  0.017610
611  0.092544  -0.072768  0.013860
612  0.007391  0.019156  0.000422
613  -0.054144  -0.050916  0.005524
614  0.010210  0.011206  0.000230
615  -0.116153  0.003178  0.013502
616  0.078503  0.165080  0.033414
617  0.070571  -0.145689  0.026205
618  0.019893  0.013403  0.000575
619  -0.054722  -0.041423  0.004710
620  0.146809  -0.117692  0.035404
621  -0.037835  0.122770  0.016504
622  0.095973  -0.008348  0.009280
623  0.035641  -0.088868  0.009168
624  0.132882  0.022644  0.018171
625  0.126992  -0.030965  0.017086
626  0.024872  0.088014  0.008365
627  -0.029017  -0.095831  0.010026
628  0.066542  0.087070  0.012009
629  -0.055291  0.017599  0.003367
630  -0.080196  -0.141051  0.026327
631  0.054099  0.117307  0.016688
632  0.073859  -0.038195  0.006914
633  0.076440  -0.032881  0.006924
634  -0.048057  0.026321  0.003002
635  0.000931  -0.108376  0.011746
636  0.062708  0.036933  0.005296
637  -0.100330  0.042167  0.011844
638  0.191499  -0.013042  0.036842
639  -0.024094  -0.033555  0.001706
640  0.054677  -0.053549  0.005857
641  0.031318  0.199321  0.040710
642  -0.131960  0.018903  0.017771
643  -0.022866  -0.181229  0.033367
644  0.082261  -0.087189  0.014369
645  0.057211  0.089163  0.011223
646  -0.023250  -0.034708  0.001745
647  0.029535  -0.126324  0.016830
648  -0.033195  0.068833  0.005840
649  -0.042441  0.052775  0.004586
650  0.203118  -0.032657  0.042323
651  0.027327  0.103478  0.011454
652  -0.131617  0.187803  0.052593
653  -0.248444  0.048146  0.064043
654  0.031153  -0.060602  0.004643
655  0.094856  0.034050  0.010157
656  -0.157794  -0.043191  0.026764
657  -0.079936  0.095655  0.015540
658  0.008021  0.026108  0.000746
659  -0.051951  -0.083414  0.009657
660  0.046601  0.013172  0.002345
661  0.015449  0.200907  0.040602
662  -0.117435  -0.047616  0.016058
663  -0.126096  0.030548  0.016833
664  -0.039946  0.135278  0.019896
665  0.118657  -0.148858  0.036238
666  0.033338  -0.006119  0.001149
667  -0.170201  0.155604  0.053181
668  0.069439  0.169088  0.033413
669  0.281236  -0.037179  0.080476
670  -0.017727  -0.026487  0.001016
671  0.017291  0.055078  0.003333
672  -0.109696  -0.007083  0.012083
673  0.053163  0.094602  0.011776
674  0.013556  -0.013695  0.000371
675  -0.164518  0.142381  0.047338
676  0.078445  0.071032  0.011199
677  -0.083702  0.009040  0.007088
678  -0.071725  0.035611  0.006413
679  0.010490  -0.044851  0.002122
680  0.139206  -0.049084  0.021788
681  0.083096  0.106430  0.018232
682  -0.056561  -0.120505  0.017721
683  0.222417  -0.023275  0.050011
684  0.131899  0.000795  0.017398
685  -0.108536  0.159764  0.037305
686  -0.049481  -0.033554  0.003574
687  -0.161322  -0.143144  0.046515
688  0.017142  0.050955  0.002890
689  0.117084  0.026458  0.014409
690  0.019691  0.093968  0.009218
691  0.070535  -0.090237  0.013118
692  0.142438  0.184495  0.054327
693  0.027351  0.120454  0.015257
694  -0.258502  0.043496  0.068715
695  -0.245854  -0.309274  0.156095
696  -0.072255  0.128342  0.021693
697  0.010423  0.064408  0.004257
698  0.021963  -0.231635  0.054137
699  -0.066739  -0.201910  0.045222
700  0.212633  0.231400  0.098759
701  -0.110542  0.106357  0.023531
702  -0.019615  -0.061337  0.004147
703  -0.079163  0.177371  0.037727
704  -0.074858  -0.009158  0.005688
705  0.143915  0.012836  0.020876
706  0.007391  -0.021923  0.000535
707  0.147512  -0.081082  0.028334
708  0.218293  0.022911  0.048177
709  0.031390  -0.120696  0.015553
710  -0.038608  -0.215310  0.047849
711  0.207019  0.079894  0.049240
712  -0.029392  0.047641  0.003134
713  0.093309  0.091720  0.017119
714  0.166506  0.232251  0.081665
715  0.140944  0.005775  0.019899
716  -0.072059  0.024585  0.005797
717  -0.029405  -0.020786  0.001297
718  0.026077  0.234714  0.055771
719  0.156224  0.125772  0.040225
720  -0.176504  0.482846  0.264293
721  -0.316575  -0.071536  0.105337
722  -0.224051  -0.259030  0.117296
723  -0.073564  -0.251902  0.068866
724  0.222705  -0.019724  0.049987
725  -0.062746  -0.144668  0.024866
726  -0.243918  -0.188855  0.095162
727  -0.047932  0.146978  0.023900
728  -0.031940  -0.259680  0.068454
729  0.037776  -0.050758  0.004003
730  -0.039118  0.017423  0.001834
731  -0.148500  -0.076690  0.027934
732  0.038836  -0.090370  0.009675
733  0.041577  0.094372  0.010635
734  -0.256564  0.195882  0.104195
735  0.026666  0.141826  0.020826
736  -0.171582  0.201147  0.069901
737  0.180096  -0.201209  0.072919
738  0.125959  -0.042512  0.017673
739  0.228927  -0.245335  0.112597
740  0.034450  -0.013548  0.001370
741  -0.073068  -0.220497  0.053958
742  0.069009  0.213078  0.050165
743  0.181852  0.288333  0.116206
744  0.147354  -0.127483  0.037965
745  -0.388316  0.237920  0.207395
746  0.047205  0.019748  0.002618
747  -0.075755  -0.384708  0.153739
748  -0.012516  -0.006007  0.000193
749  0.133036  -0.128931  0.034322
750  0.118344  0.012640  0.014165
751  0.171846  -0.020614  0.029956
752  -0.248189  0.328890  0.169767
753  -0.002306  0.018743  0.000357
754  0.065645  -0.181271  0.037168
755  -0.157758  0.098511  0.034592
756  -0.281541  0.015170  0.079495
757  -0.013221  -0.028209  0.000971
758  0.114827  -0.100164  0.023218
759  0.103902  -0.050034  0.013299
760  0.207106  -0.206823  0.085668
761  0.232292  0.166644  0.081730
762  -0.047783  -0.056249  0.005447
763  0.258578  -0.022535  0.067370
764  0.181885  0.140368  0.052785
765  -0.105938  -0.000373  0.011223
766  0.231182  0.267665  0.125090
767  -0.053767  0.033313  0.004001
768  -0.119933  0.274885  0.089946
769  -0.394527  -0.198209  0.194938
770  -0.074943  0.052795  0.008404
771  -0.021041  -0.075637  0.006164
772  0.161728  0.449417  0.228131
773  0.179978  -0.223214  0.082216
774  0.038472  0.239544  0.058862
775  0.137815  -0.222555  0.068524
776  0.201039  -0.243927  0.099917
777  0.126127  -0.048537  0.018264
778  0.324317  0.341958  0.222117
779  -0.060082  0.091440  0.011971
780  -0.025984  -0.228033  0.052674
781  0.039188  -0.297875  0.090265
782  -0.294330  -0.150421  0.109256
783  0.012040  -0.147619  0.021936
784  -0.185979  0.061149  0.038327
785  0.145430  0.048296  0.023482
786  0.273431  -0.008190  0.074832
787  0.253509  -0.206720  0.107000
788  -0.013061  -0.440350  0.194079
789  0.158370  0.209643  0.069031
790  -0.103050  0.042230  0.012403
791  -0.372171  0.127183  0.154687
792  0.033309  0.215160  0.047403
793  0.006577  0.052449  0.002794
794  0.097219  0.043200  0.011318
795  0.086478  0.180675  0.040122
796  0.039173  -0.000528  0.001535
797  -0.267481  -0.179250  0.103677
798  -0.393506  -0.224613  0.205298
799  -0.052028  -0.379367  0.146626
800  0.103656  -0.071486  0.015855
801  0.019228  -0.047377  0.002614
802  -0.108915  0.113808  0.024815
803  -0.154800  0.079184  0.030233
804  -0.017395  -0.230898  0.053617
805  0.188239  -0.352488  0.159682
806  0.096613  0.088121  0.017099
807  -0.319436  0.013599  0.102224
808  0.159646  -0.156848  0.050088
809  -0.085678  0.244922  0.067328
810  0.191486  0.031252  0.037643
811  0.259801  0.179106  0.099575
812  0.058840  -0.031088  0.004429
813  -0.105840  0.165744  0.038673
814  -0.319100  0.464892  0.317949
815  0.234274  0.109732  0.066925
816  0.173167  0.171321  0.059338
817  0.312552  -0.122918  0.112798
818  -0.281311  -0.155610  0.103351
819  0.014155  -0.040659  0.001854
820  -0.219101  0.392682  0.202204
821  -0.020110  0.378680  0.143803
822  -0.084071  -0.376430  0.148768
823  0.188691  0.455008  0.242637
824  -0.405641  0.028013  0.165329
825  0.235370  -0.136933  0.074150
826  0.505672  -0.011301  0.255832
827  0.485546  -0.118213  0.249729
828  -0.073549  0.144066  0.026164
829  -0.148658  0.097864  0.031677
830  0.456181  0.039141  0.209633
831  0.031102  0.373089  0.140163
832  0.069224  -0.345548  0.124195
833  0.081100  -0.168067  0.034824
834  -0.466418  -0.527141  0.495423
835  0.141930  -0.063423  0.024167
836  0.423328  -0.058183  0.182592
837  -0.214297  -0.282332  0.125635
838  0.118680  -0.390550  0.166614
839  0.271296  0.083997  0.080657
840  0.342659  0.438047  0.309300
841  0.174130  0.278814  0.108059
842  -0.000150  -0.092173  0.008496
843  -0.174507  0.121833  0.045296
844  0.146148  -0.018118  0.021687
845  0.346107  0.142419  0.140074
846  0.435854  0.218200  0.237580
847  0.182433  0.795839  0.666641
848  0.463007  -0.247866  0.275813
849  -0.246694  -0.261937  0.129469
850  0.207646  -0.648253  0.463348
851  -0.302474  0.308910  0.186916
852  -0.041327  -0.398048  0.160150
853  0.018302  -0.037580  0.001747
854  -0.076768  0.067782  0.010488
855  -0.014106  -0.523972  0.274746
856  -0.116810  -0.066682  0.018091
857  0.146145  0.047586  0.023623
858  -0.102662  0.199721  0.050428
859  -0.310753  0.372127  0.235046
860  0.130272  0.129382  0.033711
861  0.161240  0.035552  0.027262
862  0.122279  0.341173  0.131351
863  -0.013633  0.020922  0.000624
864  0.180049  0.035167  0.033654
865  0.437102  0.193264  0.228409
866  -0.203010  -0.360972  0.171513
867  0.363772  -0.235660  0.187866
868  0.027403  -0.196517  0.039370
869  0.014576  -0.100786  0.010370
870  -0.167672  0.097798  0.037678
871  0.546432  0.080952  0.305141
872  0.308413  0.032974  0.096206
873  -0.190888  0.064417  0.040588
874  -0.172098  0.512803  0.292584
875  -0.032272  0.089547  0.009060
876  -0.025710  0.552158  0.305540
877  -0.195596  0.569463  0.362546
878  -0.038903  -0.306156  0.095245
879  0.497152  0.130939  0.264305
880  -0.038162  0.377548  0.143999
881  -0.154544  -0.254168  0.088485
882  -0.052677  -0.378867  0.146315
883  -0.236501  0.481990  0.288247
884  0.029364  -0.225427  0.051679
885  -0.391899  -0.100517  0.163688
886  -0.095183  -0.142296  0.029308
887  0.066885  0.490113  0.244685
888  -0.096703  0.382461  0.155628
889  0.034156  -0.171131  0.030453
890  0.157811  0.245324  0.085088
891  -0.105557  0.218026  0.058677
892  0.464731  -0.534866  0.502057
893  -0.152759  0.089082  0.031271
894  -0.107832  -0.000890  0.011629
895  -0.246050  -0.060982  0.064259
896  -0.345276  -0.175599  0.150050
897  -0.440444  -0.195839  0.232344
898  -0.116435  -0.072656  0.018836
899  -0.067510  -0.373406  0.143989
900  -0.112435  0.180267  0.045138
901  0.247577  0.259374  0.128569
902  0.249823  -0.021333  0.062867
903  -0.276821  0.388271  0.227384
904  0.160238  -0.208896  0.069314
905  -0.044290  0.642774  0.415120
906  0.210520  0.098067  0.053936
907  0.248339  -0.128993  0.078311
908  -0.270476  0.165749  0.100630
909  0.182285  0.500458  0.283686
910  -0.214541  -0.011770  0.046166
911  -0.263068  -0.071927  0.074378
912  0.186797  -0.263486  0.104318
913  -0.304461  -0.233677  0.147302
914  -0.295235  0.097890  0.096746
915  0.091877  0.046829  0.010634
916  0.178800  0.007153  0.032021
917  0.552484  -0.186729  0.340106
918  0.038190  0.339755  0.116892
919  -0.678375  -0.111921  0.472719
920  0.221768  -0.066784  0.053641
921  0.107985  0.313355  0.109852
922  -0.460593  -0.576932  0.544996
923  -0.028096  0.189339  0.036639
924  0.222762  0.544067  0.345632
925  0.438113  0.493568  0.435552
926  -0.901770  -0.210871  0.857655
927  0.034207  0.206834  0.043950
928  -0.133485  -0.104574  0.028754
929  0.077477  0.825897  0.688108
930  -0.376718  0.074020  0.147395
931  -0.092301  0.080771  0.015043
932  -0.219785  0.073184  0.053661
933  0.001896  -0.237774  0.056540
934  -0.239693  0.239935  0.115022
935  -0.439797  -0.357643  0.321330
936  0.960962  -0.708373  1.425242
937  -0.532168  0.030591  0.284139
938  -0.359398  -0.504652  0.383841
939  0.103060  -0.170717  0.039766
940  0.213056  -0.394615  0.201114
941  0.079067  -0.083348  0.013198
942  -0.389765  -0.148726  0.174036
943  0.193316  -0.351763  0.161108
944  0.117204  0.245680  0.074095
945  -0.122382  0.404663  0.178730
946  0.174320  0.302365  0.121812
947  -0.008126  -0.064840  0.004270
948  -0.586598  0.332783  0.454841
949  0.795986  0.364934  0.766771
950  -0.344847  0.310200  0.215143
951  -0.120510  -0.163389  0.041219
952  -0.407267  -0.344552  0.284583
953  0.358895  0.034882  0.130022
954  -0.174340  0.315186  0.129737
955  0.162700  -0.171505  0.055885
956  -0.612241  -0.074251  0.380353
957  0.036711  -0.539641  0.292560
958  -0.109095  0.140135  0.031540
959  -0.067645  -0.124712  0.020129
960  -0.356961  -0.137457  0.146316
961  0.226293  0.147079  0.072841
962  0.228383  0.397185  0.209915
963  -0.058207  0.019246  0.003758
964  0.022952  -0.063060  0.004503
965  -0.329499  0.052584  0.111335
966  0.305985  -0.234903  0.148806
967  -0.077496  0.240839  0.064009
968  0.051371  0.205610  0.044914
969  0.096281  -0.218119  0.056846
970  0.385742  0.107335  0.160318
971  0.041464  0.091067  0.010012
972  -0.020061  -0.501306  0.251710
973  0.424087  0.515224  0.445306
974  0.141786  -0.141985  0.040263
975  0.393768  0.468831  0.374856
976  -0.538257  -0.394015  0.444968
977  -0.561033  0.037464  0.316161
978  -0.183229  -0.506125  0.289735
979  0.657061  -0.129532  0.448507
980  -0.543434  0.294709  0.382174
981  0.105425  0.441363  0.205916
982  -0.342370  0.645808  0.534285
983  -0.440639  0.158014  0.219131
984  0.253076  0.153192  0.087515
985  0.141204  0.187116  0.054951
986  -0.025929  -0.501130  0.251803
987  -0.083574  -0.373484  0.146475
988  -0.261832  -0.138474  0.087731
989  -0.031072  0.514445  0.265619
990  0.057008  -0.146644  0.024754
991  0.285938  0.920932  0.929876
992  -0.675904  0.182140  0.490021
993  -0.106564  0.618115  0.393422
994  0.101714  -0.244800  0.070273
995  -0.075139  -0.619318  0.389201
996  -0.483379  0.561320  0.548736
997  0.318158  -0.529948  0.382069
998  0.284481  -0.172175  0.110574
999  -0.172755  -0.107828  0.041471
1000  0.008089  0.165850  0.027572
1001  -0.868340  -0.550129  1.056656
1002  0.370823  0.237098  0.193725
1003  -0.134717  -0.137376  0.037021
1004  0.400873  0.411922  0.330379
1005  0.088367  0.247294  0.068963
1006  -0.257376  -0.319078  0.168054
1007  0.279295  -0.202325  0.118941
1008  0.671076  -0.620623  0.835515
1009  0.128763  0.138638  0.035800
1010  -0.500460  0.143930  0.271176
1011  0.228763  0.643270  0.466129
1012  -0.585183  -0.752396  0.908540
1013  -0.231642  -0.380232  0.198234
1014  -0.463873  -0.358487  0.343692
1015  0.432940  -0.397756  0.345647
1016  0.399929  0.160616  0.185741
1017  0.184799  0.195534  0.072384
1018  0.829127  0.543024  0.982326
1019  -0.093477  -0.079262  0.015020
1020  -0.586529  -0.025980  0.344691
1021  -0.383238  0.085760  0.154226
1022  0.319985  0.030946  0.103348
1023  0.348847  -0.428563  0.305360
1024  -0.050719  -0.324640  0.107963
1025  0.089480  0.056699  0.011221
1026  0.021705  0.201413  0.041038
1027  0.377532  0.198452  0.181914
1028  -0.343577  0.001499  0.118047
1029  -0.386488  -0.075946  0.155141
1030  -0.416410  -0.020344  0.173811
1031  -0.320700  -0.181251  0.135701
1032  0.256803  0.121356  0.080675
1033  -0.262714  -0.107851  0.080650
1034  -0.411433  -0.141502  0.189300
1035  0.818539  -0.315222  0.769371
1036  0.773104  -0.430863  0.783333
1037  0.275033  -0.133402  0.093439
1038  -0.415118  0.563395  0.489737
1039  -0.147005  -0.452386  0.226263
1040  0.402638  -0.221582  0.211216
1041  0.333896  -0.060083  0.115096
1042  -0.082198  -0.170814  0.035934
1043  -0.339253  0.610637  0.487970
1044  0.224860  -0.162611  0.077004
1045  0.310206  -0.093673  0.105002
1046  -0.762145  -0.543134  0.875859
1047  0.013878  0.364534  0.133077
1048  -0.535994  -0.638963  0.695563
1049  -0.341121  -0.426133  0.297953
1050  -0.276975  -0.616810  0.457170
1051  -0.781093  0.505522  0.865660
1052  -0.152439  0.364115  0.155817
1053  0.117641  0.102491  0.024344
1054  -0.184210  -0.087213  0.041540
1055  0.133238  -0.155150  0.041824
1056  -0.178194  -0.127531  0.048017
1057  0.251163  -0.159478  0.088516
1058  -0.293068  0.345956  0.205575
1059  0.135705  -0.477449  0.246374
1060  -0.069558  -0.082323  0.011615
1061  -0.495767  -0.813249  0.907158
1062  -0.076768  0.495727  0.251638
1063  -0.526570  0.315844  0.377034
1064  -0.216432  0.144940  0.067851
1065  -0.570910  -0.277167  0.402760
1066  1.103252  0.105694  1.228336
1067  -0.431129  0.084791  0.193062
1068  0.296680  -0.109353  0.099977
1069  0.084238  0.234220  0.061955
1070  0.032615  -0.316265  0.101087
1071  0.698897  0.453147  0.693800
1072  -0.149682  -0.172745  0.052246
1073  -0.584348  0.124204  0.356889
1074  0.204685  0.298318  0.130890
1075  -0.072439  0.377368  0.147654
1076  0.859777  -0.630734  1.137041
1077  0.376247  0.707326  0.641872
1078  0.498974  -0.661059  0.685974
1079  -0.105568  0.122342  0.026112
1080  -0.346931  0.270999  0.193802
1081  -0.262045  0.061148  0.072406
1082  0.134681  0.592563  0.369269
1083  0.030135  0.348991  0.122703
1084  -0.383439  0.145970  0.168332
1085  -0.175728  -0.048570  0.033239
1086  -0.150397  -0.026967  0.023346
1087  0.412454  0.305124  0.263219
1088  0.072681  0.388303  0.156062
1089  0.216913  -0.278258  0.124479
1090  -0.740097  0.270202  0.620752
1091  0.400150  0.593365  0.512202
1092  -0.210572  0.012315  0.044492
1093  0.555214  0.491132  0.549473
1094  -0.007571  0.203268  0.041375
1095  0.472896  0.113915  0.236607
1096  -0.752207  -0.291044  0.650522
1097  -0.425950  -0.057014  0.184684
1098  0.196518  0.296748  0.126679
1099  -0.422966  0.251229  0.242016
1100  -0.606992  0.758310  0.943472
1101  0.061618  0.130883  0.020927
1102  -0.023914  -0.277790  0.077739
1103  0.010620  0.147634  0.021909
1104  -0.121337  0.007050  0.014772
1105  -0.533367  -0.014529  0.284692
1106  0.013418  0.115201  0.013451
1107  0.515683  -0.490360  0.506382
1108  0.235325  -0.033479  0.056499
1109  0.011832  -0.244326  0.059835
1110  -0.099637  0.252004  0.073433
1111  -0.901283  -0.009000  0.812392
1112  -0.140299  0.012916  0.019851
1113  0.123400  -0.059959  0.018823
1114  0.326588  0.062814  0.110605
1115  -0.347916  0.283267  0.201285
1116  -0.204439  -0.488288  0.280221
1117  0.089678  -0.138547  0.027237
1118  0.334584  0.074686  0.117525
1119  -0.216139  0.489211  0.286043
1120  0.297673  -0.123431  0.103845
1121  0.320234  -0.255628  0.167896
1122  0.081664  0.246308  0.067336
1123  0.159212  0.337489  0.139247
1124  0.398560  -0.367668  0.294029
1125  -0.047270  -0.376619  0.144076
1126  -0.131715  -0.264445  0.087280
1127  -0.067556  -0.192733  0.041710
1128  0.046149  -0.173796  0.032335
1129  -0.119979  -0.386372  0.163678
1130  0.279353  -0.391047  0.230956
1131  0.063255  -0.323773  0.108830
1132  0.625133  0.385395  0.539321
1133  -0.029133  0.583440  0.341251
1134  0.232991  -0.144561  0.075183
1135  0.223987  -0.057361  0.053460
1136  0.185447  0.209056  0.078095
1137  0.115575  -0.114429  0.026452
1138  -0.235535  -0.585489  0.398274
1139  -0.628892  0.292034  0.480789
1140  0.105621  0.463032  0.225554
1141  -0.442704  0.262277  0.264776
1142  0.072711  -0.354195  0.130741
1143  0.167166  0.433857  0.216176
1144  0.181568  0.354252  0.158461
1145  0.145502  -0.193785  0.058723
1146  0.336125  0.136585  0.131635
1147  0.024310  -0.549632  0.302687
1148  -0.543173  0.248853  0.356964
1149  0.061525  -0.168951  0.032330
1150  -0.625332  -0.281376  0.470213
1151  0.214723  -0.124722  0.061662
1152  -0.220819  0.077545  0.054774
1153  -0.712789  0.097479  0.517570
1154  0.250142  0.314912  0.161740
1155  -0.288612  0.075449  0.088989
1156  0.691748  0.168153  0.506791
1157  0.084815  0.165158  0.034471
1158  -0.079515  -0.222143  0.055670
1159  -0.257446  -0.694309  0.548344
1160  -0.658349  0.113076  0.446209
1161  -0.006928  0.017507  0.000354
1162  -0.133057  0.501685  0.269392
1163  0.028336  -0.112691  0.013502
1164  -0.114139  -0.187934  0.048347
1165  -0.183778  -0.320914  0.136760
1166  0.092331  0.355755  0.135086
1167  -0.097082  -0.235389  0.064833
1168  -0.481980  -0.113156  0.245109
1169  0.191822  -0.720650  0.556132
1170  -0.265606  -0.147631  0.092341
1171  0.096645  0.305081  0.102414
1172  0.233155  -0.315148  0.153680
1173  -0.222068  -0.226851  0.100775
1174  0.050256  0.102382  0.013008
1175  0.365174  0.160558  0.159131
1176  -0.046036  0.090575  0.010323
1177  0.244952  -0.238563  0.116913
1178  0.388318  -0.180271  0.183288
1179  -0.197181  0.262501  0.107787
1180  0.178427  0.242790  0.090783
1181  0.363648  -0.146452  0.153688
1182  0.162401  -0.057505  0.029681
1183  -0.250207  -0.214923  0.108796
1184  -0.583326  -0.151986  0.363369
1185  -0.189543  0.389260  0.187450
1186  -0.169285  -0.249509  0.090912
1187  0.220180  -0.010900  0.048598
1188  -0.459084  -0.376527  0.352531
1189  0.500204  -0.103875  0.260994
1190  -0.167765  -0.519000  0.297506
1191  -0.291551  0.219678  0.133260
1192  -0.164076  0.168446  0.055295
1193  0.107494  -0.232834  0.065767
1194  0.125872  -0.078379  0.021987
1195  0.459466  0.139368  0.230532
1196  0.204626  0.315695  0.141535
1197  0.012353  -0.090643  0.008369
1198  -0.356100  -0.000469  0.126808
1199  -0.228423  0.022010  0.052662
1200  0.233146  -0.019190  0.054725
1201  -0.064575  -0.153088  0.027606
1202  -0.267978  0.207705  0.114954
1203  0.018187  -0.025850  0.000999
1204  -0.084566  0.262710  0.076168
1205  -0.410327  0.304348  0.260996
1206  0.239473  0.312328  0.154896
1207  -0.034473  0.279314  0.079205
1208  0.397248  -0.085971  0.165197
1209  0.361622  0.232092  0.184637
1210  0.069018  0.168182  0.033049
1211  -0.044914  0.085762  0.009372
1212  0.208370  0.209038  0.087115
1213  -0.138871  -0.113413  0.032148
1214  0.236200  0.178686  0.087719
1215  0.254291  0.116447  0.078224
1216  0.052622  -0.113421  0.015633
1217  -0.021673  0.074440  0.006011
1218  -0.253253  0.085921  0.071520
1219  0.221709  -0.063387  0.053173
1220  0.157807  -0.112538  0.037568
1221  -0.094755  0.156760  0.033552
1222  0.420119  -0.019501  0.176880
1223  0.111510  0.043197  0.014300
1224  -0.346146  -0.043606  0.121719
1225  0.383941  0.002940  0.147419
1226  0.079409  -0.093242  0.015000
1227  0.156790  -0.215294  0.070935
1228  -0.011869  -0.298284  0.089114
1229  -0.078767  0.018335  0.006540
1230  -0.105962  -0.069367  0.016040
1231  -0.270031  0.166552  0.100656
1232  0.091352  0.272877  0.082807
1233  -0.426772  -0.116435  0.195692
1234  -0.010362  0.002720  0.000115
1235  -0.051304  0.025749  0.003295
1236  0.171408  0.415506  0.202026
1237  0.047810  -0.306370  0.096149
1238  0.046901  -0.575391  0.333275
1239  0.111974  -0.032968  0.013625
1240  -0.194790  -0.211121  0.082515
1241  -0.068865  -0.269632  0.077444
1242  0.041051  -0.065708  0.006003
1243  0.071039  0.028114  0.005837
1244  0.083080  0.016012  0.007159
1245  -0.407769  -0.074312  0.171797
1246  -0.036734  0.098765  0.011104
1247  -0.293554  -0.394706  0.241967
1248  0.124832  0.240488  0.073418
1249  -0.224583  -0.162739  0.076922
1250  -0.102872  -0.110048  0.022693
1251  -0.160988  0.134054  0.043888
1252  0.395527  0.036399  0.157766
1253  -0.051230  -0.291761  0.087749
1254  -0.115345  -0.310952  0.109996
1255  0.019614  0.194397  0.038175
1256  -0.060336  -0.208973  0.047310
1257  0.004949  0.170642  0.029143
1258  0.029883  0.055449  0.003968
1259  0.271951  -0.280818  0.152816
1260  -0.166831  -0.103925  0.038633
1261  -0.053458  -0.002133  0.002862
1262  -0.293289  -0.104802  0.097002
1263  -0.158027  -0.049147  0.027388
1264  -0.269102  0.017164  0.072710
1265  -0.174026  -0.018262  0.030618
1266  0.214108  0.015588  0.046085
1267  -0.117736  0.016760  0.014143
1268  -0.127574  -0.146234  0.037659
1269  -0.106923  0.236791  0.067502
1270  -0.191368  0.072496  0.041877
1271  -0.092253  -0.119381  0.022763
1272  0.303519  -0.191068  0.128631
1273  -0.030266  -0.077244  0.006883
1274  -0.159571  0.217156  0.072620
1275  0.111126  -0.246220  0.072973
1276  0.093648  -0.046334  0.010917
1277  0.001344  0.037558  0.001412
1278  0.255795  0.007198  0.065483
1279  -0.017630  -0.153854  0.023982
1280  0.266184  0.174335  0.101246
1281  -0.075795  -0.026633  0.006454
1282  0.113760  -0.128072  0.029344
1283  -0.136224  -0.034093  0.019719
1284  -0.077392  0.016993  0.006278
1285  -0.008225  0.100399  0.010148
1286  0.218135  0.156444  0.072057
1287  0.005707  0.376229  0.141581
1288  0.041992  -0.154038  0.025491
1289  -0.181982  -0.119899  0.047493
1290  0.047113  0.413965  0.173587
1291  0.258937  0.011776  0.067187
1292  -0.020999  0.047347  0.002683
1293  -0.000650  -0.150359  0.022608
1294  -0.034668  0.062209  0.005072
1295  0.064054  -0.171898  0.033652
1296  -0.335116  0.009138  0.112386
1297  0.042525  -0.214500  0.047819
1298  -0.149554  0.190883  0.058803
1299  -0.136372  0.252042  0.082122
1300  -0.194219  0.243260  0.096897
1301  0.267438  0.098378  0.081201
1302  -0.059758  0.125149  0.019233
1303  -0.045016  0.044986  0.004050
1304  0.186540  -0.238187  0.091530
1305  0.058277  -0.049689  0.005865
1306  0.122457  -0.120754  0.029577
1307  -0.075627  0.010994  0.005840
1308  0.253217  -0.293679  0.150367
1309  -0.132796  -0.183842  0.051433
1310  0.177368  -0.120890  0.046074
1311  0.101617  0.108481  0.022094
1312  0.053749  0.032083  0.003918
1313  0.056971  -0.055895  0.006370
1314  -0.080163  0.065408  0.010704
1315  -0.113986  -0.101850  0.023366
1316  -0.005707  -0.074758  0.005621
1317  0.036083  0.010223  0.001406
1318  0.086899  0.007855  0.007613
1319  0.073921  0.156357  0.029912
1320  -0.125313  -0.025880  0.016373
1321  0.148534  0.111304  0.034451
1322  0.119002  -0.095010  0.023188
1323  0.004225  -0.060268  0.003650
1324  -0.060076  0.059789  0.007184
1325  0.256563  -0.094600  0.074774
1326  0.165209  0.033144  0.028393
1327  -0.200996  0.158305  0.065460
1328  0.005422  0.217850  0.047488
1329  -0.054697  -0.118191  0.016961
1330  0.128489  -0.246201  0.077124
1331  0.174599  -0.131122  0.047678
1332  0.108736  0.033041  0.012915
1333  -0.055058  0.048928  0.005425
1334  -0.097379  0.063619  0.013530
1335  0.135233  -0.101998  0.028692
1336  0.036199  -0.112893  0.014055
1337  -0.145042  -0.016778  0.021319
1338  -0.142849  0.054904  0.023420
1339  0.094552  0.116206  0.022444
1340  0.027297  0.043188  0.002610
1341  -0.028164  -0.066904  0.005269
1342  0.139497  -0.129728  0.036289
1343  0.034096  0.013848  0.001354
1344  -0.159802  -0.104159  0.036386
1345  0.163107  -0.091768  0.035025
1346  -0.062528  -0.252471  0.067651
1347  -0.160049  -0.096402  0.034909
1348  -0.058380  0.218472  0.051138
1349  -0.107360  -0.014907  0.011748
1350  0.117072  0.006913  0.013754
1351  -0.182477  -0.065246  0.037555
1352  -0.329958  -0.205373  0.151050
1353  0.081607  -0.039349  0.008208
1354  0.027018  0.161972  0.026965
1355  -0.163165  -0.047009  0.028833
1356  0.118648  0.039258  0.015618
1357  -0.113421  -0.147238  0.034543
1358  -0.063526  0.037780  0.005463
1359  0.121144  0.032019  0.015701
1360  -0.140887  -0.070388  0.024804
1361  0.187048  0.221796  0.084180
1362  -0.108881  -0.009777  0.011951
1363  0.045498  0.053683  0.004952
1364  -0.031463  -0.143522  0.021589
1365  -0.208588  -0.126456  0.059500
1366  0.055165  0.104401  0.013943
1367  0.154650  -0.083059  0.030815
1368  0.005457  -0.020909  0.000467
1369  -0.144600  0.092668  0.029497
1370  0.077201  0.025901  0.006631
1371  0.006154  0.035113  0.001271
1372  -0.235035  0.025093  0.055871
1373  0.104175  -0.030726  0.011797
1374  0.071653  0.053424  0.007988
1375  0.057703  0.094241  0.012211
1376  0.035302  -0.084591  0.008402
1377  -0.112861  0.022266  0.013233
1378  -0.159086  0.132871  0.042963
1379  -0.175613  0.053355  0.033687
1380  0.035606  0.030735  0.002212
1381  -0.157993  -0.088531  0.032800
1382  0.104185  -0.040828  0.012522
1383  0.128002  0.012957  0.016552
1384  -0.076862  0.093398  0.014631
1385  -0.060852  0.200676  0.043974
1386  0.021794  0.055755  0.003584
1387  -0.091638  -0.098396  0.018079
1388  0.059550  -0.068451  0.008232
1389  -0.044060  0.040688  0.003597
1390  -0.136558  0.011454  0.018779
1391  -0.160890  0.111484  0.038314
1392  0.155528  0.079438  0.030499
1393  -0.014544  0.040917  0.001886
1394  0.060226  -0.065488  0.007916
1395  -0.023313  0.101710  0.010888
1396  -0.027912  -0.055026  0.003807
1397  0.107484  -0.051656  0.014221
1398  -0.110485  0.005231  0.012234
1399  0.021661  -0.067786  0.005064
1400  0.052726  -0.016889  0.003065
1401  -0.155210  -0.064913  0.028304
1402  -0.115735  -0.006003  0.013431
1403  -0.094517  0.188210  0.044356
1404  0.048932  0.061828  0.006217
1405  0.007157  -0.112564  0.012722
1406  0.179276  -0.053055  0.034955
1407  -0.082871  -0.067519  0.011426
1408  0.085499  0.036199  0.008621
1409  0.057543  0.089119  0.011253
1410  -0.005477  0.050852  0.002616
1411  0.119605  0.047998  0.016609
1412  -0.088340  -0.023871  0.008374
1413  -0.037766  -0.053107  0.004247
1414  0.016197  0.000188  0.000262
1415  0.014708  -0.018605  0.000562
1416  0.055466  -0.014430  0.003285
1417  -0.129408  -0.041510  0.018470
1418  -0.105550  0.005432  0.011170
1419  0.040389  0.116673  0.015244
1420  0.037884  -0.018239  0.001768
1421  -0.015315  0.086973  0.007799
1422  -0.090720  -0.021741  0.008703
1423  -0.158339  -0.008238  0.025139
1424  -0.078930  0.047517  0.008488
1425  -0.002257  0.018435  0.000345
1426  0.012052  0.095971  0.009356
1427  -0.050434  -0.052301  0.005279
1428  -0.097272  -0.011267  0.009589
1429  0.047146  0.042994  0.004071
1430  0.017687  -0.055273  0.003368
1431  0.014923  -0.025428  0.000869
1432  0.028905  0.014821  0.001055
1433  0.000654  0.043934  0.001931
1434  0.082143  0.067003  0.011237
1435  -0.006429  0.027365  0.000790
1436  -0.014015  0.094667  0.009158
1437  0.063832  -0.036857  0.005433
1438  0.012080  -0.023278  0.000688
1439  0.005682  0.061997  0.003876
1440  0.018385  -0.086701  0.007855
1441  0.043682  0.067173  0.006420
1442  0.057597  0.039393  0.004869
1443  -0.020239  -0.060643  0.004087
1444  0.083630  -0.109447  0.018973
1445  0.058972  0.087130  0.011069
1446  -0.065250  -0.027789  0.005030
1447  -0.028269  -0.068867  0.005542
1448  -0.049148  -0.044126  0.004363
1449  0.062885  0.026240  0.004643
1450  -0.061735  -0.096049  0.013037
1451  -0.012164  -0.043901  0.002075
1452  0.007419  -0.004749  0.000078
1453  -0.078974  0.058743  0.009688
1454  -0.038551  -0.092129  0.009974
1455  0.006148  0.015641  0.000282
1456  -0.007280  -0.005870  0.000087
1457  -0.042956  -0.094198  0.010718
1458  0.056925  0.024248  0.003828
1459  -0.107787  0.005445  0.011648
1460  0.017681  -0.096851  0.009693
1461  -0.031843  -0.013509  0.001196
1462  0.049023  0.004683  0.002425
1463  -0.058462  0.007630  0.003476
1464  0.021995  -0.064322  0.004621
1465  0.002978  0.059888  0.003595
1466  -0.085987  0.037374  0.008791
1467  0.009988  0.008923  0.000179
1468  0.004423  0.047186  0.002246
1469  0.041861  0.042055  0.003521
1470  0.098774  -0.023236  0.010296
1471  0.039428  -0.015457  0.001793
1472  0.026939  -0.007991  0.000790
1473  -0.166895  -0.004802  0.027877
1474  -0.000435  0.024089  0.000580
1475  0.021121  -0.006755  0.000492
1476  -0.025776  0.012863  0.000830
1477  0.011557  -0.021613  0.000601
1478  -0.026435  -0.063127  0.004684
1479  -0.036090  -0.017581  0.001612
1480  0.015322  -0.013184  0.000409
1481  0.063244  -0.067286  0.008527
1482  0.028436  -0.087719  0.008503
1483  0.012360  -0.051111  0.002765
1484  0.111051  0.050190  0.014851
1485  0.053984  -0.016793  0.003196
1486  0.023316  0.046557  0.002711
1487  -0.000877  -0.064029  0.004100
1488  0.066677  -0.061296  0.008203
1489  0.001912  0.005120  0.000030
1490  0.022249  -0.003033  0.000504
1491  -0.097744  0.026464  0.010254
1492  -0.113330  -0.007561  0.012901
1493  0.093842  0.029780  0.009693
1494  0.120156  0.061242  0.018188
1495  -0.040072  -0.097593  0.011130
1496  0.012332  -0.033277  0.001259
1497  0.000077  -0.027852  0.000776
1498  -0.028909  0.071060  0.005885
1499  0.037706  0.011589  0.001556
1500  0.016106  -0.071896  0.005429
1501  -0.051242  -0.029145  0.003475
1502  0.083461  -0.043245  0.008836
1503  -0.000821  -0.024198  0.000586
1504  -0.080392  0.055929  0.009591
1505  0.036311  0.091827  0.009751
1506  0.015671  -0.043191  0.002111
1507  0.031352  0.035573  0.002248
1508  -0.033762  0.056674  0.004352
1509  -0.029420  -0.030210  0.001778
1510  -0.023662  -0.001321  0.000562
1511  0.062355  -0.019781  0.004279
1512  0.063697  -0.133142  0.021784
1513  -0.028640  0.016773  0.001102
1514  0.032487  -0.006951  0.001104
1515  0.057704  -0.043884  0.005256
1516  -0.027642  -0.013119  0.000936
1517  0.010699  -0.009786  0.000210
1518  -0.037115  -0.097429  0.010870
1519  0.005606  0.083791  0.007052
1520  -0.031889  0.017126  0.001310
1521  -0.083416  -0.076700  0.012841
1522  -0.009804  0.076363  0.005927
1523  -0.040442  0.041963  0.003396
1524  -0.037377  0.057561  0.004710
1525  0.001026  0.001761  0.000004
1526  0.033760  0.013843  0.001331
1527  -0.022461  -0.029849  0.001395
1528  0.029469  0.026480  0.001570
1529  -0.086878  -0.043210  0.009415
1530  0.011694  -0.001446  0.000139
1531  -0.036301  -0.023748  0.001882
1532  0.083450  0.017530  0.007271
1533  0.000066  0.025726  0.000662
1534  -0.012811  0.000145  0.000164
1535  -0.020408  0.038900  0.001930
1536  0.001392  0.001582  0.000004
1537  0.037831  0.059095  0.004923
1538  -0.041179  -0.015469  0.001935
1539  -0.007166  0.059321  0.003570
1540  -0.074109  -0.006763  0.005538
1541  0.028046  0.024631  0.001393
1542  0.051442  -0.038080  0.004096
1543  -0.032383  -0.035107  0.002281
1544  0.010984  -0.003896  0.000136
1545  0.009908  -0.102291  0.010562
1546  -0.118522  -0.025167  0.014681
1547  -0.002077  0.017140  0.000298
1548  0.009331  0.003917  0.000102
1549  -0.052059  -0.011425  0.002841
1550  0.061846  -0.012501  0.003981
1551  0.000287  0.003735  0.000014
1552  0.023294  0.000803  0.000543
1553  -0.040175  -0.046540  0.003780
1554  -0.028023  0.025403  0.001431
1555  -0.025820  -0.013475  0.000848
1556  -0.047045  0.033531  0.003338
1557  -0.022078  -0.007565  0.000545
1558  0.016908  -0.011555  0.000419
1559  0.028141  -0.032618  0.001856
1560  0.022310  -0.042971  0.002344
1561  -0.033572  -0.000430  0.001127
1562  0.026173  0.088158  0.008457
1563  0.015073  -0.047400  0.002474
1564  0.020464  -0.005134  0.000445
1565  0.026185  -0.022160  0.001177
1566  -0.003712  -0.052798  0.002801
1567  0.022722  0.015708  0.000763
1568  0.022998  -0.012147  0.000676
1569  0.023703  0.007754  0.000622
1570  0.025221  -0.012083  0.000782
1571  -0.034021  -0.040018  0.002759
1572  0.009068  -0.003833  0.000097
1573  0.031780  -0.078128  0.007114
1574  0.015369  -0.022501  0.000742
1575  0.029492  0.017097  0.001162
1576  -0.013334  -0.074271  0.005694
1577  0.090550  0.001833  0.008203
1578  -0.111424  0.019856  0.012810
1579  -0.002779  0.004266  0.000026
1580  -0.024646  0.008607  0.000681
1581  -0.029570  -0.019482  0.001254
1582  -0.034646  0.027707  0.001968
1583  -0.040130  0.016836  0.001894
1584  0.015068  -0.038054  0.001675
1585  0.001469  0.005736  0.000035
1586  0.080018  0.027032  0.007134
1587  0.002269  0.032635  0.001070
1588  -0.057381  -0.008610  0.003367
1589  -0.061481  0.006432  0.003821
1590  0.011274  0.013048  0.000297
1591  0.019546  0.050679  0.002950
1592  0.043025  -0.012089  0.001997
1593  0.000058  0.033003  0.001089
1594  -0.004993  -0.019858  0.000419
1595  0.007719  -0.004903  0.000084
1596  0.024389  0.044918  0.002612
1597  0.049722  0.020677  0.002900
1598  0.033268  -0.013600  0.001292
1599  -0.032330  0.003240  0.001056
1600  0.068487  -0.032442  0.005743
1601  0.010107  -0.031656  0.001104
1602  0.040992  0.032048  0.002707
1603  -0.046185  -0.036972  0.003500
1604  -0.052110  0.034918  0.003935
1605  0.031430  -0.045347  0.003044
1606  0.027688  -0.004596  0.000788
1607  -0.034360  -0.031155  0.002151
1608  -0.064022  -0.019452  0.004477
1609  -0.040910  -0.044296  0.003636
1610  0.027990  -0.041383  0.002496
1611  0.009030  -0.031544  0.001077
1612  0.057314  -0.073125  0.008632
1613  -0.020041  -0.021104  0.000847
1614  0.017137  0.047009  0.002503
1615  0.069486  0.035864  0.006115
1616  0.026057  0.042715  0.002504
1617  0.027102  -0.012576  0.000893
1618  -0.033499  0.044005  0.003059
1619  0.028168  -0.074576  0.006355
1620  -0.059854  0.045174  0.005623
1621  0.058395  0.056297  0.006579
1622  0.017011  0.006618  0.000333
1623  0.054215  -0.025461  0.003587
1624  0.017474  0.006050  0.000342
1625  0.011703  -0.002440  0.000143
1626  -0.056308  0.015817  0.003421
1627  -0.019898  0.035441  0.001652
1628  0.046694  -0.016543  0.002454
1629  -0.019688  0.029139  0.001237
1630  -0.010957  -0.022332  0.000619
1631  -0.048080  0.028399  0.003118
1632  0.039380  0.036784  0.002904
1633  0.010131  -0.049689  0.002572
1634  -0.057134  0.049747  0.005739
1635  -0.007209  -0.053722  0.002938
1636  0.058514  -0.021721  0.003896
1637  -0.002224  -0.061159  0.003745
1638  0.023702  -0.062071  0.004415
1639  -0.008836  0.118163  0.014041
1640  0.039336  0.017030  0.001837
1641  0.018095  -0.028432  0.001136
1642  -0.034830  0.008971  0.001294
1643  0.032398  -0.089570  0.009072
1644  0.031842  -0.008750  0.001091
1645  0.063450  -0.012679  0.004187
1646  -0.005307  -0.052530  0.002788
1647  0.047331  0.091103  0.010540
1648  0.055125  0.021241  0.003490
1649  -0.050290  0.005754  0.002562
1650  -0.007685  0.008807  0.000137
1651  0.046284  0.061261  0.005895
1652  0.041497  0.015201  0.001953
1653  -0.041035  0.040310  0.003309
1654  -0.048834  0.067986  0.007007
1655  0.053840  0.016042  0.003156
1656  -0.030134  0.025640  0.001565
1657  -0.032175  -0.009579  0.001127
1658  0.002402  -0.036307  0.001324
1659  -0.042718  0.007754  0.001885
1660  0.007341  -0.032131  0.001086
1661  0.038196  -0.022622  0.001971
1662  0.010891  0.006861  0.000166
1663  -0.004186  0.013635  0.000203
1664  0.045852  0.046633  0.004277
1665  0.079869  0.016470  0.006650
1666  0.023170  -0.030271  0.001453
1667  0.021921  -0.023097  0.001014
1668  -0.004865  -0.020503  0.000444
1669  0.058224  0.020321  0.003803
1670  0.054580  -0.037199  0.004363
1671  0.001976  0.015453  0.000243
1672  -0.004635  0.011166  0.000146
1673  0.048246  -0.023298  0.002870
1674  0.036076  -0.049107  0.003713
1675  -0.024683  -0.000273  0.000609
1676  0.000511  -0.007131  0.000051
1677  -0.073362  -0.010015  0.005482
1678  0.014149  0.110567  0.012425
1679  -0.010054  -0.032167  0.001136
1680  0.012192  -0.028083  0.000937
1681  -0.076654  0.032443  0.006928
1682  0.006090  -0.035429  0.001292
1683  0.000243  0.065592  0.004302
1684  0.039457  0.015248  0.001789
1685  0.000387  -0.040331  0.001627
1686  0.041588  0.048545  0.004086
1687  -0.017563  -0.066782  0.004768
1688  0.054250  0.045597  0.005022
1689  -0.006986  -0.016721  0.000328
1690  -0.026946  0.052027  0.003433
1691  -0.056432  0.000954  0.003185
1692  -0.002016  -0.013756  0.000193
1693  -0.035509  0.044153  0.003210
1694  -0.039140  0.038932  0.003048
1695  0.011318  0.032777  0.001202
1696  0.001797  0.011391  0.000133
1697  -0.003461  -0.077344  0.005994
1698  0.059813  0.004960  0.003602
1699  -0.003130  0.028223  0.000806
1700  -0.017459  -0.106556  0.011659
1701  0.064913  0.001437  0.004216
1702  0.012770  -0.028947  0.001001
1703  0.012774  -0.029901  0.001057
1704  -0.009780  -0.042634  0.001913
1705  -0.006853  0.034200  0.001217
1706  0.041324  -0.007746  0.001768
1707  0.018025  -0.025407  0.000970
1708  0.008475  -0.021230  0.000523
1709  0.018607  0.039355  0.001895
1710  0.026511  -0.020239  0.001112
1711  -0.014813  0.022050  0.000706
1712  -0.071225  -0.025153  0.005706
1713  0.031221  0.017913  0.001296
1714  -0.037940  -0.012400  0.001593
1715  0.054465  -0.064319  0.007103
1716  -0.014208  -0.049852  0.002687
1717  -0.038711  -0.041442  0.003216
1718  0.053603  -0.056688  0.006087
1719  0.008145  0.018357  0.000403
1720  -0.050047  0.010451  0.002614
1721  -0.026260  -0.046386  0.002841
1722  0.001419  0.012324  0.000154
1723  0.015174  -0.037211  0.001615
1724  0.040375  0.018501  0.001972
1725  -0.015923  0.111747  0.012741
1726  -0.013673  -0.007120  0.000238
1727  0.020866  0.027228  0.001177
1728  0.005248  0.032955  0.001114
1729  -0.035785  0.062850  0.005231
1730  0.050749  -0.020092  0.002979
1731  -0.001487  0.003438  0.000014
1732  -0.053608  -0.005920  0.002909
1733  0.028426  -0.005383  0.000837
1734  -0.007501  0.011047  0.000178
1735  0.020485  0.015757  0.000668
1736  -0.053466  0.026807  0.003577
1737  0.015460  0.004074  0.000256
1738  -0.003022  0.006836  0.000056
1739  -0.014255  -0.001654  0.000206
1740  -0.026515  0.005311  0.000731
1741  0.036381  -0.007248  0.001376
1742  -0.004649  -0.027775  0.000793
1743  -0.025190  -0.032150  0.001668
1744  0.030042  0.050176  0.003420
1745  0.014804  0.000765  0.000220
1746  0.007828  -0.010409  0.000170
1747  0.031011  -0.018376  0.001299
1748  -0.003626  -0.039386  0.001564
1749  -0.043735  -0.016297  0.002178
1750  -0.016268  -0.079927  0.006653
1751  -0.067975  -0.027614  0.005383
1752  -0.013160  0.077992  0.006256
1753  0.009478  -0.069298  0.004892
1754  0.015976  -0.001079  0.000256
1755  0.024621  0.037595  0.002020
1756  -0.006307  0.028300  0.000841
1757  0.063269  -0.018721  0.004353
1758  0.004520  0.027091  0.000754
1759  0.011253  -0.002320  0.000132
1760  0.065713  -0.015824  0.004569
1761  0.040379  -0.022755  0.002148
1762  0.022392  -0.031059  0.001466
1763  0.027422  -0.010978  0.000873
1764  -0.018140  -0.039321  0.001875
1765  -0.004527  -0.001336  0.000022
1766  -0.023592  -0.047005  0.002766
1767  -0.003085  0.013154  0.000183
1768  0.036576  -0.069323  0.006143
1769  -0.024151  0.022488  0.001089
1770  0.007575  0.029426  0.000923
1771  -0.015464  0.006973  0.000288
1772  0.033189  -0.014581  0.001314
1773  0.009086  0.059957  0.003677
1774  -0.024056  0.039878  0.002169
1775  0.081301  0.023833  0.007178
1776  0.010874  -0.035923  0.001409
1777  -0.029531  0.084554  0.008021
1778  0.027093  -0.024742  0.001346
1779  0.028542  0.039086  0.002342
1780  -0.019711  -0.003037  0.000398
1781  -0.010806  -0.074499  0.005667
1782  -0.003504  0.008848  0.000091
1783  0.067267  0.031836  0.005538
1784  0.044496  0.011637  0.002115
1785  0.031231  0.037828  0.002406
1786  -0.017071  0.019570  0.000674
1787  0.015591  -0.043075  0.002099
1788  0.055604  -0.013742  0.003281
1789  0.032662  0.049045  0.003472
1790  0.012597  -0.034241  0.001331
1791  -0.053955  0.055451  0.005986
1792  0.000059  -0.032409  0.001050
1793  0.056268  -0.007197  0.003218
1794  0.025765  0.008555  0.000737
1795  0.023472  -0.026239  0.001239
1796  0.025181  0.020917  0.001072
1797  -0.015377  -0.057229  0.003512
1798  -0.024649  -0.069483  0.005435
1799  -0.051175  0.040083  0.004226
1800  -0.005711  -0.000126  0.000033
1801  0.024609  -0.046113  0.002732
1802  0.028049  0.019841  0.001180
1803  -0.006841  -0.008083  0.000112
1804  -0.000712  0.004269  0.000019
1805  0.023449  -0.027711  0.001318
1806  0.023608  -0.047447  0.002809
1807  -0.000632  -0.000547  0.000001
1808  0.026480  0.023503  0.001254
1809  0.008519  -0.021636  0.000541
1810  0.039554  -0.029364  0.002427
1811  -0.002103  0.049630  0.002468
1812  -0.028882  -0.000904  0.000835
1813  0.026220  -0.019121  0.001053
1814  0.055195  0.003152  0.003056
1815  0.022574  0.009404  0.000598
1816  0.037275  0.019880  0.001785
1817  0.048154  -0.022195  0.002811
1818  -0.012855  -0.034284  0.001341
1819  0.019673  0.001477  0.000389
1820  0.001125  -0.034516  0.001193
1821  0.029734  -0.016939  0.001171
1822  0.019615  -0.043935  0.002315
1823  0.033859  0.030415  0.002071
1824  -0.005856  0.041416  0.001750
1825  0.042032  0.006019  0.001803
1826  -0.037468  -0.022660  0.001917
1827  -0.024069  0.003581  0.000592
1828  -0.021725  0.020114  0.000877
1829  -0.049245  -0.006684  0.002470
1830  0.056606  -0.016985  0.003493
1831  -0.030729  -0.009242  0.001030
1832  -0.027718  -0.027649  0.001533
1833  0.044351  0.048879  0.004356
1834  0.033120  -0.021224  0.001547
1835  0.005885  -0.004214  0.000052
1836  -0.073237  0.015467  0.005603
1837  -0.013904  -0.023945  0.000767
1838  0.075334  0.013853  0.005867
1839  -0.003494  0.007550  0.000069
1840  0.040051  -0.009314  0.001691
1841  -0.018038  -0.003749  0.000339
1842  0.006479  0.013529  0.000225
1843  -0.010740  -0.003323  0.000126
1844  -0.000162  0.023474  0.000551
1845  -0.000098  -0.037275  0.001389
1846  -0.028506  0.034744  0.002020
1847  -0.063272  0.041241  0.005704
1848  0.016656  -0.017858  0.000596
1849  0.006035  -0.031316  0.001017
1850  0.021896  -0.036808  0.001834
1851  0.063121  -0.063869  0.008063
1852  -0.027214  0.044059  0.002682
1853  0.003983  0.028575  0.000832
1854  -0.011302  0.058195  0.003514
1855  -0.009428  -0.008296  0.000158
1856  -0.010317  -0.007085  0.000157
1857  0.007597  0.016371  0.000326
1858  0.016476  -0.009913  0.000370
1859  0.024641  0.007585  0.000665
1860  0.032059  -0.010623  0.001141
1861  -0.011961  0.023855  0.000712
1862  -0.042419  -0.034796  0.003010
1863  -0.007482  0.019604  0.000440
1864  0.023938  -0.009940  0.000672
1865  0.035339  -0.013554  0.001433
1866  0.027678  -0.052029  0.003473
1867  -0.011355  0.014507  0.000339
1868  0.002109  -0.017411  0.000308
1869  -0.017913  -0.005559  0.000352
1870  0.011438  -0.029536  0.001003
1871  -0.023663  -0.002258  0.000565
1872  0.015733  -0.013126  0.000420
1873  0.030155  0.016805  0.001192
1874  0.005468  -0.026839  0.000750
1875  0.042459  0.051988  0.004506
1876  0.004463  0.010222  0.000124
1877  -0.041241  -0.019703  0.002089
1878  0.027618  0.011712  0.000900
1879  0.023919  -0.011222  0.000698
1880  -0.033061  0.045746  0.003186
1881  -0.030986  0.052797  0.003748
1882  -0.069053  -0.035742  0.006046
1883  -0.003166  -0.015058  0.000237
1884  -0.007578  0.006756  0.000103
1885  0.070014  -0.025404  0.005547
1886  0.002298  0.003874  0.000020
1887  -0.049869  0.010183  0.002591
1888  -0.000740  -0.022574  0.000510
1889  0.012407  0.034479  0.001343
1890  0.021621  0.019126  0.000833
1891  -0.005260  -0.013741  0.000216
1892  -0.012844  0.005887  0.000200
1893  0.010601  -0.026507  0.000815
1894  0.062132  -0.005280  0.003888
1895  -0.024208  -0.006010  0.000622
1896  0.036341  -0.018808  0.001674
1897  0.011814  0.023709  0.000702
1898  0.086323  -0.051505  0.010104
1899  0.008520  0.034955  0.001294
1900  -0.038810  -0.016074  0.001765
1901  -0.009915  -0.014710  0.000315
1902  0.008774  -0.025884  0.000747
1903  0.018007  -0.017442  0.000628
1904  -0.017424  0.011791  0.000443
1905  -0.039803  -0.051256  0.004211
1906  -0.028147  -0.021196  0.001242
1907  0.036818  -0.038113  0.002808
1908  0.012181  -0.019448  0.000527
1909  -0.009213  0.079468  0.006400
1910  0.008494  -0.003181  0.000082
1911  -0.061506  -0.008703  0.003859
1912  0.038720  -0.048610  0.003862
1913  -0.008231  0.013067  0.000239
1914  -0.012098  0.005167  0.000173
1915  -0.032695  0.024094  0.001649
1916  -0.001921  0.006143  0.000041
1917  -0.028358  0.028129  0.001595
1918  -0.008330  0.008327  0.000139
1919  0.031980  0.002258  0.001028
1920  0.008649  0.018980  0.000435
1921  0.044738  -0.006024  0.002038
1922  -0.024574  -0.010802  0.000721
1923  0.024631  0.011734  0.000744
1924  -0.019120  0.064640  0.004544
1925  -0.001583  0.029526  0.000874
1926  -0.013813  0.025847  0.000859
1927  0.081157  -0.034295  0.007763
1928  -0.012700  0.042479  0.001966
1929  0.045082  0.028458  0.002842
1930  -0.061461  -0.034652  0.004978
1931  -0.055547  0.011235  0.003212
1932  0.007586  -0.009506  0.000148
1933  0.035200  -0.011398  0.001369
1934  -0.029814  -0.039687  0.002464
1935  0.018486  -0.048853  0.002728
1936  0.035045  -0.049830  0.003711
1937  0.029289  0.015608  0.001101
1938  0.004328  -0.061013  0.003741
1939  -0.031057  0.021307  0.001419
1940  -0.008615  0.007171  0.000126
1941  -0.030158  -0.015607  0.001153
1942  0.036889  0.000940  0.001362
1943  -0.036299  0.016138  0.001578
1944  -0.026640  -0.077766  0.006757
1945  -0.003029  -0.019559  0.000392
1946  -0.013365  0.008842  0.000257
1947  0.003877  -0.060425  0.003666
1948  -0.033349  0.024209  0.001698
1949  -0.011516  -0.056602  0.003336
1950  0.029512  -0.011323  0.000999
1951  -0.025053  0.016300  0.000893
1952  -0.038044  -0.002488  0.001454
1953  -0.019309  -0.014028  0.000570
1954  -0.011263  0.013379  0.000306
1955  -0.021638  0.021896  0.000948
1956  0.007762  0.012647  0.000220
1957  -0.006288  0.048780  0.002419
1958  -0.008755  -0.000372  0.000077
1959  -0.003975  0.005703  0.000048
1960  -0.034092  0.005015  0.001187
1961  0.061860  -0.006158  0.003865
1962  0.013099  0.024050  0.000750
1963  -0.017037  0.038845  0.001799
1964  -0.014731  0.090812  0.008464
1965  0.019964  -0.015038  0.000625
1966  -0.055642  -0.020603  0.003521
1967  -0.020295  -0.000304  0.000412
1968  -0.004008  0.042232  0.001800
1969  0.074127  -0.005584  0.005526
1970  -0.006577  0.009568  0.000135
1971  0.031948  -0.020849  0.001455
1972  -0.021174  -0.009670  0.000542
1973  -0.047025  -0.011233  0.002338
1974  0.038277  0.004279  0.001483
1975  0.005046  0.002835  0.000034
1976  -0.031075  0.013215  0.001140
1977  0.018106  0.035902  0.001617
1978  -0.030461  -0.015682  0.001174
1979  -0.020240  -0.069000  0.005171
1980  0.018207  0.003939  0.000347
1981  -0.044317  -0.011432  0.002095
1982  -0.020064  -0.020869  0.000838
1983  -0.021162  0.000320  0.000448
1984  0.047955  -0.000139  0.002300
1985  -0.032235  0.006692  0.001084
1986  0.025457  -0.011005  0.000769
1987  0.044744  -0.020306  0.002414
1988  -0.044413  0.025295  0.002612
1989  0.013268  0.037216  0.001561
1990  -0.030999  -0.045503  0.003031
1991  -0.003936  -0.017935  0.000337
1992  0.052928  0.002502  0.002808
1993  0.033258  -0.003217  0.001116
1994  0.042833  0.001325  0.001836
1995  -0.025511  -0.071931  0.005825
1996  -0.045121  0.032600  0.003099
1997  -0.000861  0.021261  0.000453
1998  0.019758  0.000924  0.000391
1999  -0.026071  0.015980  0.000935
2000  0.016533  0.050254  0.002799
2001  0.014246  0.048255  0.002532
2002  -0.024603  0.028306  0.001407
2003  -0.009849  -0.013835  0.000288
2004  -0.038282  0.013474  0.001647
2005  0.001534  -0.019497  0.000383
2006  0.005470  0.012255  0.000180
2007  0.004465  -0.005434  0.000049
2008  0.015093  -0.037737  0.001652
2009  -0.055868  -0.011539  0.003254
2010  -0.012132  -0.003362  0.000158
2011  0.024917  0.006277  0.000660
2012  -0.032139  -0.000314  0.001033
2013  -0.025640  -0.000822  0.000658
2014  -0.003803  -0.026046  0.000693
2015  -0.012317  -0.028924  0.000988
2016  -0.005058  -0.010684  0.000140
2017  0.019284  -0.029405  0.001237
2018  -0.062981  -0.057904  0.007320
2019  -0.026298  -0.015524  0.000933
2020  0.012672  -0.052667  0.002934
2021  -0.013705  -0.033813  0.001331
2022  -0.016665  0.021514  0.000741
2023  -0.001951  -0.017432  0.000308
2024  -0.017492  0.011384  0.000436
2025  -0.010173  -0.012239  0.000253
2026  -0.005968  -0.017435  0.000340
2027  -0.034500  -0.014965  0.001414
2028  -0.004252  0.065007  0.004244
2029  -0.000584  -0.011447  0.000131
2030  -0.054062  0.031231  0.003898
2031  -0.033542  -0.017962  0.001448
2032  0.005628  0.008235  0.000099
2033  0.007489  -0.006583  0.000099
2034  -0.051104  -0.005489  0.002642
2035  -0.054154  0.028228  0.003729
2036  -0.024371  0.002535  0.000600
2037  -0.008344  0.034832  0.001283
2038  -0.042823  0.000641  0.001834
2039  -0.046278  -0.045125  0.004178
2040  0.010277  -0.018739  0.000457
2041  0.018258  -0.031888  0.001350
2042  0.023992  0.058763  0.004029
2043  -0.050996  -0.006316  0.002641
2044  -0.064258  0.013840  0.004321
2045  0.022932  -0.039276  0.002068
2046  0.054557  0.036873  0.004336
2047  -0.052623  0.030674  0.003710
