0  -0.056602  0.039608  0.004773
1  -0.050793  -0.018096  0.002907
2  -0.077111  0.028267  0.006745
3  0.059337  0.024239  0.004108
4  -0.021220  -0.007119  0.000501
5  -0.060018  -0.018749  0.003954
6  -0.010886  0.002192  0.000123
7  0.018739  -0.018651  0.000699
8  -0.002793  -0.017287  0.000307
9  -0.011253  0.037641  0.001544
10  -0.014754  -0.051093  0.002828
11  -0.051994  -0.026440  0.003402
12  -0.006922  0.013942  0.000242
13  -0.015676  0.008036  0.000310
14  0.038977  -0.031299  0.002499
15  -0.011215  0.071463  0.005233
16  -0.000487  -0.014068  0.000198
17  -0.027592  -0.021751  0.001234
18  0.050726  0.028876  0.003407
19  -0.016772  -0.040493  0.001921
20  -0.000976  0.000588  0.000001
21  0.008684  -0.017953  0.000398
22  0.012911  0.028762  0.000994
23  -0.011632  -0.016817  0.000418
24  -0.028472  -0.002607  0.000817
25  -0.018099  0.010089  0.000429
26  0.011007  0.009530  0.000212
27  -0.023042  -0.023497  0.001083
28  0.026566  -0.003840  0.000721
29  0.018510  0.006564  0.000386
30  -0.003383  -0.014183  0.000213
31  -0.031349  0.021616  0.001450
32  -0.009078  0.046652  0.002259
33  -0.015553  -0.034968  0.001465
34  -0.008968  -0.007471  0.000136
35  0.005593  -0.030420  0.000957
36  0.031278  0.019130  0.001344
37  0.031539  0.012079  0.001141
38  0.022194  0.013666  0.000679
39  -0.009976  -0.047054  0.002314
40  0.030215  -0.026446  0.001612
41  0.034405  0.020822  0.001617
42  -0.008070  0.010289  0.000171
43  0.017230  -0.003905  0.000312
44  -0.043475  0.048165  0.004210
45  0.029173  0.057851  0.004198
46  0.005884  0.069202  0.004824
47  0.020424  -0.004296  0.000436
48  0.011195  -0.006971  0.000174
49  -0.065300  -0.063678  0.008319
50  -0.028079  -0.025912  0.001460
51  -0.020725  -0.022962  0.000957
52  -0.014380  -0.013085  0.000378
53  -0.032860  -0.003475  0.001092
54  0.037713  0.044283  0.003383
55  -0.017808  0.004168  0.000334
56  0.017099  0.005613  0.000324
57  0.036140  -0.038251  0.002769
58  -0.066474  -0.034350  0.005599
59  0.013227  0.008556  0.000248
60  0.045254  0.027896  0.002826
61  0.015013  0.000229  0.000225
62  0.001021  0.012672  0.000162
63  -0.012373  0.024150  0.000736
64  0.013512  0.009777  0.000278
65  -0.036464  -0.001899  0.001333
66  0.034200  -0.032837  0.002248
67  0.046379  -0.019453  0.002529
68  -0.020710  -0.005316  0.000457
69  0.001564  0.011673  0.000139
70  -0.050361  0.058408  0.005948
71  0.029719  -0.035334  0.002132
72  0.001809  -0.034997  0.001228
73  -0.015148  0.000766  0.000230
74  -0.023734  -0.041097  0.002252
75  0.001544  -0.036363  0.001325
76  -0.023784  0.009131  0.000649
77  0.008676  -0.006852  0.000122
78  0.053471  0.010428  0.002968
79  0.025978  -0.011261  0.000802
80  -0.005176  -0.009019  0.000108
81  -0.007271  0.030059  0.000956
82  0.036158  -0.028015  0.002092
83  -0.011779  -0.043233  0.002008
84  -0.058421  -0.002410  0.003419
85  -0.016560  -0.019181  0.000642
86  0.056230  0.020978  0.003602
87  0.006403  -0.033426  0.001158
88  0.025687  -0.008006  0.000724
89  -0.000272  0.015825  0.000250
90  -0.011595  0.025101  0.000765
91  0.034048  -0.010922  0.001279
92  -0.019414  0.015472  0.000616
93  -0.009963  -0.042107  0.001872
94  -0.037545  -0.025905  0.002081
95  -0.000887  0.009562  0.000092
96  0.038080  -0.035144  0.002685
97  0.015141  0.005502  0.000260
98  0.043110  0.020691  0.002287
99  0.001981  -0.000649  0.000004
100  0.024144  0.024013  0.001160
101  0.003163  0.031521  0.001004
102  -0.005184  -0.013052  0.000197
103  -0.006876  0.029054  0.000891
104  -0.058699  -0.024207  0.004032
105  0.016739  -0.025560  0.000934
106  0.002618  -0.001834  0.000010
107  -0.003967  0.020495  0.000436
108  -0.030086  -0.013652  0.001092
109  -0.021327  0.029314  0.001314
110  0.021210  -0.027383  0.001200
111  0.072427  -0.010850  0.005363
112  -0.015716  -0.009624  0.000340
113  -0.000668  0.024213  0.000587
114  0.020358  -0.032242  0.001454
115  0.071434  0.054623  0.008087
116  0.008537  0.003905  0.000088
117  -0.042651  -0.007329  0.001873
118  0.025211  -0.005722  0.000668
119  0.040832  -0.048809  0.004050
120  -0.010700  -0.052392  0.002859
121  -0.023365  -0.011304  0.000674
122  0.040536  -0.004544  0.001664
123  -0.021762  -0.007939  0.000537
124  0.046200  -0.015099  0.002362
125  0.042480  -0.007889  0.001867
126  -0.015773  -0.019380  0.000624
127  -0.014445  -0.016575  0.000483
128  0.031503  0.008490  0.001065
129  -0.009728  0.001029  0.000096
130  -0.007858  -0.004400  0.000081
131  -0.039193  0.007239  0.001588
132  -0.013323  0.029045  0.001021
133  -0.038651  -0.006959  0.001542
134  -0.024395  -0.022521  0.001102
135  0.011436  0.020829  0.000565
136  -0.042610  0.003313  0.001827
137  0.019337  0.001089  0.000375
138  0.018826  -0.007180  0.000406
139  -0.056752  0.036401  0.004546
140  -0.001584  0.019684  0.000390
141  -0.000557  0.007695  0.000060
142  0.014995  -0.031308  0.001205
143  0.018295  0.007130  0.000386
144  0.017143  0.007657  0.000353
145  -0.009869  0.006208  0.000136
146  0.016473  0.001274  0.000273
147  -0.000685  -0.039532  0.001563
148  -0.000747  0.018262  0.000334
149  -0.011117  -0.001581  0.000126
150  -0.016894  -0.010744  0.000401
151  -0.013584  0.015888  0.000437
152  0.011441  0.036029  0.001429
153  0.012590  0.020582  0.000582
154  -0.005488  -0.007144  0.000081
155  0.003318  0.011124  0.000135
156  -0.004102  0.041035  0.001701
157  0.043557  0.009134  0.001981
158  -0.006938  -0.024140  0.000631
159  0.026470  0.004870  0.000724
160  0.039449  0.006257  0.001595
161  -0.037618  -0.018919  0.001773
162  0.033689  -0.000134  0.001135
163  0.030434  -0.010997  0.001047
164  -0.004046  0.030273  0.000933
165  0.000457  0.007712  0.000060
166  0.041551  -0.013874  0.001919
167  -0.028081  -0.000266  0.000789
168  -0.027269  -0.035858  0.002029
169  -0.053097  0.033810  0.003962
170  -0.005244  -0.032522  0.001085
171  0.006472  -0.034698  0.001246
172  0.013058  0.040319  0.001796
173  -0.021919  -0.043098  0.002338
174  0.008408  0.019527  0.000452
175  0.006390  -0.030598  0.000977
176  -0.035030  0.027125  0.001963
177  -0.035755  -0.012423  0.001433
178  0.021808  0.040958  0.002153
179  -0.029422  0.002956  0.000874
180  -0.036872  -0.022058  0.001846
181  0.011227  -0.009543  0.000217
182  0.003269  0.010035  0.000111
183  -0.026660  -0.000201  0.000711
184  0.000669  -0.003203  0.000011
185  0.031438  0.045926  0.003098
186  0.023544  -0.010763  0.000670
187  -0.034289  0.018328  0.001512
188  0.013728  0.008840  0.000267
189  -0.021104  -0.051256  0.003073
190  -0.026360  -0.017189  0.000990
191  0.018079  0.003120  0.000337
192  0.006085  0.006734  0.000082
193  -0.007649  0.010689  0.000173
194  0.023743  -0.002102  0.000568
195  0.020926  -0.006658  0.000482
196  -0.011844  -0.007631  0.000199
197  0.002316  -0.028967  0.000844
198  -0.017263  0.011281  0.000425
199  0.000422  0.003684  0.000014
200  0.026759  0.017818  0.001034
201  0.014479  -0.018453  0.000550
202  0.053929  0.022062  0.003395
203  0.010242  -0.012228  0.000254
204  -0.040550  -0.016385  0.001913
205  0.001678  -0.016957  0.000290
206  0.016008  -0.019157  0.000623
207  0.018053  0.010254  0.000431
208  0.042996  -0.017191  0.002144
209  -0.031618  -0.006227  0.001038
210  -0.030708  0.017476  0.001248
211  -0.025230  -0.016010  0.000893
212  -0.023808  -0.010867  0.000685
213  0.022357  0.032954  0.001586
214  0.021565  0.004341  0.000484
215  0.045738  -0.022422  0.002595
216  -0.016217  -0.038563  0.001750
217  -0.004510  0.030292  0.000938
218  0.004091  -0.008182  0.000084
219  -0.027933  -0.024987  0.001405
220  -0.005532  0.022187  0.000523
221  -0.008398  -0.001591  0.000073
222  -0.034916  -0.016091  0.001478
223  -0.017668  0.010580  0.000424
224  -0.023718  0.000408  0.000563
225  -0.020106  0.014989  0.000629
226  -0.001696  0.025412  0.000649
227  -0.008485  -0.009977  0.000172
228  0.022084  0.044226  0.002444
229  0.007491  0.000422  0.000056
230  0.014651  0.043863  0.002139
231  0.019479  0.008039  0.000444
232  0.019495  0.006558  0.000423
233  0.000244  -0.004983  0.000025
234  -0.016885  -0.021696  0.000756
235  0.010611  0.009176  0.000197
236  0.028286  -0.043948  0.002732
237  -0.004349  -0.017034  0.000309
238  0.013255  0.047507  0.002433
239  0.006621  -0.006201  0.000082
240  -0.007636  -0.003466  0.000070
241  0.043132  0.019009  0.002222
242  0.060559  0.005457  0.003697
243  0.019351  0.016910  0.000660
244  -0.024626  -0.001551  0.000609
245  0.022853  -0.036083  0.001824
246  0.018262  0.043666  0.002240
247  0.056101  -0.000940  0.003148
248  0.032136  -0.042284  0.002821
249  -0.019405  -0.018142  0.000706
250  -0.034464  -0.027566  0.001948
251  -0.030812  -0.009041  0.001031
252  -0.007690  -0.038397  0.001533
253  0.017682  -0.020028  0.000714
254  0.030702  0.002806  0.000951
255  0.059850  -0.037042  0.004954
256  0.005837  0.021709  0.000505
257  -0.008102  -0.022903  0.000590
258  -0.003634  -0.037096  0.001389
259  0.001942  0.019625  0.000389
260  -0.011830  0.015996  0.000396
261  -0.014712  -0.020084  0.000620
262  0.025150  -0.008769  0.000709
263  0.002224  0.031891  0.001022
264  -0.017960  -0.006184  0.000361
265  -0.003136  0.011052  0.000132
266  -0.004481  0.001603  0.000023
267  -0.025606  0.029274  0.001513
268  -0.008559  0.009038  0.000155
269  0.025879  0.033375  0.001784
270  -0.006593  -0.003764  0.000058
271  0.055461  -0.030301  0.003994
272  -0.027683  -0.000397  0.000767
273  -0.006595  -0.009155  0.000127
274  0.009403  0.016822  0.000371
275  0.015735  -0.007074  0.000298
276  0.016579  -0.010158  0.000378
277  0.011036  0.019046  0.000485
278  -0.006884  0.020219  0.000456
279  0.029250  -0.004545  0.000876
280  -0.028113  -0.004809  0.000813
281  -0.005269  -0.024137  0.000610
282  -0.015448  0.041783  0.001984
283  0.024240  0.011589  0.000722
284  0.013513  -0.017194  0.000478
285  0.011948  -0.003660  0.000156
286  -0.004790  0.012961  0.000191
287  0.008411  -0.004569  0.000092
288  -0.026601  -0.033872  0.001855
289  0.003224  0.026181  0.000696
290  0.007800  -0.033596  0.001190
291  0.000349  0.005102  0.000026
292  0.005559  -0.032407  0.001081
293  -0.009082  -0.029814  0.000971
294  0.011508  -0.001531  0.000135
295  0.031261  -0.047638  0.003247
296  -0.029129  -0.006678  0.000893
297  0.024098  -0.011942  0.000723
298  -0.004823  -0.007838  0.000085
299  -0.032204  -0.003543  0.001050
300  0.008805  -0.006935  0.000126
301  0.000016  -0.023626  0.000558
302  -0.002682  0.013514  0.000190
303  0.009820  -0.018844  0.000452
304  -0.005062  0.001566  0.000028
305  -0.020486  0.007619  0.000478
306  0.003892  -0.019960  0.000414
307  -0.021961  -0.007344  0.000536
308  0.032261  0.007311  0.001094
309  -0.013663  0.001939  0.000190
310  -0.017189  0.001870  0.000299
311  -0.012286  -0.003243  0.000161
312  0.001617  -0.002722  0.000010
313  0.004709  -0.013530  0.000205
314  0.017010  0.007726  0.000349
315  -0.012418  0.021397  0.000612
316  -0.032736  0.022702  0.001587
317  0.006812  -0.000320  0.000047
318  -0.026365  0.026994  0.001424
319  0.008268  0.018667  0.000417
320  0.036478  -0.023319  0.001874
321  -0.000470  -0.009643  0.000093
322  0.009345  0.011494  0.000219
323  0.070505  0.000329  0.004971
324  -0.013164  0.049448  0.002618
325  -0.004174  0.003116  0.000027
326  0.028187  -0.004823  0.000818
327  0.033162  0.012760  0.001263
328  0.009590  0.005681  0.000124
329  0.033430  -0.012421  0.001272
330  -0.031163  -0.022435  0.001474
331  0.020543  -0.011289  0.000549
332  0.022652  -0.029975  0.001412
333  -0.029676  0.024449  0.001478
334  0.021269  0.038192  0.001911
335  0.016565  0.003175  0.000284
336  -0.004833  -0.005855  0.000058
337  -0.018528  0.033803  0.001486
338  0.015435  0.019800  0.000630
339  0.021681  0.005633  0.000502
340  0.006539  -0.017437  0.000347
341  0.003302  0.018381  0.000349
342  0.014880  -0.018712  0.000572
343  0.022130  -0.033672  0.001624
344  -0.024328  0.023220  0.001131
345  -0.042637  0.021095  0.002263
346  -0.012201  -0.007060  0.000199
347  0.009559  0.018182  0.000422
348  0.018001  -0.002886  0.000332
349  -0.023175  -0.000500  0.000537
350  -0.019480  -0.023781  0.000945
351  0.029247  -0.016270  0.001120
352  -0.021420  -0.001037  0.000460
353  -0.016959  -0.024849  0.000905
354  -0.020450  0.027025  0.001149
355  -0.005790  -0.002953  0.000042
356  -0.009471  -0.009186  0.000174
357  -0.007743  0.022887  0.000584
358  -0.010262  0.030636  0.001044
359  0.013482  0.005337  0.000210
360  -0.010578  0.008342  0.000181
361  0.035005  0.002349  0.001231
362  -0.025772  -0.017191  0.000960
363  -0.015467  0.005336  0.000268
364  -0.003064  -0.004951  0.000034
365  -0.032904  -0.000386  0.001083
366  0.005687  -0.016472  0.000304
367  -0.007395  -0.023899  0.000626
368  -0.000111  -0.041503  0.001723
369  0.010719  0.024920  0.000736
370  0.027741  0.011738  0.000907
371  -0.021611  -0.027290  0.001212
372  -0.009580  -0.011578  0.000226
373  -0.018598  -0.000042  0.000346
374  0.014932  0.012156  0.000371
375  0.005762  0.016971  0.000321
376  0.004239  -0.021867  0.000496
377  -0.003276  -0.022237  0.000505
378  0.023035  0.019575  0.000914
379  0.021132  0.006295  0.000486
380  -0.004997  -0.028802  0.000855
381  0.015434  -0.005117  0.000264
382  0.002636  0.003513  0.000019
383  -0.058170  0.027139  0.004120
384  0.012544  0.022857  0.000680
385  0.016963  0.013325  0.000465
386  0.040514  -0.032621  0.002706
387  0.010633  0.002358  0.000119
388  -0.012830  -0.026669  0.000876
389  0.007833  0.004270  0.000080
390  -0.023785  -0.000749  0.000566
391  0.006811  0.025120  0.000677
392  -0.002589  -0.021675  0.000477
393  0.008465  -0.000525  0.000072
394  -0.014246  -0.018990  0.000564
395  -0.028330  0.007602  0.000860
396  -0.023349  0.039288  0.002089
397  0.022306  -0.000482  0.000498
398  -0.012606  -0.006694  0.000204
399  -0.005661  0.013907  0.000225
400  -0.036234  0.006368  0.001353
401  0.048590  0.000970  0.002362
402  -0.019536  0.008425  0.000453
403  0.016509  -0.004844  0.000296
404  -0.033690  0.033271  0.002242
405  -0.006626  0.016490  0.000316
406  0.014205  0.000349  0.000202
407  -0.015687  -0.009130  0.000329
408  0.011829  -0.007081  0.000190
409  0.047708  -0.023715  0.002838
410  -0.034280  0.002526  0.001182
411  -0.010775  -0.009536  0.000207
412  -0.000832  -0.037158  0.001381
413  -0.014485  0.016760  0.000491
414  -0.034202  -0.030423  0.002095
415  0.004985  0.009243  0.000110
416  -0.017281  0.012679  0.000459
417  -0.003794  -0.002992  0.000023
418  -0.005281  0.012971  0.000196
419  0.001772  0.010475  0.000113
420  0.026133  -0.002284  0.000688
421  -0.026497  -0.000248  0.000702
422  0.039381  -0.010389  0.001659
423  0.044738  0.011738  0.002139
424  0.068479  -0.025695  0.005350
425  -0.009195  -0.017677  0.000397
426  0.003756  0.012322  0.000166
427  0.018216  0.020964  0.000771
428  -0.016314  0.015803  0.000516
429  -0.009721  0.006528  0.000137
430  -0.040531  -0.021283  0.002096
431  0.029418  -0.010528  0.000976
432  0.009134  -0.003261  0.000094
433  0.000249  0.001058  0.000001
434  -0.043079  -0.015161  0.002086
435  -0.013222  0.027814  0.000948
436  0.025832  -0.023384  0.001214
437  0.010988  0.014065  0.000319
438  0.019897  0.023785  0.000962
439  0.005785  -0.021398  0.000491
440  0.014226  -0.017160  0.000497
441  0.006623  0.007023  0.000093
442  0.005007  0.031051  0.000989
443  -0.003722  -0.005390  0.000043
444  -0.025629  0.031815  0.001669
445  -0.000787  0.017971  0.000324
446  -0.006586  -0.012536  0.000201
447  -0.013488  -0.009283  0.000268
448  0.012953  -0.017334  0.000468
449  0.011413  0.021252  0.000582
450  0.024452  0.017209  0.000894
451  -0.024945  0.007975  0.000686
452  -0.031805  -0.013929  0.001206
453  0.022104  -0.017220  0.000785
454  0.038255  -0.001920  0.001467
455  -0.008928  0.037447  0.001482
456  0.005212  -0.000696  0.000028
457  0.015346  0.029024  0.001078
458  -0.000487  0.006102  0.000037
459  -0.030312  -0.000671  0.000919
460  -0.015262  -0.010640  0.000346
461  -0.015027  0.012659  0.000386
462  -0.003576  0.020663  0.000440
463  -0.009454  -0.063155  0.004078
464  0.006324  -0.019362  0.000415
465  0.011923  -0.035387  0.001394
466  -0.006510  -0.001521  0.000045
467  -0.015251  -0.017628  0.000543
468  0.011082  0.036137  0.001429
469  -0.014487  -0.003493  0.000222
470  -0.025698  -0.018806  0.001014
471  -0.024227  0.009946  0.000686
472  -0.055075  0.016369  0.003301
473  0.018015  -0.013982  0.000520
474  0.006869  -0.027579  0.000808
475  -0.016975  -0.044404  0.002260
476  -0.009698  0.017313  0.000394
477  0.010710  0.032613  0.001178
478  0.018758  0.014905  0.000574
479  -0.017447  -0.036544  0.001640
480  -0.024126  0.019477  0.000961
481  0.004796  -0.022035  0.000509
482  0.008305  -0.019321  0.000442
483  -0.035802  -0.016852  0.001566
484  0.005605  0.007427  0.000087
485  0.008425  -0.004016  0.000087
486  -0.041348  -0.017605  0.002020
487  0.005396  -0.006783  0.000075
488  0.015224  0.004264  0.000250
489  0.008789  -0.015482  0.000317
490  0.024386  -0.004394  0.000614
491  0.002877  -0.016170  0.000270
492  -0.008646  -0.020368  0.000490
493  0.025693  0.008688  0.000736
494  -0.002679  0.011216  0.000133
495  0.005035  -0.009085  0.000108
496  -0.006480  -0.014763  0.000260
497  -0.020991  -0.020839  0.000875
498  0.018751  0.007522  0.000408
499  0.028297  -0.001455  0.000803
500  -0.024532  0.003879  0.000617
501  -0.018356  0.004125  0.000354
502  0.001212  0.012809  0.000166
503  0.027558  0.000659  0.000760
504  -0.033182  0.015151  0.001331
505  -0.015815  0.013407  0.000430
506  0.018002  0.015246  0.000557
507  -0.032377  -0.020236  0.001458
508  0.005374  0.004885  0.000053
509  0.007451  0.003300  0.000066
510  -0.022074  -0.007809  0.000548
511  0.019979  -0.011958  0.000542
512  0.006317  -0.002063  0.000044
513  0.003063  0.028255  0.000808
514  -0.011093  0.008234  0.000191
515  -0.005110  -0.024118  0.000608
516  0.021311  -0.002051  0.000458
517  0.007795  0.012672  0.000221
518  0.019162  -0.003042  0.000376
519  0.016847  0.005133  0.000310
520  -0.010540  -0.004564  0.000132
521  -0.023977  -0.024088  0.001155
522  0.015099  0.009905  0.000326
523  0.022823  0.017508  0.000827
524  0.014683  -0.018317  0.000551
525  -0.008016  0.020068  0.000467
526  0.007938  -0.021465  0.000524
527  -0.013071  -0.021185  0.000620
528  0.014400  -0.037322  0.001600
529  -0.012919  0.016377  0.000435
530  -0.000856  -0.003467  0.000013
531  -0.032225  0.022347  0.001538
532  -0.017420  0.000340  0.000304
533  0.016980  0.041077  0.001976
534  -0.016467  -0.008876  0.000350
535  -0.019817  -0.003847  0.000408
536  0.047705  -0.004912  0.002300
537  0.006584  0.025679  0.000703
538  0.028837  -0.018927  0.001190
539  0.014017  0.024474  0.000795
540  -0.004838  0.018348  0.000360
541  -0.013702  -0.029908  0.001082
542  0.042739  0.016294  0.002092
543  -0.007664  0.027367  0.000808
544  -0.049812  0.026811  0.003200
545  0.026948  0.009799  0.000822
546  -0.015050  0.012958  0.000394
547  -0.021735  0.034893  0.001690
548  0.005107  -0.000732  0.000027
549  0.007692  -0.010110  0.000161
550  0.007563  -0.008817  0.000135
551  0.009327  -0.006620  0.000131
552  -0.011759  -0.022571  0.000648
553  0.020627  0.020275  0.000837
554  0.007175  0.019801  0.000444
555  0.036627  0.016091  0.001600
556  -0.005813  0.023417  0.000582
557  -0.003478  -0.014297  0.000217
558  0.036924  0.009310  0.001450
559  -0.003805  0.009774  0.000110
560  -0.004830  -0.002441  0.000029
561  0.026759  -0.002491  0.000722
562  -0.000038  -0.004939  0.000024
563  0.016897  0.014942  0.000509
564  0.028095  -0.017647  0.001101
565  0.002251  0.000021  0.000005
566  -0.034246  -0.004899  0.001197
567  0.015845  -0.004140  0.000268
568  0.020621  0.010138  0.000528
569  -0.024198  0.010186  0.000689
570  -0.001821  -0.023263  0.000544
571  0.007712  0.018168  0.000390
572  -0.017672  0.015651  0.000557
573  0.005752  0.008774  0.000110
574  0.018729  -0.035355  0.001601
575  -0.020147  0.015133  0.000635
576  0.005120  0.011948  0.000169
577  -0.007024  0.034956  0.001271
578  -0.004747  0.023880  0.000593
579  0.003090  0.001766  0.000013
580  -0.016284  0.002541  0.000272
581  -0.017606  0.021626  0.000778
582  0.024511  -0.005895  0.000636
583  -0.004146  -0.008762  0.000094
584  0.043102  -0.021583  0.002324
585  -0.015705  -0.014628  0.000461
586  -0.029439  -0.001683  0.000869
587  0.010344  -0.009610  0.000199
588  0.018596  0.022382  0.000847
589  -0.001458  -0.024302  0.000593
590  -0.028793  0.001755  0.000832
591  0.003478  -0.001338  0.000014
592  0.009909  -0.002209  0.000103
593  -0.018964  -0.000988  0.000361
594  0.026522  0.039789  0.002287
595  -0.010536  -0.006413  0.000152
596  0.015213  0.013030  0.000401
597  -0.000015  -0.018404  0.000339
598  0.046040  -0.039189  0.003655
599  -0.006338  0.014934  0.000263
600  -0.044310  0.003750  0.001977
601  0.004667  -0.012640  0.000182
602  0.002301  -0.011340  0.000134
603  -0.010037  -0.007085  0.000151
604  0.011122  0.003993  0.000140
605  0.004725  0.002617  0.000029
606  -0.006724  0.005245  0.000073
607  0.051272  0.021833  0.003105
608  -0.021373  0.010286  0.000563
609  -0.003852  -0.016045  0.000272
610  0.019432  -0.011774  0.000516
611  -0.007090  -0.015443  0.000289
612  -0.005286  -0.015350  0.000264
613  0.012136  0.021083  0.000592
614  -0.013076  0.003672  0.000184
615  -0.021802  0.023865  0.001045
616  -0.009418  -0.020750  0.000519
617  0.021879  -0.007650  0.000537
618  0.019420  -0.019797  0.000769
619  0.016320  -0.010464  0.000376
620  -0.002699  0.019880  0.000403
621  0.002580  0.004256  0.000025
622  0.015859  -0.020039  0.000653
623  0.008711  -0.002820  0.000084
624  -0.011842  -0.030815  0.001090
625  -0.020013  -0.015234  0.000633
626  -0.001005  -0.013942  0.000195
627  0.002715  -0.000909  0.000008
628  0.021812  0.014979  0.000700
629  0.006084  -0.012121  0.000184
630  -0.008062  -0.017792  0.000382
631  -0.004653  0.019407  0.000398
632  0.005440  -0.019855  0.000424
633  0.003408  -0.010867  0.000130
634  0.022881  0.019968  0.000922
635  0.032691  -0.011590  0.001203
636  0.035089  -0.021836  0.001708
637  -0.001425  0.017974  0.000325
638  0.013984  0.001346  0.000197
639  0.002165  -0.003997  0.000021
640  -0.005302  0.026863  0.000750
641  -0.019576  -0.009274  0.000469
642  -0.011286  0.011009  0.000249
643  0.001015  -0.004249  0.000019
644  0.013942  0.008631  0.000269
645  -0.022789  -0.020384  0.000935
646  0.011267  0.017410  0.000430
647  0.012120  -0.000171  0.000147
648  0.018431  -0.028606  0.001158
649  0.005859  0.007486  0.000090
650  -0.001338  0.009584  0.000094
651  0.009204  -0.029360  0.000947
652  0.022521  -0.009094  0.000590
653  0.012636  0.002911  0.000168
654  -0.031968  -0.013345  0.001200
655  -0.004299  0.022685  0.000533
656  0.007421  -0.032563  0.001115
657  0.009385  -0.016830  0.000371
658  0.013505  -0.000483  0.000183
659  0.010734  0.029200  0.000968
660  0.009600  0.016319  0.000358
661  0.023332  0.004304  0.000563
662  0.005072  0.017322  0.000326
663  0.005249  0.000787  0.000028
664  0.037282  -0.018266  0.001724
665  0.000779  -0.006493  0.000043
666  0.030457  -0.009164  0.001012
667  0.011551  -0.001479  0.000136
668  -0.003943  -0.017629  0.000326
669  -0.010037  0.002961  0.000110
670  -0.017168  0.008981  0.000375
671  0.011812  -0.004120  0.000157
672  0.018140  0.002033  0.000333
673  -0.020858  -0.016920  0.000721
674  0.021485  -0.032521  0.001519
675  0.019458  -0.007245  0.000431
676  0.010300  0.001245  0.000108
677  0.004557  -0.031339  0.001003
678  0.027004  0.004644  0.000751
679  0.022273  -0.017432  0.000800
680  0.023295  0.014140  0.000743
681  -0.001644  -0.030442  0.000929
682  0.017305  -0.022151  0.000790
683  -0.036866  0.003038  0.001368
684  -0.010268  0.002384  0.000111
685  -0.008425  -0.006890  0.000118
686  -0.016261  -0.043463  0.002153
687  0.021967  -0.001529  0.000485
688  -0.006697  -0.006147  0.000083
689  0.009222  -0.010058  0.000186
690  -0.014415  -0.004927  0.000232
691  0.006188  -0.013870  0.000231
692  -0.001421  -0.010476  0.000112
693  -0.021553  0.005125  0.000491
694  0.003607  0.004585  0.000034
695  0.000451  -0.011784  0.000139
696  -0.016031  0.018386  0.000595
697  0.011909  -0.025778  0.000806
698  0.018127  -0.003761  0.000343
699  0.011060  0.002300  0.000128
700  -0.007669  -0.019200  0.000427
701  -0.009856  0.016094  0.000356
702  0.017229  0.022654  0.000810
703  -0.014257  -0.001063  0.000204
704  -0.012575  -0.009632  0.000251
705  0.019361  -0.030202  0.001287
706  -0.032022  0.012628  0.001185
707  0.011510  -0.026252  0.000822
708  0.000655  -0.008375  0.000071
709  -0.009098  0.017175  0.000378
710  -0.018381  0.007549  0.000395
711  -0.027049  -0.004601  0.000753
712  0.003886  -0.013643  0.000201
713  0.020880  -0.009189  0.000520
714  -0.021142  -0.021657  0.000916
715  -0.001092  -0.016986  0.000290
716  0.002305  -0.002309  0.000011
717  -0.000518  0.002576  0.000007
718  -0.021062  -0.000724  0.000444
719  -0.022179  -0.001058  0.000493
720  0.004959  0.005234  0.000052
721  0.031752  -0.020549  0.001430
722  -0.000504  -0.025015  0.000626
723  -0.027224  -0.017189  0.001037
724  -0.046831  -0.034799  0.003404
725  0.007517  0.001702  0.000059
726  0.025230  -0.010356  0.000744
727  -0.013372  0.021108  0.000624
728  0.006518  0.035925  0.001333
729  -0.021324  0.006198  0.000493
730  -0.002541  -0.005981  0.000042
731  -0.012886  -0.001562  0.000168
732  -0.004827  0.003593  0.000036
733  0.005103  0.015514  0.000267
734  0.020596  -0.012576  0.000582
735  -0.006895  -0.012955  0.000215
736  0.002491  0.011792  0.000145
737  0.010090  -0.000534  0.000102
738  -0.003321  -0.000080  0.000011
739  -0.007924  0.012367  0.000216
740  0.004609  -0.057351  0.003310
741  -0.009727  0.023434  0.000644
742  -0.016426  -0.014669  0.000485
743  -0.018293  -0.043554  0.002232
744  -0.005417  -0.020670  0.000457
745  -0.019439  0.007075  0.000428
746  -0.025298  -0.013929  0.000834
747  0.051130  -0.007170  0.002666
748  -0.042734  -0.000126  0.001826
749  -0.039108  -0.001460  0.001532
750  0.003523  -0.008894  0.000092
751  -0.000138  -0.017999  0.000324
752  -0.027596  0.009759  0.000857
753  0.009637  0.001154  0.000094
754  -0.008800  -0.027029  0.000808
755  -0.015156  0.001067  0.000231
756  -0.019518  0.021602  0.000848
757  0.029250  -0.009491  0.000946
758  -0.005855  0.013953  0.000229
759  -0.015407  0.015036  0.000463
760  -0.013758  -0.001356  0.000191
761  0.010337  0.007381  0.000161
762  -0.001149  -0.012041  0.000146
763  -0.037377  -0.038485  0.002878
764  0.011138  -0.012718  0.000286
765  0.010698  0.006435  0.000156
766  0.008347  -0.004045  0.000086
767  0.001804  -0.019024  0.000365
768  0.026869  0.001971  0.000726
769  -0.013296  -0.041961  0.001938
770  0.012530  -0.014990  0.000382
771  0.035962  0.014615  0.001507
772  0.005696  0.000184  0.000032
773  -0.017241  -0.008926  0.000377
774  0.041565  0.017967  0.002050
775  -0.025603  -0.001714  0.000658
776  0.014292  0.021310  0.000658
777  0.013952  -0.010028  0.000295
778  0.003571  0.015225  0.000245
779  0.027066  -0.001062  0.000734
780  0.012497  -0.023732  0.000719
781  0.005022  0.005535  0.000056
782  -0.030738  0.028635  0.001765
783  0.009657  -0.008597  0.000167
784  0.029692  -0.016286  0.001147
785  -0.006359  -0.009505  0.000131
786  -0.010038  -0.046084  0.002224
787  -0.011972  0.003312  0.000154
788  -0.006992  0.007465  0.000105
789  -0.013579  -0.025475  0.000833
790  0.017639  -0.002975  0.000320
791  0.011845  0.016501  0.000413
792  -0.034960  -0.027412  0.001974
793  0.004403  0.026454  0.000719
794  0.020368  0.005018  0.000440
795  0.009897  -0.012769  0.000261
796  -0.009128  0.021886  0.000562
797  -0.016073  -0.006261  0.000298
798  0.007110  0.014421  0.000259
799  -0.023419  0.021834  0.001025
800  0.011574  -0.051069  0.002742
801  -0.000254  0.018208  0.000332
802  -0.003675  -0.008122  0.000079
803  -0.006520  -0.005971  0.000078
804  0.012114  0.046617  0.002320
805  0.002081  0.009713  0.000099
806  -0.013412  0.025482  0.000829
807  -0.008883  -0.013118  0.000251
808  0.015762  -0.046506  0.002411
809  -0.012971  -0.038523  0.001652
810  -0.022148  -0.017108  0.000783
811  0.014727  0.001549  0.000219
812  0.003258  0.039297  0.001555
813  0.004753  0.017319  0.000323
814  0.003420  -0.008370  0.000082
815  0.017755  0.020102  0.000719
816  0.017877  -0.001253  0.000321
817  -0.031853  -0.031872  0.002030
818  0.016423  -0.029553  0.001143
819  -0.009571  -0.012726  0.000254
820  -0.001427  -0.010936  0.000122
821  -0.025983  0.027267  0.001419
822  0.033344  -0.022324  0.001610
823  0.026298  0.030879  0.001645
824  0.046271  -0.027604  0.002903
825  -0.033719  -0.003933  0.001152
826  -0.003341  0.033505  0.001134
827  0.030247  0.037127  0.002293
828  -0.004329  -0.015931  0.000273
829  -0.042520  0.048166  0.004128
830  -0.012945  -0.002528  0.000174
831  -0.015081  0.007252  0.000280
832  -0.017619  0.021537  0.000774
833  -0.026834  -0.003646  0.000733
834  0.042871  -0.004710  0.001860
835  0.024808  0.024584  0.001220
836  -0.033417  -0.025117  0.001748
837  -0.021404  0.007500  0.000514
838  0.031204  0.033211  0.002077
839  0.002076  -0.027041  0.000736
840  -0.015045  0.005950  0.000262
841  0.005909  0.013628  0.000221
842  -0.019775  -0.016695  0.000670
843  -0.018968  0.013006  0.000529
844  0.003567  0.019476  0.000392
845  -0.034899  0.017833  0.001536
846  -0.026855  0.022621  0.001233
847  0.007768  -0.001295  0.000062
848  0.020338  0.016236  0.000677
849  0.024238  -0.007220  0.000640
850  -0.008526  0.002475  0.000079
851  -0.006228  0.033239  0.001144
852  -0.009047  -0.018208  0.000413
853  -0.005916  -0.001840  0.000038
854  0.013466  0.002439  0.000187
855  0.019628  -0.006067  0.000422
856  0.053205  0.032929  0.003915
857  -0.005812  -0.012571  0.000192
858  0.008571  -0.024616  0.000679
859  -0.002654  0.023197  0.000545
860  -0.017141  -0.016292  0.000559
861  -0.009637  -0.001991  0.000097
862  -0.000680  0.006968  0.000049
863  0.014219  0.009874  0.000300
864  -0.037066  0.022898  0.001898
865  -0.008826  0.006091  0.000115
866  0.034742  -0.018612  0.001553
867  -0.010747  -0.011662  0.000251
868  -0.031894  0.008073  0.001082
869  -0.002443  -0.023334  0.000550
870  -0.019379  -0.012398  0.000529
871  -0.036810  -0.018637  0.001702
872  0.009210  0.025556  0.000738
873  0.001433  0.013933  0.000196
874  0.001204  0.001902  0.000005
875  -0.020692  0.025919  0.001100
876  0.008366  0.034904  0.001288
877  0.031316  -0.024386  0.001575
878  -0.042129  0.007422  0.001830
879  -0.010031  0.013775  0.000290
880  -0.028151  0.004790  0.000815
881  -0.003888  0.022463  0.000520
882  -0.007830  -0.030986  0.001021
883  0.022201  -0.026064  0.001172
884  0.013320  0.016564  0.000452
885  -0.011844  -0.002079  0.000145
886  0.019219  0.000603  0.000370
887  0.028162  -0.014441  0.001002
888  0.027148  0.005250  0.000765
889  -0.003987  -0.017238  0.000313
890  -0.016172  0.013509  0.000444
891  -0.005530  -0.000391  0.000031
892  0.051246  0.003816  0.002641
893  0.038409  0.016221  0.001738
894  0.007549  0.036064  0.001358
895  0.030725  0.002630  0.000951
896  -0.001287  0.000684  0.000002
897  0.030557  -0.015820  0.001184
898  -0.012814  -0.009925  0.000263
899  -0.012206  -0.014361  0.000355
900  0.026627  -0.004076  0.000726
901  -0.002073  -0.022749  0.000522
902  0.014860  -0.024622  0.000827
903  0.039169  0.006385  0.001575
904  -0.005622  0.007887  0.000094
905  0.020324  -0.019871  0.000808
906  0.036448  0.043419  0.003214
907  0.007393  0.048850  0.002441
908  -0.011890  -0.018801  0.000495
909  0.001911  -0.048987  0.002403
910  -0.004067  0.013133  0.000189
911  -0.049621  -0.004864  0.002486
912  -0.008845  -0.001934  0.000082
913  0.011991  -0.028430  0.000952
914  -0.014747  -0.006305  0.000257
915  0.015923  0.019205  0.000622
916  -0.022662  -0.017084  0.000805
917  0.020644  -0.007203  0.000478
918  -0.025983  0.027038  0.001406
919  0.011183  0.014612  0.000339
920  -0.001970  -0.004841  0.000027
921  0.001998  -0.008257  0.000072
922  0.022008  0.002350  0.000490
923  0.005479  -0.004023  0.000046
924  0.006883  -0.003284  0.000058
925  -0.046665  -0.026803  0.002896
926  0.027793  0.004141  0.000790
927  -0.038212  0.029638  0.002339
928  -0.035636  -0.001655  0.001273
929  0.014384  -0.003043  0.000216
930  -0.009902  -0.020280  0.000509
931  -0.022946  0.007145  0.000578
932  0.021659  0.000071  0.000469
933  0.002433  0.025502  0.000656
934  -0.013227  -0.001380  0.000177
935  -0.004651  -0.024088  0.000602
936  -0.003314  0.004868  0.000035
937  0.022206  0.023125  0.001028
938  -0.019981  0.005908  0.000434
939  0.033355  0.041521  0.002837
940  -0.000044  0.002141  0.000005
941  -0.023196  -0.010736  0.000653
942  0.022789  -0.013193  0.000693
943  -0.001084  0.011549  0.000135
944  0.026066  0.009975  0.000779
945  -0.021015  0.000426  0.000442
946  0.010757  -0.007206  0.000168
947  -0.008957  -0.014757  0.000298
948  -0.013399  -0.039139  0.001711
949  0.008280  -0.014496  0.000279
950  -0.038639  -0.009881  0.001591
951  0.008197  -0.000897  0.000068
952  -0.023380  -0.005357  0.000575
953  -0.013117  0.027350  0.000920
954  -0.013497  -0.018121  0.000511
955  -0.029762  -0.000512  0.000886
956  -0.008666  0.003882  0.000090
957  0.001778  0.013095  0.000175
958  -0.019106  -0.017165  0.000660
959  0.022842  0.004680  0.000544
960  0.007911  0.005446  0.000092
961  -0.005767  0.009543  0.000124
962  0.002674  0.012306  0.000159
963  -0.004477  0.002964  0.000029
964  -0.037974  -0.001486  0.001444
965  0.010219  0.013255  0.000280
966  -0.034262  -0.009629  0.001267
967  -0.049760  -0.012476  0.002632
968  -0.015680  0.023504  0.000798
969  -0.038980  0.014149  0.001720
970  0.007935  -0.028918  0.000899
971  -0.009348  -0.000972  0.000088
972  0.002562  -0.013632  0.000192
973  -0.028825  0.024037  0.001409
974  0.019348  -0.035708  0.001649
975  -0.009944  -0.000108  0.000099
976  -0.016412  0.010032  0.000370
977  0.000855  0.007028  0.000050
978  -0.000141  0.040438  0.001635
979  -0.027206  -0.005806  0.000774
980  -0.007965  -0.004353  0.000082
981  -0.034701  -0.008723  0.001280
982  -0.007953  -0.015608  0.000307
983  0.009198  -0.028770  0.000912
984  -0.003568  0.028302  0.000814
985  -0.000510  0.030133  0.000908
986  0.001856  0.017720  0.000317
987  0.024337  0.001049  0.000593
988  0.001618  0.003795  0.000017
989  0.012775  0.001292  0.000165
990  0.008401  0.031888  0.001087
991  0.010238  0.030567  0.001039
992  0.019500  -0.001446  0.000382
993  -0.060143  -0.007919  0.003680
994  0.012919  -0.017539  0.000475
995  -0.008420  -0.000532  0.000071
996  0.018834  -0.000686  0.000355
997  0.003550  -0.030994  0.000973
998  0.006777  0.014583  0.000259
999  -0.009746  0.016634  0.000372
1000  0.001697  -0.001217  0.000004
1001  0.013586  -0.000263  0.000185
1002  0.002906  0.010850  0.000126
1003  -0.015873  0.019743  0.000642
1004  -0.013240  -0.015949  0.000430
1005  0.038640  0.010037  0.001594
1006  -0.016150  -0.021832  0.000737
1007  -0.005389  -0.005046  0.000055
1008  -0.029893  0.029511  0.001765
1009  -0.025644  0.044037  0.002597
1010  -0.050487  -0.017288  0.002848
1011  0.007397  -0.016332  0.000321
1012  -0.029064  -0.002919  0.000853
1013  0.057703  0.019864  0.003724
1014  -0.010241  0.011054  0.000227
1015  -0.000233  -0.019518  0.000381
1016  -0.008038  0.018471  0.000406
1017  -0.029042  0.024466  0.001442
1018  -0.012089  -0.017435  0.000450
1019  -0.003099  0.009124  0.000093
1020  -0.000802  0.019778  0.000392
1021  -0.005448  0.007252  0.000082
1022  0.013452  -0.003021  0.000190
1023  -0.048218  -0.022922  0.002850
1024  -0.007355  -0.009929  0.000153
1025  -0.018689  -0.028185  0.001144
1026  0.009810  0.018271  0.000430
1027  -0.017151  -0.041972  0.002056
1028  0.009697  -0.035669  0.001366
1029  0.001337  0.021042  0.000445
1030  -0.010318  0.006339  0.000147
1031  -0.009995  0.022645  0.000613
1032  0.015424  -0.040949  0.001915
1033  -0.012714  0.022642  0.000674
1034  0.008892  -0.021664  0.000548
1035  0.016164  -0.002991  0.000270
1036  0.023194  0.019865  0.000933
1037  -0.027632  -0.028963  0.001602
1038  0.015178  0.003663  0.000244
1039  -0.029182  0.015598  0.001095
1040  -0.031332  -0.037364  0.002378
1041  0.036458  0.008012  0.001393
1042  -0.026014  -0.027546  0.001435
1043  -0.008577  -0.042552  0.001884
1044  0.022304  -0.013403  0.000677
1045  0.009699  0.037118  0.001472
1046  0.038578  0.002043  0.001492
1047  -0.012390  -0.002514  0.000160
1048  0.026808  0.003461  0.000731
1049  -0.021373  -0.042675  0.002278
1050  -0.008763  -0.009509  0.000167
1051  0.031536  0.000191  0.000995
1052  0.030695  0.006785  0.000988
1053  -0.015952  0.025821  0.000921
1054  -0.072176  -0.050795  0.007789
1055  -0.008716  0.000556  0.000076
1056  0.015488  0.017410  0.000543
1057  -0.038998  0.002672  0.001528
1058  0.026680  0.015061  0.000939
1059  -0.053830  -0.011994  0.003042
1060  0.010197  -0.033753  0.001243
1061  0.023748  0.016111  0.000824
1062  0.017663  0.004542  0.000333
1063  -0.058113  -0.011812  0.003517
1064  -0.038446  0.006229  0.001517
1065  0.033665  0.018447  0.001474
1066  0.003688  -0.034716  0.001219
1067  -0.049835  -0.035212  0.003723
1068  0.004587  0.015794  0.000270
1069  -0.033530  -0.006500  0.001166
1070  -0.019250  0.052874  0.003166
1071  -0.037437  0.016620  0.001678
1072  -0.018657  -0.001505  0.000350
1073  0.000585  -0.025299  0.000640
1074  0.010342  -0.030688  0.001049
1075  0.005388  -0.005814  0.000063
1076  -0.016392  0.004317  0.000287
1077  -0.014560  -0.030576  0.001147
1078  0.012805  0.012084  0.000310
1079  -0.018150  -0.025698  0.000990
1080  -0.000946  -0.034515  0.001192
1081  -0.058895  0.006078  0.003506
1082  0.009855  -0.033982  0.001252
1083  -0.013370  0.019391  0.000555
1084  0.016905  0.023362  0.000832
1085  0.011769  -0.038835  0.001647
1086  0.017511  -0.035263  0.001550
1087  -0.031848  0.009683  0.001108
1088  -0.040545  0.041213  0.003342
1089  -0.021098  -0.022174  0.000937
1090  -0.003344  0.016338  0.000278
1091  -0.027218  0.006288  0.000780
1092  -0.012764  0.004657  0.000185
1093  -0.010575  0.007579  0.000169
1094  -0.013610  -0.030488  0.001115
1095  0.018487  0.003355  0.000353
1096  0.028952  0.002772  0.000846
1097  -0.005494  -0.008866  0.000109
1098  0.034246  0.010958  0.001293
1099  0.010734  -0.013903  0.000309
1100  -0.026505  0.003421  0.000714
1101  0.002000  -0.054876  0.003015
1102  -0.038195  -0.025049  0.002086
1103  -0.014597  -0.025610  0.000869
1104  0.017956  -0.010315  0.000429
1105  -0.011053  0.027674  0.000888
1106  0.011147  -0.025975  0.000799
1107  0.005098  -0.023185  0.000564
1108  0.009160  -0.012765  0.000247
1109  -0.040515  0.010805  0.001758
1110  -0.025218  -0.016749  0.000916
1111  0.011451  -0.005764  0.000164
1112  -0.055051  0.003009  0.003040
1113  0.005061  -0.030612  0.000963
1114  0.009130  0.004289  0.000102
1115  0.012195  0.021215  0.000599
1116  0.000421  0.045954  0.002112
1117  0.027782  0.039257  0.002313
1118  0.020114  0.015570  0.000647
1119  -0.004246  -0.001922  0.000022
1120  0.006649  -0.005718  0.000077
1121  0.008774  -0.018937  0.000436
1122  0.003279  0.004762  0.000033
1123  0.038861  -0.005670  0.001542
1124  -0.005901  -0.005197  0.000062
1125  -0.005500  -0.011530  0.000163
1126  -0.022070  0.003273  0.000498
1127  -0.038034  -0.028361  0.002251
1128  -0.014868  0.009022  0.000302
1129  -0.000023  -0.054895  0.003013
1130  -0.016690  -0.015042  0.000505
1131  0.017550  -0.068123  0.004949
1132  -0.028311  0.002413  0.000807
1133  0.011713  -0.007884  0.000199
1134  0.021799  -0.015744  0.000723
1135  -0.039940  0.008425  0.001666
1136  -0.007025  0.011957  0.000192
1137  0.024501  -0.051840  0.003288
1138  -0.003073  -0.041509  0.001732
1139  -0.026299  -0.002078  0.000696
1140  -0.032065  -0.006997  0.001077
1141  -0.007286  -0.020235  0.000463
1142  -0.005937  0.024597  0.000640
1143  0.016324  -0.057351  0.003556
1144  -0.000975  -0.036648  0.001344
1145  -0.008193  -0.005933  0.000102
1146  -0.045085  -0.022760  0.002551
1147  -0.022266  -0.001486  0.000498
1148  0.022831  -0.026000  0.001197
1149  0.004665  -0.040569  0.001668
1150  -0.060522  0.039535  0.005226
1151  0.031743  -0.010734  0.001123
1152  0.027382  -0.024778  0.001364
1153  0.019064  0.021034  0.000806
1154  -0.009443  -0.017687  0.000402
1155  -0.002033  0.049913  0.002495
1156  0.017819  -0.005084  0.000343
1157  0.016759  0.006580  0.000324
1158  0.010142  -0.003239  0.000113
1159  0.048809  -0.048775  0.004761
1160  -0.036458  -0.002340  0.001335
1161  0.027609  -0.021166  0.001210
1162  -0.014578  0.024940  0.000835
1163  0.008224  0.005299  0.000096
1164  0.015514  -0.062415  0.004136
1165  -0.000300  0.027944  0.000781
1166  -0.010677  -0.041033  0.001798
1167  -0.000401  -0.020151  0.000406
1168  -0.038895  0.019238  0.001883
1169  0.021021  0.026671  0.001153
1170  -0.023036  0.032431  0.001582
1171  -0.067268  0.007940  0.004588
1172  0.004808  -0.037560  0.001434
1173  0.011925  0.073473  0.005540
1174  -0.003049  -0.010610  0.000122
1175  0.022812  0.015006  0.000746
1176  0.045423  0.024546  0.002666
1177  0.038476  -0.008052  0.001545
1178  0.005457  -0.019352  0.000404
1179  0.010248  0.043394  0.001988
1180  0.063109  -0.026663  0.004694
1181  0.011544  -0.007094  0.000184
1182  -0.027597  0.036278  0.002078
1183  -0.034481  -0.010400  0.001297
1184  0.063705  -0.062394  0.007951
1185  -0.038454  0.014384  0.001686
1186  -0.036086  -0.023734  0.001865
1187  -0.016480  0.008657  0.000347
1188  -0.025883  0.020958  0.001109
1189  -0.005847  -0.015231  0.000266
1190  -0.015985  -0.032865  0.001336
1191  0.013571  0.003363  0.000195
1192  0.007056  -0.037291  0.001440
1193  0.062371  -0.005487  0.003920
1194  0.037094  -0.010004  0.001476
1195  -0.041383  0.047025  0.003924
1196  0.027985  0.021065  0.001227
1197  -0.007339  0.004754  0.000076
1198  -0.020953  -0.033966  0.001593
1199  -0.008072  0.031774  0.001075
1200  0.030234  -0.044207  0.002868
1201  0.019684  0.046380  0.002539
1202  -0.038143  0.032221  0.002493
1203  0.008894  0.005712  0.000112
1204  0.000052  -0.004083  0.000017
1205  0.008273  0.040043  0.001672
1206  0.014908  -0.033102  0.001318
1207  -0.020618  -0.054165  0.003359
1208  -0.035325  -0.010978  0.001368
1209  0.019256  0.007606  0.000429
1210  -0.038522  0.014375  0.001691
1211  0.024480  -0.023362  0.001145
1212  0.004802  0.012217  0.000172
1213  -0.001105  -0.069643  0.004851
1214  -0.027034  -0.032492  0.001787
1215  0.006110  -0.006712  0.000082
1216  -0.027609  -0.006619  0.000806
1217  -0.014054  0.007898  0.000260
1218  -0.030879  -0.008661  0.001029
1219  0.008050  -0.007563  0.000122
1220  -0.054413  -0.017831  0.003279
1221  0.017940  -0.010566  0.000433
1222  0.027489  0.020378  0.001171
1223  0.002744  0.002464  0.000014
1224  0.027160  -0.047648  0.003008
1225  0.067958  -0.027497  0.005374
1226  -0.001903  0.017273  0.000302
1227  0.000527  -0.010708  0.000115
1228  0.058265  -0.004304  0.003413
1229  0.000906  -0.010967  0.000121
1230  0.008417  -0.014582  0.000283
1231  0.017492  -0.055356  0.003370
1232  -0.000720  0.031192  0.000973
1233  -0.035565  0.059991  0.004864
1234  -0.006212  -0.027563  0.000798
1235  0.010439  -0.023203  0.000647
1236  0.013264  0.027463  0.000930
1237  -0.060727  -0.001744  0.003691
1238  -0.019557  -0.030426  0.001308
1239  -0.068306  -0.016256  0.004930
1240  0.000188  -0.019958  0.000398
1241  -0.012629  -0.013028  0.000329
1242  0.027506  0.005522  0.000787
1243  0.015976  0.010533  0.000366
1244  -0.029611  0.040061  0.002482
1245  -0.053915  0.005609  0.002938
1246  0.045243  -0.000041  0.002047
1247  0.042083  0.020163  0.002178
1248  0.045298  -0.006897  0.002099
1249  0.034598  0.019251  0.001568
1250  0.006864  0.038800  0.001553
1251  -0.068303  0.015467  0.004904
1252  -0.021382  -0.031251  0.001434
1253  0.022224  -0.022263  0.000990
1254  0.024469  0.029415  0.001464
1255  -0.047183  0.005044  0.002252
1256  0.008866  -0.011785  0.000217
1257  0.020215  0.012539  0.000566
1258  0.004142  0.031649  0.001019
1259  0.011243  0.002626  0.000133
1260  0.007869  0.047943  0.002360
1261  -0.074492  0.009934  0.005648
1262  -0.024133  -0.042938  0.002426
1263  0.019429  -0.025700  0.001038
1264  -0.077368  0.035477  0.007244
1265  -0.010951  0.019505  0.000500
1266  -0.062254  0.058566  0.007306
1267  0.036355  -0.045928  0.003431
1268  -0.000934  0.033228  0.001105
1269  -0.063631  -0.030019  0.004950
1270  0.033703  -0.049127  0.003549
1271  -0.055385  0.009516  0.003158
1272  -0.050020  -0.016160  0.002763
1273  -0.002296  -0.020593  0.000429
1274  0.009183  0.051647  0.002752
1275  -0.001249  -0.003641  0.000015
1276  -0.014948  0.042604  0.002039
1277  0.056177  0.015972  0.003411
1278  0.039127  -0.021897  0.002010
1279  -0.004957  0.033788  0.001166
1280  0.079216  0.010062  0.006376
1281  0.004944  0.066513  0.004448
1282  0.062749  -0.017631  0.004248
1283  0.040792  0.052709  0.004442
1284  0.042628  0.045294  0.003869
1285  -0.062895  0.014430  0.004164
1286  0.009872  -0.021177  0.000546
1287  0.018425  0.014697  0.000555
1288  0.024599  0.073792  0.006050
1289  -0.037199  0.024842  0.002001
1290  0.001361  -0.011640  0.000137
1291  -0.071546  0.046125  0.007246
1292  -0.018195  -0.046083  0.002455
1293  0.002233  0.005571  0.000036
1294  0.010359  0.043285  0.001981
1295  0.004674  -0.004704  0.000044
1296  0.027082  0.029738  0.001618
1297  0.056643  0.027191  0.003948
1298  -0.001748  0.025930  0.000675
1299  -0.046190  -0.009383  0.002222
1300  -0.013367  -0.008732  0.000255
1301  0.085576  0.051840  0.010011
1302  -0.037714  0.058126  0.004801
1303  -0.048816  -0.049586  0.004842
1304  -0.015593  0.062878  0.004197
1305  -0.009048  0.071221  0.005154
1306  -0.023745  -0.050253  0.003089
1307  0.098566  -0.013654  0.009902
1308  -0.029581  -0.017916  0.001196
1309  -0.024134  0.060130  0.004198
1310  0.050304  -0.000599  0.002531
1311  0.040952  0.066624  0.006116
1312  -0.015210  0.071383  0.005327
1313  -0.000775  0.023795  0.000567
1314  -0.074572  -0.049087  0.007970
1315  0.018226  -0.001990  0.000336
1316  0.007111  -0.084414  0.007176
1317  0.001767  -0.078168  0.006113
1318  -0.009646  -0.003728  0.000107
1319  0.044553  0.077439  0.007982
1320  0.007146  0.042928  0.001894
1321  0.021820  -0.001646  0.000479
1322  -0.024739  0.057965  0.003972
1323  -0.062812  0.013205  0.004120
1324  -0.033530  -0.028772  0.001952
1325  0.019036  0.013590  0.000547
1326  -0.041099  0.020862  0.002124
1327  -0.109622  0.102626  0.022549
1328  0.005709  0.021667  0.000502
1329  -0.005009  -0.035858  0.001311
1330  -0.062448  0.015715  0.004147
1331  -0.050574  -0.001521  0.002560
1332  -0.003973  -0.029502  0.000886
1333  0.045341  -0.006162  0.002094
1334  -0.055162  -0.044349  0.005010
1335  0.028388  0.040348  0.002434
1336  -0.093945  0.089587  0.016851
1337  0.059952  0.036105  0.004898
1338  -0.042544  0.034973  0.003033
1339  -0.023277  0.036405  0.001867
1340  -0.080508  -0.113502  0.019364
1341  -0.061329  -0.055588  0.006851
1342  0.052724  0.000147  0.002780
1343  -0.009896  0.105326  0.011191
1344  -0.007379  0.050159  0.002570
1345  -0.022919  0.055385  0.003593
1346  0.010926  0.024236  0.000707
1347  -0.027133  -0.066228  0.005122
1348  0.036632  -0.010990  0.001463
1349  0.002803  0.035073  0.001238
1350  0.001036  -0.050187  0.002520
1351  -0.026112  0.080417  0.007149
1352  -0.035164  0.017227  0.001533
1353  -0.098741  0.079089  0.016005
1354  0.040467  -0.124944  0.017249
1355  0.037020  0.000855  0.001371
1356  0.030020  -0.141477  0.020917
1357  0.039199  -0.017506  0.001843
1358  -0.026246  -0.002359  0.000694
1359  0.042408  0.100007  0.011800
1360  0.028667  -0.053879  0.003725
1361  -0.068014  0.065737  0.008947
1362  -0.115626  0.073336  0.018747
1363  -0.035662  0.011791  0.001411
1364  -0.036006  -0.071776  0.006448
1365  0.043907  -0.083418  0.008886
1366  -0.094635  0.013507  0.009138
1367  -0.027759  -0.124619  0.016300
1368  -0.081222  0.003360  0.006608
1369  -0.076599  0.043943  0.007798
1370  -0.049517  0.075551  0.008160
1371  -0.033645  0.003345  0.001143
1372  -0.116238  0.054407  0.016471
1373  -0.018437  0.006557  0.000383
1374  -0.011665  -0.062680  0.004065
1375  -0.017545  0.001619  0.000310
1376  0.020783  -0.052378  0.003175
1377  0.039145  0.023735  0.002096
1378  0.003061  0.020850  0.000444
1379  -0.010782  -0.070719  0.005117
1380  -0.035768  0.072547  0.006542
1381  -0.075347  0.008066  0.005742
1382  0.003529  -0.054256  0.002956
1383  -0.038348  -0.023500  0.002023
1384  0.049478  0.056845  0.005679
1385  0.003312  -0.030878  0.000964
1386  -0.024233  -0.051881  0.003279
1387  -0.103894  -0.048803  0.013176
1388  -0.034189  0.014358  0.001375
1389  -0.066133  -0.036801  0.005728
1390  -0.087072  -0.052111  0.010297
1391  0.065531  0.127022  0.020429
1392  0.066395  -0.121978  0.019287
1393  0.059998  0.060220  0.007226
1394  -0.108585  -0.055312  0.014850
1395  0.012421  0.048558  0.002512
1396  0.040466  0.124851  0.017225
1397  0.010711  0.016339  0.000382
1398  -0.085418  0.112692  0.019996
1399  0.040780  0.072186  0.006874
1400  0.046669  -0.063679  0.006233
1401  -0.054551  0.011646  0.003111
1402  -0.152430  0.011239  0.023361
1403  -0.051880  0.082977  0.009577
1404  0.177815  -0.246584  0.092422
1405  -0.027986  0.000989  0.000784
1406  0.121335  -0.035924  0.016013
1407  -0.161871  0.009570  0.026294
1408  0.027547  0.074505  0.006310
1409  0.034907  -0.081865  0.007920
1410  -0.124848  0.051140  0.018202
1411  -0.009664  0.058588  0.003526
1412  -0.183050  0.113834  0.046466
1413  -0.059859  -0.180951  0.036326
1414  0.039378  0.024453  0.002149
1415  -0.148264  0.242544  0.080810
1416  -0.199502  -0.043557  0.041698
1417  -0.093987  -0.094474  0.017759
1418  -0.208760  -0.111509  0.056015
1419  -0.054672  -0.050168  0.005506
1420  0.011567  -0.028821  0.000964
1421  -0.099124  0.130137  0.026761
1422  -0.086843  -0.062902  0.011498
1423  -0.090348  -0.019076  0.008527
1424  -0.050229  -0.126199  0.018449
1425  0.043579  0.117782  0.015772
1426  0.119490  -0.077396  0.020268
1427  0.002303  0.080343  0.006460
1428  0.091107  -0.047842  0.010589
1429  0.014374  0.109713  0.012243
1430  -0.140473  0.312253  0.117235
1431  -0.080593  -0.004771  0.006518
1432  -0.091122  -0.039071  0.009830
1433  -0.138651  0.097418  0.028714
1434  0.018036  0.087009  0.007896
1435  -0.028004  -0.217140  0.047934
1436  -0.030666  -0.028755  0.001767
1437  0.001590  -0.087598  0.007676
1438  0.024219  0.093331  0.009297
1439  0.056274  0.168252  0.031475
1440  -0.231525  -0.092270  0.062117
1441  -0.063004  0.102114  0.014397
1442  -0.028613  0.030895  0.001773
1443  -0.266551  -0.113951  0.084034
1444  -0.104663  0.040925  0.012629
1445  -0.009978  -0.057038  0.003353
1446  -0.150409  -0.138154  0.041710
1447  -0.124562  0.023852  0.016084
1448  0.008123  -0.138751  0.019318
1449  0.154468  -0.068273  0.028522
1450  -0.133177  -0.202808  0.058867
1451  -0.019894  -0.282568  0.080241
1452  0.075929  0.068252  0.010424
1453  -0.041422  -0.214928  0.047910
1454  0.156754  0.172274  0.054250
1455  -0.196207  0.043262  0.040369
1456  -0.008061  -0.018738  0.000416
1457  -0.233132  -0.098141  0.063982
1458  -0.049404  0.131158  0.019643
1459  0.011604  0.076846  0.006040
1460  -0.006834  -0.286726  0.082258
1461  -0.075423  -0.045868  0.007792
1462  -0.174913  0.005800  0.030628
1463  -0.040026  0.065343  0.005872
1464  -0.506072  0.082596  0.262931
1465  -0.046653  0.158353  0.027252
1466  0.040428  -0.182595  0.034975
1467  -0.039616  -0.198218  0.040860
1468  -0.053668  -0.108490  0.014650
1469  0.153725  -0.061361  0.027397
1470  0.252126  -0.256115  0.129162
1471  0.104853  -0.112879  0.023736
1472  -0.180194  0.139937  0.052052
1473  -0.036198  0.054412  0.004271
1474  -0.093182  -0.323731  0.113485
1475  0.184135  0.100339  0.043974
1476  0.039572  -0.105531  0.012703
1477  0.331834  -0.094871  0.119115
1478  -0.077662  -0.033982  0.007186
1479  0.030528  -0.284197  0.081700
1480  0.010297  -0.203765  0.041626
1481  -0.056696  -0.155695  0.027455
1482  0.294371  -0.414935  0.258825
1483  -0.115540  -0.070443  0.018312
1484  0.110173  0.032040  0.013165
1485  -0.043385  0.366000  0.135838
1486  -0.081489  -0.068267  0.011301
1487  -0.240455  -0.063384  0.061836
1488  0.163439  -0.248143  0.088287
1489  -0.074754  -0.074140  0.011085
1490  0.229316  -0.316699  0.152884
1491  0.489373  0.013306  0.239663
1492  0.152863  0.373601  0.162945
1493  0.344152  -0.112521  0.131101
1494  0.076263  -0.043982  0.007750
1495  0.313518  0.072819  0.103596
1496  0.618047  0.049897  0.384472
1497  0.061495  -0.066289  0.008176
1498  0.157536  -0.139646  0.044318
1499  0.280034  0.433733  0.266543
1500  -0.236964  -0.262390  0.125001
1501  0.363009  0.059782  0.135349
1502  -0.013538  0.219698  0.048451
1503  -0.329959  0.136627  0.127540
1504  0.156807  -0.278173  0.101969
1505  -0.463374  0.073277  0.220085
1506  0.387600  -0.169959  0.179120
1507  0.611869  -0.006841  0.374431
1508  0.422285  -0.193372  0.215718
1509  -0.081877  0.440500  0.200744
1510  0.067444  0.094436  0.013467
1511  0.454496  -0.069906  0.211454
1512  0.167062  -0.076076  0.033697
1513  0.052585  0.216435  0.049609
1514  -0.162582  -0.077568  0.032450
1515  0.029696  -0.376430  0.142581
1516  0.201991  0.488584  0.279514
1517  -0.170632  0.101740  0.039466
1518  -0.118529  -0.418144  0.188894
1519  -0.082879  0.333991  0.118419
1520  -0.134298  0.074042  0.023518
1521  0.318691  0.408372  0.268331
1522  0.055293  0.012276  0.003208
1523  -0.518544  0.177247  0.300305
1524  0.234350  -0.328752  0.162998
1525  -0.546047  0.123439  0.313404
1526  -0.519525  0.381115  0.415155
1527  0.091257  -0.250677  0.071167
1528  -0.570810  -0.268153  0.397730
1529  0.246109  -0.137561  0.079493
1530  0.479766  -0.307081  0.324474
1531  -0.356252  0.030940  0.127872
1532  0.003584  0.250542  0.062784
1533  -0.198100  -0.171321  0.068595
1534  0.255650  -0.491090  0.306527
1535  0.221430  -0.275913  0.125159
1536  -0.267299  -0.086418  0.078917
1537  -0.115939  0.130863  0.030567
1538  0.028598  -0.000184  0.000818
1539  -0.260092  -0.333001  0.178537
1540  -0.055673  0.431937  0.189669
1541  0.076461  -0.246113  0.066418
1542  -0.295624  0.272779  0.161802
1543  -0.175340  -0.181919  0.063839
1544  -0.063360  -0.144944  0.025023
1545  0.655399  0.787691  1.050004
1546  -0.718897  -0.033101  0.517908
1547  0.069372  -0.118408  0.018833
1548  0.359964  0.469970  0.350446
1549  -0.120191  0.565461  0.334192
1550  0.070391  -0.213763  0.050650
1551  0.468380  -0.293612  0.305587
1552  -0.274234  0.162680  0.101669
1553  -0.110462  0.413274  0.182997
1554  0.296550  -0.174145  0.118268
1555  0.267710  0.572397  0.399306
1556  0.247354  0.052622  0.063953
1557  -0.300574  -0.024169  0.090929
1558  0.763224  -0.196128  0.620976
1559  0.203513  -0.133514  0.059243
1560  0.307331  -0.495216  0.339692
1561  -0.014059  0.094104  0.009053
1562  -0.205695  -0.329796  0.151076
1563  0.437354  -1.012598  1.216632
1564  0.267241  -0.076328  0.077244
1565  0.419952  0.320404  0.279019
1566  0.206663  0.351095  0.165978
1567  -0.100954  1.097410  1.214501
1568  -0.332812  0.231303  0.164265
1569  -0.600520  0.647374  0.779718
1570  -0.252107  0.363840  0.195938
1571  0.502990  0.138479  0.272175
1572  0.000529  -0.590131  0.348255
1573  0.184833  -0.688721  0.508500
1574  -0.409189  -0.024857  0.168054
1575  0.177502  -0.548568  0.332433
1576  0.277626  0.156700  0.101631
1577  -0.095127  0.127379  0.025275
1578  0.627409  -0.029542  0.394515
1579  -0.396755  -0.405747  0.322045
1580  -0.301668  0.039927  0.092598
1581  -0.341158  -0.004662  0.116411
1582  -0.312095  0.124784  0.112974
1583  -0.656927  0.334567  0.543488
1584  -0.510304  -0.549845  0.562739
1585  -0.168261  0.575273  0.359250
1586  -0.235151  0.430500  0.240627
1587  0.125451  -0.992704  1.001199
1588  0.252959  -0.549984  0.366470
1589  -0.576386  -0.436304  0.522581
1590  -0.062059  0.135783  0.022288
1591  0.381221  0.381305  0.290723
1592  0.606908  0.481856  0.600522
1593  -0.686483  0.481863  0.703450
1594  -0.337109  -0.525456  0.389746
1595  0.705308  0.177945  0.529124
1596  -0.130578  -0.337124  0.130703
1597  0.290568  0.350114  0.207010
1598  0.330745  0.141424  0.129393
1599  0.069112  0.296265  0.092549
1600  0.049960  0.393833  0.157601
1601  1.020177  0.171114  1.070040
1602  -0.013271  -0.241165  0.058337
1603  0.061009  -0.059257  0.007233
1604  0.227974  0.614524  0.429612
1605  0.259110  0.647539  0.486445
1606  0.038952  -0.330568  0.110792
1607  0.605970  0.233278  0.421618
1608  0.270981  -0.402229  0.235219
1609  0.750646  -0.642368  0.976106
1610  -0.842201  -0.213491  0.754881
1611  0.337744  -0.091767  0.122492
1612  0.139323  -0.306981  0.113648
1613  -0.253720  0.175951  0.095333
1614  -0.069031  0.683821  0.472377
1615  -0.178098  0.276390  0.108110
1616  -0.028113  -0.027847  0.001566
1617  0.690490  -0.953816  1.386541
1618  -0.456084  0.590683  0.556919
1619  -0.658222  -0.110094  0.445377
1620  0.173246  0.064149  0.034129
1621  0.822357  0.191742  0.713036
1622  -1.021668  -0.089206  1.051763
1623  -0.347339  0.516375  0.387288
1624  -0.209746  -0.430815  0.229595
1625  0.350956  -0.151136  0.146012
1626  0.728779  0.166232  0.558752
1627  -0.390829  0.055556  0.155834
1628  -0.057113  0.784680  0.618985
1629  0.127185  0.702060  0.509064
1630  -0.175645  0.317969  0.131956
1631  -0.479110  0.173873  0.259779
1632  0.013308  -0.267293  0.071623
1633  -0.845804  -0.473643  0.939723
1634  -0.340474  -0.538717  0.406139
1635  0.260658  0.320569  0.170707
1636  0.592908  -1.177532  1.738123
1637  0.705088  -0.199063  0.536775
1638  -0.273817  -0.256827  0.140936
1639  -0.810844  0.120544  0.671998
1640  0.189855  0.070817  0.041060
1641  -0.034088  -0.552464  0.306378
1642  -0.212331  1.113380  1.284701
1643  0.669443  -0.993561  1.435316
1644  -0.343700  0.492089  0.360282
1645  -0.139668  0.046500  0.021669
1646  0.379205  -0.423760  0.323369
1647  0.144990  -0.198365  0.060371
1648  -0.360007  0.198956  0.169189
1649  0.112069  -0.853562  0.741128
1650  -0.665154  0.126056  0.458320
1651  0.108676  0.455091  0.218919
1652  0.953598  -0.260001  0.976950
1653  0.271916  -0.489549  0.313596
1654  -0.081257  -0.068773  0.011332
1655  0.094800  -1.164267  1.364505
1656  -0.473100  0.309821  0.319813
1657  -0.208853  0.134955  0.061832
1658  0.492166  -0.458738  0.452668
1659  0.009754  -0.104640  0.011045
1660  -0.223023  0.342540  0.167073
1661  -0.216037  0.237739  0.103192
1662  0.264413  0.315052  0.169172
1663  -0.097131  -0.119140  0.023629
1664  -0.104478  0.385008  0.159147
1665  -0.081229  -0.746654  0.564091
1666  -0.815668  -0.824437  1.345011
1667  0.746650  -0.445937  0.756346
1668  -0.274236  -0.183855  0.109008
1669  0.470592  0.121610  0.236246
1670  0.091004  -0.732731  0.545177
1671  0.182994  -0.458759  0.243947
1672  -0.240915  0.541258  0.351000
1673  0.079237  0.775098  0.607056
1674  -0.597460  0.013296  0.357135
1675  0.213661  -0.330113  0.154625
1676  -0.406894  0.390902  0.318367
1677  -0.598050  -0.023957  0.358238
1678  0.462133  -0.732329  0.749872
1679  0.015909  -0.141308  0.020221
1680  -0.070237  0.485527  0.240670
1681  0.125914  0.540213  0.307685
1682  -0.648972  -1.206427  1.876632
1683  -0.154699  0.178669  0.055855
1684  0.566163  0.527395  0.598685
1685  0.491995  -0.186957  0.277012
1686  0.126062  -0.338837  0.130702
1687  0.554527  0.555098  0.615634
1688  -0.564137  0.442997  0.514497
1689  -0.178596  0.518795  0.301044
1690  0.169435  0.491322  0.270106
1691  -0.224109  0.102360  0.060702
1692  -0.032341  -0.185131  0.035319
1693  -0.233587  -0.545090  0.351686
1694  -0.510757  0.461393  0.473756
1695  0.087935  0.548761  0.308871
1696  -0.100153  0.150095  0.032559
1697  -0.683095  -0.127037  0.482758
1698  0.467702  -0.161004  0.244668
1699  0.485885  -0.739001  0.782206
1700  -0.647027  0.315654  0.518281
1701  -0.301565  -0.063409  0.094962
1702  0.752152  -0.075327  0.571407
1703  -0.217056  -0.581614  0.385388
1704  0.345562  0.909514  0.946629
1705  0.272768  0.209863  0.118445
1706  0.147023  -0.843027  0.732310
1707  -0.061788  -0.530678  0.285437
1708  -0.188418  -0.388995  0.186819
1709  0.559233  -0.631645  0.711717
1710  -0.450178  0.912161  1.034697
1711  0.026632  -0.187476  0.035856
1712  -0.182247  -0.374356  0.173356
1713  -0.228692  0.231093  0.105704
1714  -0.184178  0.744472  0.588160
1715  -0.531016  -0.118112  0.295929
1716  -0.243621  0.664802  0.501313
1717  0.027844  -0.519578  0.270737
1718  0.422077  -0.722978  0.700846
1719  0.474564  -0.343055  0.342898
1720  0.099186  0.115923  0.023276
1721  -0.490345  0.163179  0.267066
1722  0.275545  -0.009104  0.076008
1723  -0.003229  0.106608  0.011376
1724  -0.015248  -0.010599  0.000345
1725  -0.176554  0.876840  0.800020
1726  0.482063  0.786749  0.851359
1727  -0.449323  0.548756  0.503024
1728  0.143009  0.047803  0.022737
1729  0.325466  -0.274120  0.181070
1730  0.195883  -0.619302  0.421905
1731  0.787963  0.244933  0.680877
1732  0.073408  -0.253058  0.069427
1733  -0.284097  0.143238  0.101228
1734  -0.189856  0.232889  0.090283
1735  0.953368  -0.174890  0.939498
1736  -0.026945  0.675876  0.457534
1737  0.250359  0.888717  0.852497
1738  -0.436809  0.396709  0.348180
1739  -0.058824  0.208915  0.047106
1740  -0.150038  -0.547833  0.322632
1741  0.309321  -0.370629  0.233045
1742  -0.286697  -0.200378  0.122347
1743  -0.058305  -0.309781  0.099364
1744  -0.109141  0.611810  0.386223
1745  0.656302  0.112074  0.443293
1746  0.263402  -0.091489  0.077751
1747  0.194711  0.209136  0.081650
1748  0.285206  0.370837  0.218863
1749  -0.322988  -0.124922  0.119927
1750  0.390620  -0.010450  0.152694
1751  -0.334209  0.314245  0.210445
1752  -0.098044  0.043224  0.011481
1753  -0.049433  0.051343  0.005080
1754  -0.189433  0.047603  0.038151
1755  0.331275  0.339123  0.224748
1756  -0.127592  0.744785  0.570985
1757  0.301723  0.239114  0.148213
1758  -0.366244  -0.164561  0.161215
1759  0.308003  0.064094  0.098974
1760  -0.139803  0.261629  0.087994
1761  -0.008326  -0.091143  0.008376
1762  -0.126444  -0.338777  0.130758
1763  -0.197088  0.213529  0.084438
1764  0.223098  0.076645  0.055647
1765  0.531037  -0.206549  0.324663
1766  -0.128438  -0.326073  0.122820
1767  -0.270824  0.243671  0.132722
1768  0.304358  0.059076  0.096123
1769  0.013002  -0.549219  0.301811
1770  -0.075073  0.019881  0.006031
1771  -0.085161  0.041177  0.008948
1772  0.071670  0.139480  0.024591
1773  -0.141973  0.538374  0.310003
1774  0.066085  -0.222161  0.053723
1775  0.008397  0.165169  0.027351
1776  0.281564  0.349347  0.201322
1777  0.207608  0.233969  0.097842
1778  -0.084434  -0.305116  0.100225
1779  0.134659  0.140923  0.037992
1780  -0.110121  -0.202448  0.053112
1781  0.152106  0.288528  0.106384
1782  -0.003041  0.156447  0.024485
1783  0.113645  0.117823  0.026797
1784  0.021006  -0.169953  0.029325
1785  0.408239  0.024524  0.167260
1786  0.177886  -0.353257  0.156434
1787  0.170646  -0.170568  0.058213
1788  -0.294777  -0.028213  0.087690
1789  -0.243387  0.069462  0.064062
1790  0.146510  -0.283359  0.101757
1791  0.212578  -0.364312  0.177913
1792  -0.237853  -0.125784  0.072396
1793  -0.010579  0.030223  0.001025
1794  -0.402658  0.352723  0.286547
1795  -0.117909  0.447976  0.214585
1796  0.295865  0.091053  0.095827
1797  -0.135960  -0.543186  0.313536
1798  -0.107679  -0.116258  0.025111
1799  -0.040142  -0.607954  0.371219
1800  -0.376963  -0.393837  0.297208
1801  -0.353006  -0.458319  0.334669
1802  0.076535  -0.326182  0.112253
1803  -0.145915  -0.080532  0.027777
1804  -0.053195  -0.051016  0.005432
1805  -0.032273  0.254550  0.065837
1806  -0.037222  -0.064848  0.005591
1807  0.182533  0.050364  0.035855
1808  -0.033835  -0.193847  0.038721
1809  0.410046  -0.253448  0.232374
1810  -0.123079  -0.228954  0.067568
1811  -0.306957  0.249664  0.156555
1812  -0.253941  0.313165  0.162559
1813  -0.063608  0.120538  0.018575
1814  0.446938  -0.171079  0.229021
1815  -0.212289  0.069893  0.049952
1816  -0.219124  -0.094040  0.056859
1817  -0.099405  -0.074228  0.015391
1818  0.067502  0.178177  0.036304
1819  0.107644  -0.188694  0.047193
1820  -0.180086  0.040271  0.034053
1821  -0.052189  -0.108303  0.014453
1822  -0.247071  0.324694  0.166471
1823  -0.024442  -0.056564  0.003797
1824  -0.255074  -0.042792  0.066894
1825  0.255682  -0.122719  0.080433
1826  0.130291  0.120386  0.031468
1827  -0.015560  0.158853  0.025476
1828  0.450861  0.218154  0.250867
1829  0.245565  -0.080212  0.066736
1830  0.046055  0.044039  0.004060
1831  -0.194611  -0.027704  0.038641
1832  -0.074014  0.122398  0.020459
1833  0.179255  -0.069111  0.036909
1834  -0.165165  -0.214787  0.073413
1835  -0.039409  -0.027276  0.002297
1836  -0.240255  -0.155286  0.081836
1837  -0.088876  0.040605  0.009548
1838  0.025413  0.043705  0.002556
1839  0.115558  -0.253793  0.077764
1840  0.115612  -0.323782  0.118201
1841  0.001242  0.011638  0.000137
1842  -0.081393  0.166370  0.034304
1843  0.041185  0.307073  0.095990
1844  0.279287  0.117670  0.091847
1845  -0.051514  0.197995  0.041856
1846  0.076277  0.013302  0.005995
1847  0.140609  0.074784  0.025364
1848  0.145521  0.181495  0.054117
1849  -0.116569  0.083216  0.020513
1850  0.160298  -0.114127  0.038721
1851  0.180534  -0.064149  0.036708
1852  0.096053  -0.048181  0.011548
1853  -0.156041  0.017913  0.024670
1854  0.236165  0.149940  0.078256
1855  0.182449  -0.127635  0.049579
1856  0.007363  -0.169071  0.028639
1857  -0.046480  -0.112010  0.014707
1858  -0.263500  -0.045252  0.071480
1859  0.007984  -0.145367  0.021195
1860  -0.180228  -0.006782  0.032528
1861  -0.116423  -0.016041  0.013812
1862  0.131349  0.034354  0.018433
1863  -0.044872  0.063931  0.006101
1864  -0.143511  -0.067066  0.025093
1865  -0.249507  0.072155  0.067460
1866  -0.030277  -0.055034  0.003945
1867  -0.029748  -0.047949  0.003184
1868  -0.147889  0.096576  0.031198
1869  -0.110769  -0.092297  0.020789
1870  -0.121084  -0.009789  0.014757
1871  -0.107098  0.154577  0.035364
1872  0.053518  0.035472  0.004122
1873  -0.110128  0.034648  0.013329
1874  -0.064650  0.040566  0.005825
1875  -0.134679  -0.001294  0.018140
1876  0.133013  0.065703  0.022009
1877  -0.058106  0.077442  0.009374
1878  -0.086957  -0.050492  0.010111
1879  0.026255  0.116614  0.014288
1880  -0.082222  0.039365  0.008310
1881  -0.049013  0.161971  0.028637
1882  0.041178  -0.061550  0.005484
1883  0.070101  -0.060455  0.008569
1884  -0.043775  0.125550  0.017679
1885  0.043059  0.048239  0.004181
1886  0.050255  -0.027235  0.003267
1887  -0.061102  -0.002464  0.003739
1888  -0.007639  0.102478  0.010560
1889  -0.038885  -0.030795  0.002460
1890  -0.002639  0.055618  0.003100
1891  -0.007587  -0.043706  0.001968
1892  0.079232  -0.116276  0.019798
1893  0.005586  0.090720  0.008261
1894  0.061575  0.027656  0.004556
1895  0.015603  0.078195  0.006358
1896  0.052749  0.156487  0.027271
1897  0.014025  0.090421  0.008373
1898  -0.063003  -0.035827  0.005253
1899  -0.093293  -0.000124  0.008704
1900  -0.026229  -0.130381  0.017687
1901  0.020759  0.110530  0.012648
1902  -0.066052  0.000635  0.004363
1903  0.050092  -0.044139  0.004458
1904  0.053807  -0.124997  0.018519
1905  -0.017588  -0.072299  0.005536
1906  0.001180  0.009213  0.000086
1907  0.155265  -0.122033  0.038999
1908  0.036585  -0.000930  0.001339
1909  -0.100078  -0.005268  0.010043
1910  -0.056863  0.006873  0.003281
1911  0.009815  0.071757  0.005245
1912  0.085339  0.115364  0.020592
1913  -0.078617  -0.143187  0.026683
1914  -0.080692  0.078489  0.012672
1915  0.030920  0.053450  0.003813
1916  -0.062104  0.166083  0.031441
1917  -0.076206  0.002589  0.005814
1918  -0.011526  0.000782  0.000133
1919  0.047359  0.082966  0.009126
1920  0.016446  0.074221  0.005779
1921  0.024605  -0.131969  0.018021
1922  -0.089076  -0.011414  0.008065
1923  0.052563  -0.114982  0.015984
1924  0.015103  -0.110556  0.012451
1925  0.066299  0.037186  0.005778
1926  -0.031765  -0.051259  0.003636
1927  0.057159  -0.037220  0.004653
1928  0.101363  -0.138766  0.029530
1929  0.018620  0.016914  0.000633
1930  0.121445  0.023845  0.015318
1931  -0.047451  -0.018924  0.002610
1932  -0.040571  0.054126  0.004576
1933  -0.104988  -0.032816  0.012099
1934  -0.094514  -0.050068  0.011440
1935  0.047934  0.002410  0.002303
1936  -0.037148  -0.083724  0.008390
1937  -0.035419  0.064830  0.005457
1938  -0.017477  -0.041612  0.002037
1939  -0.028659  0.058376  0.004229
1940  -0.071455  -0.020227  0.005515
1941  -0.084520  0.090108  0.015263
1942  -0.049623  0.030869  0.003415
1943  -0.044840  0.067114  0.006515
1944  0.037131  0.219197  0.049426
1945  -0.020628  0.071891  0.005594
1946  0.053759  0.037850  0.004323
1947  -0.016103  0.122717  0.015319
1948  0.036159  0.007697  0.001367
1949  0.033649  0.033895  0.002281
1950  -0.096398  0.031883  0.010309
1951  -0.002687  -0.091078  0.008303
1952  -0.049166  -0.034889  0.003635
1953  -0.025990  -0.005284  0.000703
1954  -0.004537  0.010554  0.000132
1955  0.083985  0.006122  0.007091
1956  -0.096810  0.003453  0.009384
1957  0.002057  0.023582  0.000560
1958  0.028471  0.070167  0.005734
1959  -0.034038  0.062139  0.005020
1960  0.120486  -0.056900  0.017754
1961  0.021050  0.022105  0.000932
1962  -0.016348  -0.071171  0.005333
1963  -0.036512  0.054479  0.004301
1964  0.066016  -0.046761  0.006545
1965  -0.078008  -0.028704  0.006909
1966  0.125083  0.046584  0.017816
1967  0.008554  0.003025  0.000082
1968  -0.067798  -0.098926  0.014383
1969  -0.014144  0.023321  0.000744
1970  0.036008  -0.083338  0.008242
1971  -0.101119  0.080620  0.016725
1972  0.084192  0.008255  0.007156
1973  0.010501  -0.004297  0.000129
1974  0.042594  0.030875  0.002767
1975  -0.105270  0.012095  0.011228
1976  -0.057847  0.037570  0.004758
1977  -0.000853  -0.071657  0.005135
1978  0.017438  -0.003031  0.000313
1979  -0.070315  0.006684  0.004989
1980  -0.004417  0.041406  0.001734
1981  0.010574  -0.017730  0.000426
1982  0.032331  -0.002262  0.001050
1983  0.008990  0.012769  0.000244
1984  0.020577  0.000318  0.000423
1985  0.068019  0.054577  0.007605
1986  0.061142  0.071632  0.008869
1987  0.013092  -0.028214  0.000967
1988  -0.021378  -0.023512  0.001010
1989  -0.081852  0.066047  0.011062
1990  -0.003025  -0.001715  0.000012
1991  -0.014969  -0.096083  0.009456
1992  -0.000208  0.009364  0.000088
1993  -0.037384  0.053413  0.004251
1994  -0.008525  0.031255  0.001050
1995  0.048519  -0.009724  0.002449
1996  -0.030543  -0.057532  0.004243
1997  0.007103  -0.007865  0.000112
1998  -0.023881  0.009939  0.000669
1999  -0.016539  -0.028153  0.001066
2000  -0.026452  0.003015  0.000709
2001  -0.001873  -0.020619  0.000429
2002  -0.008966  -0.031171  0.001052
2003  0.028476  0.024619  0.001417
2004  -0.024266  -0.027381  0.001339
2005  0.000666  -0.023735  0.000564
2006  -0.043029  0.047176  0.004077
2007  -0.014009  -0.041632  0.001929
2008  -0.058901  0.003733  0.003483
2009  0.002617  -0.030405  0.000931
2010  -0.062991  0.009440  0.004057
2011  -0.058799  0.068313  0.008124
2012  -0.017841  0.019799  0.000710
2013  0.067774  0.013806  0.004784
2014  -0.014956  0.040083  0.001830
2015  -0.037034  -0.072107  0.006571
2016  -0.002245  0.041423  0.001721
2017  -0.026447  -0.015882  0.000952
2018  0.010900  -0.032356  0.001166
2019  -0.005277  0.080173  0.006456
2020  0.047403  0.011479  0.002379
2021  -0.035038  -0.013156  0.001401
2022  -0.012199  -0.008301  0.000218
2023  0.022966  0.016142  0.000788
2024  0.070757  0.039607  0.006575
2025  -0.067816  -0.002263  0.004604
2026  0.002754  -0.002765  0.000015
2027  0.051880  -0.001896  0.002695
2028  0.041823  0.007057  0.001799
2029  -0.023185  0.006570  0.000581
2030  -0.001570  -0.031673  0.001006
2031  -0.052536  0.015824  0.003010
2032  -0.013678  0.013472  0.000369
2033  0.044287  -0.002150  0.001966
2034  0.065307  0.018696  0.004615
2035  0.005970  0.011619  0.000171
2036  -0.025951  0.019625  0.001059
2037  -0.015331  -0.013226  0.000410
2038  -0.017993  -0.000116  0.000324
2039  0.007017  -0.028129  0.000841
2040  -0.036792  -0.025097  0.001984
2041  0.046001  -0.015582  0.002359
2042  -0.025412  -0.056601  0.003849
2043  0.000653  -0.038836  0.001509
2044  0.009236  -0.057103  0.003346
2045  -0.019530  0.007944  0.000445
2046  0.054697  -0.012027  0.003136
2047  0.036422  -0.038396  0.002801
