0  -0.195434  0.101789  0.048555
1  0.219061  -0.056514  0.051181
2  -0.192178  -0.098517  0.046638
3  -0.199946  0.088594  0.047827
4  0.012985  -0.274065  0.075280
5  -0.017988  -0.178682  0.032251
6  0.086504  0.167212  0.035443
7  -0.005738  0.032256  0.001073
8  -0.002881  0.066723  0.004460
9  0.025330  -0.240379  0.058424
10  -0.022125  0.167054  0.028397
11  0.066748  -0.001575  0.004458
12  0.025068  -0.026842  0.001349
13  -0.012083  -0.020345  0.000560
14  -0.152411  -0.007399  0.023284
15  -0.138614  -0.173689  0.049382
16  -0.092696  -0.063966  0.012684
17  0.083221  -0.043846  0.008848
18  0.318936  -0.017370  0.102022
19  -0.038526  0.375023  0.142126
20  -0.064744  0.143739  0.024853
21  -0.151663  0.046430  0.025157
22  0.181207  -0.183996  0.066691
23  0.074730  0.012525  0.005741
24  0.152458  0.114747  0.036410
25  0.019206  -0.012225  0.000518
26  -0.012637  -0.064472  0.004316
27  -0.011180  -0.252807  0.064037
28  0.052793  0.430122  0.187792
29  0.128563  -0.041470  0.018248
30  0.094578  0.085901  0.016324
31  -0.203978  -0.084210  0.048698
32  -0.073500  0.000674  0.005403
33  -0.195924  0.027046  0.039118
34  -0.093307  0.085385  0.015997
35  0.040613  0.014384  0.001856
36  -0.068615  -0.006525  0.004751
37  0.256975  0.139401  0.085469
38  -0.054357  -0.007856  0.003016
39  0.089584  0.011404  0.008155
40  0.202450  -0.079620  0.047325
41  -0.156001  -0.091968  0.032794
42  0.181540  0.046671  0.035135
43  0.206671  -0.121919  0.057577
44  0.054281  -0.008512  0.003019
45  -0.195046  0.081117  0.044623
46  0.251595  0.165630  0.090734
47  -0.035298  0.220045  0.049666
48  0.013375  0.005551  0.000210
49  -0.070303  -0.332371  0.115413
50  -0.411666  0.168800  0.197963
51  -0.048516  0.037348  0.003749
52  0.090470  0.198087  0.047423
53  -0.402695  0.176969  0.193481
54  0.274800  -0.105682  0.086684
55  0.059425  -0.183239  0.037108
56  0.283903  0.089500  0.088611
57  -0.204351  0.070004  0.046660
58  -0.247428  -0.126961  0.077340
59  0.085451  0.220640  0.055984
60  0.097284  0.222745  0.059080
61  -0.118010  -0.030614  0.014863
62  -0.215972  -0.059433  0.050176
63  -0.084008  0.137990  0.026099
64  0.032256  0.125853  0.016879
65  0.082675  0.039124  0.008366
66  0.138621  0.340836  0.135385
67  0.186879  0.060000  0.038524
68  -0.403291  -0.067897  0.167254
69  0.182863  -0.144611  0.054351
70  0.100494  -0.068125  0.014740
71  0.346424  0.063298  0.124016
72  0.006451  0.152463  0.023287
73  0.125098  0.197858  0.054797
74  0.103178  -0.121632  0.025440
75  0.118233  -0.194011  0.051619
76  0.106650  0.338943  0.126257
77  0.004072  -0.107021  0.011470
78  -0.018652  -0.055958  0.003479
79  0.273217  0.205615  0.116925
80  0.138871  -0.052190  0.022009
81  0.138078  0.046319  0.021211
82  -0.127538  0.056562  0.019465
83  0.253654  -0.058683  0.067784
84  0.109697  0.019591  0.012417
85  0.154933  0.141641  0.044066
86  -0.057449  0.274628  0.078721
87  0.308395  0.155783  0.119376
88  0.062710  -0.252049  0.067461
89  0.277125  0.206065  0.119261
90  -0.053294  -0.075468  0.008536
91  0.053831  0.221907  0.052141
92  -0.076280  0.214194  0.051698
93  -0.037659  -0.018478  0.001760
94  0.104350  0.081926  0.017601
95  0.179520  0.099924  0.042212
96  0.015351  -0.301300  0.091018
97  -0.269845  -0.014988  0.073041
98  0.189830  -0.088145  0.043805
99  0.352744  -0.186557  0.159232
100  -0.479148  -0.097085  0.239008
101  -0.312649  -0.286379  0.179762
102  -0.071460  0.325689  0.111180
103  0.018105  -0.050643  0.002892
104  0.212530  -0.240253  0.102890
105  -0.058885  0.135105  0.021721
106  -0.305197  0.294300  0.179758
107  -0.156355  -0.222260  0.073846
108  0.174102  -0.293884  0.116679
109  0.193188  0.069762  0.042188
110  -0.121027  0.439206  0.207549
111  0.480940  -0.364870  0.364433
112  0.195074  -0.259063  0.105167
113  -0.224748  0.132410  0.068044
114  0.413355  -0.051350  0.173499
115  0.121018  0.378631  0.158006
116  -0.277694  -0.242452  0.135897
117  0.023915  -0.176865  0.031853
118  0.795530  0.293018  0.718727
119  0.153367  -0.315185  0.122863
120  0.262317  0.041177  0.070506
121  0.109769  0.213789  0.057755
122  -0.054149  0.185550  0.037361
123  -0.297542  0.017693  0.088844
124  0.322669  0.168151  0.132390
125  -0.376129  -0.079546  0.147801
126  0.061146  0.068241  0.008396
127  -0.112905  0.234232  0.067612
128  -0.268076  -0.196232  0.110371
129  0.273077  0.120747  0.089151
130  0.234920  -0.558531  0.367144
131  -0.177750  -0.126339  0.047557
132  0.173046  -0.157370  0.054710
133  -0.436198  0.143016  0.210722
134  0.436054  0.390826  0.342888
135  0.126147  0.066487  0.020333
136  0.090585  -0.152097  0.031339
137  0.011146  -0.102398  0.010610
138  -0.598596  -0.510323  0.618746
139  -0.251422  -0.383249  0.210093
140  0.543308  0.342117  0.412228
141  0.144797  0.395641  0.177498
142  0.338465  0.087007  0.122129
143  -0.408760  0.164023  0.193988
144  0.091903  0.283401  0.088762
145  -0.200758  0.208338  0.083708
146  0.024615  -0.248771  0.062493
147  0.264372  0.213827  0.115615
148  0.233981  -0.112143  0.067323
149  0.130852  0.067675  0.021702
150  -0.390132  -0.105041  0.163236
151  0.325927  0.225303  0.156990
152  -0.338591  -0.300541  0.204969
153  0.173193  0.093635  0.038763
154  0.013911  0.079395  0.006497
155  -0.036070  -0.028780  0.002129
156  -0.415328  0.292153  0.257851
157  0.372350  -0.311268  0.235532
158  0.354073  0.543763  0.421045
159  0.448227  0.453134  0.406237
160  -0.057138  -0.009069  0.003347
161  0.233149  -0.184407  0.088365
162  -0.551669  0.288272  0.387439
163  0.510491  0.200020  0.300609
164  -0.084507  -0.403470  0.169930
165  0.343021  0.518221  0.386216
166  0.570349  0.606252  0.692840
167  0.038092  -0.060782  0.005145
168  -0.130087  0.172630  0.046724
169  0.130995  0.246571  0.077957
170  -0.449226  0.650735  0.625259
171  0.318195  -0.214057  0.147069
172  0.011383  -0.027294  0.000875
173  -0.226788  -0.167005  0.079323
174  -0.229572  0.056662  0.055914
175  0.176219  0.412254  0.201007
176  -0.168962  0.037163  0.029929
177  0.035401  0.030261  0.002169
178  0.910588  0.683310  1.296083
179  -0.126330  0.209131  0.059695
180  0.068981  -0.308934  0.100199
181  -0.104242  0.274256  0.086083
182  0.040840  0.044427  0.003642
183  -0.137648  0.063244  0.022947
184  0.293604  0.026821  0.086923
185  -0.254443  0.334593  0.176694
186  -0.200459  0.132904  0.057847
187  0.038803  -0.037439  0.002907
188  -0.055782  0.003488  0.003124
189  0.396134  -0.495886  0.402825
190  0.296240  0.117288  0.101515
191  -0.545599  -0.035411  0.298932
192  0.505723  0.416878  0.429543
193  0.122541  0.439139  0.207860
194  -0.149499  0.355815  0.148955
195  -0.421521  -0.023419  0.178229
196  -0.075479  -0.083145  0.012610
197  -0.376307  -0.337175  0.255294
198  -0.243262  -0.145379  0.080311
199  -0.225457  0.093102  0.059499
200  0.300800  0.338022  0.204740
201  0.248610  -0.337004  0.175378
202  0.518206  0.821995  0.944213
203  0.449302  0.295904  0.289432
204  0.492421  -0.164438  0.269519
205  -0.322834  0.035719  0.105498
206  -0.085615  0.071302  0.012414
207  -0.007175  0.162795  0.026554
208  -0.369825  -0.030647  0.137710
209  0.090760  0.077474  0.014240
210  -0.295601  -0.806893  0.738457
211  0.125903  -0.137090  0.034645
212  -0.171365  0.648318  0.449682
213  -0.293843  -0.183642  0.120068
214  -0.000979  0.551968  0.304670
215  -0.107034  -0.458047  0.221264
216  -0.025592  -0.307128  0.094982
217  -0.190441  -0.119066  0.050444
218  -0.157501  -0.557277  0.335364
219  0.191729  0.057970  0.040121
220  0.410132  0.282096  0.247786
221  -0.331520  -0.139009  0.129229
222  -0.183329  0.439953  0.227168
223  -0.183472  0.624183  0.423266
224  -0.208136  0.431254  0.229300
225  0.113957  -0.172575  0.042768
226  -0.167572  -0.290069  0.112220
227  0.100997  -0.384439  0.157993
228  0.467540  0.704709  0.715209
229  0.131622  0.313839  0.115819
230  -0.281972  0.045233  0.081554
231  -0.159762  -0.542924  0.320290
232  -0.145250  -0.182795  0.054512
233  0.074169  -0.247864  0.066938
234  -0.027672  -0.031378  0.001750
235  -0.018421  -0.030081  0.001244
236  -0.234264  -0.224471  0.105267
237  1.092862  -0.141376  1.214334
238  0.051286  -1.014552  1.031947
239  0.344186  -0.432105  0.305179
240  0.416945  -0.611922  0.548291
241  -0.008190  -0.787312  0.619927
242  -0.028074  -0.506270  0.257097
243  -0.476672  0.213368  0.272742
244  -0.568055  0.346760  0.442929
245  0.219588  0.229559  0.100916
246  0.148509  -0.449693  0.224279
247  -0.233569  -0.014326  0.054760
248  -0.075885  -0.462637  0.219791
249  0.355048  0.564864  0.445130
250  -0.099990  0.203550  0.051431
251  -0.623379  -0.181107  0.421401
252  0.376338  -0.655912  0.571851
253  -0.884558  -0.073236  0.787807
254  -0.661036  -0.553026  0.742806
255  0.695536  0.591438  0.833568
256  0.178761  0.387740  0.182298
257  -0.021648  0.395740  0.157079
258  -0.375681  -0.205529  0.183379
259  0.030435  -0.589837  0.348834
260  -0.294399  -0.427008  0.269007
261  -1.025559  -0.495594  1.297385
262  0.399689  0.104895  0.170754
263  0.504216  0.011526  0.254366
264  0.062841  0.299489  0.093643
265  -0.418577  -0.110222  0.187355
266  -0.244302  -0.249813  0.122090
267  -0.487286  -0.441071  0.431992
268  0.321417  -0.287813  0.186146
269  0.486601  0.164235  0.263753
270  0.076230  0.707456  0.506305
271  0.914348  -0.631242  1.234499
272  -0.093642  0.738154  0.553640
273  -0.067199  -0.550996  0.308112
274  -0.057304  -0.709603  0.506820
275  0.132775  0.223034  0.067373
276  0.346061  -0.270978  0.193187
277  -0.601008  -0.266805  0.432396
278  -0.750626  0.298479  0.652529
279  -0.021502  -0.338160  0.114814
280  0.588791  -0.041597  0.348405
281  0.622564  0.922655  1.238878
282  -0.075595  -0.927763  0.866459
283  0.659401  0.376706  0.576717
284  0.056804  0.170206  0.032197
285  -0.009541  0.686594  0.471502
286  0.654129  0.381400  0.573351
287  0.692899  -0.502181  0.732295
288  0.432601  0.310187  0.283359
289  -0.328021  0.382453  0.253868
290  -0.260699  0.714840  0.578961
291  0.271325  0.137604  0.092552
292  0.450655  -0.060350  0.206732
293  0.669686  -0.120667  0.463040
294  0.369222  -0.326666  0.243036
295  0.160900  0.364931  0.159064
296  -0.253755  -0.175437  0.095170
297  -0.622968  0.422393  0.566505
298  0.052599  -0.166581  0.030516
299  0.038622  -0.001291  0.001493
300  0.351821  0.013187  0.123952
301  0.714538  -0.316993  0.611049
302  0.001150  0.087878  0.007724
303  0.504351  -0.309773  0.350330
304  -0.233805  -0.772618  0.651603
305  -0.185734  -0.712669  0.542394
306  -0.748951  -0.059584  0.564478
307  -0.527625  -0.596044  0.633656
308  0.413987  -0.862843  0.915884
309  0.330058  -0.007469  0.108994
310  0.225554  -0.044234  0.052831
311  0.972527  -0.371195  1.083595
312  -0.266674  -0.114809  0.084296
313  -0.036764  0.303404  0.093405
314  0.156463  0.326592  0.131143
315  0.337270  0.615270  0.492308
316  -0.223957  0.389804  0.202104
317  0.005094  -0.340142  0.115723
318  0.143267  0.051223  0.023149
319  -0.255124  -0.010922  0.065208
320  -0.495934  0.254798  0.310872
321  0.197782  -0.481433  0.270896
322  -0.393704  0.028516  0.155816
323  0.426729  0.278272  0.259533
324  0.160822  -0.790887  0.651366
325  -0.000940  0.360217  0.129757
326  -0.680390  0.256655  0.528803
327  0.298596  0.393444  0.243958
328  -0.172299  0.156235  0.054096
329  0.314467  -0.101720  0.109236
330  -0.398956  0.458448  0.369340
331  -0.212802  -0.042889  0.047124
332  -0.586561  -0.003675  0.344067
333  0.159284  -0.197916  0.064542
334  0.398997  -0.397258  0.317012
335  0.045651  0.047801  0.004369
336  0.204867  0.079889  0.048353
337  0.658836  -0.537271  0.722725
338  0.263840  -0.450946  0.272964
339  -0.595920  0.017785  0.355437
340  0.052401  0.491594  0.244411
341  -0.312831  0.493032  0.340944
342  -0.524228  0.337090  0.388445
343  0.426812  -0.347680  0.303050
344  -0.158536  -0.292904  0.110926
345  -0.272354  0.479204  0.303812
346  -0.138728  -0.302420  0.110703
347  0.372913  -0.701664  0.631397
348  0.626245  -0.141030  0.412072
349  -0.148950  0.506552  0.278781
350  0.147447  -0.409426  0.189370
351  -0.003733  -0.010342  0.000121
352  0.011426  -0.246878  0.061079
353  -0.563361  -0.187373  0.352484
354  -0.408544  -0.388596  0.317915
355  0.265007  -0.087618  0.077906
356  -0.526328  -0.155449  0.301186
357  -0.787598  -0.566832  0.941610
358  0.661863  -0.135342  0.456380
359  -0.692779  -0.456026  0.687902
360  -0.015785  0.384078  0.147765
361  -0.045284  0.363880  0.134460
362  0.102262  0.294094  0.096949
363  0.141417  -0.347381  0.140673
364  -0.209693  -0.211251  0.088598
365  -0.085538  -0.232627  0.061432
366  -0.506725  0.405632  0.421308
367  -0.247199  -0.309871  0.157128
368  -0.198915  -0.377695  0.182221
369  0.094449  0.375118  0.149634
370  0.031442  -0.020715  0.001418
371  0.184670  -0.185861  0.068647
372  -0.513278  0.211173  0.308048
373  -0.182054  -0.322534  0.137172
374  0.059476  -0.214643  0.049609
375  -0.187020  -0.551331  0.338943
376  0.111235  0.367747  0.147611
377  -0.157597  0.337453  0.138712
378  -0.648459  -0.477073  0.648098
379  0.129731  0.683367  0.483821
380  -0.632539  -0.082654  0.406937
381  -0.178224  0.462981  0.246115
382  0.248583  0.319379  0.163796
383  0.089702  0.509019  0.267146
384  0.294833  0.146355  0.108346
385  -0.082848  0.182721  0.040251
386  -0.337026  0.450527  0.316562
387  0.637357  0.265799  0.476873
388  0.288287  -0.443492  0.279794
389  -0.343241  0.138277  0.136935
390  -0.466514  -0.184754  0.251769
391  -0.123642  0.317427  0.116047
392  0.617313  -0.136566  0.399725
393  0.204068  -0.841535  0.749825
394  0.233969  0.055018  0.057769
395  -0.884395  -0.206998  0.825002
396  -0.386490  0.131933  0.166781
397  -0.051689  0.236053  0.058393
398  -0.157191  0.106428  0.036036
399  -0.171120  -0.000032  0.029282
400  0.146457  0.449903  0.223862
401  -0.017795  -0.090587  0.008523
402  0.576420  -0.472627  0.555637
403  0.286208  -0.356560  0.209050
404  0.587251  -0.253697  0.409226
405  0.354260  0.084784  0.132689
406  0.377626  -0.799424  0.781679
407  -0.180423  0.779786  0.640619
408  -0.686197  0.251958  0.534350
409  0.158403  -0.403948  0.188265
410  -0.154322  0.373813  0.163551
411  -0.098536  -0.657222  0.441650
412  -0.308977  -0.245026  0.155505
413  -0.104733  -0.050097  0.013479
414  -0.051879  0.095672  0.011845
415  -0.403772  0.147669  0.184838
416  0.369300  0.047209  0.138611
417  -0.010222  0.312666  0.097865
418  0.139938  -0.349152  0.141490
419  -0.113541  0.106469  0.024227
420  -0.604127  0.504995  0.619989
421  0.210165  -0.179933  0.076545
422  -0.144213  0.138412  0.039955
423  -0.277327  -0.034559  0.078105
424  -0.245970  0.163711  0.087302
425  -0.570896  -0.303545  0.418062
426  -0.083632  0.082381  0.013781
427  -0.088899  0.294192  0.094452
428  0.025950  0.157029  0.025332
429  -0.228336  0.132183  0.069610
430  0.130896  -0.134236  0.035153
431  0.131881  -0.013218  0.017567
432  -0.309193  0.315197  0.194950
433  -0.113809  0.543005  0.307807
434  0.104750  -0.208906  0.054614
435  -0.158333  -0.294180  0.111611
436  -0.115762  0.117243  0.027147
437  -0.018931  0.115923  0.013797
438  0.235917  -0.843880  0.767790
439  0.345546  0.199014  0.159008
440  -0.018713  -0.222989  0.050074
441  0.260372  0.014294  0.067998
442  -0.089573  -0.122444  0.023016
443  0.196441  0.062507  0.042496
444  0.043516  0.335720  0.114602
445  -0.409618  -0.179024  0.199837
446  -0.156051  0.119301  0.038585
447  -0.075203  0.211702  0.050473
448  -0.415015  0.069706  0.177096
449  0.237699  -0.021010  0.056942
450  0.021346  -0.337272  0.114208
451  0.080645  0.177808  0.038119
452  -0.063259  0.158969  0.029273
453  0.031429  -0.213650  0.046634
454  -0.086610  -0.216026  0.054168
455  -0.117890  -0.088379  0.021709
456  0.145736  0.018006  0.021563
457  -0.073146  -0.035564  0.006615
458  0.334353  -0.039652  0.113364
459  0.139617  0.145555  0.040679
460  0.120707  0.296483  0.102472
461  0.385264  0.133244  0.166182
462  0.270861  -0.058818  0.076825
463  0.235797  0.146498  0.077062
464  -0.425143  -0.496270  0.427030
465  -0.233635  0.451301  0.258258
466  -0.125260  0.297408  0.104141
467  -0.248269  0.120420  0.076138
468  0.036078  -0.024852  0.001919
469  0.392061  0.104834  0.164702
470  0.082657  -0.192981  0.044074
471  -0.030517  -0.082132  0.007677
472  -0.173185  -0.225280  0.080744
473  -0.025614  -0.068406  0.005336
474  0.023400  -0.330443  0.109740
475  0.139454  0.129223  0.036146
476  0.104992  0.051116  0.013636
477  0.369804  0.447116  0.336668
478  -0.113456  0.153750  0.036511
479  0.216662  0.237628  0.103410
480  0.154725  0.026276  0.024630
481  -0.014237  0.033077  0.001297
482  -0.042578  -0.420658  0.178766
483  -0.013784  -0.096512  0.009505
484  -0.306955  0.092904  0.102853
485  -0.021076  -0.388249  0.151181
486  -0.090943  0.000182  0.008271
487  -0.087575  0.017223  0.007966
488  -0.125734  -0.152198  0.038973
489  -0.334404  0.076745  0.117715
490  -0.072102  -0.112492  0.017853
491  -0.198414  0.114306  0.052434
492  -0.338133  0.007059  0.114384
493  -0.204995  0.074726  0.047607
494  -0.067554  0.070659  0.009556
495  0.019381  0.228119  0.052414
496  -0.010032  -0.280666  0.078874
497  0.211535  0.339436  0.159964
498  -0.146775  0.037546  0.022953
499  0.101947  0.069419  0.015212
500  -0.103347  -0.111093  0.023022
501  -0.111213  -0.010028  0.012469
502  0.301629  -0.329040  0.199247
503  0.223111  -0.211909  0.094684
504  -0.171534  -0.300209  0.119549
505  -0.186586  -0.155820  0.059094
506  0.192609  -0.145932  0.058395
507  -0.209771  -0.197286  0.082926
508  0.131674  0.199544  0.057156
509  0.063427  -0.140726  0.023827
510  0.059408  0.055830  0.006646
511  -0.285597  -0.090233  0.089708
512  0.103043  0.180784  0.043301
513  -0.281067  0.058079  0.082372
514  -0.219302  0.036160  0.049401
515  -0.116514  0.096219  0.022834
516  -0.154461  0.035166  0.025095
517  0.022697  -0.091555  0.008897
518  0.258424  0.058692  0.070228
519  0.032954  0.058222  0.004476
520  -0.114903  -0.058203  0.016590
521  0.223401  0.066011  0.054266
522  -0.138869  -0.212131  0.064284
523  -0.228018  -0.168416  0.080356
524  -0.116956  0.203133  0.054942
525  -0.029825  0.001452  0.000892
526  0.130298  -0.069589  0.021820
527  0.069954  -0.178854  0.036882
528  -0.098470  0.001395  0.009698
529  -0.002829  0.107287  0.011519
530  -0.085305  0.131236  0.024500
531  -0.132920  0.013911  0.017861
532  0.137431  0.002029  0.018892
533  0.003446  -0.039324  0.001558
534  -0.022082  0.103532  0.011206
535  0.058498  0.142437  0.023710
536  0.076892  -0.175378  0.036670
537  0.105943  -0.002086  0.011228
538  -0.194036  0.025425  0.038296
539  0.218765  0.102178  0.058299
540  -0.059139  0.048300  0.005830
541  -0.278624  -0.194498  0.115461
542  0.119368  -0.033966  0.015402
543  -0.166055  0.130006  0.044476
544  -0.157983  0.153197  0.048428
545  -0.169225  0.147636  0.050433
546  0.067588  0.126448  0.020557
547  -0.199336  0.109069  0.051631
548  -0.158475  0.065407  0.029392
549  -0.045465  0.070001  0.006967
550  -0.113869  -0.081713  0.019643
551  0.060776  -0.015819  0.003944
552  -0.003372  -0.101340  0.010281
553  0.048159  -0.038574  0.003807
554  -0.034525  0.046047  0.003312
555  0.037207  0.019110  0.001750
556  0.043346  -0.061635  0.005678
557  0.037801  0.128585  0.017963
558  -0.042385  -0.002909  0.001805
559  -0.004937  0.054280  0.002971
560  -0.004403  -0.095415  0.009123
561  -0.030634  -0.172449  0.030677
562  -0.027201  -0.001406  0.000742
563  -0.066270  0.074106  0.009883
564  -0.090507  -0.090741  0.016425
565  -0.024846  0.165865  0.028128
566  0.013992  0.144705  0.021135
567  0.043402  0.029158  0.002734
568  0.020772  0.098990  0.010231
569  -0.012709  0.172303  0.029850
570  0.004288  -0.003231  0.000029
571  0.048086  0.119538  0.016602
572  0.027437  0.031747  0.001761
573  0.144847  0.008094  0.021046
574  0.027370  0.054295  0.003697
575  -0.029391  0.023688  0.001425
576  -0.006751  -0.165534  0.027447
577  0.033591  -0.020554  0.001551
578  0.063443  0.027382  0.004775
579  -0.030268  -0.065129  0.005158
580  0.047634  0.035625  0.003538
581  0.181715  -0.053133  0.035843
582  0.041214  0.088881  0.009599
583  0.067119  0.002924  0.004514
584  -0.035770  -0.008829  0.001357
585  -0.179041  0.066745  0.036510
586  -0.078943  0.068068  0.010865
587  0.079150  0.018026  0.006590
588  0.262387  -0.002576  0.068854
589  -0.029792  0.021011  0.001329
590  -0.170597  -0.056714  0.032320
591  -0.169959  0.030779  0.029833
592  0.220918  0.031931  0.049824
593  0.017801  -0.060967  0.004034
594  0.062426  -0.062049  0.007747
595  -0.044577  0.072524  0.007247
596  0.023772  -0.052597  0.003332
597  -0.063564  -0.029938  0.004937
598  -0.067411  -0.106594  0.015907
599  -0.068994  -0.087929  0.012492
600  0.009383  -0.065042  0.004318
601  -0.031362  -0.028023  0.001769
602  -0.046000  -0.042450  0.003918
603  -0.079412  0.120143  0.020741
604  -0.011906  0.046141  0.002271
605  0.101168  0.107364  0.021762
606  0.033179  -0.010632  0.001214
607  -0.102150  -0.004352  0.010454
608  0.069447  -0.012511  0.004979
609  -0.027321  0.016694  0.001025
610  0.077025  -0.048523  0.008287
611  0.012342  -0.092395  0.008689
612  -0.044253  0.051470  0.004607
613  -0.107559  -0.038178  0.013026
614  0.015945  -0.055892  0.003378
615  0.070278  0.089305  0.012914
616  -0.002093  0.130998  0.017165
617  -0.033704  -0.082338  0.007916
618  -0.132781  0.012448  0.017786
619  -0.004605  0.062553  0.003934
620  -0.065721  -0.041010  0.006001
621  -0.080310  0.024068  0.007029
622  -0.027330  -0.008001  0.000811
623  0.101762  -0.017400  0.010658
624  0.004506  0.056809  0.003248
625  0.002423  0.067002  0.004495
626  0.028117  0.080188  0.007221
627  0.105234  -0.046669  0.013252
628  0.025376  0.046408  0.002798
629  -0.001584  0.158548  0.025140
630  -0.052798  -0.041934  0.004546
631  -0.052469  -0.058270  0.006148
632  0.063946  0.142145  0.024294
633  -0.020125  0.001610  0.000408
634  -0.127444  -0.023914  0.016814
635  -0.009429  -0.012559  0.000247
636  -0.095288  -0.035165  0.010316
637  0.002623  -0.018481  0.000348
638  0.035387  -0.031028  0.002215
639  -0.090352  -0.121038  0.022814
640  0.025338  -0.011321  0.000770
641  -0.009150  -0.126379  0.016055
642  0.000438  -0.123204  0.015180
643  -0.053538  -0.034018  0.004024
644  0.029853  -0.007008  0.000940
645  -0.007416  -0.082165  0.006806
646  -0.013776  -0.047378  0.002434
647  -0.088033  0.076119  0.013544
648  -0.065753  -0.019145  0.004690
649  -0.058408  0.027263  0.004155
650  -0.056318  0.039975  0.004770
651  0.016662  0.033647  0.001410
652  -0.007987  0.086388  0.007527
653  -0.056073  -0.057389  0.006438
654  -0.007673  0.068161  0.004705
655  -0.025343  0.001961  0.000646
656  0.032990  0.031115  0.002056
657  0.019117  0.017429  0.000669
658  -0.073416  0.036031  0.006688
659  0.052931  0.044913  0.004819
660  -0.019806  -0.057381  0.003685
661  0.072137  0.007942  0.005267
662  0.070810  -0.006215  0.005053
663  0.000324  -0.068213  0.004653
664  0.037822  0.077848  0.007491
665  -0.121096  -0.051863  0.017354
666  -0.069770  0.057941  0.008225
667  0.021438  0.080075  0.006872
668  -0.017792  0.030174  0.001227
669  -0.074519  0.142296  0.025801
670  -0.006556  -0.033675  0.001177
671  -0.043924  -0.085177  0.009185
672  0.014787  -0.055997  0.003354
673  0.067266  0.066430  0.008938
674  0.027588  0.074187  0.006265
675  0.048754  -0.001107  0.002378
676  0.031832  -0.004948  0.001038
677  -0.094286  -0.000885  0.008891
678  -0.064126  -0.097654  0.013648
679  0.017835  0.020694  0.000746
680  0.029225  0.023738  0.001418
681  -0.034124  0.068431  0.005847
682  -0.040295  0.052777  0.004409
683  0.022788  0.040381  0.002150
684  -0.003437  -0.009164  0.000096
685  0.052749  -0.007317  0.002836
686  -0.022959  -0.045146  0.002565
687  -0.009609  0.001570  0.000095
688  -0.070542  -0.035116  0.006209
689  -0.103657  0.054441  0.013709
690  -0.039512  0.062464  0.005463
691  -0.019963  0.079806  0.006767
692  -0.017355  0.032312  0.001345
693  -0.001311  0.080111  0.006420
694  0.035645  0.075061  0.006905
695  -0.043198  0.005967  0.001902
696  0.093164  -0.004814  0.008703
697  0.002252  0.029449  0.000872
698  -0.055379  0.027760  0.003837
699  -0.072425  0.023901  0.005817
700  -0.064835  0.052176  0.006926
701  0.083653  0.075439  0.012689
702  0.007628  0.017551  0.000366
703  0.054413  0.051869  0.005651
704  -0.024324  -0.033619  0.001722
705  0.037173  -0.002581  0.001388
706  0.023790  0.037665  0.001985
707  0.091634  0.059716  0.011963
708  0.000846  -0.063307  0.004008
709  0.080400  -0.000145  0.006464
710  -0.020692  0.014988  0.000653
711  0.064166  0.096291  0.013389
712  -0.012495  -0.047875  0.002448
713  0.042050  0.018427  0.002108
714  0.011562  0.027624  0.000897
715  0.044087  0.037669  0.003363
716  -0.034966  0.019188  0.001591
717  0.075616  0.022834  0.006239
718  0.034446  0.031072  0.002152
719  -0.020521  -0.051307  0.003053
720  -0.016831  0.002547  0.000290
721  -0.029634  -0.022036  0.001364
722  -0.061915  -0.006730  0.003879
723  0.089081  0.015372  0.008172
724  0.053085  -0.047619  0.005086
725  -0.003910  -0.008789  0.000093
726  0.026656  -0.031065  0.001676
727  0.013407  0.012121  0.000327
728  -0.001531  0.026891  0.000725
729  0.016587  -0.020817  0.000708
730  -0.048615  -0.083792  0.009385
731  -0.047884  0.063332  0.006304
732  -0.003750  -0.000603  0.000014
733  0.036598  -0.044662  0.003334
734  0.009098  -0.000447  0.000083
735  0.011340  -0.005900  0.000163
736  0.001435  -0.005575  0.000033
737  0.033826  0.042374  0.002940
738  0.017848  0.035042  0.001547
739  0.039930  -0.009856  0.001692
740  -0.065568  0.032627  0.005364
741  0.020061  0.014514  0.000613
742  -0.019122  0.005344  0.000394
743  -0.047604  0.024982  0.002890
744  -0.040615  0.029755  0.002535
745  -0.036012  0.038095  0.002748
746  0.057128  -0.002919  0.003272
747  -0.008932  -0.002697  0.000087
748  0.007171  0.034398  0.001235
749  -0.022652  0.040157  0.002126
750  -0.013697  0.008742  0.000264
751  -0.037530  -0.016422  0.001678
752  0.070592  -0.022219  0.005477
753  -0.011913  -0.016436  0.000412
754  0.007627  -0.038578  0.001546
755  -0.036188  0.036226  0.002622
756  -0.005230  -0.006203  0.000066
757  0.004192  0.008941  0.000098
758  0.030038  -0.020284  0.001314
759  -0.031124  -0.040570  0.002615
760  0.001880  0.017864  0.000323
761  -0.023188  0.010112  0.000640
762  0.113992  -0.077437  0.018991
763  -0.032501  -0.012160  0.001204
764  0.005822  -0.001725  0.000037
765  0.026109  -0.002760  0.000689
766  0.018846  -0.050617  0.002917
767  0.030115  0.015292  0.001141
768  0.002662  0.027654  0.000772
769  0.026047  0.001208  0.000680
770  -0.006984  0.057532  0.003359
771  -0.014356  -0.023047  0.000737
772  -0.041849  -0.012762  0.001914
773  0.016505  -0.004322  0.000291
774  0.010242  -0.006567  0.000148
775  0.023121  0.094325  0.009432
776  0.046813  0.027093  0.002925
777  0.024783  0.023533  0.001168
778  0.000378  0.046195  0.002134
779  -0.011131  0.001693  0.000127
780  -0.005767  0.024069  0.000613
781  -0.059218  0.013163  0.003680
782  -0.010503  0.022242  0.000605
783  -0.046799  0.027436  0.002943
784  -0.055619  -0.044187  0.005046
785  0.004537  0.032118  0.001052
786  -0.032307  0.047908  0.003339
787  0.031997  -0.011456  0.001155
788  0.028084  0.028966  0.001628
789  -0.020719  -0.007502  0.000486
790  0.007643  0.003604  0.000071
791  0.030890  -0.022633  0.001466
792  0.006068  0.076722  0.005923
793  -0.016147  -0.003226  0.000271
794  0.021314  -0.007087  0.000505
795  0.014676  -0.016406  0.000485
796  -0.044450  -0.019603  0.002360
797  -0.003681  -0.044580  0.002001
798  -0.049264  0.038066  0.003876
799  0.045364  0.008403  0.002128
800  -0.001302  0.001227  0.000003
801  -0.004393  0.024521  0.000621
802  0.033233  -0.010353  0.001212
803  -0.023508  0.042483  0.002357
804  0.028092  -0.029757  0.001675
805  -0.026107  -0.004949  0.000706
806  -0.046843  -0.015089  0.002422
807  -0.022248  0.009718  0.000589
808  0.026250  0.071047  0.005737
809  -0.026362  -0.026840  0.001415
810  -0.022508  0.012306  0.000658
811  -0.000776  -0.026217  0.000688
812  -0.032017  0.009443  0.001114
813  0.041553  -0.044284  0.003688
814  0.049424  -0.007038  0.002492
815  0.023412  0.042193  0.002328
816  -0.053069  0.017025  0.003106
817  0.029157  0.058689  0.004295
818  -0.014074  -0.035369  0.001449
819  -0.017258  0.027981  0.001081
820  -0.042161  -0.005469  0.001807
821  -0.006677  0.002363  0.000050
822  0.010662  0.002570  0.000120
823  0.050006  -0.013215  0.002675
824  0.012897  -0.026003  0.000842
825  -0.039087  -0.010604  0.001640
826  -0.057725  0.030106  0.004239
827  0.026777  0.020399  0.001133
828  0.075507  -0.096901  0.015091
829  0.011405  -0.031316  0.001111
830  -0.015934  0.052556  0.003016
831  0.049100  0.028798  0.003240
832  0.018040  0.005997  0.000361
833  -0.074967  0.016243  0.005884
834  -0.012414  0.031229  0.001129
835  0.008993  0.000588  0.000081
836  -0.013677  0.017166  0.000482
837  -0.035911  -0.046922  0.003491
838  0.038278  0.043808  0.003384
839  -0.012083  0.018120  0.000474
840  0.001843  -0.034715  0.001209
841  -0.044972  -0.005904  0.002057
842  0.008423  0.047956  0.002371
843  0.022760  0.007232  0.000570
844  -0.016957  0.029566  0.001162
845  0.014765  0.021785  0.000693
846  -0.069095  -0.010535  0.004885
847  -0.034455  -0.023945  0.001761
848  -0.040167  -0.040619  0.003263
849  0.035679  0.060162  0.004892
850  0.019303  0.037189  0.001756
851  -0.027855  -0.008886  0.000855
852  -0.000543  -0.014603  0.000214
853  -0.000996  0.030901  0.000956
854  0.012218  -0.023955  0.000723
855  0.003268  -0.028515  0.000824
856  -0.032276  -0.011105  0.001165
857  -0.041815  0.001584  0.001751
858  -0.030971  0.001358  0.000961
859  -0.064464  -0.004373  0.004175
860  0.030323  0.061202  0.004665
861  -0.074803  0.010970  0.005716
862  0.001957  0.036545  0.001339
863  0.002150  0.017148  0.000299
864  0.006281  0.016506  0.000312
865  0.002930  0.032696  0.001078
866  -0.005179  -0.020315  0.000440
867  0.002898  -0.034348  0.001188
868  -0.057090  0.010097  0.003361
869  0.032809  0.029384  0.001940
870  -0.010165  0.075536  0.005809
871  0.008923  0.027282  0.000824
872  -0.002640  -0.004862  0.000031
873  0.022674  0.035533  0.001777
874  -0.026009  -0.008009  0.000741
875  -0.026406  0.031493  0.001689
876  0.021010  0.001365  0.000443
877  -0.023479  -0.078801  0.006761
878  0.001385  0.000246  0.000002
879  0.003954  -0.001251  0.000017
880  -0.048590  -0.051526  0.005016
881  -0.047427  0.018462  0.002590
882  -0.041601  0.026293  0.002422
883  -0.010823  -0.020958  0.000556
884  0.031232  -0.006943  0.001024
885  0.015037  -0.006960  0.000275
886  -0.023081  0.053973  0.003446
887  -0.028031  -0.016846  0.001070
888  -0.006668  0.005802  0.000078
889  0.030475  -0.012135  0.001076
890  0.030243  -0.017094  0.001207
891  -0.001042  -0.022509  0.000508
892  -0.034023  -0.007809  0.001219
893  -0.020845  0.018697  0.000784
894  -0.040267  0.043587  0.003521
895  0.020939  -0.020577  0.000862
896  -0.019493  -0.007505  0.000436
897  -0.005484  0.000454  0.000030
898  -0.000814  0.036147  0.001307
899  -0.003971  0.015163  0.000246
900  -0.094270  -0.024572  0.009491
901  -0.001482  0.028158  0.000795
902  -0.013692  0.050409  0.002729
903  0.009594  -0.032036  0.001118
904  -0.020986  0.001858  0.000444
905  0.024529  -0.013260  0.000778
906  0.026786  -0.030966  0.001676
907  0.000669  -0.038631  0.001493
908  -0.001642  -0.012278  0.000153
909  -0.025341  -0.036373  0.001965
910  0.006460  -0.001011  0.000043
911  0.005374  0.016454  0.000300
912  -0.025224  -0.016530  0.000909
913  -0.002977  0.011675  0.000145
914  0.003323  0.003436  0.000023
915  -0.015167  0.009021  0.000311
916  0.035149  0.060880  0.004942
917  0.026971  0.037275  0.002117
918  -0.018971  0.022888  0.000884
919  0.021526  -0.043233  0.002332
920  -0.025471  0.027631  0.001412
921  -0.016992  -0.028068  0.001077
922  -0.105876  -0.021074  0.011654
923  0.018479  0.000316  0.000342
924  -0.024092  -0.017824  0.000898
925  0.012536  0.035450  0.001414
926  -0.010396  0.035218  0.001348
927  -0.017031  0.008517  0.000363
928  0.004791  0.005295  0.000051
929  0.008282  0.016708  0.000348
930  -0.013151  0.006909  0.000221
931  0.001957  0.023478  0.000555
932  0.038158  0.058000  0.004820
933  0.020493  -0.019289  0.000792
934  0.001686  0.028458  0.000813
935  0.037053  -0.002498  0.001379
936  -0.042222  0.008372  0.001853
937  -0.017739  -0.012585  0.000473
938  0.010233  0.012933  0.000272
939  -0.034151  0.004598  0.001187
940  -0.001181  -0.011297  0.000129
941  -0.010148  0.033289  0.001211
942  -0.008406  0.018347  0.000407
943  -0.016789  -0.004382  0.000301
944  -0.046929  0.052989  0.005010
945  -0.003998  -0.051877  0.002707
946  -0.011538  -0.001115  0.000134
947  -0.036290  -0.005742  0.001350
948  -0.074590  -0.027199  0.006303
949  -0.011232  0.027922  0.000906
950  -0.011952  -0.001314  0.000145
951  -0.046396  0.009309  0.002239
952  -0.036531  -0.001727  0.001337
953  0.016237  0.025904  0.000935
954  -0.008624  0.031735  0.001082
955  -0.022037  0.029869  0.001378
956  0.012659  0.026487  0.000862
957  0.001307  0.070836  0.005019
958  -0.032701  -0.002522  0.001076
959  -0.028768  0.033388  0.001942
960  -0.035940  -0.014290  0.001496
961  0.019607  0.013133  0.000557
962  -0.013398  0.010513  0.000290
963  -0.037146  -0.041506  0.003103
964  -0.019620  0.057900  0.003737
965  -0.020404  -0.013267  0.000592
966  0.054440  0.013291  0.003140
967  -0.009848  -0.033559  0.001223
968  -0.036641  -0.032489  0.002398
969  0.005239  -0.014466  0.000237
970  0.025040  -0.008007  0.000691
971  -0.012987  -0.005614  0.000200
972  -0.022600  0.025729  0.001173
973  0.049337  -0.042828  0.004268
974  -0.023735  0.034472  0.001752
975  -0.044302  0.007417  0.002018
976  0.008709  0.015780  0.000325
977  0.016485  0.022752  0.000789
978  0.018554  -0.001902  0.000348
979  -0.010798  -0.014543  0.000328
980  -0.016915  0.006036  0.000323
981  0.019480  0.022823  0.000900
982  -0.044965  -0.018281  0.002356
983  -0.009192  0.043993  0.002020
984  0.078342  -0.045632  0.008220
985  0.005458  -0.027140  0.000766
986  -0.038904  0.027824  0.002288
987  0.006005  -0.043619  0.001939
988  -0.057189  0.007650  0.003329
989  0.026182  -0.017240  0.000983
990  -0.044118  0.002759  0.001954
991  -0.014685  0.018313  0.000551
992  0.006805  0.019260  0.000417
993  -0.014038  0.049465  0.002644
994  -0.032463  0.017708  0.001367
995  -0.020640  0.000321  0.000426
996  -0.048423  0.083741  0.009357
997  -0.039481  -0.011822  0.001699
998  0.039007  -0.013633  0.001707
999  -0.029421  -0.046774  0.003053
1000  0.026859  -0.031248  0.001698
1001  0.001453  0.029497  0.000872
1002  0.026815  0.001392  0.000721
1003  0.025012  0.025749  0.001289
1004  0.013410  0.032087  0.001209
1005  0.020340  0.052767  0.003198
1006  0.015554  0.009806  0.000338
1007  0.043610  -0.014776  0.002120
1008  0.000706  0.006454  0.000042
1009  -0.037542  0.016358  0.001677
1010  0.013788  0.019519  0.000571
1011  -0.019741  0.016692  0.000668
1012  0.062352  0.009895  0.003986
1013  -0.028158  -0.002335  0.000798
1014  0.006305  0.042741  0.001867
1015  0.004065  0.019011  0.000378
1016  -0.049049  0.007168  0.002457
1017  0.004843  -0.023246  0.000564
1018  0.015907  0.002386  0.000259
1019  -0.009261  -0.020701  0.000514
1020  -0.032143  -0.001513  0.001035
1021  0.001446  -0.020032  0.000403
1022  0.016022  0.028179  0.001051
1023  -0.003542  0.024739  0.000625
1024  -0.035921  -0.036771  0.002642
1025  -0.041766  0.068867  0.006487
1026  -0.008709  0.018941  0.000435
1027  -0.039794  -0.002987  0.001592
1028  0.009642  0.031945  0.001113
1029  -0.022579  0.004798  0.000533
1030  -0.005499  0.039091  0.001558
1031  0.058871  -0.010701  0.003580
1032  0.000411  0.007179  0.000052
1033  -0.004120  0.004752  0.000040
1034  0.003148  0.049122  0.002423
1035  -0.003593  0.009364  0.000101
1036  0.029157  0.010483  0.000960
1037  -0.050286  -0.002328  0.002534
1038  -0.000577  0.003658  0.000014
1039  0.010340  -0.046415  0.002261
1040  -0.016508  0.052408  0.003019
1041  -0.013841  0.015582  0.000434
1042  -0.001796  -0.015789  0.000253
1043  0.011178  0.031827  0.001138
1044  -0.023562  0.024493  0.001155
1045  -0.027348  0.014369  0.000954
1046  -0.025016  0.024398  0.001221
1047  -0.007322  0.019808  0.000446
1048  0.014956  -0.007407  0.000279
1049  -0.005820  -0.010135  0.000137
1050  0.007474  0.009335  0.000143
1051  -0.044623  -0.048238  0.004318
1052  -0.014126  -0.021996  0.000683
1053  0.016225  0.021674  0.000733
1054  -0.038914  0.028654  0.002335
1055  0.014573  -0.021446  0.000672
1056  -0.027065  0.028809  0.001562
1057  0.031233  0.038007  0.002420
1058  -0.016664  0.010143  0.000381
1059  0.025357  0.010942  0.000763
1060  0.015687  -0.015895  0.000499
1061  -0.022859  -0.006652  0.000567
1062  0.002586  -0.028195  0.000802
1063  0.008355  -0.008099  0.000135
1064  -0.003633  0.025128  0.000645
1065  -0.027568  0.007569  0.000817
1066  -0.042174  0.012574  0.001937
1067  0.023258  0.043548  0.002437
1068  -0.025414  0.014381  0.000853
1069  -0.005259  0.002765  0.000035
1070  0.000473  -0.022377  0.000501
1071  -0.014766  0.030784  0.001166
1072  -0.008790  -0.026474  0.000778
1073  -0.020388  -0.017998  0.000740
1074  -0.035653  -0.023469  0.001822
1075  -0.007700  0.015631  0.000304
1076  -0.029875  0.035585  0.002159
1077  0.018425  0.036039  0.001638
1078  -0.001245  -0.024047  0.000580
1079  -0.005672  -0.021235  0.000483
1080  -0.018871  0.014664  0.000571
1081  0.006991  0.037581  0.001461
1082  0.030914  0.006447  0.000997
1083  0.017394  0.010134  0.000405
1084  0.023599  -0.023833  0.001125
1085  0.025857  -0.005246  0.000696
1086  -0.007602  0.044839  0.002068
1087  0.009205  0.006626  0.000129
1088  -0.028455  -0.000870  0.000810
1089  -0.002831  0.033331  0.001119
1090  -0.001713  -0.063349  0.004016
1091  -0.033294  0.002204  0.001113
1092  0.007590  0.013594  0.000242
1093  0.004660  -0.025480  0.000671
1094  -0.007731  0.000862  0.000061
1095  0.000523  -0.010894  0.000119
1096  -0.012709  -0.006164  0.000200
1097  0.015974  -0.007580  0.000313
1098  -0.044332  0.020338  0.002379
1099  0.001254  -0.008731  0.000078
1100  0.000181  -0.005407  0.000029
1101  0.007719  0.007241  0.000112
1102  0.022060  0.053071  0.003303
1103  0.004953  -0.003170  0.000035
1104  -0.061983  -0.005908  0.003877
1105  -0.008451  0.006063  0.000108
1106  -0.020324  -0.008804  0.000491
1107  0.012958  0.001337  0.000170
1108  -0.014627  -0.007351  0.000268
1109  -0.031264  0.016632  0.001254
1110  0.044521  0.020253  0.002392
1111  -0.023740  0.039114  0.002094
1112  0.036020  -0.012444  0.001452
1113  0.024409  0.078679  0.006786
1114  0.009433  0.041814  0.001837
1115  0.038819  0.011351  0.001636
1116  0.020346  -0.030591  0.001350
1117  -0.017798  0.017627  0.000627
1118  -0.014363  -0.002226  0.000211
1119  0.006129  -0.001229  0.000039
1120  0.001637  0.026626  0.000712
1121  0.005002  -0.000654  0.000025
1122  0.029669  0.024698  0.001490
1123  -0.003475  0.024480  0.000611
1124  -0.016243  0.003665  0.000277
1125  -0.034060  0.020109  0.001564
1126  -0.013697  0.006858  0.000235
1127  -0.012258  0.082810  0.007008
1128  0.028970  -0.014434  0.001048
1129  -0.030822  0.009634  0.001043
1130  0.029167  -0.006561  0.000894
1131  0.013548  0.006720  0.000229
1132  0.024924  0.012421  0.000775
1133  -0.013417  0.021177  0.000628
1134  0.009919  0.005318  0.000127
1135  0.008829  0.013368  0.000257
1136  -0.013826  0.057114  0.003453
1137  0.003410  0.010106  0.000114
1138  0.040021  0.057334  0.004889
1139  0.005114  0.009495  0.000116
1140  -0.023080  0.010038  0.000633
1141  -0.025438  0.002263  0.000652
1142  -0.031289  -0.022149  0.001470
1143  -0.027394  -0.025093  0.001380
1144  -0.025744  -0.020660  0.001090
1145  -0.019331  0.015416  0.000611
1146  0.041716  0.011444  0.001871
1147  -0.033502  -0.000057  0.001122
1148  -0.022343  0.042390  0.002296
1149  -0.027021  -0.011435  0.000861
1150  0.030766  -0.019834  0.001340
1151  0.000305  -0.009828  0.000097
1152  0.008022  0.020719  0.000494
1153  0.011977  0.002221  0.000148
1154  -0.007389  0.017613  0.000365
1155  -0.004067  -0.006085  0.000054
1156  -0.030564  0.023680  0.001495
1157  -0.006327  0.019258  0.000411
1158  0.034164  -0.030940  0.002124
1159  -0.039235  -0.055035  0.004568
1160  -0.016300  0.024225  0.000853
1161  -0.040240  -0.028712  0.002444
1162  -0.036766  0.026998  0.002081
1163  -0.011008  -0.018363  0.000458
1164  -0.038435  0.035299  0.002723
1165  -0.020229  0.051583  0.003070
1166  -0.022308  0.005538  0.000528
1167  -0.019789  0.015466  0.000631
1168  0.010723  -0.017294  0.000414
1169  -0.003480  0.005521  0.000043
1170  0.004932  -0.007529  0.000081
1171  -0.026187  0.039424  0.002240
1172  -0.003091  0.019803  0.000402
1173  -0.000300  -0.037144  0.001380
1174  0.025378  -0.017349  0.000945
1175  -0.045114  -0.010212  0.002140
1176  0.002497  -0.003926  0.000022
1177  0.026472  0.001775  0.000704
1178  0.016288  -0.013947  0.000460
1179  0.000998  -0.040882  0.001672
1180  -0.019375  0.044141  0.002324
1181  -0.014850  0.001065  0.000222
1182  0.001553  0.019725  0.000392
1183  -0.002241  0.042584  0.001818
1184  0.010682  -0.002205  0.000119
1185  0.015967  0.031120  0.001223
1186  -0.008381  0.025268  0.000709
1187  -0.032369  -0.007460  0.001103
1188  -0.049378  -0.011833  0.002578
1189  0.008158  -0.002377  0.000072
1190  -0.003580  -0.010784  0.000129
1191  -0.014364  0.015488  0.000446
1192  -0.006997  -0.032589  0.001111
1193  -0.050212  -0.021089  0.002966
1194  -0.032371  0.018252  0.001381
1195  -0.005256  0.026886  0.000750
1196  0.030606  0.000717  0.000937
1197  0.012268  0.020821  0.000584
1198  0.017820  0.032239  0.001357
1199  -0.000134  0.000499  0.000000
1200  0.010110  0.006789  0.000148
1201  0.014112  0.041678  0.001936
1202  -0.013924  -0.032442  0.001246
1203  -0.023160  0.036891  0.001897
1204  0.016416  -0.047856  0.002560
1205  -0.020406  -0.007193  0.000468
1206  0.028290  -0.049774  0.003278
1207  0.015351  0.030803  0.001185
1208  0.008952  0.010884  0.000199
1209  -0.000107  -0.035116  0.001233
1210  0.045085  -0.001745  0.002036
1211  0.023280  -0.017914  0.000863
1212  0.030817  0.002057  0.000954
1213  -0.003562  0.027602  0.000775
1214  0.005781  0.005765  0.000067
1215  0.009367  0.007724  0.000147
1216  -0.010868  0.026049  0.000797
1217  0.044408  -0.027871  0.002749
1218  0.006650  -0.003258  0.000055
1219  -0.014651  0.020648  0.000641
1220  -0.019494  0.013551  0.000564
1221  0.006809  0.051029  0.002650
1222  -0.041787  0.023511  0.002299
1223  -0.024595  0.035915  0.001895
1224  -0.049087  0.007801  0.002470
1225  0.009927  -0.007363  0.000153
1226  -0.018612  -0.025880  0.001016
1227  -0.004320  -0.031984  0.001042
1228  0.019549  0.038220  0.001843
1229  0.018134  0.009801  0.000425
1230  0.005617  0.009596  0.000124
1231  -0.037080  0.026851  0.002096
1232  0.021468  -0.037597  0.001874
1233  -0.003991  -0.000129  0.000016
1234  -0.031344  -0.000281  0.000983
1235  0.002117  -0.020253  0.000415
1236  -0.042544  0.000472  0.001810
1237  -0.026517  -0.001944  0.000707
1238  -0.019818  0.022991  0.000921
1239  -0.002284  -0.015087  0.000233
1240  -0.012056  -0.008292  0.000214
1241  0.008456  -0.010065  0.000173
1242  -0.021136  0.009637  0.000540
1243  -0.007224  -0.008063  0.000117
1244  -0.001244  -0.027754  0.000772
1245  0.034542  0.013368  0.001372
1246  -0.002927  0.037942  0.001448
1247  0.023957  0.006596  0.000617
1248  0.023797  -0.002482  0.000572
1249  0.014447  -0.024884  0.000828
1250  -0.007265  0.023325  0.000597
1251  -0.033663  0.022364  0.001633
1252  0.015424  -0.026523  0.000941
1253  0.008899  0.031555  0.001075
1254  0.012825  0.026202  0.000851
1255  -0.010774  -0.027771  0.000887
1256  0.000242  -0.038851  0.001509
1257  0.037442  0.027002  0.002131
1258  0.018711  0.008996  0.000431
1259  -0.027678  0.008398  0.000837
1260  -0.028844  0.029599  0.001708
1261  -0.016732  -0.040131  0.001891
1262  0.022976  0.060443  0.004181
1263  -0.013959  0.009705  0.000289
1264  -0.056175  0.028265  0.003955
1265  -0.053602  -0.015502  0.003114
1266  0.018396  0.015815  0.000589
1267  -0.014819  0.009545  0.000311
1268  -0.005482  -0.024055  0.000609
1269  0.037459  0.080472  0.007879
1270  -0.006004  0.029779  0.000923
1271  0.007545  0.025651  0.000715
1272  0.018089  0.013104  0.000499
1273  0.034208  -0.014566  0.001382
1274  0.007160  0.000769  0.000052
1275  0.028387  0.012751  0.000968
1276  0.032712  0.005067  0.001096
1277  -0.038659  0.036814  0.002850
1278  -0.027352  0.022639  0.001261
1279  -0.009685  -0.013835  0.000285
1280  -0.009613  0.006800  0.000139
1281  0.025897  0.029109  0.001518
1282  -0.013003  -0.002848  0.000177
1283  -0.002375  0.003876  0.000021
1284  0.000893  0.018005  0.000325
1285  -0.011778  0.010322  0.000245
1286  -0.038496  0.008005  0.001546
1287  -0.040670  0.032586  0.002716
1288  -0.019497  -0.021245  0.000831
1289  -0.030516  -0.004141  0.000948
1290  0.026410  0.028029  0.001483
1291  0.005865  0.023724  0.000597
1292  0.006246  0.007219  0.000091
1293  0.009151  0.019819  0.000477
1294  -0.001479  -0.012386  0.000156
1295  -0.023259  0.046730  0.002725
1296  -0.026268  0.036196  0.002000
1297  0.023158  0.032717  0.001607
1298  0.003729  -0.010570  0.000126
1299  -0.030499  0.012171  0.001078
1300  0.011881  0.024991  0.000766
1301  -0.008062  -0.004071  0.000082
1302  0.013187  0.005316  0.000202
1303  -0.013740  -0.004138  0.000206
1304  -0.019636  -0.006105  0.000423
1305  0.038837  -0.025111  0.002139
1306  -0.010131  0.007510  0.000159
1307  -0.021580  0.002608  0.000472
1308  0.009769  0.038669  0.001591
1309  -0.002140  0.032334  0.001050
1310  -0.015368  -0.010460  0.000346
1311  -0.008555  -0.009787  0.000169
1312  0.028998  -0.010226  0.000945
1313  -0.001976  0.019937  0.000401
1314  0.018431  0.030889  0.001294
1315  -0.019824  0.033446  0.001512
1316  -0.003307  0.060245  0.003640
1317  -0.007976  0.027645  0.000828
1318  0.048466  -0.006594  0.002392
1319  -0.011050  0.005930  0.000157
1320  -0.001744  0.013336  0.000181
1321  -0.012919  0.057551  0.003479
1322  -0.016611  0.008187  0.000343
1323  0.016744  0.029373  0.001143
1324  -0.062802  0.030734  0.004889
1325  -0.007618  -0.030069  0.000962
1326  0.012301  -0.027952  0.000933
1327  0.020038  -0.013962  0.000596
1328  -0.023627  0.018723  0.000909
1329  -0.010442  0.001872  0.000113
1330  0.017746  0.006443  0.000356
1331  0.042339  0.011341  0.001921
1332  0.007418  0.031967  0.001077
1333  -0.007687  0.013220  0.000234
1334  -0.006364  -0.013079  0.000212
1335  -0.030295  0.004003  0.000934
1336  -0.000006  0.008928  0.000080
1337  -0.006476  0.035039  0.001270
1338  0.025736  -0.019773  0.001053
1339  0.009097  0.000725  0.000083
1340  -0.003545  -0.023754  0.000577
1341  -0.010449  0.021625  0.000577
1342  -0.005829  -0.037174  0.001416
1343  -0.020684  -0.010985  0.000548
1344  0.008289  0.029514  0.000940
1345  -0.000162  0.009865  0.000097
1346  -0.040461  -0.008252  0.001705
1347  -0.005213  0.012576  0.000185
1348  0.042409  -0.035315  0.003046
1349  -0.020896  0.010118  0.000539
1350  -0.025204  -0.005646  0.000667
1351  0.005900  0.021988  0.000518
1352  0.006692  0.065862  0.004383
1353  0.025409  -0.007987  0.000709
1354  0.010103  0.018270  0.000436
1355  0.005769  0.018451  0.000374
1356  0.039118  0.011243  0.001657
1357  0.013039  0.000133  0.000170
1358  -0.013737  0.025767  0.000853
1359  -0.027817  -0.006039  0.000810
1360  -0.024916  0.027782  0.001393
1361  0.005770  0.003407  0.000045
1362  -0.011371  -0.001390  0.000131
1363  0.013795  0.042102  0.001963
1364  -0.031538  -0.016459  0.001266
1365  0.000998  0.030616  0.000938
1366  0.010331  0.007352  0.000161
1367  0.005848  0.014637  0.000248
1368  -0.005870  0.007499  0.000091
1369  0.021098  0.002174  0.000450
1370  0.001812  0.013334  0.000181
1371  0.013103  0.002993  0.000181
1372  0.011738  0.051650  0.002805
1373  0.001630  -0.017670  0.000315
1374  0.016988  0.019397  0.000665
1375  -0.021361  -0.044112  0.002402
1376  -0.009023  -0.004783  0.000104
1377  0.029423  0.006409  0.000907
1378  -0.002282  -0.013076  0.000176
1379  -0.035393  -0.040094  0.002860
1380  0.042378  -0.011780  0.001935
1381  0.004220  -0.027190  0.000757
1382  0.010687  -0.011707  0.000251
1383  0.046055  0.024951  0.002744
1384  0.002673  -0.011919  0.000149
1385  0.010559  0.003319  0.000123
1386  0.003476  0.006922  0.000060
1387  -0.011772  -0.003675  0.000152
1388  -0.021709  0.012912  0.000638
1389  0.026797  -0.006788  0.000764
1390  -0.010730  0.023539  0.000669
1391  -0.022263  0.007616  0.000554
1392  -0.025915  -0.023677  0.001232
1393  0.021442  0.006436  0.000501
1394  -0.015067  0.007924  0.000290
1395  0.027643  0.037027  0.002135
1396  -0.009184  -0.043551  0.001981
1397  -0.038657  -0.015809  0.001744
1398  0.002458  -0.006929  0.000054
1399  -0.004943  0.011222  0.000150
1400  0.017681  -0.002845  0.000321
1401  -0.032488  -0.015648  0.001300
1402  0.008429  0.021861  0.000549
1403  -0.029105  -0.001283  0.000849
1404  -0.033766  -0.017052  0.001431
1405  -0.025726  -0.001328  0.000664
1406  0.020080  0.007888  0.000465
1407  0.016903  0.001656  0.000288
1408  0.017860  0.011738  0.000457
1409  0.038162  0.022871  0.001979
1410  0.016159  -0.016117  0.000521
1411  0.023170  0.001342  0.000539
1412  -0.001116  0.036188  0.001311
1413  -0.007841  0.072761  0.005356
1414  0.002053  0.007410  0.000059
1415  0.006472  -0.026690  0.000754
1416  0.031320  0.002668  0.000988
1417  0.053228  0.017633  0.003144
1418  0.007726  0.002078  0.000064
1419  0.034775  0.001112  0.001211
1420  -0.007173  -0.002565  0.000058
1421  0.005728  0.018899  0.000390
1422  0.015504  -0.010804  0.000357
1423  -0.026975  0.013177  0.000901
1424  -0.030510  -0.000538  0.000931
1425  0.012764  0.026242  0.000852
1426  -0.015113  -0.019831  0.000622
1427  -0.011216  0.009199  0.000210
1428  0.030159  0.006460  0.000951
1429  0.017344  0.060736  0.003990
1430  0.004602  -0.031581  0.001019
1431  0.014040  0.029275  0.001054
1432  -0.004518  0.006101  0.000058
1433  0.019528  -0.019179  0.000749
1434  -0.007766  0.001723  0.000063
1435  0.008835  0.019789  0.000470
1436  -0.017855  0.003139  0.000329
1437  -0.054612  -0.012907  0.003149
1438  -0.014994  0.008592  0.000299
1439  0.033593  -0.002014  0.001133
1440  -0.016914  -0.032382  0.001335
1441  0.012331  -0.008310  0.000221
1442  0.019112  0.018217  0.000697
1443  -0.034259  0.003173  0.001184
1444  -0.016201  0.017699  0.000576
1445  0.004294  -0.005387  0.000047
1446  -0.012811  -0.017248  0.000462
1447  0.016854  0.001573  0.000287
1448  -0.032506  0.023025  0.001587
1449  -0.031506  0.006269  0.001032
1450  0.005670  0.019396  0.000408
1451  -0.036323  0.018523  0.001662
1452  -0.016380  -0.024450  0.000866
1453  0.029300  0.032237  0.001898
1454  -0.032638  -0.024284  0.001655
1455  -0.010884  -0.007585  0.000176
1456  0.023939  0.051446  0.003220
1457  -0.015847  -0.026767  0.000968
1458  -0.016371  0.021703  0.000739
1459  0.009133  0.024191  0.000669
1460  -0.007386  -0.026206  0.000741
1461  -0.021830  -0.006325  0.000517
1462  -0.022150  0.011874  0.000632
1463  -0.061097  0.011613  0.003868
1464  -0.025127  -0.002813  0.000639
1465  0.016089  0.028076  0.001047
1466  -0.021574  -0.059688  0.004028
1467  0.039305  -0.006724  0.001590
1468  0.004388  0.068589  0.004724
1469  -0.010437  0.049368  0.002546
1470  -0.031106  0.018577  0.001313
1471  0.006721  0.009917  0.000144
1472  0.038086  0.037242  0.002838
1473  -0.014558  0.001709  0.000215
1474  0.009413  -0.004443  0.000108
1475  0.012387  -0.003415  0.000165
1476  0.015658  0.008657  0.000320
1477  -0.027007  0.002077  0.000734
1478  -0.075240  0.009844  0.005758
1479  0.021571  -0.014605  0.000679
1480  -0.012869  0.012107  0.000312
1481  0.017723  0.026914  0.001038
1482  -0.016641  0.011146  0.000401
1483  0.031541  0.013337  0.001173
1484  -0.005114  0.016072  0.000284
1485  -0.002358  -0.032297  0.001049
1486  -0.021377  0.007755  0.000517
1487  -0.045142  0.052106  0.004753
1488  0.013560  -0.001566  0.000186
1489  0.013114  0.000233  0.000172
1490  -0.018793  0.015867  0.000605
1491  -0.022760  -0.018825  0.000872
1492  0.012753  0.041370  0.001874
1493  -0.014422  0.016948  0.000495
1494  0.034743  -0.023316  0.001751
1495  0.003822  -0.009420  0.000103
1496  0.000552  0.019382  0.000376
1497  -0.006405  -0.000827  0.000042
1498  0.022650  0.031955  0.001534
1499  -0.021976  0.015496  0.000723
1500  0.030131  0.025451  0.001556
1501  0.005250  0.032160  0.001062
1502  -0.003460  -0.023942  0.000585
1503  0.064016  -0.004043  0.004114
1504  -0.041305  -0.008752  0.001783
1505  0.018028  0.051563  0.002984
1506  0.023387  0.038884  0.002059
1507  -0.003722  -0.028084  0.000803
1508  -0.020667  0.042629  0.002244
1509  0.008707  -0.016138  0.000336
1510  0.029406  -0.016442  0.001135
1511  -0.003052  0.005849  0.000044
1512  -0.046184  0.016328  0.002400
1513  -0.020006  0.015260  0.000633
1514  0.003687  -0.020532  0.000435
1515  -0.005304  -0.012917  0.000195
1516  0.006353  0.007188  0.000092
1517  0.025846  0.001522  0.000670
1518  -0.001159  -0.004402  0.000021
1519  -0.013164  -0.001848  0.000177
1520  0.054032  0.018983  0.003280
1521  -0.047581  0.020577  0.002687
1522  0.000188  -0.036330  0.001320
1523  0.006420  -0.016316  0.000307
1524  0.023295  0.026002  0.001219
1525  0.040693  -0.050751  0.004232
1526  0.028367  0.008688  0.000880
1527  -0.049624  0.014155  0.002663
1528  -0.015968  0.000421  0.000255
1529  -0.033640  0.031610  0.002131
1530  -0.031965  -0.009679  0.001115
1531  -0.006248  0.010651  0.000152
1532  0.017769  0.064502  0.004476
1533  0.043770  -0.013495  0.002098
1534  0.001355  -0.011769  0.000140
1535  0.022418  0.006005  0.000539
1536  -0.008533  -0.018699  0.000422
1537  0.037943  0.023546  0.001994
1538  0.027015  0.017634  0.001041
1539  -0.012456  0.011737  0.000293
1540  -0.056904  -0.002721  0.003245
1541  -0.006478  -0.035249  0.001284
1542  -0.023564  0.003454  0.000567
1543  -0.038788  -0.018080  0.001831
1544  0.039539  0.001813  0.001567
1545  -0.059375  -0.013720  0.003714
1546  0.044647  0.035735  0.003270
1547  -0.005956  0.033941  0.001187
1548  -0.016372  0.061865  0.004095
1549  -0.005560  0.046059  0.002152
1550  0.026401  0.034557  0.001891
1551  -0.001482  0.023739  0.000566
1552  0.001382  0.010293  0.000108
1553  -0.018359  -0.004489  0.000357
1554  -0.016552  0.030088  0.001179
1555  -0.016443  -0.021476  0.000732
1556  -0.012981  0.041760  0.001912
1557  0.023073  -0.005342  0.000561
1558  -0.017151  -0.002896  0.000303
1559  -0.006521  -0.007362  0.000097
1560  -0.015495  0.037370  0.001637
1561  0.023633  -0.009983  0.000658
1562  0.042181  0.008018  0.001844
1563  -0.013064  0.009710  0.000265
1564  0.024589  0.030971  0.001564
1565  -0.017127  -0.022573  0.000803
1566  -0.014059  -0.001044  0.000199
1567  -0.021648  -0.021662  0.000938
1568  -0.037158  -0.015135  0.001610
1569  0.002769  -0.009123  0.000091
1570  -0.010290  -0.006100  0.000143
1571  0.028601  -0.019620  0.001203
1572  0.015957  0.018512  0.000597
1573  0.002547  -0.011059  0.000129
1574  -0.013626  0.003334  0.000197
1575  0.049637  0.015227  0.002696
1576  -0.057787  -0.017102  0.003632
1577  -0.017097  0.003920  0.000308
1578  -0.056371  0.019165  0.003545
1579  0.018570  0.024279  0.000934
1580  0.032057  0.056737  0.004247
1581  0.001639  -0.024548  0.000605
1582  0.040903  0.009291  0.001759
1583  0.011189  -0.007349  0.000179
1584  -0.012934  -0.014497  0.000377
1585  0.067787  -0.016375  0.004863
1586  0.018739  -0.005901  0.000386
1587  0.018020  0.019278  0.000696
1588  0.046982  0.026880  0.002930
1589  -0.001303  -0.027281  0.000746
1590  -0.015418  0.017623  0.000548
1591  -0.041950  0.001525  0.001762
1592  -0.035611  -0.029411  0.002133
1593  0.005877  0.000976  0.000035
1594  0.021744  -0.020117  0.000878
1595  0.008152  0.023812  0.000633
1596  -0.009796  -0.000531  0.000096
1597  0.009347  -0.021592  0.000554
1598  0.014067  -0.029720  0.001081
1599  -0.021460  0.015757  0.000709
1600  -0.006384  -0.024418  0.000637
1601  -0.011108  0.011355  0.000252
1602  0.037642  0.024032  0.001994
1603  0.022408  0.057737  0.003836
1604  0.018300  -0.024055  0.000914
1605  -0.017419  -0.023423  0.000852
1606  -0.019822  0.047000  0.002602
1607  -0.004555  -0.009939  0.000120
1608  0.023746  0.042702  0.002387
1609  -0.002966  -0.001581  0.000011
1610  0.026014  -0.009798  0.000773
1611  -0.021801  0.023402  0.001023
1612  0.016027  0.016139  0.000517
1613  0.028282  -0.002444  0.000806
1614  0.017466  -0.001716  0.000308
1615  0.024650  -0.026991  0.001336
1616  0.027706  0.017977  0.001091
1617  0.023709  0.060463  0.004218
1618  -0.028963  0.014775  0.001057
1619  0.006891  0.009347  0.000135
1620  0.021713  -0.011273  0.000599
1621  -0.020612  -0.016961  0.000713
1622  -0.031086  -0.017044  0.001257
1623  -0.025177  0.047118  0.002854
1624  0.011836  -0.017247  0.000438
1625  -0.017120  0.012365  0.000446
1626  -0.038823  -0.039801  0.003091
1627  -0.009313  0.000427  0.000087
1628  -0.009710  0.000129  0.000094
1629  -0.005915  0.011351  0.000164
1630  -0.043463  0.013866  0.002081
1631  -0.010211  0.022048  0.000590
1632  -0.049862  0.001430  0.002488
1633  0.017585  -0.001081  0.000310
1634  -0.012955  -0.021494  0.000630
1635  0.017868  0.003822  0.000334
1636  0.043063  -0.002045  0.001859
1637  -0.018158  0.065435  0.004611
1638  0.004978  0.027199  0.000765
1639  0.021225  -0.019066  0.000814
1640  0.055227  -0.007144  0.003101
1641  0.021826  -0.007630  0.000535
1642  0.036354  -0.011968  0.001465
1643  -0.002786  -0.008218  0.000075
1644  0.020461  0.035868  0.001705
1645  -0.001482  -0.007556  0.000059
1646  0.009291  -0.002015  0.000090
1647  0.001240  0.009512  0.000092
1648  0.010988  -0.028482  0.000932
1649  -0.047926  -0.006470  0.002339
1650  0.013385  0.045471  0.002247
1651  0.042643  0.041145  0.003511
1652  -0.026348  -0.042496  0.002500
1653  0.034221  -0.005223  0.001198
1654  -0.014103  0.003140  0.000209
1655  0.002848  -0.007438  0.000063
1656  0.016916  -0.010843  0.000404
1657  0.060736  0.001352  0.003691
1658  0.007795  0.051063  0.002668
1659  0.028965  -0.015164  0.001069
1660  -0.032323  0.017037  0.001335
1661  0.041415  0.012156  0.001863
1662  0.018566  0.039416  0.001898
1663  0.044618  0.010589  0.002103
1664  0.005033  -0.002369  0.000031
1665  0.004384  0.004471  0.000039
1666  0.015974  0.001320  0.000257
1667  -0.011849  -0.007493  0.000197
1668  0.018134  0.042575  0.002141
1669  -0.002351  0.016415  0.000275
1670  -0.002807  -0.004899  0.000032
1671  0.025370  0.018156  0.000973
1672  -0.004707  -0.001230  0.000024
1673  0.028219  -0.014486  0.001006
1674  0.009178  -0.001413  0.000086
1675  0.007061  0.037583  0.001462
1676  0.055061  -0.028607  0.003850
1677  0.022751  0.044869  0.002531
1678  0.054389  0.022535  0.003466
1679  -0.060021  0.016007  0.003859
1680  0.054077  0.005893  0.002959
1681  0.010662  0.006318  0.000154
1682  0.054575  0.012443  0.003133
1683  -0.000926  -0.000232  0.000001
1684  0.001418  0.000550  0.000002
1685  -0.046813  0.012107  0.002338
1686  -0.025303  -0.001094  0.000641
1687  -0.039034  0.015896  0.001776
1688  0.053484  0.030309  0.003779
1689  -0.044636  -0.020866  0.002428
1690  -0.021226  0.032476  0.001505
1691  0.001462  0.010495  0.000112
1692  -0.052790  0.041993  0.004550
1693  0.033459  0.033984  0.002274
1694  0.033263  0.013352  0.001285
1695  -0.016510  -0.036334  0.001593
1696  0.021058  0.025028  0.001070
1697  -0.010385  0.009370  0.000196
1698  0.006522  0.012130  0.000190
1699  0.009528  -0.037015  0.001461
1700  -0.010010  0.021767  0.000574
1701  0.039547  0.024193  0.002149
1702  -0.032840  0.003992  0.001094
1703  -0.000396  0.047663  0.002272
1704  0.018458  -0.045378  0.002400
1705  0.057296  -0.050398  0.005823
1706  0.017213  0.070516  0.005269
1707  0.054952  -0.014066  0.003218
1708  -0.011413  0.005000  0.000155
1709  0.001393  0.035838  0.001286
1710  -0.023694  0.001824  0.000565
1711  -0.014737  -0.010601  0.000330
1712  0.018699  0.029877  0.001242
1713  0.039505  -0.003676  0.001574
1714  -0.049454  0.003878  0.002461
1715  0.005374  0.002171  0.000034
1716  -0.001711  -0.027653  0.000768
1717  0.024570  0.038024  0.002050
1718  0.034668  -0.008331  0.001271
1719  0.005392  0.039790  0.001612
1720  -0.018496  0.007452  0.000398
1721  0.010290  0.010037  0.000207
1722  0.020486  0.006858  0.000467
1723  0.031944  -0.009913  0.001119
1724  0.048162  -0.042632  0.004137
1725  0.045593  0.011657  0.002215
1726  0.021481  0.016731  0.000741
1727  -0.045288  0.029383  0.002914
1728  -0.019736  -0.026427  0.001088
1729  0.002281  0.040126  0.001615
1730  -0.035940  -0.026381  0.001988
1731  0.014612  -0.001265  0.000215
1732  -0.036197  0.013281  0.001487
1733  0.012973  -0.006418  0.000209
1734  0.020604  0.007139  0.000476
1735  -0.005780  -0.001402  0.000035
1736  0.005993  0.017667  0.000348
1737  0.005214  0.019526  0.000408
1738  -0.048477  0.010301  0.002456
1739  0.018842  0.038589  0.001844
1740  0.023204  0.033251  0.001644
1741  -0.041504  0.001829  0.001726
1742  0.033534  0.030192  0.002036
1743  -0.060707  -0.007992  0.003749
1744  -0.031187  -0.001687  0.000976
1745  0.062054  -0.012572  0.004009
1746  -0.001080  0.033946  0.001153
1747  0.000432  -0.003328  0.000011
1748  -0.004325  -0.006811  0.000065
1749  0.001820  -0.025396  0.000648
1750  -0.034380  -0.010525  0.001293
1751  -0.019362  -0.043792  0.002293
1752  0.013373  0.023268  0.000720
1753  0.007339  -0.008316  0.000123
1754  -0.044593  -0.030471  0.002917
1755  0.053005  0.005674  0.002842
1756  -0.004376  -0.008909  0.000099
1757  0.008705  0.024506  0.000676
1758  0.016216  0.075313  0.005935
1759  -0.054151  0.000084  0.002932
1760  0.012825  -0.047504  0.002421
1761  0.041594  -0.000236  0.001730
1762  -0.027437  0.010663  0.000866
1763  0.040505  0.020622  0.002066
1764  0.021905  0.005839  0.000514
1765  0.043028  -0.010258  0.001957
1766  0.008265  -0.022925  0.000594
1767  0.034684  -0.001051  0.001204
1768  0.030049  -0.019890  0.001299
1769  0.063921  0.039981  0.005684
1770  -0.007446  0.011865  0.000196
1771  -0.012441  0.022681  0.000669
1772  -0.006083  -0.000428  0.000037
1773  -0.030349  -0.044463  0.002898
1774  0.001346  0.051540  0.002658
1775  0.008664  -0.010961  0.000195
1776  0.024843  0.039332  0.002164
1777  0.036985  0.037976  0.002810
1778  0.007897  0.001883  0.000066
1779  0.029165  0.043189  0.002716
1780  -0.018234  -0.046762  0.002519
1781  0.009412  0.024719  0.000700
1782  0.005510  0.034660  0.001232
1783  0.016012  -0.004948  0.000281
1784  -0.000126  0.026621  0.000709
1785  0.001625  0.021550  0.000467
1786  -0.004520  0.020408  0.000437
1787  -0.021876  0.032142  0.001512
1788  -0.003207  -0.003722  0.000024
1789  0.005043  -0.008312  0.000095
1790  0.009719  0.039114  0.001624
1791  0.013921  -0.011630  0.000329
1792  0.031044  -0.009595  0.001056
1793  0.009339  0.069557  0.004925
1794  0.024460  -0.009727  0.000693
1795  -0.019633  0.064540  0.004551
1796  0.021473  0.030848  0.001413
1797  0.060210  0.063772  0.007692
1798  -0.011904  -0.014081  0.000340
1799  0.045543  -0.066602  0.006510
1800  0.036774  0.040983  0.003032
1801  0.061407  -0.003951  0.003786
1802  0.002335  -0.013588  0.000190
1803  -0.002549  0.049283  0.002435
1804  -0.010444  -0.019753  0.000499
1805  0.075363  -0.062900  0.009636
1806  -0.033428  0.024409  0.001713
1807  -0.041667  0.043873  0.003661
1808  0.010608  -0.032927  0.001197
1809  -0.001422  0.008977  0.000083
1810  -0.030748  0.029239  0.001800
1811  0.071424  0.060506  0.008762
1812  0.016950  0.036179  0.001596
1813  0.048314  0.027487  0.003090
1814  0.023188  -0.002378  0.000543
1815  0.086689  0.011156  0.007639
1816  0.000182  -0.000356  0.000000
1817  -0.010463  -0.008589  0.000183
1818  -0.010931  0.022353  0.000619
1819  -0.008843  -0.010920  0.000197
1820  0.038609  -0.003175  0.001501
1821  -0.005805  0.001019  0.000035
1822  0.018571  -0.017180  0.000640
1823  -0.014873  0.000880  0.000222
1824  0.028359  0.020172  0.001211
1825  0.010810  0.034322  0.001295
1826  -0.038596  0.032660  0.002556
1827  0.025456  -0.012140  0.000795
1828  -0.000903  0.025218  0.000637
1829  0.030695  0.045904  0.003049
1830  -0.026985  -0.008628  0.000803
1831  0.007960  0.018534  0.000407
1832  0.050874  0.043366  0.004469
1833  -0.021978  0.017574  0.000792
1834  0.023702  -0.010047  0.000663
1835  -0.058939  0.065776  0.007800
1836  0.010665  0.012004  0.000258
1837  -0.010908  -0.021331  0.000574
1838  -0.009153  -0.063599  0.004129
1839  0.035170  0.084715  0.008414
1840  0.010250  0.000663  0.000106
1841  -0.022323  0.022961  0.001026
1842  -0.051979  0.000938  0.002703
1843  0.014631  0.040595  0.001862
1844  0.017839  0.042086  0.002089
1845  -0.008635  0.013833  0.000266
1846  -0.007286  0.067826  0.004653
1847  0.094059  0.030556  0.009781
1848  0.026535  0.043992  0.002639
1849  0.001412  0.019110  0.000367
1850  0.000589  -0.001325  0.000002
1851  -0.034757  -0.027949  0.001989
1852  0.061776  -0.006864  0.003863
1853  0.036554  0.052434  0.004085
1854  0.070334  0.034840  0.006161
1855  0.002817  0.049719  0.002480
1856  -0.054658  0.013216  0.003162
1857  0.009556  0.081531  0.006739
1858  -0.024069  0.030806  0.001528
1859  -0.049805  0.011172  0.002605
1860  -0.023746  -0.027090  0.001298
1861  0.035886  0.060363  0.004931
1862  0.023678  0.022652  0.001074
1863  -0.005686  0.130831  0.017149
1864  0.026236  0.058435  0.004103
1865  -0.034375  -0.027796  0.001954
1866  0.009278  0.042775  0.001916
1867  -0.003418  0.068845  0.004751
1868  0.025924  -0.043975  0.002606
1869  0.026859  0.023435  0.001271
1870  0.014567  0.011423  0.000343
1871  -0.012019  0.011057  0.000267
1872  0.002586  -0.005694  0.000039
1873  -0.046435  0.035660  0.003428
1874  0.036230  -0.046383  0.003464
1875  0.046114  0.064809  0.006327
1876  -0.044566  0.049291  0.004416
1877  -0.013056  0.001738  0.000173
1878  0.042151  -0.018893  0.002134
1879  -0.044625  0.021465  0.002452
1880  -0.065370  -0.029533  0.005145
1881  0.047934  0.014462  0.002507
1882  0.007380  0.077865  0.006117
1883  -0.028602  -0.014853  0.001039
1884  -0.000938  0.133623  0.017856
1885  -0.039916  -0.034565  0.002788
1886  0.012920  -0.023589  0.000723
1887  0.040075  0.053738  0.004494
1888  -0.040958  0.007699  0.001737
1889  0.056255  0.020464  0.003583
1890  -0.039687  0.089117  0.009517
1891  0.078776  -0.030618  0.007143
1892  0.075681  0.001017  0.005729
1893  -0.043758  0.014214  0.002117
1894  -0.004475  -0.038036  0.001467
1895  -0.023950  0.051508  0.003227
1896  -0.043481  -0.002282  0.001896
1897  0.047248  0.031061  0.003197
1898  -0.060750  -0.047493  0.005946
1899  -0.034854  -0.012999  0.001384
1900  -0.041751  -0.058740  0.005194
1901  0.016938  0.015240  0.000519
1902  0.057596  0.067649  0.007894
1903  0.027983  -0.017974  0.001106
1904  0.045135  0.046385  0.004189
1905  0.031278  0.049127  0.003392
1906  -0.010324  -0.012661  0.000267
1907  0.012252  -0.006487  0.000192
1908  0.083791  -0.049228  0.009444
1909  0.015599  0.007535  0.000300
1910  -0.003639  0.029441  0.000880
1911  -0.036536  -0.016133  0.001595
1912  -0.000396  -0.006271  0.000039
1913  -0.022518  0.039197  0.002043
1914  0.014570  0.032998  0.001301
1915  0.016676  0.100292  0.010337
1916  -0.038348  -0.102224  0.011920
1917  0.072805  0.051357  0.007938
1918  0.019593  0.021639  0.000852
1919  0.033181  0.011011  0.001222
1920  -0.009936  0.049880  0.002587
1921  0.030117  0.009889  0.001005
1922  0.025540  0.043669  0.002559
1923  -0.033733  0.004874  0.001162
1924  0.007902  0.046039  0.002182
1925  -0.027824  0.045741  0.002866
1926  -0.000672  0.075635  0.005721
1927  0.045588  -0.078591  0.008255
1928  0.069298  0.052013  0.007508
1929  0.062553  0.038376  0.005386
1930  0.053459  0.099250  0.012708
1931  0.030128  0.088460  0.008733
1932  -0.032972  0.004519  0.001108
1933  -0.013887  -0.027146  0.000930
1934  0.008888  0.112024  0.012628
1935  -0.083412  0.037175  0.008340
1936  0.064866  -0.171329  0.033561
1937  0.015486  0.018855  0.000595
1938  0.020693  -0.044357  0.002396
1939  -0.001707  0.051671  0.002673
1940  -0.006725  -0.023600  0.000602
1941  0.069557  0.036196  0.006148
1942  -0.001907  -0.030647  0.000943
1943  0.032362  0.108478  0.012815
1944  0.026067  -0.021593  0.001146
1945  0.020882  -0.115149  0.013695
1946  0.000706  0.100093  0.010019
1947  -0.024827  -0.025595  0.001271
1948  0.027845  0.044915  0.002793
1949  -0.035403  0.028853  0.002086
1950  -0.036369  0.021829  0.001799
1951  0.032953  -0.016834  0.001369
1952  0.117501  0.025181  0.014441
1953  0.088860  -0.024940  0.008518
1954  -0.123329  0.053503  0.018072
1955  0.025010  -0.128452  0.017126
1956  0.054565  0.046823  0.005170
1957  0.113591  0.024739  0.013515
1958  0.100301  0.003562  0.010073
1959  0.002324  0.027203  0.000745
1960  0.048374  0.134061  0.020312
1961  0.082426  -0.049092  0.009204
1962  0.077628  0.008051  0.006091
1963  0.027844  0.013977  0.000971
1964  0.150213  0.030921  0.023520
1965  0.083134  0.021303  0.007365
1966  -0.105311  -0.013226  0.011265
1967  0.117557  0.142862  0.034229
1968  0.110992  -0.000265  0.012319
1969  0.043339  0.009145  0.001962
1970  0.036603  0.022139  0.001830
1971  0.024346  -0.025852  0.001261
1972  0.018502  0.078613  0.006522
1973  -0.002077  -0.000968  0.000005
1974  -0.017543  0.003358  0.000319
1975  0.133066  0.065507  0.021998
1976  0.005639  0.175418  0.030803
1977  0.118221  -0.003584  0.013989
1978  0.070867  0.108276  0.016746
1979  -0.026632  0.008670  0.000784
1980  0.034317  -0.095898  0.010374
1981  0.012703  0.005408  0.000191
1982  0.011783  0.025723  0.000801
1983  -0.066082  0.047846  0.006656
1984  -0.078124  -0.079861  0.012481
1985  -0.041295  -0.060498  0.005365
1986  -0.057784  0.029113  0.004187
1987  -0.032688  0.084549  0.008217
1988  -0.057787  -0.143418  0.023908
1989  -0.032861  0.141546  0.021115
1990  -0.005393  0.091027  0.008315
1991  0.004002  0.006976  0.000065
1992  -0.007511  0.090226  0.008197
1993  0.010322  -0.036183  0.001416
1994  0.039256  0.071293  0.006624
1995  -0.047578  -0.020854  0.002699
1996  -0.189342  -0.115515  0.049194
1997  -0.017408  -0.013177  0.000477
1998  0.028326  0.020257  0.001213
1999  0.030039  -0.146042  0.022231
2000  -0.019750  0.048832  0.002775
2001  -0.013782  0.101640  0.010521
2002  0.093576  -0.058365  0.012163
2003  -0.032233  -0.038527  0.002523
2004  0.049099  -0.136067  0.020925
2005  0.006681  -0.024979  0.000669
2006  -0.033063  -0.100458  0.011185
2007  0.169674  -0.067997  0.033413
2008  -0.065987  -0.069099  0.009129
2009  0.059702  -0.065016  0.007791
2010  0.029947  0.005646  0.000929
2011  0.141679  0.124078  0.035468
2012  0.151471  0.031221  0.023918
2013  -0.005830  0.076425  0.005875
2014  -0.032839  -0.019468  0.001457
2015  0.065473  0.099937  0.014274
2016  -0.185107  -0.008586  0.034338
2017  -0.039291  0.027928  0.002324
2018  -0.248130  -0.179870  0.093922
2019  0.047327  -0.037646  0.003657
2020  -0.120538  -0.199435  0.054304
2021  0.059505  -0.055780  0.006652
2022  -0.106917  0.083418  0.018390
2023  0.122029  0.063202  0.018886
2024  -0.144205  -0.017645  0.021106
2025  0.043295  -0.074607  0.007441
2026  0.095831  0.003987  0.009200
2027  0.030351  -0.081498  0.007563
2028  0.018631  0.153358  0.023866
2029  -0.029006  0.062616  0.004762
2030  0.101956  -0.058309  0.013795
2031  -0.064332  0.119455  0.018408
2032  -0.054913  -0.008784  0.003093
2033  0.182270  0.016488  0.033494
2034  0.003400  0.151115  0.022847
2035  0.061062  -0.288628  0.087034
2036  -0.052900  0.117400  0.016581
2037  -0.131113  0.206092  0.059665
2038  -0.045674  -0.020757  0.002517
2039  0.073326  0.001992  0.005381
2040  0.008665  -0.138739  0.019324
2041  0.002158  -0.136963  0.018764
2042  0.270169  0.089402  0.080984
2043  -0.007418  0.199509  0.039859
2044  -0.001463  0.034769  0.001211
2045  0.129489  -0.176535  0.047932
2046  0.100020  0.271187  0.083546
2047  0.168047  0.182123  0.061409
