0  0.256490  -0.167630  0.093887
1  -0.209473  0.146512  0.065345
2  -0.104934  0.018560  0.011356
3  0.108774  0.268501  0.083924
4  -0.329475  -0.059296  0.112070
5  -0.283625  -0.133292  0.098210
6  0.145893  -0.073684  0.026714
7  0.243559  0.025016  0.059947
8  -0.081357  0.021342  0.007074
9  -0.104981  0.211138  0.055600
10  0.445191  0.196046  0.236629
11  0.055255  0.062740  0.006989
12  0.281404  -0.533110  0.363394
13  -0.177228  -0.001477  0.031412
14  -0.652666  0.499646  0.675619
15  0.079957  0.635231  0.409912
16  -0.212502  -0.325086  0.150838
17  0.165841  -0.104603  0.038445
18  0.017294  0.157281  0.025036
19  0.291573  0.059357  0.088538
20  0.108878  -0.156902  0.036473
21  -0.059967  0.024620  0.004202
22  0.276776  0.325748  0.182717
23  -0.056624  -0.273517  0.078018
24  -0.238353  -0.204094  0.098467
25  0.141177  -0.033751  0.021070
26  0.366236  -0.111398  0.146539
27  -0.055596  0.169140  0.031699
28  -0.319492  -0.222056  0.151384
29  -0.005000  -0.011928  0.000167
30  -0.393452  0.213856  0.200539
31  0.002102  0.182720  0.033391
32  -0.038836  0.351972  0.125392
33  -0.020044  -0.024482  0.001001
34  0.139023  0.022862  0.019850
35  -0.113858  -0.026187  0.013649
36  0.200736  -0.279501  0.118416
37  -0.051251  -0.094314  0.011522
38  -0.037898  -0.186596  0.036254
39  0.104823  -0.185153  0.045269
40  -0.053650  -0.321399  0.106176
41  -0.355979  0.410793  0.295472
42  0.325551  -0.321760  0.209513
43  -0.265731  0.175258  0.101328
44  0.036490  0.108770  0.013162
45  0.132559  -0.058151  0.020953
46  -0.310023  0.266270  0.167014
47  0.313736  -0.052726  0.101211
48  0.129088  0.134868  0.034853
49  0.003376  0.096513  0.009326
50  0.009494  0.102243  0.010544
51  0.072236  -0.042245  0.007003
52  -0.026205  0.027778  0.001458
53  -0.145771  -0.066175  0.025628
54  -0.209693  -0.380406  0.188680
55  -0.082901  -0.270460  0.080021
56  0.208981  0.362149  0.174825
57  -0.008161  -0.053520  0.002931
58  -0.120435  -0.107686  0.026101
59  -0.033839  -0.025787  0.001810
60  0.029443  -0.016776  0.001148
61  -0.343804  0.086132  0.125620
62  0.136868  -0.035311  0.019980
63  -0.177238  0.037326  0.032807
64  -0.191240  -0.237202  0.092837
65  -0.242677  -0.182992  0.092378
66  0.047772  0.234032  0.057053
67  0.017556  0.052736  0.003089
68  -0.181458  -0.031220  0.033902
69  -0.100110  0.089787  0.018084
70  0.096623  0.133485  0.027154
71  -0.262831  0.186483  0.103856
72  -0.038216  0.190997  0.037940
73  0.278008  -0.001523  0.077291
74  -0.195070  0.044748  0.040055
75  -0.027216  -0.071279  0.005821
76  -0.158302  0.080764  0.031582
77  0.005250  0.133367  0.017814
78  -0.011107  -0.080999  0.006684
79  -0.038304  -0.046887  0.003666
80  0.202378  -0.096208  0.050213
81  0.039979  -0.075113  0.007240
82  -0.389130  -0.246843  0.212353
83  0.021553  0.097960  0.010061
84  -0.093743  0.184716  0.042908
85  0.278162  0.094394  0.086284
86  -0.035640  -0.278558  0.078865
87  -0.010907  -0.014435  0.000327
88  -0.162221  0.004451  0.026335
89  -0.155319  -0.033759  0.025264
90  -0.154342  -0.025347  0.024464
91  0.062878  0.209047  0.047654
92  0.130974  -0.176286  0.048231
93  -0.251789  -0.181867  0.096473
94  0.010016  0.069309  0.004904
95  -0.114190  -0.156843  0.037639
96  -0.119828  0.185649  0.048824
97  0.084974  0.245748  0.067612
98  0.100952  -0.002265  0.010197
99  0.101410  -0.065209  0.014536
100  -0.043798  -0.068744  0.006644
101  0.014296  -0.044960  0.002226
102  0.000342  -0.068064  0.004633
103  0.035463  -0.093483  0.009997
104  -0.057283  0.036264  0.004596
105  0.038167  -0.103759  0.012223
106  0.019656  0.152162  0.023540
107  -0.138737  0.119006  0.033411
108  0.061565  -0.005781  0.003824
109  -0.118433  0.237898  0.070622
110  0.018639  0.073344  0.005727
111  -0.155150  0.027009  0.024801
112  -0.132236  0.027031  0.018217
113  0.199197  0.090277  0.047829
114  -0.125680  -0.065460  0.020080
115  -0.049037  0.046691  0.004585
116  -0.032197  0.212796  0.046319
117  0.025977  0.049699  0.003145
118  0.041601  -0.014259  0.001934
119  0.024368  0.115850  0.014015
120  0.156034  0.084304  0.031454
121  0.059190  0.117424  0.017292
122  0.033927  -0.172965  0.031068
123  -0.006496  0.004732  0.000065
124  0.021763  -0.132470  0.018022
125  -0.073248  0.059095  0.008857
126  0.095882  -0.077408  0.015185
127  -0.023828  -0.077192  0.006526
128  0.055104  0.115393  0.016352
129  0.137951  0.055857  0.022150
130  0.007593  0.063059  0.004034
131  -0.094108  -0.073826  0.014307
132  -0.095965  -0.038751  0.010711
133  0.091519  -0.108126  0.020067
134  0.028071  0.032897  0.001870
135  -0.049443  -0.131638  0.019773
136  0.173700  -0.045873  0.032276
137  0.005372  -0.058367  0.003436
138  -0.069634  0.010229  0.004954
139  -0.017841  -0.163940  0.027195
140  -0.082353  -0.037528  0.008190
141  0.005203  0.054959  0.003048
142  -0.064805  -0.017467  0.004505
143  0.010948  0.080068  0.006531
144  -0.064735  0.028105  0.004981
145  0.100327  -0.011771  0.010204
146  -0.014707  -0.037612  0.001631
147  0.012098  0.022764  0.000665
148  0.012586  0.043383  0.002040
149  0.053292  -0.028808  0.003670
150  -0.130099  0.053487  0.019787
151  -0.080260  0.020471  0.006861
152  0.056786  -0.028730  0.004050
153  -0.080241  -0.147997  0.028342
154  -0.021347  0.050488  0.003005
155  -0.130066  0.033463  0.018037
156  0.044887  0.027428  0.002767
157  -0.055827  -0.007336  0.003171
158  0.073930  0.073336  0.010844
159  -0.000858  0.118392  0.014017
160  0.051165  0.140478  0.022352
161  -0.055130  -0.192635  0.040147
162  -0.001908  0.075898  0.005764
163  0.021805  -0.013591  0.000660
164  0.011965  0.047960  0.002443
165  0.011581  -0.026773  0.000851
166  -0.062805  0.065335  0.008213
167  -0.036476  -0.083718  0.008339
168  -0.070179  0.096486  0.014235
169  -0.001731  -0.018586  0.000348
170  -0.043422  -0.005347  0.001914
171  0.103734  0.050305  0.013291
172  0.042495  -0.016426  0.002076
173  -0.097231  0.052056  0.012164
174  0.110328  -0.004486  0.012192
175  0.041056  0.016705  0.001965
176  -0.019203  0.027827  0.001143
177  0.116001  -0.075890  0.019216
178  0.030463  0.110618  0.013164
179  -0.079582  -0.036977  0.007701
180  -0.103519  -0.056609  0.013921
181  -0.004948  0.055651  0.003122
182  -0.100398  -0.078260  0.016204
183  0.022705  0.079530  0.006841
184  -0.036910  0.022383  0.001863
185  0.041292  0.031264  0.002683
186  0.017426  -0.011948  0.000446
187  0.037235  0.055946  0.004516
188  -0.033004  -0.031098  0.002056
189  -0.011755  -0.068495  0.004830
190  0.045535  0.021813  0.002549
191  -0.042837  0.008946  0.001915
192  0.022663  0.032045  0.001540
193  0.036692  0.088459  0.009171
194  0.091810  0.025155  0.009062
195  0.028002  -0.051487  0.003435
196  0.016005  -0.066710  0.004706
197  -0.043297  -0.031855  0.002889
198  -0.011206  0.001226  0.000127
199  0.011810  -0.030595  0.001076
200  0.040149  0.011879  0.001753
201  0.102743  0.023799  0.011123
202  -0.035966  0.008292  0.001362
203  0.096735  0.009637  0.009451
204  0.049640  -0.067331  0.006997
205  -0.020718  -0.040882  0.002101
206  -0.006498  0.005079  0.000068
207  -0.007154  0.138310  0.019181
208  0.064334  -0.018767  0.004491
209  0.010788  -0.063231  0.004115
210  0.029472  -0.017666  0.001181
211  -0.034725  -0.025731  0.001868
212  0.131218  0.064636  0.021396
213  0.033435  0.102318  0.011587
214  0.060573  0.006958  0.003717
215  0.058113  -0.062429  0.007275
216  0.069638  -0.064674  0.009032
217  0.051214  0.020013  0.003023
218  0.042293  0.005492  0.001819
219  0.003009  -0.119299  0.014241
220  -0.004369  0.012917  0.000186
221  -0.006794  0.003836  0.000061
222  -0.062371  0.009920  0.003988
223  0.012816  -0.040834  0.001832
224  0.015823  -0.020603  0.000675
225  0.020236  0.017304  0.000709
226  -0.091720  -0.025010  0.009038
227  0.008552  0.044703  0.002072
228  0.118794  -0.008690  0.014188
229  0.009707  -0.035090  0.001326
230  0.056391  -0.016505  0.003452
231  0.034432  0.022705  0.001701
232  0.003821  0.017367  0.000316
233  -0.025547  0.008616  0.000727
234  0.001277  0.020141  0.000407
235  0.004290  0.030023  0.000920
236  0.004086  0.017950  0.000339
237  0.087946  0.080197  0.014166
238  -0.029806  -0.038071  0.002338
239  0.090634  0.013705  0.008402
240  0.045735  0.024329  0.002684
241  0.019435  0.063720  0.004438
242  0.006076  -0.013889  0.000230
243  0.035613  0.021415  0.001727
244  -0.085172  0.020039  0.007656
245  0.019891  -0.009547  0.000487
246  0.050181  0.004531  0.002539
247  -0.018593  0.008161  0.000412
248  0.068738  0.006647  0.004769
249  0.005703  -0.107948  0.011685
250  -0.021580  -0.116136  0.013953
251  -0.062179  0.018754  0.004218
252  -0.070052  0.013795  0.005098
253  0.008288  -0.087714  0.007762
254  0.038215  0.031956  0.002482
255  0.034147  0.069026  0.005931
256  -0.014948  0.032212  0.001261
257  -0.033353  -0.024739  0.001724
258  0.021686  0.040897  0.002143
259  0.026296  -0.051273  0.003320
260  0.016392  -0.069926  0.005158
261  -0.021277  -0.013390  0.000632
262  -0.052811  -0.033195  0.003891
263  -0.056207  -0.005222  0.003186
264  0.077041  0.013032  0.006105
265  0.004232  0.046600  0.002189
266  -0.010196  -0.033049  0.001196
267  -0.030864  0.012996  0.001121
268  -0.078321  -0.002015  0.006138
269  -0.030271  0.026590  0.001623
270  0.020075  -0.038448  0.001881
271  -0.010660  -0.015097  0.000342
272  0.014992  -0.029360  0.001087
273  -0.004311  -0.028589  0.000836
274  0.026534  -0.019125  0.001070
275  -0.014669  -0.030104  0.001121
276  0.017780  0.017495  0.000622
277  0.017304  0.042616  0.002116
278  0.011886  0.063273  0.004145
279  0.027584  -0.007920  0.000824
280  0.069451  0.006765  0.004869
281  -0.006612  -0.029492  0.000914
282  0.021990  -0.016695  0.000762
283  0.010848  0.010988  0.000238
284  -0.006010  -0.040578  0.001683
285  -0.007367  -0.037207  0.001439
286  -0.001482  0.061600  0.003797
287  -0.014162  0.010746  0.000316
288  -0.011043  0.009397  0.000210
289  0.033801  0.041245  0.002844
290  0.007164  -0.015531  0.000293
291  0.004029  0.012912  0.000183
292  -0.033262  -0.027618  0.001869
293  -0.045109  0.032764  0.003108
294  -0.002199  0.018766  0.000357
295  -0.014765  0.014498  0.000428
296  0.039856  0.022369  0.002089
297  0.037561  0.011386  0.001540
298  -0.050688  0.006257  0.002608
299  -0.017936  0.012116  0.000468
300  0.022477  -0.055918  0.003632
301  0.025815  0.080449  0.007138
302  0.078153  0.015956  0.006362
303  -0.021136  -0.043055  0.002301
304  -0.037020  -0.004954  0.001395
305  0.034534  -0.005330  0.001221
306  -0.024765  -0.017327  0.000914
307  -0.016182  -0.059995  0.003861
308  -0.015224  0.007040  0.000281
309  -0.043456  -0.018759  0.002240
310  -0.082040  0.020176  0.007138
311  0.072774  -0.007234  0.005348
312  0.014222  0.019056  0.000565
313  -0.008361  -0.004287  0.000088
314  0.056500  -0.023974  0.003767
315  0.015534  -0.005377  0.000270
316  -0.009557  0.039287  0.001635
317  0.040354  -0.005149  0.001655
318  -0.023062  0.021612  0.000999
319  -0.027990  0.000744  0.000784
320  -0.047137  0.047331  0.004462
321  0.011871  -0.084268  0.007242
322  -0.037551  0.025245  0.002047
323  0.044319  -0.052738  0.004746
324  -0.002120  -0.005611  0.000036
325  -0.025056  0.008650  0.000703
326  -0.004204  -0.015474  0.000257
327  -0.011221  0.020661  0.000553
328  -0.013151  0.041048  0.001858
329  -0.032552  0.011318  0.001188
330  0.030328  0.002885  0.000928
331  0.015614  0.032857  0.001323
332  0.041659  -0.067701  0.006319
333  -0.036592  -0.005219  0.001366
334  -0.004270  -0.012388  0.000172
335  -0.041015  0.004072  0.001699
336  0.031650  0.000524  0.001002
337  0.034872  -0.043047  0.003069
338  -0.018600  0.011373  0.000475
339  -0.032516  -0.006993  0.001106
340  -0.042706  -0.026714  0.002537
341  -0.017390  0.023552  0.000857
342  -0.038962  0.019773  0.001909
343  0.009141  0.015846  0.000335
344  -0.029357  -0.016333  0.001129
345  -0.005746  0.018068  0.000359
346  0.013458  0.003439  0.000193
347  -0.059385  -0.021060  0.003970
348  -0.035322  -0.006353  0.001288
349  -0.030125  -0.000462  0.000908
350  -0.049912  0.000102  0.002491
351  -0.005788  0.020506  0.000454
352  -0.054475  0.001119  0.002969
353  -0.006006  0.005054  0.000062
354  0.009871  0.024148  0.000681
355  -0.041946  0.017241  0.002057
356  0.000011  -0.050878  0.002589
357  0.002508  0.025957  0.000680
358  0.020785  -0.014902  0.000654
359  -0.004896  0.000029  0.000024
360  -0.022781  -0.012557  0.000677
361  0.018520  0.048672  0.002712
362  0.002707  0.017725  0.000321
363  0.026888  0.000978  0.000724
364  0.001271  0.037438  0.001403
365  0.019507  0.010467  0.000490
366  -0.029924  -0.017166  0.001190
367  -0.021974  0.004616  0.000504
368  -0.025048  -0.003442  0.000639
369  0.026847  0.028968  0.001560
370  0.020789  0.019079  0.000796
371  0.018893  0.011991  0.000501
372  -0.018630  -0.048697  0.002718
373  -0.000954  -0.016561  0.000275
374  -0.020983  0.012099  0.000587
375  0.007936  -0.015975  0.000318
376  0.009777  -0.011734  0.000233
377  -0.000673  -0.021209  0.000450
378  -0.005802  0.002094  0.000038
379  -0.001807  0.020632  0.000429
380  -0.005276  0.003775  0.000042
381  -0.023242  -0.035599  0.001807
382  -0.023265  0.027522  0.001299
383  0.034312  -0.007245  0.001230
384  -0.007679  0.010102  0.000161
385  0.007174  -0.011942  0.000194
386  0.012638  -0.008047  0.000224
387  -0.010506  -0.017199  0.000406
388  -0.011101  0.027453  0.000877
389  0.033995  0.032785  0.002231
390  0.030216  0.010983  0.001034
391  0.025612  0.001614  0.000659
392  0.032876  -0.002223  0.001086
393  -0.010119  0.040895  0.001775
394  0.001914  -0.000361  0.000004
395  -0.004798  0.015887  0.000275
396  0.043230  0.028888  0.002703
397  0.041368  -0.011272  0.001838
398  -0.057579  0.004974  0.003340
399  0.011169  -0.000568  0.000125
400  0.035639  0.032628  0.002335
401  0.010479  0.008845  0.000188
402  0.014608  0.003149  0.000223
403  -0.014207  0.022199  0.000695
404  0.030923  0.022685  0.001471
405  -0.000194  -0.010865  0.000118
406  0.033408  0.005663  0.001148
407  0.001085  -0.052647  0.002773
408  0.018325  0.010650  0.000449
409  0.035972  0.008036  0.001359
410  0.002913  -0.023145  0.000544
411  -0.021552  0.023907  0.001036
412  0.076178  -0.000074  0.005803
413  -0.033576  -0.002231  0.001132
414  0.004358  0.009050  0.000101
415  0.046417  -0.013019  0.002324
416  -0.005370  -0.017876  0.000348
417  0.017074  0.054492  0.003261
418  0.008967  0.000279  0.000080
419  -0.038226  0.004290  0.001480
420  0.012274  0.031818  0.001163
421  -0.038646  -0.015774  0.001742
422  0.065621  -0.018355  0.004643
423  -0.006671  0.013110  0.000216
424  0.064402  0.005779  0.004181
425  0.027444  -0.006073  0.000790
426  -0.015593  0.005412  0.000272
427  0.045337  -0.029896  0.002949
428  0.005845  -0.026439  0.000733
429  -0.028847  0.031473  0.001823
430  0.013811  -0.033781  0.001332
431  0.029549  0.028813  0.001703
432  0.038160  -0.024175  0.002041
433  -0.009164  0.005713  0.000117
434  0.005909  -0.040843  0.001703
435  -0.035175  0.019836  0.001631
436  -0.017013  0.039081  0.001817
437  -0.026153  -0.012655  0.000844
438  -0.012496  0.008955  0.000236
439  -0.051536  0.010060  0.002757
440  -0.017412  -0.001257  0.000305
441  0.034462  0.038032  0.002634
442  -0.016252  -0.019859  0.000659
443  -0.048696  0.050228  0.004894
444  0.043406  0.032899  0.002966
445  -0.034568  -0.027094  0.001929
446  0.017678  0.021808  0.000788
447  -0.037702  -0.000403  0.001422
448  0.009988  -0.034875  0.001316
449  -0.018337  0.025058  0.000964
450  -0.030240  0.030683  0.001856
451  -0.031392  -0.008997  0.001066
452  -0.022598  0.013822  0.000702
453  -0.001750  -0.051091  0.002613
454  0.029352  0.036193  0.002172
455  -0.037618  -0.053388  0.004265
456  -0.030496  -0.010694  0.001044
457  -0.002407  0.015320  0.000240
458  0.019860  -0.031252  0.001371
459  0.020969  -0.065537  0.004735
460  -0.001352  -0.025991  0.000677
461  0.009474  0.003440  0.000102
462  0.053167  0.000745  0.002827
463  0.009000  -0.027584  0.000842
464  0.008846  -0.005871  0.000113
465  0.005970  -0.014754  0.000253
466  0.034135  0.011158  0.001290
467  -0.017624  0.026140  0.000994
468  -0.029186  0.063601  0.004897
469  -0.032007  0.026140  0.001708
470  -0.018020  -0.057606  0.003643
471  0.003146  0.025770  0.000674
472  0.028560  0.010782  0.000932
473  0.033265  -0.031688  0.002111
474  -0.071082  -0.059891  0.008640
475  0.029467  -0.042121  0.002642
476  -0.014593  0.017319  0.000513
477  0.007715  -0.019186  0.000428
478  0.043286  0.005292  0.001902
479  0.001573  -0.039730  0.001581
480  -0.010183  -0.001737  0.000107
481  0.001941  -0.052544  0.002765
482  -0.036750  -0.025819  0.002017
483  -0.044500  -0.018282  0.002314
484  0.011078  0.001389  0.000125
485  0.012471  -0.012014  0.000300
486  0.000780  -0.012336  0.000153
487  -0.011498  0.033040  0.001224
488  0.026218  -0.020216  0.001096
489  0.019659  -0.014455  0.000595
490  0.003635  -0.017547  0.000321
491  -0.065517  0.007331  0.004346
492  -0.039594  -0.045672  0.003654
493  0.014762  0.046681  0.002397
494  0.005140  -0.003272  0.000037
495  -0.007993  -0.009873  0.000161
496  0.008295  0.025945  0.000742
497  0.026870  -0.013426  0.000902
498  -0.012024  -0.011869  0.000285
499  0.000251  0.036139  0.001306
500  -0.010779  0.065720  0.004435
501  -0.040499  -0.002948  0.001649
502  0.035172  0.037996  0.002681
503  0.037813  -0.025610  0.002086
504  -0.009576  0.002871  0.000100
505  0.030647  -0.016720  0.001219
506  -0.002115  -0.003553  0.000017
507  0.049775  0.005369  0.002506
508  -0.003906  0.045946  0.002126
509  0.014173  -0.016228  0.000464
510  -0.007704  0.032712  0.001129
511  0.023972  -0.007855  0.000636
512  -0.001902  0.017459  0.000308
513  -0.029009  -0.007596  0.000899
514  -0.043175  0.005589  0.001895
515  0.011426  -0.009310  0.000217
516  -0.030592  -0.013292  0.001113
517  0.008135  0.028765  0.000894
518  -0.002039  0.034401  0.001188
519  -0.004032  -0.029820  0.000905
520  -0.024873  -0.008609  0.000693
521  0.011227  -0.005474  0.000156
522  -0.025407  -0.015071  0.000873
523  0.001883  0.024867  0.000622
524  -0.014782  -0.000829  0.000219
525  0.038302  0.015745  0.001715
526  -0.042055  -0.022384  0.002270
527  -0.015307  -0.012032  0.000379
528  0.058330  0.003954  0.003418
529  -0.026329  0.010848  0.000811
530  -0.020414  -0.006652  0.000461
531  0.026196  -0.005859  0.000721
532  -0.050247  0.060080  0.006134
533  0.019308  -0.037005  0.001742
534  0.011662  -0.013787  0.000326
535  0.003820  -0.001196  0.000016
536  0.003289  0.004140  0.000028
537  -0.022962  0.027466  0.001282
538  -0.019576  0.007907  0.000446
539  0.013326  -0.008478  0.000249
540  -0.056589  0.040408  0.004835
541  0.012253  -0.035504  0.001411
542  0.038565  0.008267  0.001556
543  -0.013449  0.020215  0.000590
544  0.035642  -0.016705  0.001549
545  -0.001048  -0.027827  0.000775
546  -0.067191  0.001184  0.004516
547  -0.005252  0.041108  0.001717
548  -0.028689  0.006640  0.000867
549  0.008065  -0.003747  0.000079
550  0.024902  0.006632  0.000664
551  0.023770  0.011840  0.000705
552  0.019801  0.014267  0.000596
553  0.006953  0.010557  0.000160
554  -0.005923  0.052686  0.002811
555  -0.031081  0.015893  0.001219
556  -0.018178  0.005093  0.000356
557  0.003110  0.008550  0.000083
558  0.008910  0.031037  0.001043
559  0.031372  -0.015160  0.001214
560  -0.008356  0.048844  0.002456
561  -0.019270  0.017397  0.000674
562  0.014660  0.020528  0.000636
563  0.014010  -0.007448  0.000252
564  0.006834  -0.015015  0.000272
565  -0.047312  -0.007920  0.002301
566  -0.014597  0.018343  0.000550
567  0.031737  0.042615  0.002823
568  0.003890  -0.031269  0.000993
569  0.003295  -0.011656  0.000147
570  0.028051  0.032876  0.001868
571  0.015861  0.001558  0.000254
572  0.002537  -0.059564  0.003554
573  0.014870  -0.010817  0.000338
574  0.026175  -0.032594  0.001748
575  -0.020965  0.012218  0.000589
576  -0.018306  0.011194  0.000460
577  0.035321  0.025418  0.001894
578  -0.006634  0.026134  0.000727
579  -0.027654  0.003821  0.000779
580  0.007550  0.007037  0.000107
581  -0.004106  -0.043331  0.001894
582  0.026572  0.038176  0.002163
583  -0.003449  0.004797  0.000035
584  -0.029624  -0.024319  0.001469
585  -0.002617  -0.011155  0.000131
586  0.005718  -0.018361  0.000370
587  0.011037  0.019118  0.000487
588  -0.019008  0.020808  0.000794
589  0.030674  0.013453  0.001122
590  -0.012587  -0.009928  0.000257
591  0.007247  -0.021347  0.000508
592  -0.019660  0.022714  0.000902
593  -0.002609  0.027615  0.000769
594  0.023286  0.036758  0.001893
595  -0.010852  0.018790  0.000471
596  0.001745  -0.032769  0.001077
597  0.038257  0.002957  0.001472
598  0.005105  0.026406  0.000723
599  0.019115  -0.018318  0.000701
600  -0.029907  0.012024  0.001039
601  -0.008950  0.022544  0.000588
602  0.007318  0.002065  0.000058
603  0.002519  -0.011549  0.000140
604  -0.010963  0.021908  0.000600
605  0.030459  -0.013735  0.001116
606  0.004511  0.000791  0.000021
607  -0.026887  -0.019684  0.001110
608  0.031142  0.012798  0.001134
609  -0.015649  -0.038448  0.001723
610  0.012878  0.020148  0.000572
611  -0.003064  -0.020852  0.000444
612  -0.040068  -0.030566  0.002540
613  0.015937  -0.031933  0.001274
614  0.011856  0.008091  0.000206
615  -0.021734  -0.035243  0.001714
616  0.011380  -0.024742  0.000742
617  -0.040392  0.017850  0.001950
618  0.032972  -0.008934  0.001167
619  -0.029363  -0.018144  0.001191
620  -0.018324  0.007765  0.000396
621  0.013911  -0.003174  0.000204
622  -0.022846  0.001509  0.000524
623  0.019331  -0.003246  0.000384
624  -0.022596  -0.005559  0.000541
625  0.030095  0.016976  0.001194
626  -0.023440  -0.011812  0.000689
627  -0.002361  0.001098  0.000007
628  0.009231  -0.010950  0.000205
629  -0.024069  -0.021711  0.001051
630  -0.034370  -0.008119  0.001247
631  -0.033973  -0.008573  0.001228
632  -0.011842  0.019988  0.000540
633  -0.019725  0.005663  0.000421
634  0.013888  0.008328  0.000262
635  -0.020184  0.012535  0.000565
636  0.021990  -0.010124  0.000586
637  -0.019122  -0.015711  0.000612
638  0.008426  -0.011394  0.000201
639  -0.005033  -0.010052  0.000126
640  -0.029543  -0.023003  0.001402
641  -0.008890  0.004110  0.000096
642  -0.012598  0.034497  0.001349
643  -0.022369  -0.016704  0.000779
644  -0.003690  0.026998  0.000742
645  -0.024197  -0.003932  0.000601
646  -0.032927  -0.015946  0.001338
647  0.030850  0.004292  0.000970
648  0.019543  -0.047082  0.002599
649  0.031393  -0.025970  0.001660
650  -0.007765  0.004544  0.000081
651  -0.022602  0.010915  0.000630
652  -0.003226  -0.020891  0.000447
653  0.011731  -0.025359  0.000781
654  0.000992  0.005527  0.000032
655  -0.013230  -0.023242  0.000715
656  0.010478  -0.042627  0.001927
657  0.014846  -0.021986  0.000704
658  -0.011744  -0.006855  0.000185
659  -0.000979  0.027033  0.000732
660  -0.009527  0.004470  0.000111
661  0.004808  0.004803  0.000046
662  -0.022009  0.030749  0.001430
663  -0.005947  -0.020385  0.000451
664  -0.003534  0.017115  0.000305
665  -0.020157  -0.008199  0.000474
666  0.011863  0.007512  0.000197
667  -0.001251  0.005076  0.000027
668  -0.042733  0.004827  0.001849
669  0.008630  0.014852  0.000295
670  -0.005244  0.007753  0.000088
671  0.020405  -0.018958  0.000776
672  -0.019631  -0.031604  0.001384
673  0.009157  0.011574  0.000218
674  -0.004040  -0.006382  0.000057
675  -0.005184  0.015780  0.000276
676  -0.022253  0.011962  0.000638
677  0.058589  0.015894  0.003685
678  0.021366  0.053468  0.003315
679  0.011981  0.034497  0.001334
680  -0.006370  -0.001395  0.000043
681  0.013611  -0.003144  0.000195
682  0.001415  -0.020965  0.000442
683  -0.019950  -0.002367  0.000404
684  0.002958  -0.021853  0.000486
685  0.004511  0.035855  0.001306
686  0.030145  -0.045363  0.002967
687  -0.008586  -0.010487  0.000184
688  -0.008135  0.020958  0.000505
689  -0.001112  0.004516  0.000022
690  0.029663  -0.055889  0.004003
691  -0.042590  -0.009559  0.001905
692  -0.007948  -0.003229  0.000074
693  0.018927  -0.022964  0.000886
694  -0.043255  0.014953  0.002095
695  0.016623  0.029662  0.001156
696  -0.003801  0.009989  0.000114
697  -0.000913  -0.008272  0.000069
698  -0.009946  -0.009387  0.000187
699  -0.008016  0.017303  0.000364
700  0.022410  0.023261  0.001043
701  -0.026407  0.031131  0.001666
702  0.030439  -0.006359  0.000967
703  -0.010266  0.009784  0.000201
704  0.018509  0.031383  0.001327
705  -0.026674  0.031726  0.001718
706  0.004592  -0.009240  0.000106
707  -0.013001  0.007430  0.000224
708  0.021289  0.012909  0.000620
709  -0.006755  -0.026712  0.000759
710  0.025049  -0.009233  0.000713
711  -0.004607  0.009151  0.000105
712  0.041529  -0.017123  0.002018
713  0.029127  -0.004549  0.000869
714  0.011020  0.044008  0.002058
715  -0.027361  0.009618  0.000841
716  0.005119  -0.019363  0.000401
717  -0.048803  -0.021940  0.002863
718  -0.049573  -0.003402  0.002469
719  -0.017544  -0.022647  0.000821
720  -0.016349  -0.020596  0.000691
721  -0.001229  0.014372  0.000208
722  0.002307  -0.000337  0.000005
723  0.011816  0.020997  0.000580
724  -0.006609  0.004327  0.000062
725  0.016548  0.036542  0.001609
726  0.030322  -0.005127  0.000946
727  -0.018357  0.041074  0.002024
728  0.002724  0.013088  0.000179
729  -0.021161  -0.049046  0.002853
730  -0.009072  0.025634  0.000739
731  -0.033595  -0.031725  0.002135
732  -0.001828  -0.003119  0.000013
733  -0.019432  0.010435  0.000487
734  0.002047  -0.014899  0.000226
735  0.023517  0.026075  0.001233
736  -0.023920  0.006899  0.000620
737  0.006388  0.033124  0.001138
738  0.023137  0.016451  0.000806
739  -0.005187  0.028980  0.000867
740  0.023899  -0.039377  0.002122
741  -0.000194  0.013771  0.000190
742  0.050041  -0.048318  0.004839
743  0.018859  -0.000268  0.000356
744  0.001479  0.005475  0.000032
745  -0.032113  0.001702  0.001034
746  -0.019106  0.016457  0.000636
747  -0.020681  0.033657  0.001561
748  0.030979  0.004898  0.000984
749  -0.009036  -0.021243  0.000533
750  -0.019096  -0.022674  0.000879
751  0.001216  -0.018280  0.000336
752  -0.001848  0.006390  0.000044
753  -0.000866  -0.027598  0.000762
754  -0.014860  0.009993  0.000321
755  -0.020365  0.016089  0.000674
756  0.029479  -0.010721  0.000984
757  -0.031347  0.024869  0.001601
758  0.020640  0.008385  0.000496
759  0.022220  -0.021508  0.000956
760  0.026634  0.025489  0.001359
761  -0.023302  -0.034481  0.001732
762  0.025099  0.017466  0.000935
763  -0.045958  0.024959  0.002735
764  -0.019465  0.004597  0.000400
765  -0.011364  -0.017433  0.000433
766  0.012063  0.012389  0.000299
767  0.000400  0.017369  0.000302
768  0.014423  0.011273  0.000335
769  0.017425  0.004591  0.000325
770  0.010453  -0.024743  0.000721
771  0.008212  0.013552  0.000251
772  -0.009829  0.006594  0.000140
773  -0.004053  -0.016541  0.000290
774  0.046855  0.029826  0.003085
775  -0.010216  -0.010939  0.000224
776  -0.011714  0.022336  0.000636
777  -0.010654  0.000832  0.000114
778  -0.020146  -0.002418  0.000412
779  0.004631  0.016927  0.000308
780  0.003670  0.000917  0.000014
781  0.019384  -0.007441  0.000431
782  0.003956  0.001281  0.000017
783  0.003031  -0.009707  0.000103
784  0.058601  -0.006443  0.003476
785  0.016269  0.020039  0.000666
786  -0.012567  0.015525  0.000399
787  0.050154  0.008273  0.002584
788  -0.025926  0.008775  0.000749
789  -0.041629  0.017091  0.002025
790  0.022574  0.017834  0.000828
791  0.021930  0.013633  0.000667
792  -0.032250  -0.048530  0.003395
793  -0.010286  0.023103  0.000640
794  0.004725  0.012937  0.000190
795  -0.019106  -0.010105  0.000467
796  0.011063  -0.008248  0.000190
797  -0.004884  0.007994  0.000088
798  -0.011529  0.013744  0.000322
799  0.020962  -0.023134  0.000975
800  0.020158  0.015364  0.000642
801  0.001283  0.000328  0.000002
802  0.017609  0.000559  0.000310
803  0.014211  0.008192  0.000269
804  0.032803  0.021844  0.001553
805  0.023648  0.006556  0.000602
806  -0.011206  0.007544  0.000182
807  -0.025527  -0.022853  0.001174
808  0.004204  -0.028867  0.000851
809  -0.013387  0.002098  0.000184
810  0.045207  -0.037005  0.003413
811  -0.010157  -0.002357  0.000109
812  0.012539  0.021443  0.000617
813  0.035989  -0.002773  0.001303
814  0.001777  -0.006537  0.000046
815  0.001364  -0.002741  0.000009
816  -0.009646  -0.021443  0.000553
817  -0.030898  0.030669  0.001895
818  -0.032576  0.016919  0.001347
819  -0.017305  -0.017136  0.000593
820  -0.010108  0.018972  0.000462
821  0.037890  -0.005405  0.001465
822  -0.020155  -0.025962  0.001080
823  -0.028102  0.038305  0.002257
824  -0.016171  0.000801  0.000262
825  0.001492  -0.010772  0.000118
826  0.036025  -0.052721  0.004077
827  0.024250  0.000761  0.000589
828  0.015738  0.018229  0.000580
829  -0.031091  -0.005408  0.000996
830  0.010988  0.026671  0.000832
831  -0.026401  -0.017790  0.001014
832  -0.019585  0.068682  0.005101
833  0.004931  -0.044703  0.002023
834  -0.041346  -0.025705  0.002370
835  -0.023652  -0.039180  0.002094
836  0.004757  -0.014923  0.000245
837  0.010469  0.000158  0.000110
838  -0.004428  0.051187  0.002640
839  -0.017091  0.017801  0.000609
840  -0.000732  0.003200  0.000011
841  0.021613  0.024535  0.001069
842  0.041938  -0.047303  0.003996
843  0.025696  0.003183  0.000670
844  -0.010976  0.003671  0.000134
845  -0.000079  -0.000355  0.000000
846  0.008164  -0.016880  0.000352
847  0.001246  0.011157  0.000126
848  0.033660  0.018578  0.001478
849  0.040266  -0.010015  0.001722
850  0.004262  -0.022407  0.000520
851  -0.018718  -0.012759  0.000513
852  -0.020090  -0.007576  0.000461
853  0.002862  -0.036441  0.001336
854  -0.017835  -0.002605  0.000325
855  0.028997  0.007949  0.000904
856  0.003242  -0.017854  0.000329
857  0.013479  -0.020165  0.000588
858  -0.019158  -0.021968  0.000850
859  -0.012413  0.017055  0.000445
860  -0.011093  0.001886  0.000127
861  0.008337  0.001144  0.000071
862  -0.066846  -0.002448  0.004474
863  0.000357  -0.001222  0.000002
864  -0.017532  0.019745  0.000697
865  0.027063  0.030995  0.001693
866  -0.001795  -0.012470  0.000159
867  -0.030123  -0.006290  0.000947
868  0.018178  -0.029990  0.001230
869  -0.022090  -0.017064  0.000779
870  0.020715  -0.003828  0.000444
871  -0.009790  0.003595  0.000109
872  0.017627  0.006792  0.000357
873  -0.032393  -0.016970  0.001337
874  -0.016469  0.002640  0.000278
875  -0.006051  0.038242  0.001499
876  0.031915  0.029926  0.001914
877  -0.000651  0.030547  0.000934
878  0.024569  0.000537  0.000604
879  -0.005269  -0.007856  0.000089
880  -0.045541  0.001441  0.002076
881  -0.025466  -0.001462  0.000651
882  -0.018871  0.017490  0.000662
883  -0.011286  0.001778  0.000131
884  0.009344  0.013944  0.000282
885  -0.019163  0.008551  0.000440
886  0.038137  0.010757  0.001570
887  -0.007779  -0.046438  0.002217
888  -0.008273  0.011364  0.000198
889  -0.002233  -0.006129  0.000043
890  -0.012184  0.008544  0.000221
891  0.015332  0.051770  0.002915
892  0.009607  0.017002  0.000381
893  -0.006828  0.029192  0.000899
894  -0.013713  -0.024553  0.000791
895  0.008775  0.010789  0.000193
896  -0.001086  -0.003202  0.000011
897  -0.034021  0.051141  0.003773
898  0.016090  -0.038512  0.001742
899  -0.006908  -0.004935  0.000072
900  -0.012486  -0.011905  0.000298
901  0.024744  -0.002274  0.000617
902  0.009163  0.025731  0.000746
903  0.009819  -0.017747  0.000411
904  -0.015205  -0.013683  0.000418
905  0.001648  -0.011504  0.000135
906  -0.005279  0.007738  0.000088
907  0.034391  -0.025497  0.001833
908  -0.021119  -0.004439  0.000466
909  0.008734  -0.003496  0.000089
910  0.028277  0.011065  0.000922
911  0.015585  -0.011518  0.000376
912  0.025881  -0.001806  0.000673
913  -0.002603  0.009301  0.000093
914  0.037800  -0.001681  0.001432
915  0.042687  0.012443  0.001977
916  0.024038  -0.050445  0.003122
917  -0.001477  -0.002398  0.000008
918  0.050591  -0.010735  0.002675
919  0.021615  0.035072  0.001697
920  0.016285  -0.006705  0.000310
921  0.000910  0.029442  0.000868
922  0.029061  0.020205  0.001253
923  -0.001097  0.007848  0.000063
924  0.009192  0.044278  0.002045
925  -0.030054  -0.024831  0.001520
926  0.004184  -0.000900  0.000018
927  -0.013946  -0.012741  0.000357
928  -0.009536  -0.013585  0.000275
929  -0.002525  -0.017356  0.000308
930  -0.018608  -0.029571  0.001221
931  0.023539  -0.035597  0.001821
932  -0.029649  0.011850  0.001019
933  -0.004661  0.009056  0.000104
934  -0.005175  -0.008905  0.000106
935  -0.024765  -0.003837  0.000628
936  0.011989  0.017567  0.000452
937  0.023777  0.010720  0.000680
938  0.019122  -0.019600  0.000750
939  0.013362  -0.002632  0.000185
940  -0.028288  0.017333  0.001101
941  0.032077  0.018193  0.001360
942  -0.016393  -0.011208  0.000394
943  0.012493  -0.024074  0.000736
944  0.015091  -0.019562  0.000610
945  0.026479  -0.020945  0.001140
946  0.010421  0.023260  0.000650
947  0.012153  0.026944  0.000874
948  0.008482  0.019647  0.000458
949  -0.018566  -0.006435  0.000386
950  -0.005407  0.006463  0.000071
951  0.002252  -0.006952  0.000053
952  -0.009250  0.002606  0.000092
953  -0.007335  -0.027671  0.000820
954  -0.017964  0.031772  0.001332
955  0.000287  -0.021947  0.000482
956  -0.009005  0.006451  0.000123
957  0.004324  -0.024044  0.000597
958  0.000118  -0.013192  0.000174
959  -0.009254  0.029940  0.000982
960  0.023452  -0.027696  0.001317
961  -0.015881  -0.005708  0.000285
962  -0.005861  -0.014914  0.000257
963  -0.025165  0.035801  0.001915
964  -0.029592  -0.036875  0.002235
965  -0.007485  -0.001696  0.000059
966  0.014769  0.019473  0.000597
967  0.017869  0.002715  0.000327
968  0.011557  -0.008118  0.000199
969  0.033292  0.024874  0.001727
970  0.027814  -0.002720  0.000781
971  -0.009662  0.034347  0.001273
972  0.004143  0.050247  0.002542
973  -0.033207  0.021808  0.001578
974  -0.028079  -0.023266  0.001330
975  -0.002854  -0.006322  0.000048
976  0.010356  -0.008992  0.000188
977  -0.027522  -0.009492  0.000848
978  -0.009192  0.021108  0.000530
979  -0.006203  0.010386  0.000146
980  -0.029051  -0.001786  0.000847
981  0.014313  0.004457  0.000225
982  0.024578  0.012147  0.000752
983  -0.009906  0.003149  0.000108
984  0.005252  0.027272  0.000771
985  -0.023637  0.033447  0.001677
986  0.013977  0.016312  0.000461
987  0.003773  -0.014286  0.000218
988  -0.005842  -0.031148  0.001004
989  0.031715  0.042982  0.002853
990  0.007801  0.015874  0.000313
991  -0.009525  -0.005153  0.000117
992  -0.010827  0.059058  0.003605
993  0.004883  0.006300  0.000064
994  0.038379  0.009862  0.001570
995  0.026402  0.019119  0.001063
996  0.012065  0.021322  0.000600
997  -0.012559  0.016187  0.000420
998  0.018930  0.007192  0.000410
999  0.009323  -0.014187  0.000288
1000  0.057151  0.026470  0.003967
1001  -0.019454  -0.002407  0.000384
1002  0.013005  0.021529  0.000633
1003  0.010730  -0.012682  0.000276
1004  0.013727  -0.000967  0.000189
1005  -0.003688  0.009599  0.000106
1006  0.001729  0.033683  0.001138
1007  -0.020588  0.001171  0.000425
1008  -0.024654  0.025381  0.001252
1009  0.009297  -0.000731  0.000087
1010  -0.045730  0.031829  0.003104
1011  0.015010  0.030388  0.001149
1012  -0.034687  -0.002102  0.001208
1013  0.005040  0.023462  0.000576
1014  -0.026985  0.007234  0.000781
1015  -0.021351  0.016960  0.000744
1016  -0.015232  0.014663  0.000447
1017  0.010262  -0.012415  0.000259
1018  0.016384  -0.017736  0.000583
1019  -0.002277  0.013854  0.000197
1020  -0.028618  -0.023251  0.001360
1021  0.071049  -0.012217  0.005197
1022  0.031215  0.010199  0.001078
1023  0.019171  0.020856  0.000802
1024  0.003751  0.020532  0.000436
1025  0.000668  -0.043244  0.001871
1026  -0.029484  -0.002743  0.000877
1027  0.007199  -0.013595  0.000237
1028  0.034397  -0.029408  0.002048
1029  -0.003565  0.018595  0.000358
1030  -0.011169  -0.043485  0.002016
1031  -0.032800  0.001638  0.001079
1032  -0.008031  0.003818  0.000079
1033  -0.016675  -0.050586  0.002837
1034  0.019961  -0.016073  0.000657
1035  -0.016527  0.002657  0.000280
1036  0.023977  0.039676  0.002149
1037  -0.011646  0.033217  0.001239
1038  0.018908  -0.012173  0.000506
1039  -0.004282  0.019064  0.000382
1040  0.011848  -0.049392  0.002580
1041  -0.011025  -0.019335  0.000495
1042  -0.018606  -0.002112  0.000351
1043  0.007365  -0.036567  0.001391
1044  -0.014430  -0.003343  0.000219
1045  -0.005480  0.022916  0.000555
1046  0.006273  0.018661  0.000388
1047  0.006266  0.013561  0.000223
1048  -0.014432  -0.007044  0.000258
1049  0.016303  0.014716  0.000482
1050  -0.019671  0.020572  0.000810
1051  -0.006601  -0.005452  0.000073
1052  -0.014266  -0.026120  0.000886
1053  -0.026532  -0.022881  0.001228
1054  -0.012950  0.030015  0.001069
1055  -0.023633  0.032463  0.001612
1056  0.020765  0.033023  0.001522
1057  -0.055663  -0.004198  0.003116
1058  -0.021631  0.014290  0.000672
1059  0.014301  -0.010009  0.000305
1060  0.009295  0.034072  0.001247
1061  0.009116  0.008974  0.000164
1062  0.007026  -0.028507  0.000862
1063  0.015818  0.007181  0.000302
1064  -0.015332  -0.000455  0.000235
1065  0.014820  0.030135  0.001128
1066  0.022098  -0.014178  0.000689
1067  0.003087  -0.021208  0.000459
1068  0.024481  -0.027505  0.001356
1069  -0.010286  -0.022800  0.000626
1070  0.031281  0.006629  0.001022
1071  0.039461  -0.001639  0.001560
1072  0.043275  -0.017511  0.002179
1073  0.010339  0.001818  0.000110
1074  -0.014412  0.014973  0.000432
1075  -0.014425  -0.021033  0.000650
1076  -0.017694  -0.002448  0.000319
1077  0.052470  0.009118  0.002836
1078  0.001119  0.022723  0.000518
1079  0.013101  0.028395  0.000978
1080  0.001933  0.018859  0.000359
1081  -0.050703  -0.023064  0.003103
1082  0.003627  -0.000623  0.000014
1083  -0.012104  -0.007449  0.000202
1084  0.015614  0.016415  0.000513
1085  0.011857  -0.005440  0.000170
1086  -0.028670  0.029719  0.001705
1087  0.013729  0.024980  0.000812
1088  0.008499  0.014601  0.000285
1089  0.017723  -0.025706  0.000975
1090  -0.016250  -0.001185  0.000265
1091  0.018017  -0.017505  0.000631
1092  0.034780  0.003729  0.001224
1093  0.012024  -0.005782  0.000178
1094  0.000994  0.022908  0.000526
1095  0.004785  0.015661  0.000268
1096  -0.040332  0.003580  0.001640
1097  0.039188  -0.012373  0.001689
1098  0.038749  -0.007627  0.001560
1099  -0.020203  -0.009309  0.000495
1100  0.023259  0.002119  0.000545
1101  -0.008206  0.016510  0.000340
1102  0.021577  -0.010540  0.000577
1103  0.017864  0.014607  0.000533
1104  0.024340  -0.012011  0.000737
1105  0.067378  -0.001818  0.004543
1106  -0.002719  -0.000683  0.000008
1107  0.007917  0.008705  0.000138
1108  -0.001398  0.012597  0.000161
1109  -0.020032  -0.011348  0.000530
1110  -0.030562  0.032006  0.001958
1111  -0.014054  0.008655  0.000272
1112  -0.001186  0.020828  0.000435
1113  -0.022933  -0.010746  0.000641
1114  0.003158  -0.020018  0.000411
1115  0.016800  0.015774  0.000531
1116  -0.016208  0.028969  0.001102
1117  0.011374  -0.009394  0.000218
1118  0.035844  0.002123  0.001289
1119  -0.003770  -0.000768  0.000015
1120  0.019285  -0.011783  0.000511
1121  -0.006940  -0.009833  0.000145
1122  0.011260  -0.052121  0.002843
1123  0.021658  -0.000617  0.000469
1124  -0.019337  -0.019302  0.000746
1125  -0.023744  0.018447  0.000904
1126  0.039202  -0.012256  0.001687
1127  -0.030312  -0.004306  0.000937
1128  -0.002965  -0.015950  0.000263
1129  0.013688  -0.001891  0.000191
1130  0.040198  -0.008781  0.001693
1131  -0.000556  -0.013946  0.000195
1132  -0.030280  -0.007478  0.000973
1133  0.011692  0.007757  0.000197
1134  0.026637  0.045968  0.002823
1135  -0.043491  0.001352  0.001893
1136  0.017774  0.004153  0.000333
1137  0.004917  0.014115  0.000223
1138  0.003940  0.008895  0.000095
1139  -0.004066  0.005483  0.000047
1140  0.039150  0.003350  0.001544
1141  0.001194  -0.008187  0.000068
1142  -0.009581  -0.004937  0.000116
1143  0.013155  0.017795  0.000490
1144  -0.009707  0.025434  0.000741
1145  -0.017104  -0.022890  0.000816
1146  0.002041  0.028536  0.000818
1147  -0.015034  0.050964  0.002823
1148  0.042851  0.019689  0.002224
1149  0.042623  0.017540  0.002124
1150  0.006314  -0.013932  0.000234
1151  -0.001132  0.032573  0.001062
1152  -0.022932  0.009322  0.000613
1153  0.046490  0.038605  0.003652
1154  0.003773  -0.031324  0.000995
1155  -0.006728  0.014103  0.000244
1156  -0.034046  0.043616  0.003062
1157  -0.025910  0.023001  0.001200
1158  -0.050994  0.007323  0.002654
1159  0.025088  0.005271  0.000657
1160  0.041499  0.035514  0.002983
1161  0.012752  -0.003022  0.000172
1162  0.020171  -0.014466  0.000616
1163  0.042832  0.029081  0.002680
1164  -0.020619  -0.014514  0.000636
1165  -0.008198  -0.005307  0.000095
1166  -0.018637  0.006699  0.000392
1167  -0.023437  0.000846  0.000550
1168  -0.038611  0.023279  0.002033
1169  -0.024110  0.021298  0.001035
1170  0.025581  0.039495  0.002214
1171  0.038439  -0.003412  0.001489
1172  -0.029722  0.029238  0.001738
1173  -0.021692  0.013710  0.000659
1174  -0.010538  0.010365  0.000218
1175  0.036555  -0.009055  0.001418
1176  -0.005856  0.016632  0.000311
1177  -0.012323  0.017345  0.000453
1178  0.000068  -0.008878  0.000079
1179  0.046061  -0.001752  0.002125
1180  0.008625  0.001787  0.000078
1181  -0.006634  -0.032077  0.001073
1182  0.014944  -0.020329  0.000637
1183  -0.043417  0.004048  0.001901
1184  0.003807  0.061216  0.003762
1185  -0.015157  -0.019578  0.000613
1186  0.025160  0.004447  0.000653
1187  -0.011507  0.065270  0.004393
1188  0.005438  0.003871  0.000045
1189  0.017447  0.016965  0.000592
1190  -0.018611  0.013495  0.000528
1191  -0.007124  -0.006910  0.000098
1192  0.007733  -0.001972  0.000064
1193  0.000036  0.037221  0.001385
1194  -0.031798  0.017461  0.001316
1195  0.001689  0.008397  0.000073
1196  -0.009370  0.018492  0.000430
1197  -0.015141  0.014935  0.000452
1198  0.012357  0.036836  0.001510
1199  -0.014278  -0.046096  0.002329
1200  0.012389  -0.010936  0.000273
1201  0.015226  0.040205  0.001848
1202  0.025768  -0.026020  0.001341
1203  -0.014144  0.009711  0.000294
1204  -0.008395  -0.026014  0.000747
1205  -0.002093  0.038533  0.001489
1206  0.004904  0.048857  0.002411
1207  0.000743  0.012753  0.000163
1208  -0.006296  -0.004438  0.000059
1209  -0.001822  0.024955  0.000626
1210  -0.026093  -0.023365  0.001227
1211  -0.036726  -0.008209  0.001416
1212  0.021806  0.020712  0.000904
1213  0.029456  -0.042498  0.002674
1214  0.044915  -0.000139  0.002017
1215  -0.032624  0.033008  0.002154
1216  -0.015971  -0.005118  0.000281
1217  0.025276  -0.018639  0.000986
1218  -0.009220  -0.036301  0.001403
1219  0.019252  0.012481  0.000526
1220  -0.024433  -0.015232  0.000829
1221  0.013883  0.004443  0.000212
1222  0.022683  -0.008622  0.000589
1223  -0.010593  0.012616  0.000271
1224  0.068252  0.035821  0.005941
1225  0.011573  -0.010818  0.000251
1226  0.004045  0.000947  0.000017
1227  -0.013423  0.006884  0.000228
1228  0.012504  -0.034328  0.001335
1229  0.044968  0.017053  0.002313
1230  0.012373  -0.003151  0.000163
1231  -0.015083  -0.037472  0.001632
1232  -0.016994  0.004922  0.000313
1233  0.007492  0.005766  0.000089
1234  0.019674  -0.023614  0.000945
1235  0.011910  0.020793  0.000574
1236  -0.023693  0.005399  0.000591
1237  -0.035975  0.023286  0.001836
1238  -0.002049  -0.007543  0.000061
1239  -0.002829  0.012633  0.000168
1240  0.016347  0.054634  0.003252
1241  0.021974  -0.009461  0.000572
1242  -0.027814  -0.008048  0.000838
1243  0.014367  0.033214  0.001310
1244  -0.001417  0.015224  0.000234
1245  -0.013480  -0.013771  0.000371
1246  -0.051917  0.035968  0.003989
1247  -0.022008  0.025462  0.001133
1248  -0.019493  0.013758  0.000569
1249  0.045659  0.003314  0.002096
1250  0.018882  0.003423  0.000368
1251  0.011781  0.013404  0.000318
1252  -0.056204  -0.009662  0.003252
1253  0.007072  0.018037  0.000375
1254  0.036771  -0.026153  0.002036
1255  0.043993  0.007301  0.001989
1256  -0.003592  -0.009765  0.000108
1257  -0.010905  0.018535  0.000462
1258  -0.006483  0.021274  0.000495
1259  -0.007887  -0.016837  0.000346
1260  0.008520  0.052856  0.002866
1261  -0.016699  0.040017  0.001880
1262  0.021740  0.001949  0.000476
1263  -0.023871  0.018263  0.000903
1264  0.012653  -0.034205  0.001330
1265  0.022561  0.012484  0.000665
1266  -0.023103  0.053582  0.003405
1267  -0.039709  -0.032387  0.002626
1268  0.026916  -0.020570  0.001148
1269  -0.010948  -0.013249  0.000295
1270  0.024358  0.000218  0.000593
1271  0.001844  -0.035216  0.001244
1272  -0.010605  0.001088  0.000114
1273  0.012483  0.000369  0.000156
1274  -0.000401  0.008170  0.000067
1275  -0.012114  -0.070923  0.005177
1276  -0.026812  -0.018109  0.001047
1277  0.017173  0.036217  0.001607
1278  -0.029326  -0.000150  0.000860
1279  -0.029465  0.024576  0.001472
1280  0.014206  0.018856  0.000557
1281  -0.022415  0.000039  0.000502
1282  0.005157  0.015356  0.000262
1283  0.000976  0.009169  0.000085
1284  0.006177  0.003441  0.000050
1285  0.054966  -0.020533  0.003443
1286  0.025273  0.010268  0.000744
1287  0.056392  0.003336  0.003191
1288  -0.014102  -0.009034  0.000280
1289  -0.007892  0.042067  0.001832
1290  -0.006027  0.010857  0.000154
1291  0.034976  -0.053720  0.004109
1292  -0.015657  0.020204  0.000653
1293  0.057280  0.017662  0.003593
1294  0.006431  -0.021221  0.000492
1295  0.001954  0.008579  0.000077
1296  0.008598  0.014587  0.000287
1297  -0.003397  -0.056124  0.003161
1298  0.000973  0.013008  0.000170
1299  0.017513  0.022177  0.000799
1300  0.016994  -0.018131  0.000618
1301  0.019506  0.050247  0.002905
1302  0.076524  0.018573  0.006201
1303  0.028292  -0.030941  0.001758
1304  0.021887  -0.024882  0.001098
1305  -0.009052  -0.010186  0.000186
1306  0.019190  -0.026749  0.001084
1307  -0.005988  -0.015316  0.000270
1308  0.012109  -0.003698  0.000160
1309  -0.027239  0.002478  0.000748
1310  -0.003682  -0.044579  0.002001
1311  -0.007047  -0.023717  0.000612
1312  0.012933  0.011657  0.000303
1313  -0.021423  0.017898  0.000779
1314  -0.006859  0.033308  0.001156
1315  -0.017685  0.007338  0.000367
1316  0.028447  -0.028365  0.001614
1317  -0.010440  -0.048905  0.002501
1318  0.004893  0.023244  0.000564
1319  0.001023  -0.015029  0.000227
1320  0.006865  0.029264  0.000903
1321  0.050518  -0.013856  0.002744
1322  0.004432  0.027068  0.000752
1323  0.042702  -0.061565  0.005614
1324  0.019209  0.012330  0.000521
1325  0.025166  0.031831  0.001647
1326  -0.017093  -0.006835  0.000339
1327  -0.003203  -0.005129  0.000037
1328  -0.059886  0.010254  0.003692
1329  0.028217  0.027596  0.001558
1330  0.009043  0.047814  0.002368
1331  0.039732  0.043495  0.003470
1332  0.004812  -0.006597  0.000067
1333  0.015721  -0.002041  0.000251
1334  -0.018808  -0.012375  0.000507
1335  0.012666  0.053159  0.002986
1336  -0.003677  0.015939  0.000268
1337  -0.043133  -0.031367  0.002844
1338  -0.008419  0.031267  0.001048
1339  0.022956  -0.019715  0.000916
1340  0.026259  0.000490  0.000690
1341  -0.043957  -0.005518  0.001963
1342  -0.023799  -0.010381  0.000674
1343  0.023552  0.014972  0.000779
1344  -0.043987  0.001300  0.001937
1345  0.007702  -0.028351  0.000863
1346  0.004197  0.024413  0.000614
1347  -0.003503  -0.023775  0.000578
1348  0.015757  0.054269  0.003193
1349  0.045571  -0.016839  0.002360
1350  0.003804  -0.012596  0.000173
1351  -0.016180  -0.008010  0.000326
1352  -0.029588  0.012930  0.001043
1353  -0.009084  -0.013864  0.000275
1354  0.014715  0.000157  0.000217
1355  0.041434  -0.010296  0.001823
1356  -0.007962  -0.006011  0.000100
1357  0.043170  -0.029523  0.002735
1358  0.061418  -0.004551  0.003793
1359  0.015811  0.013204  0.000424
1360  -0.003074  -0.014112  0.000209
1361  0.007951  0.013577  0.000248
1362  0.012390  0.018712  0.000504
1363  0.017960  0.027508  0.001079
1364  0.048551  0.011229  0.002483
1365  -0.010412  0.018436  0.000448
1366  0.025536  0.043503  0.002545
1367  0.020275  0.019473  0.000790
1368  0.068024  0.019463  0.005006
1369  0.008837  0.003664  0.000092
1370  -0.015101  0.033175  0.001329
1371  0.007353  -0.021908  0.000534
1372  -0.041398  -0.023832  0.002282
1373  -0.007444  0.016303  0.000321
1374  -0.034714  0.022731  0.001722
1375  -0.009906  -0.017163  0.000393
1376  -0.021224  -0.018710  0.000801
1377  0.020100  -0.021755  0.000877
1378  -0.000356  -0.009448  0.000089
1379  -0.040428  0.035898  0.002923
1380  -0.030872  0.017236  0.001250
1381  0.001398  0.032015  0.001027
1382  0.007061  -0.000733  0.000050
1383  -0.022623  -0.006673  0.000556
1384  -0.033910  0.000187  0.001150
1385  -0.010308  0.004155  0.000124
1386  0.042647  0.000895  0.001820
1387  0.044226  -0.029809  0.002845
1388  -0.005528  -0.002929  0.000039
1389  0.039126  0.041024  0.003214
1390  0.025088  -0.014570  0.000842
1391  0.005715  0.004844  0.000056
1392  -0.036623  0.002897  0.001350
1393  -0.021361  0.007435  0.000512
1394  0.032598  0.004411  0.001082
1395  -0.046857  0.014740  0.002413
1396  -0.061587  0.016386  0.004061
1397  0.035804  0.023672  0.001842
1398  0.003587  0.006195  0.000051
1399  0.019118  -0.028086  0.001154
1400  0.000473  -0.048353  0.002338
1401  0.005508  -0.043781  0.001947
1402  -0.025443  -0.013403  0.000827
1403  0.070206  -0.007240  0.004981
1404  -0.020218  0.056504  0.003602
1405  0.006442  0.001691  0.000044
1406  0.032835  0.096928  0.010473
1407  -0.047293  -0.040274  0.003859
1408  -0.020037  0.007248  0.000454
1409  -0.021174  -0.023936  0.001021
1410  0.050336  -0.004608  0.002555
1411  0.018959  0.007053  0.000409
1412  -0.010611  -0.051141  0.002728
1413  0.031350  0.016645  0.001260
1414  0.046442  -0.012867  0.002322
1415  -0.007741  0.045563  0.002136
1416  -0.042427  -0.026025  0.002477
1417  0.052074  -0.019334  0.003086
1418  -0.013204  0.016603  0.000450
1419  -0.025942  -0.018255  0.001006
1420  -0.000924  -0.020693  0.000429
1421  -0.004758  0.071627  0.005153
1422  0.001301  0.049635  0.002465
1423  -0.031997  -0.012927  0.001191
1424  0.019229  0.060485  0.004028
1425  -0.033293  -0.017062  0.001400
1426  -0.021739  0.028364  0.001277
1427  -0.012271  -0.041581  0.001880
1428  -0.039937  0.006811  0.001641
1429  -0.010989  0.018270  0.000455
1430  -0.022389  0.068584  0.005205
1431  0.020859  0.041105  0.002125
1432  0.006065  0.010334  0.000144
1433  0.024403  -0.002375  0.000601
1434  0.055440  -0.016584  0.003349
1435  0.023558  0.049058  0.002962
1436  0.013775  0.028035  0.000976
1437  -0.020646  0.013067  0.000597
1438  -0.051744  0.026439  0.003376
1439  -0.039991  0.043597  0.003500
1440  0.003526  0.026387  0.000709
1441  -0.010704  0.017347  0.000416
1442  -0.001689  -0.022825  0.000524
1443  -0.051747  0.004905  0.002702
1444  -0.032569  -0.010377  0.001168
1445  -0.002939  0.003353  0.000020
1446  0.022719  -0.035836  0.001800
1447  0.017641  -0.006014  0.000347
1448  -0.006244  0.011265  0.000166
1449  -0.018270  -0.008656  0.000409
1450  0.000402  0.002880  0.000008
1451  -0.054561  -0.003049  0.002986
1452  0.014683  -0.017177  0.000511
1453  0.051275  0.012400  0.002783
1454  0.023755  -0.046635  0.002739
1455  0.032475  -0.006666  0.001099
1456  0.044101  -0.017229  0.002242
1457  0.059037  -0.011681  0.003622
1458  0.036493  0.009507  0.001422
1459  -0.012533  0.023681  0.000718
1460  0.015855  -0.001822  0.000255
1461  0.042244  0.021532  0.002248
1462  -0.000949  0.015778  0.000250
1463  0.002637  -0.009658  0.000100
1464  0.033754  -0.033428  0.002257
1465  -0.064709  -0.037587  0.005600
1466  -0.014203  0.013872  0.000394
1467  -0.021336  0.032926  0.001539
1468  -0.034552  0.013231  0.001369
1469  -0.020807  -0.034818  0.001645
1470  0.072445  -0.029662  0.006128
1471  0.012519  0.010396  0.000265
1472  -0.012474  -0.061028  0.003880
1473  0.029817  0.027544  0.001648
1474  -0.010962  -0.057314  0.003405
1475  0.041030  -0.035770  0.002963
1476  0.015319  -0.072736  0.005525
1477  -0.012803  0.054742  0.003161
1478  0.043871  0.017539  0.002232
1479  -0.016660  0.040430  0.001912
1480  -0.015730  0.019130  0.000613
1481  0.046976  0.056417  0.005390
1482  -0.025119  0.074100  0.006122
1483  -0.009226  -0.027061  0.000817
1484  0.035761  0.076515  0.007133
1485  0.021497  0.032932  0.001547
1486  0.020434  0.040686  0.002073
1487  -0.002708  0.057943  0.003365
1488  -0.006844  -0.037044  0.001419
1489  0.019007  -0.049442  0.002806
1490  0.019738  -0.010537  0.000501
1491  0.056618  0.022273  0.003702
1492  0.037172  0.000516  0.001382
1493  0.007266  0.031252  0.001029
1494  0.027275  -0.035219  0.001984
1495  0.020353  -0.006307  0.000454
1496  0.034353  0.027161  0.001918
1497  0.033424  0.014382  0.001324
1498  0.042196  -0.031982  0.002803
1499  0.039192  0.050346  0.004071
1500  -0.019910  0.023874  0.000966
1501  0.067927  -0.011267  0.004741
1502  -0.030850  0.010859  0.001070
1503  -0.001380  0.009779  0.000098
1504  0.088482  0.006211  0.007868
1505  -0.021639  0.017071  0.000760
1506  0.032957  -0.011572  0.001220
1507  -0.049528  0.041026  0.004136
1508  -0.058110  -0.049224  0.005800
1509  -0.009375  -0.054922  0.003104
1510  0.001186  0.007423  0.000057
1511  -0.031086  -0.003730  0.000980
1512  0.024190  -0.036874  0.001945
1513  0.016507  0.024436  0.000870
1514  -0.033390  0.072730  0.006405
1515  0.044334  0.017889  0.002286
1516  0.022819  -0.051751  0.003199
1517  -0.001892  0.037355  0.001399
1518  -0.000469  0.022600  0.000511
1519  -0.003211  0.000029  0.000010
1520  0.012657  -0.062210  0.004030
1521  0.008600  0.015961  0.000329
1522  -0.088705  -0.021116  0.008314
1523  0.029873  -0.038139  0.002347
1524  -0.083815  0.030674  0.007966
1525  0.010548  -0.000633  0.000112
1526  0.069695  -0.047524  0.007116
1527  0.078656  0.003832  0.006201
1528  -0.026336  0.025290  0.001333
1529  0.045447  -0.045973  0.004179
1530  0.035003  0.016936  0.001512
1531  0.008969  -0.007117  0.000131
1532  0.023340  -0.069700  0.005403
1533  -0.011136  0.110655  0.012369
1534  0.029310  0.080586  0.007353
1535  -0.008125  0.036426  0.001393
1536  0.003605  -0.031496  0.001005
1537  0.054461  0.010058  0.003067
1538  -0.012241  0.042783  0.001980
1539  0.056511  -0.016007  0.003450
1540  0.016612  -0.024968  0.000899
1541  0.102768  -0.000824  0.010562
1542  0.106934  0.075882  0.017193
1543  0.020903  -0.050323  0.002969
1544  0.005771  0.046539  0.002199
1545  -0.013757  -0.006751  0.000235
1546  0.050704  0.111928  0.015099
1547  0.014826  0.046486  0.002381
1548  0.005236  -0.042207  0.001809
1549  -0.009235  -0.027151  0.000822
1550  0.082016  -0.023579  0.007283
1551  0.031806  0.046397  0.003164
1552  0.015522  -0.044681  0.002237
1553  0.001387  -0.013163  0.000175
1554  -0.018211  -0.003397  0.000343
1555  0.014163  -0.000903  0.000201
1556  -0.029502  0.057140  0.004135
1557  0.024126  0.005563  0.000613
1558  -0.033704  0.009736  0.001231
1559  0.041526  0.036601  0.003064
1560  0.021115  -0.047993  0.002749
1561  -0.046643  0.079970  0.008571
1562  0.029344  -0.047930  0.003158
1563  0.094615  0.083615  0.015944
1564  -0.048652  0.186556  0.037170
1565  -0.034436  0.091347  0.009530
1566  -0.015465  0.019839  0.000633
1567  -0.137070  -0.025969  0.019463
1568  0.068270  -0.031067  0.005626
1569  -0.029591  0.106473  0.012212
1570  0.000704  0.018303  0.000335
1571  -0.072611  0.114447  0.018371
1572  0.047475  -0.063439  0.006278
1573  -0.029030  0.008014  0.000907
1574  -0.006547  -0.015893  0.000295
1575  -0.121863  -0.096869  0.024234
1576  0.068246  0.031673  0.005661
1577  0.045268  -0.017903  0.002370
1578  -0.008956  -0.025479  0.000729
1579  0.038573  0.115233  0.014767
1580  0.099286  0.015938  0.010112
1581  0.001965  -0.013716  0.000192
1582  -0.057269  0.001045  0.003281
1583  -0.000892  0.018059  0.000327
1584  -0.129969  -0.028978  0.017732
1585  -0.025528  0.022965  0.001179
1586  0.004354  -0.080498  0.006499
1587  0.074146  0.016520  0.005771
1588  0.078460  0.019549  0.006538
1589  0.004484  0.011410  0.000150
1590  -0.007884  0.022719  0.000578
1591  0.016131  -0.052010  0.002965
1592  -0.022820  0.076012  0.006299
1593  -0.032897  -0.064767  0.005277
1594  -0.084190  0.077506  0.013095
1595  0.057631  0.052887  0.006118
1596  -0.079115  -0.007741  0.006319
1597  0.074145  -0.008184  0.005564
1598  -0.053133  0.031871  0.003839
1599  -0.059273  -0.020366  0.003928
1600  0.104286  -0.010407  0.010984
1601  0.007455  0.036621  0.001397
1602  0.071837  0.140810  0.024988
1603  -0.061827  -0.010295  0.003929
1604  0.000820  0.043379  0.001882
1605  -0.090108  -0.043192  0.009985
1606  0.009255  -0.092227  0.008591
1607  0.129463  0.056937  0.020003
1608  -0.011786  0.056279  0.003306
1609  -0.060051  -0.043994  0.005542
1610  -0.055576  -0.045379  0.005148
1611  -0.203249  -0.026509  0.042013
1612  -0.036301  -0.135852  0.019773
1613  0.090758  0.073031  0.013570
1614  0.049930  0.077009  0.008423
1615  0.104748  0.041541  0.012698
1616  -0.084749  0.054497  0.010152
1617  -0.024531  -0.089470  0.008607
1618  0.000684  0.018181  0.000331
1619  -0.072790  -0.002066  0.005303
1620  -0.018057  -0.119239  0.014544
1621  0.157869  0.000950  0.024923
1622  0.103115  0.192849  0.047824
1623  0.026297  0.111805  0.013192
1624  -0.020125  0.079777  0.006769
1625  -0.124685  -0.144503  0.036427
1626  0.057093  -0.028366  0.004064
1627  -0.153822  0.202602  0.064709
1628  0.065278  -0.015184  0.004492
1629  0.134688  0.008975  0.018221
1630  0.052389  -0.057050  0.005999
1631  0.219849  -0.075368  0.054014
1632  0.118655  0.078838  0.020294
1633  -0.113436  0.022827  0.013389
1634  0.121636  0.144132  0.035570
1635  -0.049529  0.041761  0.004197
1636  -0.052004  -0.013553  0.002888
1637  0.014651  -0.145987  0.021527
1638  0.006973  0.105681  0.011217
1639  0.029049  0.150073  0.023366
1640  -0.069042  0.132814  0.022406
1641  0.046684  0.051262  0.004807
1642  -0.240963  0.076856  0.063970
1643  -0.006922  -0.080760  0.006570
1644  0.158149  -0.079925  0.031399
1645  -0.200374  0.076566  0.046012
1646  -0.067693  -0.061241  0.008333
1647  -0.052745  -0.095541  0.011910
1648  0.144703  -0.123659  0.036230
1649  0.043179  -0.096894  0.011253
1650  -0.011657  -0.050011  0.002637
1651  -0.032226  0.063244  0.005038
1652  0.137795  -0.023506  0.019540
1653  0.001521  0.024440  0.000600
1654  0.104440  0.124452  0.026396
1655  -0.018669  -0.061239  0.004099
1656  0.020442  0.251371  0.063605
1657  -0.131322  0.060695  0.020930
1658  0.127926  -0.038003  0.017809
1659  0.107251  0.031678  0.012506
1660  0.082594  -0.072134  0.012025
1661  0.031218  0.202815  0.042109
1662  0.084789  0.018899  0.007546
1663  0.031950  0.085522  0.008335
1664  0.068641  -0.097254  0.014170
1665  0.202031  0.028187  0.041611
1666  0.121468  -0.086832  0.022294
1667  -0.056634  -0.024301  0.003798
1668  0.058313  0.036278  0.004716
1669  0.018818  -0.075476  0.006051
1670  -0.040401  0.045613  0.003713
1671  -0.070959  0.065341  0.009305
1672  -0.101621  -0.088045  0.018079
1673  -0.021153  -0.022576  0.000957
1674  0.134985  -0.308773  0.113562
1675  0.223516  -0.099463  0.059852
1676  -0.086318  0.052153  0.010171
1677  0.069703  -0.238416  0.061701
1678  0.218791  0.152154  0.071020
1679  -0.123188  0.032725  0.016246
1680  0.132973  0.099255  0.027533
1681  -0.006650  0.144084  0.020805
1682  0.149184  0.226817  0.073702
1683  0.164729  0.063820  0.031209
1684  -0.273298  -0.158661  0.099865
1685  0.038342  0.109144  0.013383
1686  -0.140857  -0.100034  0.029847
1687  0.078020  -0.044882  0.008102
1688  -0.034661  -0.021837  0.001678
1689  0.097340  -0.290508  0.093870
1690  -0.053025  0.076596  0.008679
1691  -0.209210  -0.036443  0.045097
1692  0.304732  0.073180  0.098217
1693  0.097273  0.268732  0.081679
1694  -0.181103  -0.104560  0.043731
1695  0.363875  -0.032077  0.133434
1696  -0.091679  0.212780  0.053680
1697  -0.074461  0.233582  0.060105
1698  0.131092  -0.003657  0.017198
1699  -0.231898  -0.090399  0.061949
1700  0.091158  -0.269869  0.081139
1701  0.155341  0.315178  0.123468
1702  0.066570  0.252059  0.067966
1703  0.129562  -0.065913  0.021131
1704  0.325345  -0.080645  0.112353
1705  0.105090  -0.056480  0.014234
1706  0.016849  -0.419938  0.176632
1707  0.080094  -0.019868  0.006810
1708  0.022976  0.074050  0.006011
1709  -0.005772  0.223498  0.049985
1710  -0.140248  -0.221665  0.068805
1711  0.134815  0.086305  0.025624
1712  0.155186  0.087747  0.031782
1713  0.067206  0.104384  0.015413
1714  0.202040  -0.333918  0.152321
1715  -0.094975  -0.145080  0.030068
1716  -0.035190  0.234159  0.056069
1717  -0.302498  -0.269665  0.164224
1718  0.043031  0.093382  0.010572
1719  -0.107493  0.334398  0.123377
1720  0.012893  -0.049357  0.002602
1721  -0.273678  0.188652  0.110489
1722  0.197564  -0.218421  0.086739
1723  0.141416  -0.167082  0.047915
1724  0.372267  0.475408  0.364595
1725  -0.231040  -0.007160  0.053431
1726  -0.003872  -0.147778  0.021853
1727  0.046701  0.095595  0.011319
1728  -0.193470  0.193159  0.074741
1729  -0.318037  -0.239422  0.158470
1730  0.426218  0.090849  0.189915
1731  -0.118599  0.132521  0.031628
1732  -0.105772  -0.158612  0.036346
1733  -0.348779  0.053198  0.124477
1734  -0.006392  0.127760  0.016363
1735  -0.218187  -0.049581  0.050064
1736  -0.052968  0.035862  0.004092
1737  0.182732  0.225186  0.084100
1738  -0.127421  -0.240273  0.073967
1739  0.270646  -0.369730  0.209950
1740  -0.152022  -0.110497  0.035320
1741  0.054691  -0.457338  0.212149
1742  0.252873  -0.246990  0.124949
1743  -0.020941  -0.228239  0.052532
1744  0.214963  0.196068  0.084652
1745  0.145876  0.035599  0.022547
1746  0.117636  0.002105  0.013843
1747  0.180347  -0.055208  0.035573
1748  0.113767  -0.267625  0.084566
1749  0.020761  -0.052680  0.003206
1750  -0.099773  0.330144  0.118949
1751  -0.084502  -0.017584  0.007450
1752  0.252222  -0.165724  0.091080
1753  0.151799  0.660455  0.459244
1754  0.234223  0.391748  0.208327
1755  0.160137  0.122763  0.040714
1756  -0.173329  -0.141896  0.050177
1757  -0.025457  0.267229  0.072059
1758  -0.464133  -0.365883  0.349290
1759  -0.055890  -0.360598  0.133155
1760  0.380344  0.368591  0.280521
1761  0.194518  0.441651  0.232893
1762  -0.318037  0.210990  0.145665
1763  0.421339  -0.270099  0.250480
1764  0.105243  -0.091429  0.019435
1765  -0.363642  0.255026  0.197274
1766  0.012112  -0.282729  0.080082
1767  0.262622  0.148236  0.090944
1768  0.249811  0.466335  0.279874
1769  -0.079124  -0.219769  0.054559
1770  0.190553  -0.288310  0.119433
1771  -0.063702  0.212974  0.049416
1772  -0.273141  -0.451596  0.278545
1773  0.501015  -0.082037  0.257746
1774  -0.366131  -0.132433  0.151591
1775  0.143523  -0.081938  0.027313
1776  0.362945  -0.359094  0.260677
1777  -0.219310  0.127845  0.064441
1778  0.163418  -0.114328  0.039776
1779  -0.080595  0.004259  0.006514
1780  -0.193799  0.082420  0.044351
1781  -0.019621  -0.123417  0.015617
1782  0.068354  0.030578  0.005607
1783  -0.102108  0.182072  0.043576
1784  -0.511120  -0.061662  0.265045
1785  -0.317711  0.761000  0.680060
1786  -0.242029  0.187316  0.093665
1787  -0.380959  -0.300608  0.235495
1788  0.069683  0.109351  0.016813
1789  -0.124376  -0.033608  0.016599
1790  0.132553  0.377890  0.160371
1791  -0.506324  0.537421  0.545185
1792  0.059766  0.456160  0.211654
1793  0.097141  -0.067572  0.014002
1794  -0.140323  0.338393  0.134201
1795  0.443077  -0.735388  0.737112
1796  0.131620  0.135853  0.035780
1797  0.026662  0.206977  0.043550
1798  0.376371  0.031911  0.142673
1799  0.154323  0.175954  0.054775
1800  0.216122  -0.204598  0.088569
1801  -0.393126  -0.534526  0.440265
1802  0.132015  0.122619  0.032464
1803  0.121422  -0.285336  0.096160
1804  0.063551  0.094885  0.013042
1805  -0.082797  -0.088230  0.014640
1806  -0.604371  -0.431641  0.551578
1807  -0.260438  0.443823  0.264807
1808  0.353060  -0.590360  0.473177
1809  0.140932  1.029255  1.079228
1810  0.000553  0.109900  0.012078
1811  0.062420  0.248245  0.065522
1812  -0.110056  0.315684  0.111769
1813  -0.719096  0.090941  0.525370
1814  0.456188  0.390859  0.360879
1815  -0.086703  -0.036456  0.008846
1816  0.119676  -0.260807  0.082343
1817  0.252614  -0.146205  0.085190
1818  0.316446  0.265625  0.170695
1819  -0.040720  -0.377587  0.144230
1820  0.254077  0.192341  0.101550
1821  0.437765  0.059530  0.195182
1822  -0.022084  -0.324313  0.105666
1823  0.499606  -0.170327  0.278617
1824  0.477705  -0.237578  0.284645
1825  -0.647110  -0.291972  0.503999
1826  -0.144486  0.380266  0.165479
1827  0.552768  -0.140120  0.325186
1828  0.892541  0.018851  0.796985
1829  0.032658  -0.617230  0.382040
1830  0.266526  -0.437215  0.262193
1831  0.716326  0.337790  0.627225
1832  -0.126165  -0.190554  0.052228
1833  0.186493  -0.239008  0.091905
1834  0.806834  -0.135405  0.669316
1835  0.388820  0.497016  0.398206
1836  0.026988  -0.093971  0.009559
1837  -0.514253  0.404007  0.427677
1838  0.404461  0.353108  0.288274
1839  -0.347697  0.292474  0.206434
1840  -0.304018  0.352897  0.216963
1841  0.044085  -0.476052  0.228569
1842  0.010709  0.422096  0.178279
1843  -0.330320  -0.433794  0.297289
1844  0.208766  -0.407307  0.209482
1845  0.166384  0.428980  0.211708
1846  0.059304  -0.722297  0.525230
1847  -0.011145  0.237063  0.056323
1848  -0.033809  0.194911  0.039133
1849  -0.028091  -0.150928  0.023568
1850  -0.665605  -0.269152  0.515473
1851  0.242151  0.013259  0.058813
1852  -0.145107  -0.464671  0.236975
1853  -0.560473  -0.080289  0.320576
1854  -0.166780  -0.078294  0.033946
1855  -0.074251  -0.852542  0.732342
1856  -0.237345  0.212852  0.101639
1857  -0.589930  -0.030165  0.348928
1858  -0.155963  0.786495  0.642899
1859  0.150148  -0.165141  0.049816
1860  0.818878  0.148074  0.692488
1861  -0.055093  0.121685  0.017842
1862  -0.686777  0.366330  0.605860
1863  -0.498792  -0.310153  0.344989
1864  -0.459521  0.129772  0.228001
1865  -0.140223  -0.552521  0.324942
1866  0.086794  -0.527923  0.286236
1867  -0.518654  0.279478  0.347110
1868  0.242138  0.707615  0.559350
1869  -0.256592  0.118971  0.079994
1870  0.042002  -0.500038  0.251802
1871  0.752162  0.358601  0.694343
1872  0.199102  0.187801  0.074911
1873  0.017286  0.075427  0.005988
1874  0.006573  -0.108829  0.011887
1875  0.460856  -0.086130  0.219806
1876  0.262467  -0.046177  0.071021
1877  -0.047169  0.156140  0.026605
1878  0.637756  0.355609  0.533191
1879  -0.091717  -0.057068  0.011669
1880  0.298212  0.288041  0.171898
1881  0.238275  -0.134658  0.074908
1882  -0.427358  1.163153  1.535560
1883  0.474458  -0.103240  0.235769
1884  -0.675068  -0.080416  0.462184
1885  -0.151336  -0.738624  0.568468
1886  -0.028989  0.462782  0.215007
1887  -0.124159  -0.242992  0.074460
1888  -0.420451  0.474842  0.402254
1889  -0.091833  -0.548581  0.309374
1890  0.140531  -1.028810  1.078200
1891  0.032891  -0.111014  0.013406
1892  -0.614447  -0.638977  0.785837
1893  -0.177171  0.489326  0.270830
1894  -0.783927  -0.093006  0.623192
1895  -0.465700  0.263521  0.286320
1896  -0.275810  0.261222  0.144308
1897  -0.095840  0.278839  0.086936
1898  0.048936  0.913269  0.836454
1899  0.298683  -0.337419  0.203063
1900  -0.163090  0.458951  0.237234
1901  -0.170102  -0.530271  0.310123
1902  -0.310937  -0.424780  0.277120
1903  0.676100  -0.176826  0.488378
1904  -0.198620  0.528516  0.318779
1905  0.016377  0.402607  0.162360
1906  0.192230  0.390896  0.189752
1907  0.695370  0.755751  1.054699
1908  -0.604066  0.974671  1.314880
1909  -0.337698  0.442637  0.309967
1910  0.615816  0.482420  0.611959
1911  0.563021  0.019289  0.317365
1912  0.273959  0.116257  0.088569
1913  0.306510  0.055303  0.097007
1914  0.382044  0.094455  0.154880
1915  -0.330070  -0.502525  0.361478
1916  0.084576  -0.497544  0.254703
1917  -0.618376  0.167273  0.410369
1918  -0.426610  -0.286358  0.263997
1919  -0.251838  -0.832366  0.756255
1920  0.157989  -0.635143  0.428368
1921  1.068849  0.062119  1.146297
1922  0.332855  0.817804  0.779596
1923  -0.123767  -0.226824  0.066768
1924  0.329325  0.280003  0.186857
1925  0.202905  0.397933  0.199521
1926  0.006907  -0.091277  0.008379
1927  -0.861197  -0.557954  1.052972
1928  -0.665363  0.297846  0.531420
1929  -0.581083  0.167913  0.365852
1930  0.485094  0.437833  0.427014
1931  -0.349675  -0.548729  0.423376
1932  -0.380887  0.252465  0.208814
1933  -0.176088  0.446619  0.230476
1934  -0.629450  -0.437531  0.587641
1935  -0.117748  -0.125707  0.029667
1936  -0.418309  0.181519  0.207932
1937  -0.010723  0.191375  0.036740
1938  0.781550  0.464694  0.826761
1939  0.558816  -0.586141  0.655837
1940  0.041107  -0.465084  0.217993
1941  0.192044  0.228852  0.089254
1942  0.992509  0.537798  1.274301
1943  0.621592  -0.174508  0.416830
1944  -0.620997  -0.452627  0.590508
1945  0.393413  -0.523018  0.428322
1946  0.362694  0.315233  0.230918
1947  0.696586  -0.204610  0.527098
1948  -0.263689  0.343007  0.187186
1949  0.215456  0.298710  0.135649
1950  -0.127742  -0.632565  0.416456
1951  0.376826  0.632718  0.542330
1952  0.126538  -0.937880  0.895632
1953  -1.059276  -0.497554  1.369625
1954  -0.354043  -0.097483  0.134849
1955  -0.208827  -0.579584  0.379526
1956  -0.729828  0.451349  0.736364
1957  0.522047  0.514381  0.537121
1958  0.209401  0.188903  0.079533
1959  0.564800  -0.166895  0.346853
1960  -0.209504  -0.165236  0.071195
1961  -0.264558  -0.534670  0.355863
1962  -0.468073  -0.136431  0.237705
1963  -0.555645  0.122314  0.323702
1964  0.082681  -0.709252  0.509874
1965  -0.199159  -0.342567  0.157017
1966  -0.383808  0.135898  0.165777
1967  0.115991  -0.367602  0.148585
1968  -0.219421  0.239961  0.105727
1969  0.199540  -0.154285  0.063620
1970  0.856500  0.337469  0.847477
1971  -0.510514  -0.229375  0.313238
1972  0.161674  0.410883  0.194963
1973  0.042257  -0.474727  0.227152
1974  0.413506  0.354687  0.296790
1975  -0.381952  -0.738001  0.690533
1976  0.006586  0.313918  0.098588
1977  -0.647741  -0.112958  0.432328
1978  -0.279533  0.064847  0.082344
1979  -0.583745  -0.214511  0.386773
1980  0.314304  0.260575  0.166686
1981  0.017107  0.339680  0.115675
1982  0.583138  -0.658492  0.773661
1983  0.291333  -0.005099  0.084901
1984  -0.244030  -0.040866  0.061221
1985  0.276713  0.392447  0.230585
1986  0.265904  0.134889  0.088900
1987  -0.212828  -0.812201  0.704965
1988  -0.142244  -0.184408  0.054240
1989  0.089673  0.238647  0.064994
1990  0.349536  -0.062444  0.126074
1991  0.083136  -0.033821  0.008055
1992  0.161233  -0.352391  0.150175
1993  -0.198678  -0.744476  0.593718
1994  -0.962686  0.488389  1.165289
1995  0.526654  0.036185  0.278674
1996  0.210937  -0.161948  0.070722
1997  1.125284  0.255726  1.331660
1998  -0.235163  -0.102266  0.065760
1999  -0.472619  0.354875  0.349305
2000  -0.193471  0.487625  0.275210
2001  -0.495579  -0.580059  0.582067
2002  -0.286140  0.087442  0.089522
2003  0.188510  -0.123915  0.050891
2004  0.186567  0.269909  0.107658
2005  -0.153183  -0.470751  0.245071
2006  -0.212562  0.140433  0.064904
2007  0.039977  -0.017566  0.001907
2008  -0.302873  0.280897  0.170635
2009  0.711893  0.397959  0.665163
2010  0.102998  -0.050779  0.013187
2011  -0.232318  0.455663  0.261601
2012  -0.289115  -0.580974  0.421119
2013  -0.455089  -0.056929  0.210346
2014  -0.428155  0.252168  0.246905
2015  -0.043546  0.342508  0.119208
2016  0.525495  -0.128438  0.292642
2017  -0.097932  -0.358672  0.138236
2018  0.032646  0.205996  0.043500
2019  -0.109913  -0.539355  0.302984
2020  -0.353745  0.080925  0.131685
2021  0.205794  -0.146936  0.063941
2022  -0.140744  0.078055  0.025902
2023  -0.171968  0.163899  0.056436
2024  0.103024  0.233075  0.064938
2025  0.135658  0.465748  0.235324
2026  -0.027585  0.075051  0.006394
2027  0.025084  0.999889  1.000408
2028  -0.168768  -0.478372  0.257322
2029  -0.153921  0.600433  0.384212
2030  0.161039  -0.769300  0.617756
2031  0.142008  0.425064  0.200846
2032  0.027083  0.121146  0.015410
2033  -0.046749  0.131974  0.019603
2034  0.047039  -0.299208  0.091738
2035  -0.162703  0.415366  0.199002
2036  -0.177189  -0.645837  0.448501
2037  -0.452694  -0.357549  0.332773
2038  -0.036083  0.060006  0.004903
2039  0.011502  0.231203  0.053587
2040  -0.151155  0.096511  0.032162
2041  0.150847  0.305874  0.116314
2042  -0.311668  0.205365  0.139312
2043  0.135945  -0.515778  0.284508
2044  -0.678237  -0.154855  0.483986
2045  -0.013407  -0.031974  0.001202
2046  -0.119746  0.051046  0.016945
2047  0.586023  0.155709  0.367669
