0  0.041186  -0.001420  0.001698
1  0.028888  0.035359  0.002085
2  -0.010949  0.002976  0.000129
3  0.012650  0.040483  0.001799
4  -0.057264  -0.012803  0.003443
5  0.011066  -0.050744  0.002697
6  0.022524  -0.034641  0.001707
7  0.054746  -0.046269  0.005138
8  0.020022  0.015494  0.000641
9  -0.022100  -0.017151  0.000783
10  -0.048175  -0.004358  0.002340
11  -0.001013  0.007253  0.000054
12  -0.007023  0.023691  0.000611
13  -0.010492  -0.024322  0.000702
14  0.035001  -0.004092  0.001242
15  0.011179  0.024256  0.000713
16  0.020308  -0.015038  0.000639
17  -0.038474  -0.002248  0.001485
18  0.019732  -0.016335  0.000656
19  -0.013163  0.040831  0.001840
20  -0.047026  0.007433  0.002267
21  -0.044318  0.028903  0.002799
22  0.032055  -0.034383  0.002210
23  -0.059128  0.027462  0.004250
24  0.013999  0.064140  0.004310
25  0.027034  -0.002168  0.000736
26  -0.019960  0.015606  0.000642
27  -0.000316  0.014748  0.000218
28  -0.008966  0.018185  0.000411
29  0.012895  -0.056319  0.003338
30  0.000350  -0.057247  0.003277
31  -0.019257  0.047356  0.002613
32  0.004140  -0.001962  0.000021
33  -0.045038  -0.019765  0.002419
34  -0.002092  -0.035042  0.001232
35  0.020499  0.012779  0.000584
36  0.039891  0.045687  0.003679
37  0.010208  0.000016  0.000104
38  0.035701  -0.030176  0.002185
39  -0.028383  0.031411  0.001792
40  0.052134  0.018100  0.003046
41  0.021938  -0.006275  0.000521
42  -0.043280  0.002688  0.001880
43  0.000285  -0.035651  0.001271
44  -0.009453  0.039088  0.001617
45  -0.002671  0.021682  0.000477
46  -0.015216  0.023750  0.000796
47  0.021771  0.010726  0.000589
48  -0.007271  -0.034279  0.001228
49  -0.009441  -0.014150  0.000289
50  0.019608  -0.020500  0.000805
51  -0.001229  -0.007350  0.000056
52  -0.014378  0.025738  0.000869
53  -0.033395  -0.021285  0.001568
54  0.020620  0.044058  0.002366
55  0.005879  -0.051420  0.002679
56  0.011880  0.044372  0.002110
57  -0.051430  0.021520  0.003108
58  0.029007  0.030402  0.001766
59  0.074294  -0.010805  0.005636
60  -0.039638  0.017822  0.001889
61  -0.028562  0.028625  0.001635
62  -0.027465  -0.024028  0.001332
63  -0.061476  -0.025966  0.004454
64  -0.008132  -0.004194  0.000084
65  -0.047808  0.011200  0.002411
66  0.014877  -0.041321  0.001929
67  -0.016293  -0.001272  0.000267
68  0.002372  -0.015540  0.000247
69  0.052011  -0.013692  0.002893
70  0.006736  -0.001093  0.000047
71  -0.032323  0.001875  0.001048
72  0.022772  -0.005897  0.000553
73  0.023511  0.004708  0.000575
74  -0.008974  -0.000190  0.000081
75  0.020606  -0.013302  0.000602
76  0.028128  0.003591  0.000804
77  -0.051023  -0.006865  0.002650
78  -0.035944  -0.027775  0.002063
79  -0.030514  -0.004314  0.000950
80  0.019278  0.030332  0.001292
81  0.031500  0.009300  0.001079
82  -0.006589  -0.009991  0.000143
83  -0.029080  0.024873  0.001464
84  0.027350  -0.022416  0.001250
85  -0.033858  0.024322  0.001738
86  0.000309  0.005946  0.000035
87  0.028012  -0.002420  0.000791
88  0.052030  0.022721  0.003223
89  -0.020759  -0.016384  0.000699
90  -0.043558  -0.048317  0.004232
91  0.029068  0.018000  0.001169
92  0.023976  -0.008331  0.000644
93  -0.003401  -0.016228  0.000275
94  -0.016732  -0.010790  0.000396
95  0.024736  0.002311  0.000617
96  0.002693  -0.023828  0.000575
97  -0.040710  0.031135  0.002627
98  0.006325  0.000566  0.000040
99  -0.059119  -0.018043  0.003821
100  -0.020343  -0.016452  0.000684
101  0.059055  0.024381  0.004082
102  -0.010009  0.030830  0.001051
103  0.012401  0.034923  0.001373
104  -0.020227  0.013613  0.000594
105  0.009414  0.023580  0.000645
106  0.047973  0.057910  0.005655
107  -0.018073  -0.033725  0.001464
108  -0.036567  -0.002317  0.001343
109  0.007063  -0.013185  0.000224
110  0.015914  0.014885  0.000475
111  -0.017988  -0.028795  0.001153
112  0.001813  0.046070  0.002126
113  -0.033159  -0.040201  0.002716
114  0.013714  -0.027144  0.000925
115  0.056638  0.022649  0.003721
116  -0.004764  0.001790  0.000026
117  -0.019577  0.002233  0.000388
118  -0.015197  -0.023266  0.000772
119  0.019259  -0.043824  0.002291
120  0.031341  0.005326  0.001011
121  -0.057585  -0.022097  0.003804
122  0.049517  0.039487  0.004011
123  0.001850  0.028991  0.000844
124  -0.025002  -0.071363  0.005718
125  0.013811  -0.019956  0.000589
126  0.000237  -0.065714  0.004318
127  -0.016624  0.014371  0.000483
128  0.016455  0.000043  0.000271
129  0.005074  -0.096220  0.009284
130  -0.033823  -0.013549  0.001328
131  0.038907  -0.056316  0.004685
132  -0.020237  -0.065413  0.004688
133  -0.011740  -0.007538  0.000195
134  -0.027083  -0.020262  0.001144
135  0.031173  0.026739  0.001687
136  -0.007587  -0.034176  0.001226
137  -0.026290  0.002181  0.000696
138  0.011646  -0.010322  0.000242
139  0.006488  0.005632  0.000074
140  -0.049731  -0.067333  0.007007
141  -0.014620  -0.006655  0.000258
142  -0.025121  -0.034976  0.001854
143  0.015660  0.034258  0.001419
144  0.010580  -0.017664  0.000424
145  -0.039460  -0.010912  0.001676
146  0.018367  0.015434  0.000576
147  -0.027180  -0.045911  0.002847
148  -0.037253  0.037676  0.002807
149  0.043188  0.014880  0.002087
150  -0.061400  -0.009112  0.003853
151  -0.008550  0.043168  0.001937
152  0.027735  -0.045780  0.002865
153  -0.019840  -0.032027  0.001419
154  0.024239  -0.007806  0.000648
155  0.028166  -0.095605  0.009934
156  -0.010651  -0.021646  0.000582
157  -0.029479  0.008949  0.000949
158  -0.000078  0.006160  0.000038
159  -0.014393  -0.009957  0.000306
160  -0.026844  0.031331  0.001702
161  -0.007534  0.010775  0.000173
162  -0.012719  -0.011143  0.000286
163  -0.007100  0.064844  0.004255
164  -0.016681  0.007894  0.000341
165  -0.023227  0.063507  0.004573
166  -0.047199  0.011753  0.002366
167  -0.036364  0.011567  0.001456
168  -0.006801  -0.005067  0.000072
169  -0.018198  -0.011607  0.000466
170  0.025222  -0.068472  0.005324
171  -0.000400  0.005257  0.000028
172  0.035449  0.015660  0.001502
173  -0.012525  -0.006064  0.000194
174  0.025127  0.030526  0.001563
175  -0.017768  -0.021674  0.000785
176  0.030785  -0.017502  0.001254
177  -0.005663  0.002741  0.000040
178  0.026566  -0.049275  0.003134
179  0.025964  -0.020727  0.001104
180  -0.008243  -0.042445  0.001870
181  -0.004649  0.030605  0.000958
182  -0.010227  0.005071  0.000130
183  0.006433  0.024332  0.000633
184  -0.024488  0.010750  0.000715
185  -0.039874  -0.034299  0.002766
186  -0.007740  0.068990  0.004820
187  0.013648  0.036451  0.001515
188  -0.037806  -0.001191  0.001431
189  -0.051236  -0.056852  0.005857
190  -0.022358  -0.000211  0.000500
191  -0.048215  -0.027672  0.003090
192  0.008875  0.025504  0.000729
193  0.030973  0.037105  0.002336
194  -0.063250  -0.020910  0.004438
195  0.024747  -0.003048  0.000622
196  -0.003015  -0.006499  0.000051
197  -0.017428  -0.005291  0.000332
198  0.009817  -0.071779  0.005249
199  -0.015627  -0.012660  0.000404
200  0.001176  0.023967  0.000576
201  -0.009785  -0.022183  0.000588
202  0.022540  -0.041026  0.002191
203  -0.051396  -0.043994  0.004577
204  0.054661  -0.026948  0.003714
205  -0.039140  0.034918  0.002751
206  -0.010258  0.018292  0.000440
207  0.022798  0.035336  0.001768
208  0.057019  -0.020645  0.003677
209  0.015744  0.009734  0.000343
210  -0.059801  -0.045549  0.005651
211  -0.020931  -0.058857  0.003902
212  -0.020618  -0.025782  0.001090
213  -0.013703  -0.089914  0.008272
214  0.002726  0.028621  0.000827
215  -0.015371  0.003238  0.000247
216  0.037517  0.037612  0.002822
217  -0.002411  0.033051  0.001098
218  0.003879  -0.025275  0.000654
219  0.060139  0.000957  0.003618
220  0.004912  -0.028882  0.000858
221  0.012229  -0.013330  0.000327
222  -0.020409  -0.039008  0.001938
223  0.008218  0.045356  0.002125
224  -0.003630  -0.007711  0.000073
225  -0.007676  0.007324  0.000113
226  0.019028  -0.038751  0.001864
227  -0.009134  -0.033351  0.001196
228  -0.026792  0.002260  0.000723
229  0.000198  0.002815  0.000008
230  -0.007985  0.014406  0.000271
231  -0.027420  0.026551  0.001457
232  -0.053063  -0.004912  0.002840
233  0.030518  0.017039  0.001222
234  -0.000249  -0.040259  0.001621
235  -0.037936  -0.043375  0.003321
236  -0.028789  0.021078  0.001273
237  0.020867  -0.006686  0.000480
238  0.039427  0.036999  0.002923
239  -0.032051  0.020578  0.001451
240  -0.004778  -0.019928  0.000420
241  0.027652  0.010268  0.000870
242  0.042268  0.020390  0.002202
243  -0.040981  0.038538  0.003165
244  -0.058371  0.014346  0.003613
245  0.038767  -0.012681  0.001664
246  -0.018064  0.022179  0.000818
247  -0.040412  -0.014564  0.001845
248  0.025393  -0.007703  0.000704
249  -0.049124  -0.007009  0.002462
250  -0.034779  -0.035060  0.002439
251  -0.053115  -0.005362  0.002850
252  -0.011066  0.012971  0.000291
253  0.026183  0.016898  0.000971
254  0.008485  -0.014508  0.000282
255  0.091048  0.013363  0.008468
256  0.006317  -0.011494  0.000172
257  0.039476  0.027624  0.002321
258  -0.048731  -0.022072  0.002862
259  0.032547  0.019208  0.001428
260  -0.010692  0.031573  0.001111
261  0.024283  -0.024273  0.001179
262  -0.010917  -0.021143  0.000566
263  0.026776  -0.004675  0.000739
264  -0.061248  -0.030850  0.004703
265  -0.004345  0.015291  0.000253
266  0.041410  -0.010703  0.001829
267  -0.023999  -0.036911  0.001938
268  0.018022  0.016251  0.000589
269  0.019552  0.007627  0.000440
270  0.036790  0.012441  0.001508
271  0.020230  0.030221  0.001323
272  -0.023360  0.052045  0.003254
273  0.031185  0.005923  0.001008
274  -0.028118  0.023396  0.001338
275  0.030214  0.062088  0.004768
276  0.032776  0.053273  0.003912
277  -0.030145  -0.009212  0.000994
278  -0.017136  0.011285  0.000421
279  -0.047551  0.049379  0.004699
280  -0.008854  0.058637  0.003517
281  -0.025815  0.032792  0.001742
282  0.013967  0.003172  0.000205
283  0.013951  0.023528  0.000748
284  0.047843  -0.032494  0.003345
285  0.040394  0.000738  0.001632
286  -0.053366  -0.033276  0.003955
287  -0.011870  0.045083  0.002173
288  -0.007720  -0.084099  0.007132
289  0.044732  0.051220  0.004624
290  -0.029371  0.045013  0.002889
291  0.010860  -0.053449  0.002975
292  0.019337  -0.053736  0.003262
293  -0.018784  -0.034494  0.001543
294  0.021320  -0.024906  0.001075
295  0.006576  -0.029299  0.000902
296  -0.002510  -0.043162  0.001869
297  0.036373  -0.027547  0.002082
298  -0.013304  0.012507  0.000333
299  -0.038497  0.031804  0.002494
300  -0.003699  -0.013659  0.000200
301  0.025216  0.015336  0.000871
302  -0.061792  0.034682  0.005021
303  -0.028496  -0.007942  0.000875
304  -0.036830  0.012998  0.001525
305  -0.008042  -0.001706  0.000068
306  -0.016856  0.019283  0.000656
307  -0.015422  0.012718  0.000400
308  0.002548  0.040499  0.001647
309  0.032626  -0.045380  0.003124
310  -0.051314  0.020506  0.003054
311  -0.033333  -0.049922  0.003603
312  -0.008083  -0.003803  0.000080
313  -0.044958  0.026369  0.002717
314  0.029755  0.007936  0.000948
315  -0.027475  -0.002198  0.000760
316  -0.060620  0.057446  0.006975
317  -0.012523  0.007649  0.000215
318  -0.013521  -0.039235  0.001722
319  -0.002501  0.013825  0.000197
320  0.026480  0.027336  0.001448
321  0.034357  -0.056614  0.004386
322  0.019192  -0.055859  0.003489
323  0.020275  -0.053037  0.003224
324  -0.020315  -0.000047  0.000413
325  0.059747  -0.062021  0.007416
326  0.062552  0.019432  0.004290
327  0.006621  0.073090  0.005386
328  -0.000670  -0.035427  0.001255
329  0.010777  -0.033230  0.001220
330  0.056856  0.018264  0.003566
331  0.009520  -0.043025  0.001942
332  -0.028155  -0.002490  0.000799
333  -0.023377  0.030601  0.001483
334  -0.008865  -0.051955  0.002778
335  0.019742  0.034389  0.001572
336  -0.014480  0.005027  0.000235
337  -0.044280  0.074783  0.007553
338  -0.054232  -0.057231  0.006217
339  -0.032401  0.048310  0.003384
340  0.024988  -0.011650  0.000760
341  0.033612  0.010081  0.001231
342  -0.014307  -0.034877  0.001421
343  0.017693  0.013194  0.000487
344  -0.004057  -0.054568  0.002994
345  0.011121  0.032430  0.001175
346  0.037491  0.017842  0.001724
347  0.036348  -0.031203  0.002295
348  0.051137  -0.025730  0.003277
349  0.021158  -0.088206  0.008228
350  0.003193  -0.022293  0.000507
351  0.042338  0.005363  0.001821
352  -0.008524  -0.027670  0.000838
353  0.012804  0.035025  0.001391
354  -0.003092  0.068069  0.004643
355  -0.018143  -0.032726  0.001400
356  -0.007990  0.046527  0.002229
357  -0.066310  -0.025471  0.005046
358  -0.078860  -0.002418  0.006225
359  -0.082959  -0.046602  0.009054
360  -0.001441  -0.037224  0.001388
361  -0.016915  0.003204  0.000296
362  0.020952  -0.029630  0.001317
363  -0.052175  0.002537  0.002729
364  0.026324  -0.013906  0.000886
365  0.019299  0.030422  0.001298
366  -0.015699  0.028279  0.001046
367  -0.034244  0.068032  0.005801
368  0.033074  0.012736  0.001256
369  0.027518  0.014688  0.000973
370  -0.030503  0.034460  0.002118
371  0.007612  -0.044847  0.002069
372  0.059002  -0.025971  0.004156
373  -0.048591  0.051650  0.005029
374  0.002896  0.049284  0.002437
375  -0.078247  0.012146  0.006270
376  0.075859  0.026932  0.006480
377  -0.049399  0.028520  0.003254
378  0.047520  -0.009905  0.002356
379  0.015228  0.021333  0.000687
380  0.053461  -0.113590  0.015761
381  -0.055294  0.020681  0.003485
382  -0.025480  0.020067  0.001052
383  0.052572  -0.035533  0.004026
384  0.003611  0.039279  0.001556
385  -0.011054  0.025600  0.000778
386  0.046603  0.035026  0.003399
387  -0.076168  0.026415  0.006499
388  0.026526  -0.013787  0.000894
389  -0.026580  0.053998  0.003622
390  0.053597  0.052329  0.005611
391  0.042593  0.005231  0.001841
392  -0.024739  0.001644  0.000615
393  -0.029843  -0.047324  0.003130
394  0.052655  0.006834  0.002819
395  -0.003178  0.048319  0.002345
396  0.017001  0.058317  0.003690
397  0.034968  0.008978  0.001303
398  -0.042991  -0.007377  0.001903
399  0.018090  0.010005  0.000427
400  -0.005205  -0.036920  0.001390
401  0.016305  -0.017347  0.000567
402  0.008723  0.001236  0.000078
403  -0.024289  -0.028891  0.001425
404  -0.001470  0.018614  0.000349
405  0.004783  0.008605  0.000097
406  0.009251  0.036765  0.001437
407  -0.008084  0.008298  0.000134
408  -0.015430  0.053372  0.003087
409  0.008381  0.028152  0.000863
410  0.035801  0.006820  0.001328
411  0.014627  -0.002288  0.000219
412  -0.070456  0.004220  0.004982
413  -0.028491  -0.038329  0.002281
414  0.015522  -0.003826  0.000256
415  -0.002090  0.011213  0.000130
416  -0.055396  -0.043475  0.004959
417  -0.032227  -0.012979  0.001207
418  0.016852  -0.021967  0.000767
419  0.023724  -0.006958  0.000611
420  -0.017406  0.025601  0.000958
421  0.002641  -0.021516  0.000470
422  0.079890  0.007902  0.006445
423  0.022756  0.027463  0.001272
424  0.089962  0.040889  0.009765
425  -0.005582  -0.000737  0.000032
426  0.010496  0.007718  0.000170
427  -0.006658  0.062433  0.003942
428  0.015845  -0.023229  0.000791
429  0.040799  0.027793  0.002437
430  0.023799  -0.067163  0.005077
431  -0.060338  0.021817  0.004117
432  -0.023916  0.032044  0.001599
433  -0.006239  0.008848  0.000117
434  -0.013368  0.050381  0.002717
435  -0.094019  -0.032823  0.009917
436  -0.076057  0.006249  0.005824
437  0.013126  -0.034160  0.001339
438  0.032094  -0.000098  0.001030
439  0.051174  -0.103283  0.013286
440  -0.048122  0.027755  0.003086
441  -0.050710  0.047766  0.004853
442  -0.007376  0.002116  0.000059
443  -0.026337  -0.039194  0.002230
444  -0.030921  0.048870  0.003344
445  0.014903  -0.015020  0.000448
446  -0.095082  -0.021022  0.009483
447  -0.046847  -0.038844  0.003704
448  0.020561  -0.001768  0.000426
449  -0.038782  0.002904  0.001512
450  -0.109303  -0.008938  0.012027
451  0.051214  -0.017484  0.002929
452  -0.022020  0.032363  0.001532
453  0.025089  -0.027627  0.001393
454  0.025962  0.056429  0.003858
455  0.006690  -0.035085  0.001276
456  0.055032  -0.052351  0.005769
457  0.054003  -0.034140  0.004082
458  0.019052  0.013279  0.000539
459  -0.049724  0.025803  0.003138
460  -0.009810  -0.063851  0.004173
461  -0.018211  -0.037173  0.001713
462  0.015374  0.038425  0.001713
463  0.008668  -0.081212  0.006671
464  0.000784  0.033880  0.001148
465  -0.020458  -0.003340  0.000430
466  -0.006231  -0.068189  0.004689
467  -0.065780  -0.016716  0.004606
468  -0.012217  0.016646  0.000426
469  0.046513  -0.063388  0.006181
470  0.055497  0.008725  0.003156
471  0.050743  0.075403  0.008260
472  -0.107529  0.007505  0.011619
473  0.018910  0.013764  0.000547
474  0.052900  0.020389  0.003214
475  0.033887  0.049618  0.003610
476  0.006006  0.044875  0.002050
477  0.044605  -0.088797  0.009875
478  0.026148  0.037798  0.002112
479  0.031643  -0.047179  0.003227
480  -0.019670  0.035939  0.001679
481  0.050781  0.043245  0.004449
482  -0.029068  -0.081823  0.007540
483  0.004260  -0.056848  0.003250
484  0.050369  0.010295  0.002643
485  -0.001382  0.092045  0.008474
486  0.003403  0.000559  0.000012
487  -0.062259  0.087371  0.011510
488  0.027423  0.034783  0.001962
489  -0.028366  0.116647  0.014411
490  0.032576  -0.028399  0.001868
491  -0.077255  -0.052872  0.008764
492  0.105736  -0.091519  0.019556
493  0.006294  -0.018932  0.000398
494  0.044119  -0.037367  0.003343
495  0.010358  0.005038  0.000133
496  -0.037233  0.005147  0.001413
497  0.049146  -0.016511  0.002688
498  -0.032011  -0.069060  0.005794
499  -0.008361  -0.019184  0.000438
500  -0.038733  0.052940  0.004303
501  -0.010477  0.063229  0.004108
502  -0.060779  0.036179  0.005003
503  -0.044310  0.022441  0.002467
504  0.005837  -0.073988  0.005508
505  -0.054287  0.031880  0.003963
506  -0.077412  0.019971  0.006391
507  -0.095747  0.034497  0.010358
508  -0.016014  -0.002380  0.000262
509  0.044257  0.037190  0.003342
510  -0.002056  0.015650  0.000249
511  0.061133  -0.001154  0.003739
512  0.005969  -0.019556  0.000418
513  0.012857  -0.005007  0.000190
514  -0.123867  -0.004549  0.015364
515  0.044346  0.054436  0.004930
516  -0.015878  0.117458  0.014048
517  -0.018281  0.007104  0.000385
518  -0.005672  0.016655  0.000310
519  0.060913  0.082038  0.010441
520  0.050461  -0.013756  0.002736
521  -0.069464  -0.012888  0.004991
522  0.035648  0.060615  0.004945
523  -0.020849  -0.025528  0.001086
524  0.054757  -0.036011  0.004295
525  0.039396  -0.005862  0.001586
526  -0.026879  -0.109241  0.012656
527  -0.031123  -0.017051  0.001259
528  -0.091225  0.005414  0.008351
529  -0.054145  -0.009096  0.003014
530  -0.070194  -0.006803  0.004973
531  0.032096  -0.068807  0.005765
532  0.012446  0.028834  0.000986
533  -0.040419  -0.024173  0.002218
534  0.009906  0.023558  0.000653
535  -0.015452  0.050356  0.002774
536  0.023397  -0.112487  0.013201
537  -0.069149  0.068035  0.009410
538  -0.072137  -0.029301  0.006062
539  -0.011935  0.071153  0.005205
540  0.013189  -0.031559  0.001170
541  -0.011437  -0.023471  0.000682
542  -0.049273  -0.025272  0.003066
543  -0.058645  0.065110  0.007679
544  -0.000638  0.018047  0.000326
545  -0.041476  0.031057  0.002685
546  0.005527  -0.008655  0.000105
547  0.076923  -0.004756  0.005940
548  -0.005475  0.016525  0.000303
549  -0.038121  0.039083  0.002981
550  -0.033546  -0.009415  0.001214
551  -0.055912  0.013460  0.003307
552  -0.050690  -0.075863  0.008325
553  -0.064231  -0.055201  0.007173
554  -0.062098  0.093604  0.012618
555  -0.017126  -0.001457  0.000295
556  0.075608  -0.033288  0.006825
557  -0.002937  -0.015370  0.000245
558  -0.022062  0.037873  0.001921
559  0.029482  0.019296  0.001242
560  -0.031466  0.051723  0.003665
561  -0.050265  -0.021846  0.003004
562  -0.057462  0.043648  0.005207
563  0.041591  -0.026331  0.002423
564  0.059524  0.031594  0.004541
565  0.090217  -0.026073  0.008819
566  -0.031546  -0.061315  0.004755
567  -0.009320  -0.009741  0.000182
568  0.072486  0.062861  0.009206
569  -0.011546  0.024632  0.000740
570  -0.075038  -0.016353  0.005898
571  0.014115  -0.045021  0.002226
572  0.070182  0.008868  0.005004
573  -0.044724  0.009415  0.002089
574  0.014775  0.034194  0.001388
575  -0.033623  -0.087191  0.008733
576  0.085748  0.010088  0.007454
577  -0.008324  0.047382  0.002314
578  -0.060975  0.035726  0.004994
579  0.002740  0.078024  0.006095
580  -0.068554  -0.151958  0.027791
581  0.030830  0.047587  0.003215
582  -0.087405  -0.057460  0.010941
583  -0.025056  0.094433  0.009545
584  0.024405  -0.022496  0.001102
585  0.019536  -0.050741  0.002956
586  -0.032906  0.042451  0.002885
587  0.104117  0.001833  0.010844
588  0.030871  0.009789  0.001049
589  0.027371  0.001714  0.000752
590  -0.056449  0.095196  0.012249
591  0.033549  0.050187  0.003644
592  -0.082525  -0.034972  0.008033
593  -0.017571  -0.070286  0.005249
594  -0.145785  0.103000  0.031862
595  0.082966  -0.060522  0.010546
596  0.116367  0.013148  0.013714
597  0.078380  0.039132  0.007675
598  -0.048129  -0.017833  0.002634
599  -0.038273  0.007832  0.001526
600  0.021973  -0.069210  0.005273
601  -0.034479  0.029293  0.002047
602  0.034641  -0.034119  0.002364
603  0.031801  -0.035737  0.002288
604  0.104984  0.122233  0.025962
605  0.055393  0.060215  0.006694
606  -0.045759  0.004095  0.002111
607  0.019175  0.040546  0.002012
608  -0.044279  0.064410  0.006109
609  0.005497  -0.037693  0.001451
610  0.011105  0.032528  0.001181
611  0.050779  0.060373  0.006223
612  0.013989  -0.061955  0.004034
613  -0.050195  -0.039950  0.004116
614  -0.086928  -0.072011  0.012742
615  0.163672  0.071289  0.031870
616  0.061231  -0.110560  0.015973
617  0.077316  -0.103899  0.016773
618  0.054725  0.047417  0.005243
619  -0.076629  -0.035180  0.007110
620  0.057569  0.088092  0.011074
621  -0.140280  0.027980  0.020461
622  -0.028704  0.059100  0.004317
623  -0.124138  -0.039725  0.016988
624  -0.033760  -0.035890  0.002428
625  0.093147  -0.056797  0.011902
626  0.026112  0.005482  0.000712
627  -0.034174  -0.134312  0.019208
628  -0.156045  0.107266  0.035856
629  -0.132840  -0.087055  0.025225
630  0.082717  0.012526  0.006999
631  0.063560  -0.104453  0.014950
632  -0.039837  0.045900  0.003694
633  -0.112140  -0.045369  0.014634
634  -0.027241  0.023117  0.001277
635  -0.023633  -0.067400  0.005101
636  0.024664  -0.035998  0.001904
637  -0.043954  -0.055467  0.005009
638  -0.013948  -0.051044  0.002800
639  0.008068  0.045611  0.002145
640  0.023239  -0.032089  0.001570
641  0.039747  -0.033599  0.002709
642  -0.058766  -0.034363  0.004634
643  0.074768  -0.158726  0.030784
644  -0.063957  -0.043169  0.005954
645  -0.012237  -0.069143  0.004931
646  0.172669  0.003312  0.029826
647  -0.072285  -0.139657  0.024729
648  -0.017520  0.088407  0.008123
649  0.093940  -0.047803  0.011110
650  0.078591  0.117572  0.020000
651  -0.089597  0.016324  0.008294
652  -0.134557  0.036590  0.019444
653  -0.009336  0.055876  0.003209
654  0.205737  -0.050361  0.044864
655  0.001311  0.140044  0.019614
656  0.019880  -0.068835  0.005133
657  -0.046828  -0.125372  0.017911
658  0.140741  -0.067874  0.024415
659  0.062744  -0.058207  0.007325
660  0.119432  -0.005690  0.014296
661  -0.038872  0.216107  0.048213
662  -0.064378  0.127914  0.020506
663  0.031353  -0.205476  0.043203
664  0.001557  -0.060568  0.003671
665  0.203056  0.043482  0.043122
666  0.134791  0.120844  0.032772
667  -0.102979  -0.020972  0.011045
668  -0.026941  -0.038838  0.002234
669  -0.122680  -0.028602  0.015869
670  -0.166472  0.008360  0.027783
671  0.080837  -0.008260  0.006603
672  -0.009867  -0.098657  0.009830
673  0.079225  -0.141194  0.026212
674  0.024301  -0.019007  0.000952
675  -0.069081  0.053269  0.007610
676  0.103153  0.120209  0.025091
677  -0.015558  0.121787  0.015074
678  -0.176135  -0.020040  0.031425
679  0.011496  -0.008616  0.000206
680  0.037225  0.081507  0.008029
681  0.081127  -0.001599  0.006584
682  -0.108169  0.013526  0.011883
683  -0.030207  -0.019898  0.001308
684  0.002656  -0.183583  0.033710
685  -0.062174  0.174586  0.034346
686  -0.237470  -0.009000  0.056473
687  0.036833  0.052869  0.004152
688  -0.221316  0.048363  0.051320
689  -0.046263  -0.045062  0.004171
690  0.084153  0.036703  0.008429
691  -0.056208  -0.128767  0.019740
692  0.262202  -0.114595  0.081882
693  -0.027367  0.014506  0.000959
694  -0.080772  0.157833  0.031435
695  -0.029750  -0.049775  0.003363
696  0.050118  0.015295  0.002746
697  0.062047  0.055270  0.006905
698  0.000961  -0.070426  0.004961
699  -0.143150  0.098076  0.030111
700  0.052948  0.057485  0.006108
701  -0.065286  0.178366  0.036077
702  -0.168588  0.035557  0.029686
703  -0.092390  0.042761  0.010364
704  0.137637  0.069007  0.023706
705  -0.052207  0.009482  0.002816
706  0.023327  0.169825  0.029385
707  -0.300529  0.076168  0.096119
708  -0.145717  -0.105070  0.032273
709  0.237664  -0.017345  0.056785
710  -0.024757  0.160130  0.026254
711  -0.160710  -0.099543  0.035737
712  0.039726  0.192313  0.038563
713  0.052324  0.045369  0.004796
714  -0.068799  0.069165  0.009517
715  0.104442  0.147578  0.032687
716  -0.097695  -0.175035  0.040181
717  -0.057759  -0.031900  0.004354
718  -0.130692  0.103077  0.027705
719  -0.033529  -0.159256  0.026487
720  0.008817  0.054818  0.003083
721  -0.149738  -0.106064  0.033671
722  0.157102  -0.185945  0.059257
723  -0.017280  -0.016287  0.000564
724  -0.026686  0.074956  0.006331
725  -0.114335  -0.112938  0.025827
726  0.081546  0.008113  0.006715
727  0.108286  -0.115702  0.025113
728  -0.129405  0.197286  0.055667
729  -0.090762  0.049242  0.010662
730  0.002245  -0.084337  0.007118
731  0.109874  -0.101692  0.022414
732  0.084368  -0.010123  0.007220
733  -0.190159  0.052507  0.038917
734  0.019702  0.177843  0.032016
735  -0.024751  -0.092632  0.009193
736  0.095807  0.141796  0.029285
737  0.037499  -0.060590  0.005077
738  -0.089979  -0.022239  0.008591
739  -0.213817  -0.053167  0.048544
740  0.209598  0.245630  0.104265
741  0.274030  0.078147  0.081199
742  0.051109  -0.085758  0.009967
743  0.024251  0.142503  0.020895
744  -0.160006  0.009094  0.025685
745  -0.193795  0.109404  0.049526
746  -0.099941  0.030577  0.010923
747  0.196896  -0.251968  0.102256
748  -0.158635  0.087887  0.032889
749  -0.016940  -0.301926  0.091446
750  0.158602  0.042519  0.026962
751  0.202387  -0.113444  0.053830
752  -0.121344  0.477452  0.242685
753  0.207098  -0.075857  0.048644
754  -0.095512  -0.180363  0.041653
755  -0.090016  0.098365  0.017779
756  0.101543  -0.188273  0.045758
757  -0.130263  -0.339648  0.132330
758  -0.102287  0.099222  0.020308
759  0.295861  0.074967  0.093154
760  -0.022040  0.184393  0.034487
761  -0.101867  0.086721  0.017897
762  0.024854  0.293274  0.086627
763  -0.389049  0.264331  0.221230
764  0.268634  -0.040518  0.073806
765  0.140103  -0.031739  0.020636
766  -0.073699  -0.035858  0.006717
767  -0.014388  -0.226469  0.051495
768  -0.247841  0.064809  0.065625
769  0.047398  0.011556  0.002380
770  0.252401  -0.081910  0.070416
771  0.176933  -0.008533  0.031378
772  0.052716  0.216995  0.049866
773  0.123031  -0.050552  0.017692
774  0.020971  0.062978  0.004406
775  -0.163127  0.410498  0.195119
776  -0.138985  0.057135  0.022581
777  -0.364075  0.143112  0.153032
778  -0.169520  0.133819  0.046645
779  -0.041077  0.159754  0.027209
780  -0.031443  0.091771  0.009411
781  -0.238833  -0.199160  0.096706
782  -0.124189  -0.023805  0.015989
783  0.245823  0.344198  0.178901
784  -0.109684  0.233524  0.066564
785  -0.210314  -0.096891  0.053620
786  -0.045837  0.192156  0.039025
787  0.288771  0.218150  0.130978
788  0.156086  -0.057656  0.027687
789  -0.045182  -0.010835  0.002159
790  -0.137060  0.122472  0.033785
791  -0.389519  -0.511250  0.413101
792  0.172461  -0.103077  0.040368
793  0.113312  0.351172  0.136162
794  0.069196  0.245700  0.065157
795  0.256666  -0.024278  0.066467
796  -0.138014  0.078640  0.025232
797  -0.211139  -0.229571  0.097283
798  0.205680  -0.170437  0.071353
799  0.054252  -0.110113  0.015068
800  -0.048562  0.427312  0.184954
801  0.122807  0.209727  0.059067
802  -0.119189  -0.106664  0.025583
803  0.139338  0.265823  0.090077
804  -0.143651  0.091907  0.029082
805  -0.306211  0.063916  0.097850
806  -0.313088  -0.124342  0.113485
807  -0.008749  -0.032817  0.001153
808  0.088801  0.280293  0.086450
809  0.363711  0.248174  0.193876
810  -0.106336  0.070016  0.016210
811  -0.064031  -0.047557  0.006362
812  0.038615  -0.162487  0.027893
813  0.060295  0.102920  0.014228
814  -0.029331  0.148458  0.022900
815  -0.039139  0.011799  0.001671
816  0.423500  0.158470  0.204465
817  -0.269023  -0.086376  0.079834
818  -0.185676  0.122637  0.049515
819  0.166262  -0.007732  0.027703
820  -0.133270  -0.026535  0.018465
821  0.072753  -0.299745  0.095140
822  -0.269661  -0.007475  0.072773
823  0.381654  0.086716  0.153179
824  -0.044665  -0.062846  0.005945
825  0.144840  -0.112114  0.033548
826  0.208405  0.021903  0.043913
827  -0.068665  0.065619  0.009021
828  -0.114514  0.259258  0.080328
829  -0.352919  -0.037643  0.125969
830  -0.131612  -0.068311  0.021988
831  -0.088602  -0.090343  0.016012
832  0.051139  -0.244228  0.062263
833  0.150013  -0.224729  0.073007
834  -0.005686  -0.033052  0.001125
835  -0.464274  -0.191643  0.252278
836  0.036566  -0.419992  0.177731
837  0.208663  0.343558  0.161572
838  -0.100435  0.029736  0.010971
839  0.051805  0.169055  0.031263
840  0.237506  -0.281731  0.135781
841  -0.027495  0.396107  0.157656
842  0.083993  -0.058796  0.010512
843  0.272386  -0.069501  0.079024
844  -0.207686  0.007128  0.043184
845  -0.274221  0.324262  0.180343
846  0.323553  -0.014738  0.104904
847  -0.157528  -0.055052  0.027846
848  -0.415492  -0.217668  0.220013
849  0.220040  -0.250997  0.111417
850  0.068476  0.459800  0.216105
851  -0.193531  0.027025  0.038185
852  -0.308438  -0.002506  0.095140
853  0.134481  -0.036064  0.019386
854  -0.418175  -0.387868  0.325311
855  0.626852  0.070565  0.397923
856  0.142584  0.032723  0.021401
857  0.220405  -0.034739  0.049785
858  -0.151806  0.064153  0.027161
859  -0.484800  0.263411  0.304417
860  0.126997  -0.628347  0.410949
861  -0.102660  0.254163  0.075138
862  0.092505  0.270600  0.081782
863  -0.115799  0.315763  0.113116
864  -0.255793  -0.027501  0.066187
865  0.455703  0.239196  0.264880
866  -0.200930  0.385911  0.189300
867  0.071660  0.296526  0.093063
868  -0.410298  0.076532  0.174201
869  -0.429450  0.127106  0.200583
870  0.322683  0.170983  0.133359
871  -0.095196  0.336639  0.122388
872  -0.122639  0.078242  0.021162
873  0.122491  0.209931  0.059075
874  0.235033  -0.136754  0.073942
875  0.301297  0.004404  0.090799
876  -0.113603  0.128116  0.029319
877  -0.533167  -0.118196  0.298238
878  0.204411  0.220020  0.090193
879  0.650191  -0.100793  0.432908
880  -0.015894  0.112063  0.012811
881  0.280441  0.285360  0.160077
882  -0.237680  -0.757856  0.630837
883  -0.370008  0.106047  0.148152
884  0.295290  -0.281801  0.166608
885  0.118975  0.014209  0.014357
886  0.231036  0.192872  0.090577
887  0.115756  0.199452  0.053180
888  0.317215  0.094355  0.109528
889  0.351834  0.533995  0.408938
890  0.306385  0.067268  0.098397
891  -0.040163  -0.118337  0.015617
892  -0.089647  0.082961  0.014919
893  -0.482369  0.097395  0.242166
894  -0.034589  0.454031  0.207341
895  0.031876  0.103719  0.011774
896  0.198881  0.169389  0.068246
897  -0.110701  -0.245328  0.072441
898  -0.124085  0.260966  0.083501
899  0.204238  -0.220923  0.090520
900  0.274462  -0.090596  0.083537
901  -0.031289  -0.131485  0.018267
902  0.151935  -0.073244  0.028449
903  -0.238753  -0.372235  0.195561
904  0.194100  0.221555  0.086762
905  0.281262  0.012577  0.079266
906  0.059701  0.060299  0.007200
907  -0.123981  0.041421  0.017087
908  -0.265538  0.237205  0.126776
909  0.172062  0.032404  0.030656
910  -0.340721  0.158865  0.141329
911  0.423984  0.144382  0.200609
912  -0.316425  0.241034  0.158222
913  -0.187231  0.320763  0.137944
914  0.183020  -0.236212  0.089293
915  -0.021253  0.005517  0.000482
916  -0.001062  0.175107  0.030664
917  -0.309725  -0.176168  0.126965
918  0.021595  0.400038  0.160497
919  0.789483  0.474637  0.848565
920  0.239834  -0.015357  0.057756
921  0.004520  0.222855  0.049685
922  -0.058841  -0.308389  0.098566
923  -0.584595  -0.018243  0.342084
924  -0.365832  0.403116  0.296336
925  -0.179918  -0.072651  0.037649
926  0.571079  0.283958  0.406763
927  0.094186  0.227513  0.060633
928  -0.081044  -0.091828  0.015000
929  -0.103763  0.135810  0.029211
930  0.071266  -0.315370  0.104537
931  0.036779  -0.525003  0.276981
932  0.224725  -0.031011  0.051463
933  -0.322575  0.571191  0.430314
934  0.124873  0.579511  0.351426
935  -0.195295  -0.456606  0.246629
936  -0.309477  -0.222154  0.145129
937  0.171342  -0.414673  0.201312
938  -0.049890  0.107167  0.013974
939  0.231911  0.121214  0.068476
940  -0.351705  -0.377313  0.266062
941  -0.312209  0.022037  0.097960
942  0.212783  0.288699  0.128624
943  0.102177  -0.055583  0.013530
944  0.581278  0.111821  0.350388
945  -0.096651  0.057791  0.012681
946  0.121759  -0.120347  0.029309
947  0.542194  0.068923  0.298725
948  -0.195762  -0.042735  0.040149
949  0.184785  -0.084925  0.041358
950  -0.358127  0.365793  0.262059
951  0.655082  -0.249130  0.491199
952  -0.044743  0.221288  0.050970
953  -0.361616  -0.405412  0.295125
954  0.109564  -0.266187  0.082859
955  -0.012857  0.203833  0.041713
956  -0.463558  0.142365  0.235153
957  0.334505  -0.057944  0.115251
958  -0.648166  0.101396  0.430401
959  0.388021  -0.486316  0.387064
960  0.060565  0.283660  0.084131
961  -0.622905  0.218089  0.435573
962  -0.283821  0.537852  0.369839
963  -0.082083  -0.354163  0.132169
964  0.206723  0.064256  0.046863
965  -0.239426  0.208047  0.100608
966  -0.233198  0.644539  0.469812
967  0.660465  0.042445  0.438015
968  -0.162664  -0.200305  0.066582
969  -0.074117  0.272922  0.079980
970  0.859106  -0.102928  0.748657
971  0.176138  0.291327  0.115896
972  0.631340  -0.191191  0.435144
973  0.047321  -0.312102  0.099647
974  0.387887  -0.045796  0.152553
975  -0.180229  0.155438  0.056643
976  0.430703  0.026939  0.186231
977  0.074367  0.377540  0.148067
978  -0.125631  -0.033161  0.016883
979  -0.251571  0.318969  0.165029
980  0.272275  0.015834  0.074384
981  0.293510  -0.438786  0.278681
982  -0.076974  0.100793  0.016084
983  0.335271  -0.188805  0.148054
984  -0.823601  -0.449068  0.879981
985  -0.277855  -0.243985  0.136732
986  -0.308078  0.190799  0.131317
987  0.333073  0.155704  0.135181
988  -0.136908  0.480313  0.249445
989  -0.108376  0.385373  0.160258
990  0.203480  -0.068232  0.046060
991  0.427055  0.487987  0.420508
992  0.104831  0.024219  0.011576
993  -0.365120  -0.096191  0.142565
994  -0.227877  -0.324075  0.156953
995  0.222477  0.551766  0.353942
996  0.248555  0.695341  0.545279
997  0.043139  -0.383091  0.148619
998  -0.204706  0.216650  0.088842
999  -0.744163  -0.410269  0.722100
1000  -0.012593  -0.362930  0.131877
1001  -0.430545  0.503312  0.438692
1002  -0.341852  -0.309888  0.212894
1003  -0.356919  0.071844  0.132552
1004  -0.140559  -0.196435  0.058343
1005  0.173268  -0.384436  0.177813
1006  -0.047641  0.230776  0.055527
1007  -0.378876  0.029347  0.144408
1008  -0.297190  -0.425252  0.269161
1009  0.801957  0.204102  0.684793
1010  0.004392  -0.154915  0.024018
1011  -0.437057  -0.642254  0.603509
1012  0.167518  -0.044382  0.030032
1013  -0.386333  -0.522750  0.422521
1014  0.370558  -0.106118  0.148574
1015  0.105932  0.087298  0.018843
1016  -0.554338  -0.193720  0.344819
1017  0.283255  -0.493338  0.323616
1018  0.192722  -0.155047  0.061181
1019  -0.633135  0.076044  0.406643
1020  0.103774  0.265859  0.081450
1021  0.229019  0.035089  0.053681
1022  -0.390505  -0.574220  0.482223
1023  0.324872  -0.978347  1.062705
1024  0.340318  -0.085356  0.123102
1025  -0.301312  0.004391  0.090808
1026  0.352239  -0.232736  0.178239
1027  -0.092548  -0.700008  0.498576
1028  -0.343153  -0.109932  0.129839
1029  -0.208666  -0.427439  0.226246
1030  -0.709703  0.175023  0.534311
1031  0.007373  -0.190772  0.036448
1032  -0.408735  0.127777  0.183392
1033  0.397160  -0.335482  0.270284
1034  0.367721  0.209925  0.179288
1035  -0.461285  0.019870  0.213179
1036  0.277382  0.556757  0.386920
1037  0.256920  0.339502  0.181269
1038  0.244088  0.628629  0.454754
1039  0.726259  -0.895474  1.329327
1040  -0.019667  0.149184  0.022642
1041  0.032623  -0.213473  0.046635
1042  -0.268992  0.549347  0.374139
1043  -0.331679  -0.176772  0.141260
1044  -0.065133  0.072729  0.009532
1045  -0.043041  0.334976  0.114061
1046  0.057570  0.067188  0.007829
1047  -0.541833  -0.376657  0.435453
1048  0.020705  0.126144  0.016341
1049  0.326309  0.216580  0.153384
1050  -0.532901  -0.163602  0.310749
1051  0.019446  0.388903  0.151624
1052  0.265588  -0.594923  0.424471
1053  0.440024  -0.349824  0.315998
1054  -0.155153  -0.327684  0.131449
1055  -0.268365  0.253653  0.136360
1056  -0.500755  0.222578  0.300296
1057  -0.535006  -1.128685  1.560162
1058  0.088129  -0.581046  0.345381
1059  -0.366515  0.001194  0.134334
1060  0.155646  0.298543  0.113353
1061  -0.964049  0.632419  1.329344
1062  -0.000147  0.415200  0.172391
1063  0.084430  -0.196248  0.045642
1064  -0.109478  -0.466132  0.229265
1065  -0.544022  -0.563859  0.613896
1066  -0.367973  -0.527960  0.414146
1067  0.181808  -0.535177  0.319469
1068  -0.062308  -0.166175  0.031496
1069  0.390036  -0.086543  0.159618
1070  0.323923  -0.195898  0.143302
1071  -0.030176  0.789040  0.623495
1072  0.507235  -0.160637  0.283091
1073  -0.888738  0.316192  0.889833
1074  -0.015940  0.582081  0.339073
1075  -0.536716  -0.061417  0.291836
1076  0.416257  -0.547397  0.472914
1077  -0.429192  -0.200651  0.224466
1078  0.082255  0.743845  0.560072
1079  -0.057975  -0.152597  0.026647
1080  0.098684  -0.447986  0.210430
1081  0.004941  -0.640794  0.410641
1082  0.083971  -0.169967  0.035940
1083  0.220430  -0.185034  0.082827
1084  0.514852  -0.580573  0.602138
1085  0.090815  0.583627  0.348868
1086  -0.582376  -0.102947  0.349760
1087  -0.100822  -0.041221  0.011864
1088  -0.412054  -0.216449  0.216639
1089  0.364502  -0.210728  0.177268
1090  -0.114473  0.000867  0.013105
1091  -0.294111  -0.245629  0.146835
1092  0.026978  -0.787853  0.621440
1093  1.068536  0.282731  1.221707
1094  -0.109140  0.386360  0.161186
1095  -0.373028  -0.287435  0.221768
1096  -0.331845  0.295918  0.197688
1097  -0.191073  0.119839  0.050870
1098  -0.598552  0.435897  0.548270
1099  0.251208  0.217867  0.110572
1100  0.688764  0.135867  0.492855
1101  0.208666  0.223522  0.093503
1102  -0.411057  0.533621  0.453719
1103  -0.338225  0.171159  0.143692
1104  0.171676  -0.139676  0.048982
1105  0.527325  -0.108843  0.289918
1106  0.650505  0.360104  0.552831
1107  -0.127768  -0.289863  0.100345
1108  -0.304967  -0.045505  0.095076
1109  -0.354412  0.049524  0.128061
1110  -0.142324  -0.546956  0.319417
1111  0.181391  -0.159223  0.058255
1112  0.176939  -0.053600  0.034180
1113  -0.180169  0.364772  0.165519
1114  0.276007  0.527616  0.354559
1115  0.518679  0.018886  0.269385
1116  -0.317998  -0.425260  0.281969
1117  -1.135054  -0.006448  1.288389
1118  -0.227984  0.007149  0.052028
1119  -0.039073  0.279334  0.079554
1120  -0.433916  -0.069921  0.193172
1121  0.146862  -0.232487  0.075619
1122  -0.408112  -0.026951  0.167282
1123  0.301755  -0.193095  0.128342
1124  -0.320268  -0.477824  0.330887
1125  -0.145258  0.003067  0.021109
1126  0.199528  0.074713  0.045393
1127  -0.393694  0.229710  0.207762
1128  0.008944  -0.360089  0.129744
1129  0.062809  -0.884767  0.786757
1130  -0.007138  0.382517  0.146370
1131  0.638306  -0.126304  0.423387
1132  -0.231363  -0.054228  0.056469
1133  -0.009595  0.213324  0.045599
1134  -0.180262  -0.463951  0.247745
1135  -0.396799  -0.065174  0.161697
1136  0.251261  0.206729  0.105869
1137  0.145693  -0.097352  0.030704
1138  0.459320  -0.507279  0.468307
1139  -0.588459  0.114997  0.359508
1140  0.303101  -0.502779  0.344657
1141  -0.623259  -0.291177  0.473236
1142  -0.082798  -0.132509  0.024414
1143  0.037646  0.103136  0.012054
1144  -0.207210  0.021445  0.043396
1145  -0.213437  -0.264359  0.115441
1146  0.096060  -0.095527  0.018353
1147  0.637388  -0.146044  0.427592
1148  0.131662  -0.087526  0.024996
1149  0.006417  -0.349806  0.122406
1150  -0.147839  0.061469  0.025635
1151  0.237373  0.406422  0.221525
1152  -0.179307  -0.343878  0.150403
1153  -0.115920  -0.302137  0.104724
1154  -0.143115  -0.163471  0.047205
1155  -0.264117  -0.098649  0.079489
1156  0.253619  0.215073  0.110579
1157  0.169989  0.169526  0.057635
1158  -0.186168  -0.016553  0.034933
1159  0.285722  -0.214872  0.127808
1160  0.123085  0.034391  0.016333
1161  -0.249343  -0.246564  0.122966
1162  0.181676  0.176673  0.064219
1163  0.004991  -0.079214  0.006300
1164  -0.162482  0.052843  0.029193
1165  0.020154  -0.419710  0.176563
1166  0.051655  -0.125656  0.018458
1167  -0.218431  0.674016  0.502009
1168  0.003815  0.169291  0.028674
1169  -0.256154  -0.768573  0.656320
1170  -0.289054  0.733080  0.620959
1171  -0.045307  -0.081401  0.008679
1172  -0.121851  -0.320101  0.117312
1173  0.069469  -0.153372  0.028349
1174  -0.299075  -0.116742  0.103075
1175  -0.709913  0.133753  0.521867
1176  0.498125  0.052962  0.250934
1177  0.406623  -0.019125  0.165708
1178  -0.174137  0.246409  0.091041
1179  -0.519968  -0.210968  0.314874
1180  -0.126703  0.557521  0.326884
1181  0.639013  -0.388844  0.559537
1182  -0.213304  0.041992  0.047262
1183  -0.211393  0.158590  0.069838
1184  0.046659  0.051216  0.004800
1185  0.344551  -0.113020  0.131489
1186  0.120809  0.010565  0.014706
1187  -0.274386  0.128652  0.091839
1188  0.045503  -0.262189  0.070813
1189  -0.168131  -0.301813  0.119359
1190  0.280597  -0.025861  0.079404
1191  -0.544353  0.203973  0.337926
1192  0.039736  0.172052  0.031181
1193  0.722933  0.175132  0.553304
1194  -0.187494  -0.109274  0.047095
1195  0.059653  0.473397  0.227663
1196  0.012321  -0.524183  0.274920
1197  0.175402  -0.518780  0.299898
1198  -0.148817  -0.130366  0.039142
1199  0.304302  -0.045699  0.094688
1200  -0.527429  -0.286375  0.360191
1201  -0.356807  0.399364  0.286803
1202  0.139819  0.270515  0.092728
1203  0.045500  0.074291  0.007589
1204  0.730141  0.477477  0.761090
1205  0.195612  0.008869  0.038343
1206  0.319851  -0.183272  0.135893
1207  -0.058686  -0.061489  0.007225
1208  0.026645  -0.105883  0.011921
1209  0.527228  0.128488  0.294478
1210  -0.363444  -0.087094  0.139677
1211  0.111881  0.198654  0.051981
1212  -0.197669  -0.296886  0.127214
1213  -0.107686  0.107853  0.023228
1214  -0.110165  -0.080987  0.018695
1215  -0.417474  0.325601  0.280300
1216  -0.109622  0.346566  0.132125
1217  0.007590  -0.185590  0.034501
1218  -0.289338  0.187010  0.118689
1219  0.279623  -0.069531  0.083023
1220  0.286392  0.375426  0.222966
1221  0.232455  0.351034  0.177260
1222  -0.092264  -0.360142  0.138215
1223  -0.308531  0.090414  0.103366
1224  0.412390  0.500176  0.420242
1225  -0.548671  -0.463162  0.515560
1226  0.019251  0.206277  0.042921
1227  0.158166  0.065348  0.029287
1228  0.041614  -0.491168  0.242978
1229  0.097352  -0.127912  0.025839
1230  -0.067436  0.127525  0.020810
1231  -0.052365  0.164168  0.029693
1232  0.239112  0.315693  0.156837
1233  -0.193246  0.226897  0.088826
1234  -0.397994  -0.135158  0.176667
1235  0.013552  0.375732  0.141358
1236  0.270255  -0.304176  0.165561
1237  0.164655  -0.157101  0.051792
1238  0.219481  -0.118958  0.062323
1239  0.126302  -0.508187  0.274206
1240  -0.036447  0.190255  0.037525
1241  0.075586  0.130449  0.022730
1242  0.136243  -0.086818  0.026100
1243  0.310816  0.026037  0.097285
1244  0.005549  -0.089567  0.008053
1245  0.034693  -0.027716  0.001972
1246  0.108302  0.073091  0.017071
1247  -0.067676  0.058871  0.008046
1248  0.053954  -0.394377  0.158445
1249  -0.076885  0.501778  0.257692
1250  0.049132  0.043501  0.004306
1251  0.071433  0.044113  0.007049
1252  0.401972  0.135344  0.179899
1253  -0.046252  0.538466  0.292085
1254  -0.309858  -0.303981  0.188416
1255  -0.002678  -0.292005  0.085274
1256  -0.083862  0.023089  0.007566
1257  0.000952  -0.016500  0.000273
1258  0.006571  -0.018144  0.000372
1259  -0.163967  0.359159  0.155881
1260  0.002801  -0.141683  0.020082
1261  0.142623  -0.100879  0.030518
1262  -0.304478  -0.177610  0.124252
1263  -0.086261  0.092295  0.015959
1264  0.220998  -0.057698  0.052169
1265  0.025288  0.333856  0.112099
1266  0.166255  -0.047081  0.029858
1267  0.020121  0.105977  0.011636
1268  -0.052258  0.186923  0.037671
1269  0.044822  0.312864  0.099893
1270  -0.177492  -0.021501  0.031966
1271  -0.369626  -0.274544  0.211997
1272  0.252856  -0.056622  0.067142
1273  0.057095  0.119270  0.017485
1274  -0.172302  -0.124220  0.045118
1275  0.258241  0.157858  0.091608
1276  0.165561  -0.118524  0.041458
1277  -0.296643  0.034571  0.089192
1278  -0.098481  0.126137  0.025609
1279  -0.039309  0.024976  0.002169
1280  0.043831  0.054527  0.004894
1281  0.057789  -0.077862  0.009402
1282  -0.084894  -0.061046  0.010934
1283  -0.050418  0.233867  0.057236
1284  0.043402  0.185243  0.036199
1285  0.171527  0.081870  0.036124
1286  -0.035428  0.262575  0.070201
1287  -0.081600  -0.046790  0.008848
1288  0.010990  -0.050287  0.002650
1289  0.346195  0.003597  0.119864
1290  0.254646  -0.125304  0.080546
1291  -0.174509  0.016979  0.030742
1292  -0.213298  0.088802  0.053382
1293  0.140345  0.543833  0.315452
1294  0.067524  -0.069324  0.009365
1295  0.198473  0.055961  0.042523
1296  -0.146248  -0.036167  0.022697
1297  0.082313  0.235423  0.062200
1298  -0.101093  0.188011  0.045568
1299  0.099295  -0.051152  0.012476
1300  -0.015032  -0.224726  0.050728
1301  0.353056  -0.102316  0.135117
1302  0.202459  0.061810  0.044810
1303  -0.186524  -0.104699  0.045753
1304  -0.005186  -0.100594  0.010146
1305  0.050077  -0.139831  0.022060
1306  -0.331430  0.307353  0.204312
1307  -0.181369  -0.113321  0.045736
1308  -0.038367  -0.005397  0.001501
1309  0.006763  0.260256  0.067779
1310  0.108998  0.122640  0.026921
1311  0.033702  0.005352  0.001164
1312  -0.133695  -0.225834  0.068875
1313  0.154048  -0.020765  0.024162
1314  0.100370  0.015783  0.010323
1315  -0.124992  -0.232560  0.069707
1316  -0.150948  0.048586  0.025146
1317  0.072639  0.027751  0.006047
1318  0.243351  0.010551  0.059331
1319  -0.110558  0.212778  0.057498
1320  -0.004274  0.023821  0.000586
1321  0.072587  -0.064071  0.009374
1322  -0.108306  -0.188309  0.047191
1323  0.117117  0.081748  0.020399
1324  -0.180334  -0.258458  0.099321
1325  0.312063  0.057166  0.100651
1326  0.127893  -0.020699  0.016785
1327  0.157220  -0.072832  0.030023
1328  0.016947  -0.146988  0.021893
1329  -0.050088  0.042242  0.004293
1330  -0.406578  -0.094940  0.174320
1331  -0.013624  0.233340  0.054633
1332  -0.045851  -0.310693  0.098632
1333  0.088089  -0.001801  0.007763
1334  0.007225  -0.033305  0.001161
1335  0.261211  -0.182342  0.101480
1336  0.150493  -0.229661  0.075392
1337  -0.068336  0.041049  0.006355
1338  0.010493  0.001827  0.000113
1339  -0.042209  -0.210898  0.046260
1340  0.020897  -0.130529  0.017474
1341  -0.284984  0.087092  0.088801
1342  -0.052087  -0.013444  0.002894
1343  -0.053619  -0.056876  0.006110
1344  -0.218592  0.069946  0.052675
1345  -0.062394  -0.060909  0.007603
1346  -0.130182  -0.047815  0.019234
1347  -0.298765  0.009348  0.089348
1348  -0.068031  0.082816  0.011487
1349  0.087487  0.083463  0.014620
1350  -0.060305  -0.166218  0.031265
1351  -0.031638  0.063750  0.005065
1352  -0.019328  0.017650  0.000685
1353  0.272939  0.096076  0.083726
1354  0.199876  -0.102101  0.050375
1355  0.081956  -0.040596  0.008365
1356  0.129643  -0.066684  0.021254
1357  -0.031793  0.042674  0.002832
1358  0.079314  -0.109189  0.018213
1359  -0.041702  0.059760  0.005310
1360  -0.058320  0.003807  0.003416
1361  0.010755  -0.129879  0.016984
1362  0.124883  0.062672  0.019523
1363  0.048337  -0.017130  0.002630
1364  -0.178223  -0.137261  0.050604
1365  0.045810  0.189319  0.037940
1366  0.010331  -0.046140  0.002236
1367  -0.152611  -0.221971  0.072561
1368  -0.058519  0.124394  0.018898
1369  0.081840  -0.027698  0.007465
1370  0.043327  -0.124088  0.017275
1371  0.237553  0.151790  0.079471
1372  0.056941  0.073380  0.008627
1373  0.102764  0.099356  0.020432
1374  -0.175233  -0.108624  0.042506
1375  -0.061415  -0.251926  0.067239
1376  -0.061115  0.181557  0.036698
1377  -0.118716  0.051948  0.016792
1378  -0.084772  -0.062278  0.011065
1379  -0.144197  -0.028111  0.021583
1380  0.018496  0.051826  0.003028
1381  0.172176  -0.195943  0.068038
1382  0.158129  0.053259  0.027841
1383  0.268756  -0.100333  0.082297
1384  0.094260  -0.030320  0.009804
1385  0.061395  -0.137922  0.022792
1386  0.076860  0.023668  0.006468
1387  -0.314194  0.040373  0.100348
1388  -0.019336  0.145190  0.021454
1389  0.010696  0.048096  0.002428
1390  0.101405  -0.081685  0.016955
1391  -0.057114  -0.091951  0.011717
1392  -0.034567  -0.121488  0.015954
1393  0.082105  -0.142788  0.027130
1394  -0.130767  -0.185028  0.051336
1395  -0.184806  0.223608  0.084154
1396  -0.027518  0.253324  0.064930
1397  0.206932  0.103440  0.053521
1398  -0.021862  -0.012399  0.000632
1399  0.126507  -0.162003  0.042249
1400  -0.166375  0.012636  0.027840
1401  -0.025105  -0.051713  0.003304
1402  0.198180  -0.010235  0.039380
1403  0.023347  0.094782  0.009529
1404  -0.040465  -0.064162  0.005754
1405  -0.109937  0.036326  0.013406
1406  -0.065665  -0.061742  0.008124
1407  0.018436  0.050396  0.002880
1408  -0.056824  -0.041335  0.004938
1409  -0.049665  0.003731  0.002481
1410  -0.009615  0.085093  0.007333
1411  -0.006964  -0.070171  0.004972
1412  0.044841  -0.073461  0.007407
1413  -0.028466  -0.184278  0.034769
1414  -0.033973  -0.090169  0.009285
1415  0.045972  -0.185865  0.036659
1416  -0.157134  0.062483  0.028595
1417  -0.036455  0.049293  0.003759
1418  -0.145904  0.051488  0.023939
1419  0.080463  0.126872  0.022571
1420  -0.068940  -0.108863  0.016604
1421  0.066674  -0.073467  0.009843
1422  0.076924  -0.022591  0.006428
1423  0.025223  -0.019231  0.001006
1424  0.042596  -0.037941  0.003254
1425  -0.210781  -0.023944  0.045002
1426  -0.044673  0.015982  0.002251
1427  -0.096801  -0.038140  0.010825
1428  -0.065993  -0.103004  0.014965
1429  0.118089  -0.035125  0.015179
1430  0.019920  -0.080302  0.006845
1431  -0.010511  -0.050550  0.002666
1432  -0.247397  -0.116154  0.074697
1433  0.127134  0.108051  0.027838
1434  0.054013  -0.061792  0.006736
1435  0.036852  0.039952  0.002954
1436  -0.037394  0.008124  0.001464
1437  -0.078171  0.036773  0.007463
1438  -0.047192  -0.005241  0.002255
1439  0.033528  -0.006257  0.001163
1440  -0.138219  -0.061312  0.022864
1441  -0.057308  0.143732  0.023943
1442  0.004856  0.094644  0.008981
1443  0.076326  0.052941  0.008628
1444  0.014112  -0.032140  0.001232
1445  -0.096418  -0.093129  0.017969
1446  -0.072617  0.008258  0.005341
1447  0.037186  0.009639  0.001476
1448  0.053518  -0.027109  0.003599
1449  0.102738  -0.031958  0.011576
1450  0.018399  -0.088759  0.008217
1451  0.018363  -0.127443  0.016579
1452  0.002568  0.066930  0.004486
1453  -0.009249  0.118062  0.014024
1454  -0.024211  0.072805  0.005887
1455  -0.003094  0.110865  0.012301
1456  0.014262  -0.092131  0.008691
1457  -0.030557  -0.058761  0.004387
1458  -0.046370  0.114256  0.015205
1459  0.038532  -0.117027  0.015180
1460  0.055948  -0.076232  0.008942
1461  0.062925  0.034860  0.005175
1462  0.036229  -0.055802  0.004426
1463  -0.021212  -0.024841  0.001067
1464  -0.036575  0.067646  0.005914
1465  0.018354  -0.001919  0.000341
1466  0.036315  -0.074162  0.006819
1467  -0.013134  -0.071438  0.005276
1468  -0.007042  -0.015611  0.000293
1469  -0.027935  -0.047997  0.003084
1470  -0.078176  -0.052480  0.008866
1471  0.015025  0.051646  0.002893
1472  -0.045928  -0.018358  0.002446
1473  0.061567  0.041099  0.005480
1474  -0.007975  0.116955  0.013742
1475  0.017844  -0.038527  0.001803
1476  0.011606  0.024543  0.000737
1477  0.027136  -0.031678  0.001740
1478  -0.014301  0.041951  0.001964
1479  -0.122908  0.084889  0.022313
1480  -0.017878  0.032985  0.001408
1481  0.026439  -0.017596  0.001009
1482  0.106059  -0.007431  0.011304
1483  -0.040163  -0.023143  0.002149
1484  -0.037330  -0.026749  0.002109
1485  -0.051646  0.052897  0.005465
1486  0.067313  -0.050827  0.007114
1487  0.007849  -0.009128  0.000145
1488  -0.006273  -0.088280  0.007833
1489  -0.017994  0.044044  0.002264
1490  -0.021714  -0.058957  0.003947
1491  -0.028993  -0.062554  0.004754
1492  -0.075862  -0.005305  0.005783
1493  -0.022155  -0.019080  0.000855
1494  0.005054  0.155608  0.024239
1495  -0.149987  0.036152  0.023803
1496  -0.036247  -0.036014  0.002611
1497  -0.028390  -0.104710  0.011770
1498  0.016742  -0.005035  0.000306
1499  -0.009277  -0.081735  0.006767
1500  -0.006143  -0.071635  0.005169
1501  -0.034345  0.024020  0.001757
1502  -0.019731  0.039106  0.001919
1503  0.017671  -0.053844  0.003211
1504  0.035591  -0.008175  0.001334
1505  0.061408  -0.150495  0.026420
1506  -0.032482  -0.030372  0.001978
1507  -0.060784  -0.097410  0.013183
1508  -0.030341  -0.036972  0.002288
1509  -0.013222  0.013114  0.000347
1510  0.006021  0.025287  0.000676
1511  -0.019143  -0.037410  0.001766
1512  -0.046788  -0.049258  0.004615
1513  -0.008604  0.028937  0.000911
1514  0.043224  0.006879  0.001916
1515  -0.048823  -0.108409  0.014136
1516  -0.018656  0.015228  0.000580
1517  -0.048072  -0.049579  0.004769
1518  -0.029020  0.031921  0.001861
1519  0.043124  -0.068660  0.006574
1520  0.060297  0.064556  0.007803
1521  -0.032187  -0.042979  0.002883
1522  0.019588  0.023399  0.000931
1523  0.007736  -0.166423  0.027756
1524  0.063347  0.027181  0.004752
1525  0.001062  -0.055759  0.003110
1526  -0.020387  -0.023211  0.000954
1527  0.013626  0.015090  0.000413
1528  0.082733  -0.023006  0.007374
1529  -0.075926  -0.049616  0.008226
1530  -0.026400  -0.044439  0.002672
1531  -0.010585  0.048180  0.002433
1532  -0.046342  0.064692  0.006333
1533  0.026353  -0.024215  0.001281
1534  -0.001883  0.041891  0.001758
1535  -0.031229  -0.012148  0.001123
1536  -0.027730  -0.032722  0.001840
1537  0.059105  0.013832  0.003685
1538  0.064436  0.004726  0.004174
1539  -0.093961  -0.066927  0.013308
1540  -0.003799  0.039016  0.001537
1541  -0.125663  0.014940  0.016014
1542  -0.087086  -0.072470  0.012836
1543  0.023173  0.036376  0.001860
1544  -0.031376  0.013811  0.001175
1545  -0.000412  0.004906  0.000024
1546  -0.021312  -0.033289  0.001562
1547  -0.031993  0.040446  0.002659
1548  0.029296  -0.003551  0.000871
1549  -0.016707  -0.127881  0.016633
1550  -0.036860  -0.020330  0.001772
1551  -0.001903  -0.110072  0.012119
1552  0.006871  -0.013734  0.000236
1553  0.033359  -0.035036  0.002340
1554  -0.033596  0.034434  0.002314
1555  -0.048635  -0.010639  0.002479
1556  0.001911  0.048266  0.002333
1557  -0.009468  -0.014196  0.000291
1558  -0.037041  -0.020706  0.001801
1559  0.052093  -0.004342  0.002733
1560  -0.021600  0.052056  0.003176
1561  -0.020776  -0.068281  0.005094
1562  -0.021862  0.047786  0.002761
1563  -0.082043  -0.004955  0.006756
1564  0.010592  -0.004605  0.000133
1565  0.039183  0.029583  0.002410
1566  -0.028716  -0.004916  0.000849
1567  0.039258  -0.060252  0.005171
1568  0.011173  -0.007985  0.000189
1569  -0.013044  0.024503  0.000771
1570  -0.015842  -0.015251  0.000484
1571  0.050044  0.049449  0.004950
1572  0.006864  0.011272  0.000174
1573  -0.074937  0.006702  0.005660
1574  -0.005271  0.008488  0.000100
1575  0.048713  0.066712  0.006823
1576  0.015674  0.019671  0.000633
1577  0.021556  0.027021  0.001195
1578  -0.007586  -0.028111  0.000848
1579  0.020837  -0.022680  0.000949
1580  -0.038732  -0.007720  0.001560
1581  0.014393  0.007275  0.000260
1582  0.009767  0.009321  0.000182
1583  -0.002557  -0.020968  0.000446
1584  0.090477  0.037522  0.009594
1585  -0.030093  0.021085  0.001350
1586  -0.027914  -0.018932  0.001138
1587  -0.044415  0.029342  0.002834
1588  0.029306  -0.020768  0.001290
1589  0.030522  0.017894  0.001252
1590  0.026576  -0.065114  0.004946
1591  0.031094  0.010118  0.001069
1592  0.017327  0.015956  0.000555
1593  -0.008147  0.024169  0.000651
1594  0.003726  0.079299  0.006302
1595  0.017929  0.024524  0.000923
1596  0.012888  0.018182  0.000497
1597  0.014205  0.002981  0.000211
1598  0.065769  0.008608  0.004400
1599  0.012135  -0.022754  0.000665
1600  0.056620  0.005272  0.003234
1601  -0.000485  -0.017889  0.000320
1602  0.046691  0.015401  0.002417
1603  -0.000566  -0.030630  0.000939
1604  0.047548  -0.001621  0.002263
1605  -0.049395  0.011274  0.002567
1606  0.023157  0.042143  0.002312
1607  -0.045674  -0.024176  0.002671
1608  -0.056409  0.007830  0.003243
1609  0.018633  -0.051091  0.002957
1610  0.017026  0.085634  0.007623
1611  -0.022848  -0.004033  0.000538
1612  -0.009817  0.016584  0.000371
1613  -0.013440  0.024059  0.000759
1614  0.091545  0.000575  0.008381
1615  -0.015640  -0.070880  0.005269
1616  -0.060390  0.021737  0.004119
1617  -0.030367  0.032350  0.001969
1618  0.039400  -0.028192  0.002347
1619  0.036686  -0.030101  0.002252
1620  -0.024699  -0.049844  0.003094
1621  0.047284  0.053814  0.005132
1622  0.015691  0.038276  0.001711
1623  -0.043308  -0.034333  0.003054
1624  0.028525  -0.021953  0.001296
1625  0.043478  0.051419  0.004534
1626  -0.024431  -0.069090  0.005370
1627  0.053840  -0.024812  0.003514
1628  -0.036466  -0.031646  0.002331
1629  -0.006773  0.003045  0.000055
1630  0.001023  -0.018792  0.000354
1631  -0.018858  -0.006429  0.000397
1632  -0.001210  -0.042549  0.001812
1633  -0.026684  0.022679  0.001226
1634  0.063718  -0.006988  0.004109
1635  0.034334  -0.010280  0.001285
1636  0.056874  -0.019236  0.003605
1637  0.027942  0.021326  0.001236
1638  0.047161  -0.012710  0.002386
1639  -0.047746  0.004347  0.002299
1640  0.033218  -0.017587  0.001413
1641  -0.019124  0.088114  0.008130
1642  0.019820  0.037120  0.001771
1643  -0.012449  -0.005935  0.000190
1644  0.025663  0.036350  0.001980
1645  -0.045511  0.027408  0.002822
1646  0.011480  0.104627  0.011079
1647  -0.017919  0.024628  0.000928
1648  -0.062513  -0.018833  0.004263
1649  0.046428  -0.034884  0.003372
1650  0.008757  -0.000686  0.000077
1651  -0.013740  0.028198  0.000984
1652  0.023361  0.025294  0.001185
1653  0.033430  -0.015811  0.001368
1654  -0.006257  0.052683  0.002815
1655  0.032042  -0.025230  0.001663
1656  0.014923  -0.080062  0.006633
1657  0.056968  -0.009275  0.003331
1658  0.027875  0.082656  0.007609
1659  -0.002918  0.014299  0.000213
1660  -0.016232  0.007660  0.000322
1661  0.012710  -0.038583  0.001650
1662  0.067804  0.039412  0.006151
1663  0.110035  0.017355  0.012409
1664  0.007001  -0.016760  0.000330
1665  0.046959  -0.073555  0.007615
1666  -0.075233  -0.049021  0.008063
1667  0.024887  -0.027854  0.001395
1668  -0.012461  0.021007  0.000597
1669  -0.071556  0.005717  0.005153
1670  0.090684  0.066061  0.012588
1671  0.025971  0.053288  0.003514
1672  0.064184  0.011806  0.004259
1673  0.014366  -0.080732  0.006724
1674  -0.003200  0.035554  0.001274
1675  0.049338  0.058329  0.005837
1676  0.049124  -0.003257  0.002424
1677  -0.025662  0.012666  0.000819
1678  -0.006916  -0.010477  0.000158
1679  0.023505  -0.007305  0.000606
1680  0.021827  -0.003493  0.000489
1681  0.035380  -0.008116  0.001318
1682  -0.025239  -0.000785  0.000638
1683  0.039519  0.013142  0.001734
1684  0.045608  0.016187  0.002342
1685  -0.026361  0.051827  0.003381
1686  0.025373  0.010353  0.000751
1687  0.020521  -0.057721  0.003753
1688  0.031892  -0.034106  0.002180
1689  -0.079553  -0.041074  0.008016
1690  -0.031208  0.041878  0.002728
1691  0.024294  -0.005964  0.000626
1692  0.022700  -0.044348  0.002482
1693  0.025945  0.021448  0.001133
1694  -0.053745  0.011742  0.003026
1695  -0.010792  -0.014006  0.000313
1696  0.055438  -0.061275  0.006828
1697  -0.027209  -0.010641  0.000854
1698  -0.017289  -0.057933  0.003655
1699  0.011738  0.053287  0.002977
1700  -0.094401  0.006685  0.008956
1701  0.009045  -0.012217  0.000231
1702  0.035224  -0.074382  0.006773
1703  0.043931  -0.024888  0.002549
1704  0.042382  0.011912  0.001938
1705  0.122741  -0.055129  0.018105
1706  -0.018357  0.019544  0.000719
1707  -0.075718  0.009439  0.005822
1708  0.018633  -0.012564  0.000505
1709  -0.014526  0.042340  0.002004
1710  0.033683  -0.052290  0.003869
1711  0.011101  -0.007884  0.000185
1712  0.028513  -0.017504  0.001119
1713  -0.019611  -0.011531  0.000518
1714  -0.018321  0.059331  0.003856
1715  -0.025315  0.017751  0.000956
1716  0.006304  -0.024091  0.000620
1717  -0.066228  0.035734  0.005663
1718  -0.038402  0.027499  0.002231
1719  -0.043912  0.008047  0.001993
1720  -0.028239  0.016190  0.001060
1721  0.013927  -0.020503  0.000614
1722  -0.060678  -0.087645  0.011363
1723  -0.001954  -0.074805  0.005600
1724  -0.015667  -0.003512  0.000258
1725  0.058027  -0.002457  0.003373
1726  0.057739  -0.023094  0.003867
1727  0.026910  -0.061629  0.004522
1728  -0.016267  0.022767  0.000783
1729  0.014961  -0.050589  0.002783
1730  -0.009190  -0.000792  0.000085
1731  -0.038052  0.038909  0.002962
1732  -0.014828  0.055991  0.003355
1733  -0.007075  0.061161  0.003791
1734  -0.017454  -0.040333  0.001931
1735  -0.023769  0.002469  0.000571
1736  -0.031102  -0.022801  0.001487
1737  0.031185  -0.061062  0.004701
1738  -0.040257  0.004135  0.001638
1739  -0.004612  0.006932  0.000069
1740  0.052487  0.012107  0.002901
1741  0.000916  -0.023612  0.000558
1742  0.001943  -0.002633  0.000011
1743  0.028668  -0.024470  0.001421
1744  -0.007478  0.022213  0.000549
1745  -0.045082  -0.015393  0.002269
1746  0.021996  -0.010170  0.000587
1747  -0.039386  -0.001334  0.001553
1748  -0.057643  -0.044986  0.005346
1749  -0.060207  0.023222  0.004164
1750  -0.073046  0.009311  0.005422
1751  -0.063893  0.011995  0.004226
1752  -0.037099  0.020428  0.001794
1753  -0.000591  0.041670  0.001737
1754  0.055694  -0.103466  0.013807
1755  -0.068731  0.017015  0.005013
1756  -0.014778  -0.014281  0.000422
1757  -0.053447  -0.016190  0.003119
1758  0.046766  0.016984  0.002476
1759  0.036507  -0.002395  0.001338
1760  -0.023766  0.001501  0.000567
1761  -0.024668  -0.032105  0.001639
1762  -0.036052  0.010407  0.001408
1763  -0.037502  -0.049741  0.003881
1764  0.008298  0.014855  0.000290
1765  0.044267  -0.010388  0.002067
1766  0.017737  0.026163  0.000999
1767  -0.047136  -0.005070  0.002248
1768  -0.022705  -0.018951  0.000875
1769  0.014358  0.037041  0.001578
1770  -0.023358  0.009714  0.000640
1771  -0.030078  -0.042413  0.002704
1772  -0.015480  0.016168  0.000501
1773  -0.010738  -0.035200  0.001354
1774  0.003533  0.024175  0.000597
1775  -0.027003  -0.013912  0.000923
1776  0.039742  -0.059714  0.005145
1777  -0.034235  -0.029553  0.002045
1778  0.014836  -0.064323  0.004358
1779  -0.020435  -0.001939  0.000421
1780  0.052069  0.028077  0.003500
1781  0.030452  0.001141  0.000929
1782  0.011315  0.026190  0.000814
1783  0.003383  -0.028305  0.000813
1784  0.025645  0.035717  0.001933
1785  -0.024753  -0.011789  0.000752
1786  0.001940  -0.051390  0.002645
1787  0.018142  -0.017223  0.000626
1788  0.010295  0.012680  0.000267
1789  0.042980  -0.004194  0.001865
1790  -0.041726  0.001397  0.001743
1791  0.031090  0.050052  0.003472
1792  0.019972  -0.009228  0.000484
1793  0.032654  -0.076662  0.006943
1794  -0.020190  0.000700  0.000408
1795  -0.055852  0.025533  0.003771
1796  0.025530  -0.005364  0.000681
1797  -0.030063  0.027203  0.001644
1798  -0.036413  0.054694  0.004317
1799  0.016835  0.041310  0.001990
1800  -0.053205  0.004799  0.002854
1801  -0.071548  -0.005230  0.005146
1802  -0.022010  -0.048546  0.002841
1803  0.021287  0.067682  0.005034
1804  0.014920  -0.038726  0.001722
1805  -0.023607  -0.014547  0.000769
1806  0.007053  -0.024953  0.000672
1807  -0.007184  0.081301  0.006661
1808  -0.022411  -0.009755  0.000597
1809  -0.030075  -0.012551  0.001062
1810  -0.021827  0.001019  0.000477
1811  0.044768  0.057572  0.005319
1812  -0.013784  0.030986  0.001150
1813  0.020505  -0.008148  0.000487
1814  -0.014155  -0.103974  0.011011
1815  -0.016639  -0.004486  0.000297
1816  -0.008549  0.018484  0.000415
1817  0.034343  -0.063380  0.005197
1818  -0.046947  -0.001215  0.002206
1819  0.019514  -0.011167  0.000505
1820  -0.041814  -0.055941  0.004878
1821  0.019862  0.007854  0.000456
1822  0.029855  -0.009980  0.000991
1823  -0.069552  -0.067024  0.009330
1824  -0.001233  0.005844  0.000036
1825  0.013286  -0.038465  0.001656
1826  0.032539  0.024132  0.001641
1827  -0.013369  0.018386  0.000517
1828  -0.029905  -0.039189  0.002430
1829  -0.023478  0.042672  0.002372
1830  -0.033648  0.069925  0.006022
1831  0.009908  -0.001794  0.000101
1832  -0.034328  -0.007130  0.001229
1833  0.013259  0.023198  0.000714
1834  0.014803  0.063234  0.004218
1835  -0.058810  0.011124  0.003582
1836  -0.023826  -0.013835  0.000759
1837  0.000511  0.058896  0.003469
1838  0.021415  -0.011267  0.000586
1839  -0.036004  -0.009586  0.001388
1840  -0.004553  -0.004453  0.000041
1841  0.014791  -0.018233  0.000551
1842  -0.017018  0.044305  0.002253
1843  0.019382  -0.037166  0.001757
1844  -0.001385  -0.009458  0.000091
1845  -0.030642  -0.003281  0.000950
1846  -0.026236  0.005241  0.000716
1847  -0.006675  0.034434  0.001230
1848  -0.034010  -0.016873  0.001441
1849  0.012579  0.020835  0.000592
1850  -0.020636  -0.011359  0.000555
1851  -0.013523  -0.049825  0.002665
1852  0.008813  0.022838  0.000599
1853  0.022080  -0.026858  0.001209
1854  0.012425  -0.030787  0.001102
1855  0.033756  -0.004805  0.001163
1856  -0.046605  0.014780  0.002390
1857  0.041758  -0.002250  0.001749
1858  0.035022  -0.021689  0.001697
1859  0.018689  -0.015709  0.000596
1860  -0.004368  -0.013667  0.000206
1861  0.005458  0.046348  0.002178
1862  0.004111  -0.050942  0.002612
1863  -0.041088  0.037500  0.003094
1864  0.009931  -0.024495  0.000699
1865  -0.024952  -0.021953  0.001105
1866  0.022349  -0.007280  0.000552
1867  0.017465  0.023371  0.000851
1868  -0.041599  0.016865  0.002015
1869  0.028150  -0.023760  0.001357
1870  -0.014076  0.034075  0.001359
1871  -0.009519  -0.028878  0.000925
1872  0.071009  -0.001038  0.005043
1873  -0.000928  -0.051128  0.002615
1874  -0.024901  0.017445  0.000924
1875  -0.029840  0.037253  0.002278
1876  -0.018066  0.013128  0.000499
1877  -0.002443  0.018356  0.000343
1878  -0.009638  -0.032130  0.001125
1879  -0.015739  -0.003323  0.000259
1880  0.053052  -0.039099  0.004343
1881  -0.032112  -0.039618  0.002601
1882  0.027089  -0.025829  0.001401
1883  -0.026355  -0.037926  0.002133
1884  -0.034032  0.069756  0.006024
1885  -0.015608  0.013941  0.000438
1886  0.024296  0.023132  0.001125
1887  0.033085  -0.011841  0.001235
1888  0.051521  0.013745  0.002843
1889  0.009020  0.035807  0.001363
1890  0.006968  0.015166  0.000279
1891  0.061060  -0.027649  0.004493
1892  -0.004527  -0.012256  0.000171
1893  -0.002627  0.022236  0.000501
1894  -0.056445  -0.001783  0.003189
1895  -0.019880  0.021378  0.000852
1896  0.024536  0.009589  0.000694
1897  -0.005275  -0.006931  0.000076
1898  0.002050  0.027308  0.000750
1899  -0.036704  0.012973  0.001516
1900  -0.077265  -0.029281  0.006827
1901  0.011628  -0.031969  0.001157
1902  -0.056960  0.043863  0.005168
1903  -0.005297  -0.007866  0.000090
1904  -0.014399  -0.015860  0.000459
1905  -0.033688  -0.013363  0.001313
1906  -0.019314  -0.010009  0.000473
1907  -0.006767  0.039983  0.001644
1908  0.069327  -0.010655  0.004920
1909  -0.035228  0.002764  0.001249
1910  -0.008495  -0.016595  0.000348
1911  0.004140  -0.064347  0.004158
1912  0.018373  0.012634  0.000497
1913  0.016978  0.001815  0.000292
1914  -0.026217  0.063975  0.004780
1915  0.013248  0.025039  0.000802
1916  -0.029465  -0.009293  0.000955
1917  -0.030608  -0.003130  0.000947
1918  0.099827  -0.015476  0.010205
1919  0.013138  0.005524  0.000203
1920  -0.010174  0.016586  0.000379
1921  0.001434  0.051895  0.002695
1922  -0.018097  -0.048667  0.002696
1923  -0.025400  0.023285  0.001187
1924  0.040348  -0.034182  0.002796
1925  -0.011884  0.016004  0.000397
1926  -0.009011  0.007049  0.000131
1927  -0.017842  0.021960  0.000801
1928  -0.028675  0.023169  0.001359
1929  -0.027229  -0.032685  0.001810
1930  0.010697  -0.006826  0.000161
1931  -0.062465  -0.014699  0.004118
1932  -0.017570  0.009135  0.000392
1933  -0.032971  -0.037067  0.002461
1934  -0.024199  -0.036951  0.001951
1935  0.044631  0.043977  0.003926
1936  0.021097  0.006341  0.000485
1937  -0.018308  0.022057  0.000822
1938  0.020710  -0.018831  0.000784
1939  -0.033642  0.013743  0.001321
1940  0.003155  0.025047  0.000637
1941  0.009278  -0.032012  0.001111
1942  -0.006295  -0.000241  0.000040
1943  -0.048230  -0.006410  0.002367
1944  -0.010781  -0.026398  0.000813
1945  -0.029028  -0.009371  0.000930
1946  -0.012405  0.009553  0.000245
1947  0.050903  -0.007580  0.002649
1948  0.007160  0.024965  0.000675
1949  0.014726  0.008867  0.000295
1950  0.008192  -0.010851  0.000185
1951  0.040100  -0.057146  0.004874
1952  -0.024170  0.043346  0.002463
1953  -0.008196  -0.074630  0.005637
1954  0.050085  0.058395  0.005919
1955  0.029747  -0.022399  0.001387
1956  0.051244  -0.021623  0.003093
1957  -0.028082  -0.010436  0.000898
1958  -0.047334  0.034064  0.003401
1959  -0.015063  -0.034658  0.001428
1960  -0.037976  -0.006049  0.001479
1961  0.050804  0.039808  0.004166
1962  -0.049892  -0.000605  0.002490
1963  0.022853  0.037312  0.001914
1964  -0.010272  0.009796  0.000201
1965  0.040287  -0.012882  0.001789
1966  -0.003681  -0.016531  0.000287
1967  -0.026170  0.001111  0.000686
1968  0.000056  0.005176  0.000027
1969  -0.034651  0.056082  0.004346
1970  -0.005865  -0.077952  0.006111
1971  0.002961  -0.043849  0.001931
1972  0.046177  -0.019554  0.002515
1973  0.037653  0.008199  0.001485
1974  0.022018  0.014110  0.000684
1975  0.029963  0.015661  0.001143
1976  -0.023223  -0.019931  0.000937
1977  0.006686  -0.012610  0.000204
1978  -0.033562  0.038223  0.002587
1979  0.037852  0.060813  0.005131
1980  0.007125  0.002606  0.000058
1981  -0.032274  -0.022728  0.001558
1982  0.007530  0.035714  0.001332
1983  -0.000723  -0.042679  0.001822
1984  0.015687  -0.047881  0.002539
1985  -0.003455  0.042335  0.001804
1986  0.035888  -0.020886  0.001724
1987  -0.027884  -0.026859  0.001499
1988  0.007380  -0.037951  0.001495
1989  -0.027210  -0.017990  0.001064
1990  -0.029758  -0.055024  0.003913
1991  -0.030466  -0.014078  0.001126
1992  0.000524  -0.048543  0.002357
1993  -0.003289  0.024010  0.000587
1994  -0.010794  -0.022415  0.000619
1995  -0.012337  0.016422  0.000422
1996  -0.043655  0.015602  0.002149
1997  -0.021507  -0.022107  0.000951
1998  0.035152  -0.008208  0.001303
1999  0.065321  -0.009804  0.004363
2000  -0.031209  -0.058232  0.004365
2001  0.059611  0.058589  0.006986
2002  0.006187  -0.006361  0.000079
2003  0.021460  -0.008269  0.000529
2004  -0.012267  0.031477  0.001141
2005  -0.009068  0.026764  0.000799
2006  -0.037157  0.017080  0.001672
2007  0.027004  -0.017500  0.001035
2008  0.010271  0.007165  0.000157
2009  -0.030493  -0.017351  0.001231
2010  -0.024477  -0.081461  0.007235
2011  0.010837  0.025097  0.000747
2012  -0.011574  0.027868  0.000911
2013  -0.025036  0.012133  0.000774
2014  0.051379  -0.044022  0.004578
2015  0.015513  0.026731  0.000955
2016  -0.035821  0.009513  0.001374
2017  -0.038688  0.037160  0.002878
2018  -0.048216  0.000157  0.002325
2019  0.006277  -0.005512  0.000070
2020  -0.007989  0.003422  0.000076
2021  -0.003998  -0.040611  0.001665
2022  -0.030156  -0.001112  0.000911
2023  -0.006642  -0.017436  0.000348
2024  0.008144  -0.001287  0.000068
2025  0.005383  0.005548  0.000060
2026  -0.033485  -0.005240  0.001149
2027  0.021597  0.042729  0.002292
2028  0.009945  -0.009981  0.000199
2029  -0.013061  -0.032753  0.001243
2030  0.014508  0.054714  0.003204
2031  0.030891  0.053666  0.003834
2032  0.036416  -0.008698  0.001402
2033  0.057910  -0.004015  0.003370
2034  0.025409  0.030969  0.001605
2035  -0.014820  0.048656  0.002587
2036  -0.010423  -0.017027  0.000399
2037  -0.002788  0.016173  0.000269
2038  -0.042567  -0.005364  0.001841
2039  0.017309  0.000768  0.000300
2040  0.005528  0.034725  0.001236
2041  -0.005386  -0.005995  0.000065
2042  0.036863  -0.012076  0.001505
2043  -0.029965  0.002827  0.000906
2044  0.054658  0.018240  0.003320
2045  0.010127  0.010880  0.000221
2046  0.060717  0.025454  0.004334
2047  -0.000009  0.009333  0.000087
