0  0.015190  -0.032304  0.001274
1  -0.018907  0.021085  0.000802
2  -0.052329  0.022428  0.003241
3  -0.053949  0.030465  0.003839
4  0.002653  -0.022764  0.000525
5  0.009718  -0.035034  0.001322
6  0.002827  -0.022985  0.000536
7  -0.004722  0.080797  0.006550
8  -0.023507  0.060669  0.004233
9  0.045876  0.001227  0.002106
10  -0.043704  -0.001391  0.001912
11  -0.014777  -0.005944  0.000254
12  -0.000115  -0.001816  0.000003
13  0.011590  0.003716  0.000148
14  -0.075876  0.031762  0.006766
15  -0.000173  0.024339  0.000592
16  -0.023388  0.004574  0.000568
17  0.023170  -0.017996  0.000861
18  -0.066962  0.028864  0.005317
19  0.016496  -0.033974  0.001426
20  -0.046545  -0.018272  0.002500
21  0.003794  0.013688  0.000202
22  -0.062390  -0.004723  0.003915
23  0.023267  -0.042635  0.002359
24  0.023345  0.006772  0.000591
25  0.032347  0.002012  0.001050
26  0.026821  -0.029667  0.001599
27  0.003885  0.034788  0.001225
28  -0.009898  -0.033099  0.001193
29  0.016705  0.036141  0.001585
30  -0.013590  -0.003883  0.000200
31  -0.018074  -0.033608  0.001456
32  0.035355  -0.013465  0.001431
33  0.015098  0.002704  0.000235
34  0.031295  0.039128  0.002510
35  -0.042423  -0.051205  0.004422
36  0.035762  0.040519  0.002921
37  -0.048497  -0.018943  0.002711
38  0.025434  0.026380  0.001343
39  -0.000352  -0.050539  0.002554
40  -0.002142  -0.009706  0.000099
41  -0.080262  0.003709  0.006456
42  0.029561  -0.022488  0.001380
43  0.008595  0.017455  0.000379
44  0.032416  0.032166  0.002085
45  -0.003596  0.045343  0.002069
46  -0.028865  -0.018222  0.001165
47  0.031293  -0.008128  0.001045
48  0.008136  0.002119  0.000071
49  0.043333  0.011872  0.002019
50  -0.047325  0.020383  0.002655
51  -0.035997  0.018540  0.001640
52  0.088800  0.013662  0.008072
53  -0.002611  -0.020663  0.000434
54  0.013874  -0.076587  0.006058
55  0.067715  0.067659  0.009163
56  -0.035068  -0.010852  0.001348
57  -0.026763  -0.003996  0.000732
58  0.063368  0.004003  0.004032
59  0.002398  -0.019337  0.000380
60  0.026275  0.000697  0.000691
61  0.013061  -0.036718  0.001519
62  0.006881  -0.064272  0.004178
63  0.075893  -0.021697  0.006230
64  -0.051304  -0.033419  0.003749
65  0.049418  0.002844  0.002450
66  -0.050300  -0.012290  0.002681
67  -0.005739  -0.018633  0.000380
68  -0.046638  0.067259  0.006699
69  0.018618  0.019812  0.000739
70  -0.015781  -0.027564  0.001009
71  -0.003473  0.013289  0.000189
72  0.016184  0.003741  0.000276
73  -0.036199  -0.017455  0.001615
74  -0.016600  0.038186  0.001734
75  0.001718  0.016679  0.000281
76  0.015390  -0.018207  0.000568
77  0.038085  -0.020476  0.001870
78  -0.033246  -0.010862  0.001223
79  0.004579  -0.040352  0.001649
80  -0.001350  -0.051294  0.002633
81  -0.053849  0.015323  0.003134
82  -0.074009  -0.029011  0.006319
83  -0.063421  0.000939  0.004023
84  -0.048492  -0.006727  0.002397
85  0.028592  -0.042593  0.002632
86  0.024542  -0.014167  0.000803
87  -0.014591  -0.062896  0.004169
88  0.018554  -0.019337  0.000718
89  -0.003073  0.018558  0.000354
90  0.033430  0.027883  0.001895
91  0.007136  -0.033158  0.001150
92  -0.028230  -0.035646  0.002068
93  -0.082976  -0.015205  0.007116
94  0.037224  0.069896  0.006271
95  -0.071638  -0.030229  0.006046
96  -0.061039  -0.040704  0.005383
97  0.050660  -0.003773  0.002581
98  -0.022834  -0.019336  0.000895
99  -0.008801  -0.059534  0.003622
100  0.025760  -0.010965  0.000784
101  0.020636  0.006443  0.000467
102  0.010813  0.039405  0.001670
103  -0.067826  -0.013223  0.004775
104  0.033323  0.066256  0.005500
105  0.020275  -0.036857  0.001769
106  -0.017315  0.011390  0.000430
107  -0.051990  -0.018509  0.003046
108  0.014272  0.011825  0.000344
109  0.008663  -0.014691  0.000291
110  -0.016734  -0.023679  0.000841
111  -0.016526  -0.013095  0.000445
112  0.001512  -0.003500  0.000015
113  0.026997  -0.012560  0.000887
114  -0.037837  -0.067845  0.006035
115  -0.005738  -0.002189  0.000038
116  0.079025  -0.030904  0.007200
117  -0.034971  -0.013769  0.001413
118  0.049947  -0.003760  0.002509
119  -0.006919  -0.005747  0.000081
120  -0.048618  -0.036009  0.003660
121  0.022868  0.021637  0.000991
122  -0.084526  -0.063407  0.011165
123  0.037370  0.026239  0.002085
124  0.015592  -0.002060  0.000247
125  -0.002786  -0.003899  0.000023
126  0.017084  -0.007100  0.000342
127  0.012637  -0.028134  0.000951
128  -0.001170  -0.017513  0.000308
129  0.037599  -0.002221  0.001419
130  0.034742  0.006157  0.001245
131  -0.024971  0.040169  0.002237
132  0.078633  -0.027423  0.006935
133  0.053270  0.027183  0.003577
134  0.001617  0.018030  0.000328
135  -0.007629  0.030224  0.000972
136  0.044959  -0.018066  0.002348
137  -0.046175  -0.021782  0.002607
138  0.035139  -0.051540  0.003891
139  -0.040848  -0.069635  0.006518
140  0.058818  -0.003458  0.003472
141  0.063664  0.037298  0.005444
142  -0.017619  0.003596  0.000323
143  -0.013107  0.031715  0.001178
144  0.016811  -0.012479  0.000438
145  0.026399  0.032251  0.001737
146  0.016145  0.035063  0.001490
147  -0.004165  0.064822  0.004219
148  -0.015192  0.023145  0.000766
149  -0.007683  -0.031572  0.001056
150  -0.024096  -0.025310  0.001221
151  -0.021756  0.050312  0.003005
152  0.013593  -0.002288  0.000190
153  -0.022742  -0.008836  0.000595
154  0.018319  -0.022005  0.000820
155  -0.044300  -0.003230  0.001973
156  0.047836  -0.025565  0.002942
157  -0.014756  -0.032385  0.001267
158  0.014957  -0.031179  0.001196
159  -0.040917  0.032728  0.002745
160  0.018565  -0.034660  0.001546
161  -0.007512  -0.051529  0.002712
162  0.006857  -0.029727  0.000931
163  0.000124  -0.048709  0.002373
164  -0.013099  -0.008374  0.000242
165  -0.027773  0.021857  0.001249
166  -0.017185  -0.003978  0.000311
167  -0.016916  0.038227  0.001747
168  -0.007836  -0.023398  0.000609
169  -0.040429  0.038584  0.003123
170  -0.068118  0.023315  0.005184
171  -0.019464  -0.019979  0.000778
172  0.020655  -0.011946  0.000569
173  0.043554  0.061850  0.005722
174  0.025609  -0.013143  0.000829
175  0.062689  -0.003621  0.003943
176  0.000337  -0.032151  0.001034
177  -0.000920  0.061039  0.003727
178  0.008077  -0.046468  0.002224
179  0.015758  0.049744  0.002723
180  -0.022118  0.040793  0.002153
181  -0.040793  -0.017304  0.001964
182  0.047512  -0.038809  0.003764
183  -0.022350  0.040716  0.002157
184  -0.010523  -0.026264  0.000801
185  0.008179  -0.020119  0.000472
186  0.008953  0.048915  0.002473
187  -0.002932  -0.051039  0.002614
188  0.024672  -0.031260  0.001586
189  -0.012803  0.053740  0.003052
190  -0.021255  0.020862  0.000887
191  -0.009146  -0.010669  0.000197
192  0.017253  0.028528  0.001112
193  0.011402  0.024672  0.000739
194  -0.063455  0.035626  0.005296
195  -0.048481  -0.016320  0.002617
196  0.038047  -0.000149  0.001448
197  -0.024085  -0.013915  0.000774
198  0.020342  0.015409  0.000651
199  -0.016227  -0.001102  0.000265
200  -0.076747  -0.039357  0.007439
201  0.028891  0.085887  0.008211
202  0.002125  0.018397  0.000343
203  0.028330  0.025114  0.001433
204  -0.007323  0.039666  0.001627
205  0.059255  -0.033264  0.004618
206  0.019795  -0.016069  0.000650
207  0.018234  0.016570  0.000607
208  -0.015047  -0.022529  0.000734
209  0.091709  -0.008351  0.008480
210  0.006718  0.033262  0.001152
211  0.005205  -0.023145  0.000563
212  -0.026005  -0.032465  0.001730
213  0.019655  0.021680  0.000856
214  -0.014335  -0.044619  0.002196
215  -0.021937  -0.027206  0.001221
216  0.055976  0.038630  0.004626
217  0.031914  -0.048608  0.003381
218  0.045907  0.046910  0.004308
219  0.018476  0.055050  0.003372
220  0.024016  0.011632  0.000712
221  0.021600  -0.045923  0.002575
222  -0.012310  -0.018924  0.000510
223  -0.030634  0.035412  0.002193
224  -0.018229  0.038823  0.001840
225  0.006638  -0.002783  0.000052
226  -0.034414  -0.011278  0.001312
227  -0.006288  -0.044769  0.002044
228  0.033052  -0.010936  0.001212
229  -0.024534  0.004122  0.000619
230  0.076496  0.018502  0.006194
231  -0.018278  -0.022185  0.000826
232  -0.015064  0.029308  0.001086
233  0.014124  -0.035538  0.001462
234  -0.034733  -0.027605  0.001968
235  0.020671  0.006813  0.000474
236  -0.032707  0.041035  0.002754
237  -0.084060  0.021872  0.007544
238  0.022505  -0.008008  0.000571
239  0.008170  -0.033762  0.001207
240  0.048885  0.007590  0.002447
241  -0.068389  -0.049227  0.007100
242  0.048144  -0.012009  0.002462
243  -0.005080  0.003431  0.000038
244  -0.050192  -0.007049  0.002569
245  -0.043959  -0.012366  0.002085
246  -0.043935  -0.000065  0.001930
247  -0.015302  -0.033568  0.001361
248  0.005985  0.031302  0.001016
249  -0.014943  -0.037403  0.001622
250  0.074583  0.022778  0.006081
251  0.001464  0.021234  0.000453
252  -0.006625  0.017586  0.000353
253  -0.024050  0.044092  0.002523
254  -0.093319  0.019253  0.009079
255  -0.035634  -0.002029  0.001274
256  0.022944  0.043115  0.002385
257  -0.057173  0.027408  0.004020
258  0.013528  -0.010548  0.000294
259  -0.036660  -0.066149  0.005720
260  0.011512  -0.017312  0.000432
261  0.021669  -0.014498  0.000680
262  -0.011646  -0.044639  0.002128
263  -0.066147  -0.044637  0.006368
264  -0.050681  0.036423  0.003895
265  -0.051564  0.071620  0.007788
266  -0.037945  -0.088892  0.009342
267  0.030212  -0.002123  0.000917
268  -0.002606  0.058388  0.003416
269  -0.005240  -0.009281  0.000114
270  0.009575  -0.001272  0.000093
271  -0.007084  -0.010397  0.000158
272  0.006317  0.031204  0.001014
273  0.041923  0.005189  0.001784
274  -0.004435  0.016376  0.000288
275  0.005999  0.020840  0.000470
276  -0.055209  -0.020503  0.003468
277  0.015959  0.032278  0.001297
278  0.007205  0.016274  0.000317
279  -0.040609  0.007555  0.001706
280  0.006095  -0.008646  0.000112
281  0.027001  -0.032889  0.001811
282  -0.014876  0.005690  0.000254
283  -0.044800  -0.034422  0.003192
284  0.001950  -0.018635  0.000351
285  0.009971  0.022514  0.000606
286  -0.016884  -0.034148  0.001451
287  0.043333  0.024512  0.002479
288  0.025150  0.043393  0.002515
289  0.021650  -0.013874  0.000661
290  0.002133  -0.003101  0.000014
291  0.042151  -0.050152  0.004292
292  -0.016824  -0.021534  0.000747
293  -0.027106  -0.005510  0.000765
294  0.001525  -0.054718  0.002996
295  0.025557  0.013673  0.000840
296  -0.001619  0.054729  0.002998
297  -0.050753  0.009136  0.002659
298  0.025303  -0.047950  0.002940
299  -0.029407  -0.030996  0.001826
300  0.018855  -0.003282  0.000366
301  -0.022916  0.010085  0.000627
302  -0.042035  0.015273  0.002000
303  -0.004659  0.057996  0.003385
304  0.050259  -0.026336  0.003220
305  0.003777  -0.016522  0.000287
306  -0.005600  -0.049560  0.002488
307  -0.002591  -0.001092  0.000008
308  -0.072179  -0.040791  0.006874
309  0.029020  -0.019889  0.001238
310  0.008256  -0.015960  0.000323
311  0.005692  0.006494  0.000075
312  0.035792  0.001015  0.001282
313  -0.055434  -0.054950  0.006092
314  0.028730  0.025060  0.001453
315  -0.016483  0.007837  0.000333
316  0.026570  -0.020021  0.001107
317  -0.013292  0.006868  0.000224
318  0.038160  -0.018846  0.001811
319  0.060672  -0.003151  0.003691
320  -0.033929  0.001171  0.001153
321  0.004185  0.014297  0.000222
322  0.024610  0.029937  0.001502
323  -0.008148  -0.046607  0.002239
324  0.016325  -0.014030  0.000463
325  0.040282  -0.010459  0.001732
326  -0.035825  0.001403  0.001285
327  -0.017208  0.010663  0.000410
328  0.023757  0.031704  0.001570
329  -0.028322  0.038147  0.002257
330  -0.018627  0.008127  0.000413
331  0.034975  0.016345  0.001490
332  0.005367  -0.007218  0.000081
333  0.013261  -0.030811  0.001125
334  -0.020123  -0.043250  0.002275
335  0.016173  -0.040447  0.001898
336  0.001958  0.016486  0.000276
337  -0.019879  0.057628  0.003716
338  0.095478  -0.009590  0.009208
339  0.035019  -0.035847  0.002511
340  -0.057694  -0.032122  0.004360
341  -0.022584  -0.040149  0.002122
342  0.059050  0.036888  0.004848
343  -0.016138  -0.027631  0.001024
344  0.028932  -0.005400  0.000866
345  0.000557  -0.049653  0.002466
346  0.014838  0.055941  0.003350
347  0.049389  0.009553  0.002531
348  0.036017  -0.024514  0.001898
349  -0.021569  0.015572  0.000708
350  -0.017866  0.075020  0.005947
351  -0.055740  -0.022086  0.003595
352  0.017956  -0.004466  0.000342
353  0.020283  0.044503  0.002392
354  -0.041561  -0.046147  0.003857
355  0.023060  0.014771  0.000750
356  0.028835  0.043698  0.002741
357  -0.042202  -0.060804  0.005478
358  -0.017414  -0.082209  0.007062
359  0.054324  0.036032  0.004249
360  -0.002469  -0.005473  0.000036
361  0.004129  -0.028510  0.000830
362  0.007532  0.021251  0.000508
363  0.001513  -0.004900  0.000026
364  0.017137  -0.012125  0.000441
365  0.011782  0.013910  0.000332
366  -0.007435  0.003641  0.000069
367  -0.022952  0.000985  0.000528
368  0.021262  0.077169  0.006407
369  -0.050992  -0.018080  0.002927
370  0.048038  0.017120  0.002601
371  -0.064712  0.043976  0.006122
372  -0.064455  -0.019007  0.004516
373  -0.020193  0.018321  0.000743
374  0.005843  -0.027380  0.000784
375  0.009563  -0.034846  0.001306
376  0.048756  0.002034  0.002381
377  0.056340  -0.045402  0.005235
378  0.000041  -0.031818  0.001012
379  -0.017026  0.003511  0.000302
380  0.010727  0.003987  0.000131
381  0.009952  0.037548  0.001509
382  -0.003138  0.031295  0.000989
383  -0.006295  -0.030595  0.000976
384  -0.005484  0.035515  0.001291
385  -0.028416  -0.072951  0.006129
386  0.000461  0.006616  0.000044
387  -0.009174  -0.109958  0.012175
388  -0.052285  0.004051  0.002750
389  -0.056009  0.016873  0.003422
390  0.001621  0.027496  0.000759
391  0.039000  0.031517  0.002514
392  0.042912  -0.021110  0.002287
393  0.046000  -0.008070  0.002181
394  -0.013722  0.012728  0.000350
395  0.004437  -0.051659  0.002688
396  0.031036  -0.032988  0.002051
397  -0.013286  -0.040535  0.001820
398  -0.031383  -0.000261  0.000985
399  0.057616  -0.064188  0.007440
400  -0.015315  -0.007528  0.000291
401  -0.040741  0.034014  0.002817
402  0.040172  0.028524  0.002427
403  0.042385  -0.009748  0.001892
404  0.051514  0.016188  0.002916
405  -0.036174  -0.019381  0.001684
406  0.017640  -0.000029  0.000311
407  -0.051183  0.058023  0.005986
408  0.022284  -0.023672  0.001057
409  0.041177  0.003701  0.001709
410  0.012305  -0.008584  0.000225
411  0.010001  0.010961  0.000220
412  -0.007321  -0.030651  0.000993
413  -0.016143  -0.030692  0.001203
414  -0.058137  -0.005785  0.003413
415  -0.075386  -0.030434  0.006609
416  0.044518  0.001551  0.001984
417  -0.012977  -0.015674  0.000414
418  0.028778  0.022457  0.001332
419  -0.021256  0.038042  0.001899
420  -0.033921  0.001010  0.001152
421  0.024690  0.043308  0.002485
422  0.017273  -0.008689  0.000374
423  0.034074  -0.036363  0.002483
424  -0.003708  0.023130  0.000549
425  -0.007429  -0.012657  0.000215
426  -0.003216  -0.058794  0.003467
427  -0.002952  0.007990  0.000073
428  -0.032025  -0.004322  0.001044
429  -0.033189  0.018076  0.001428
430  -0.058736  0.018266  0.003784
431  -0.068766  0.015026  0.004955
432  0.024700  -0.029401  0.001474
433  -0.008363  0.017455  0.000375
434  -0.046704  -0.004093  0.002198
435  0.025987  -0.008118  0.000741
436  -0.011988  0.014378  0.000350
437  0.028953  -0.078122  0.006941
438  0.027861  -0.007013  0.000825
439  -0.048318  0.071378  0.007429
440  0.010804  -0.020122  0.000522
441  0.001266  0.036903  0.001363
442  -0.022607  -0.003218  0.000521
443  -0.021778  0.027943  0.001255
444  0.040282  -0.022962  0.002150
445  -0.023380  0.005639  0.000578
446  0.001159  -0.071670  0.005138
447  -0.007247  0.006881  0.000100
448  -0.011545  0.000895  0.000134
449  -0.060308  -0.009326  0.003724
450  -0.017784  0.023946  0.000890
451  -0.050389  0.035810  0.003821
452  0.039034  -0.035581  0.002790
453  -0.046548  0.034556  0.003361
454  -0.059677  -0.001271  0.003563
455  0.010607  -0.015648  0.000357
456  0.029400  -0.037795  0.002293
457  -0.122568  0.005166  0.015050
458  -0.023452  -0.056529  0.003746
459  0.065356  0.009254  0.004357
460  -0.048067  0.031679  0.003314
461  -0.041755  -0.002086  0.001748
462  0.009541  -0.035124  0.001325
463  0.019031  0.018689  0.000711
464  0.004384  -0.005044  0.000045
465  0.038997  -0.015708  0.001768
466  0.033794  0.012043  0.001287
467  -0.010574  0.001821  0.000115
468  0.035117  -0.006145  0.001271
469  -0.033061  0.044308  0.003056
470  -0.002160  0.010315  0.000111
471  -0.012271  0.019936  0.000548
472  0.067752  0.047743  0.006870
473  -0.039375  0.005385  0.001579
474  -0.019399  0.062590  0.004294
475  0.016175  -0.016147  0.000522
476  -0.031558  -0.034353  0.002176
477  -0.023381  -0.014843  0.000767
478  -0.084508  0.011627  0.007277
479  -0.006099  0.062952  0.004000
480  -0.025010  0.017247  0.000923
481  0.002489  -0.010923  0.000126
482  -0.026009  0.043373  0.002558
483  -0.041757  0.014320  0.001949
484  0.021672  0.059791  0.004045
485  -0.011013  0.024460  0.000720
486  0.071799  0.054718  0.008149
487  0.033229  -0.031423  0.002092
488  -0.018818  0.033961  0.001507
489  -0.059445  0.024160  0.004117
490  0.007828  -0.024051  0.000640
491  -0.063399  0.082628  0.010847
492  0.002159  0.015122  0.000233
493  -0.014087  -0.061614  0.003995
494  0.017792  -0.016567  0.000591
495  0.008139  0.019330  0.000440
496  0.029734  0.006977  0.000933
497  0.025147  0.031633  0.001633
498  0.003069  0.086668  0.007521
499  -0.023819  -0.013417  0.000747
500  -0.014724  0.015033  0.000443
501  -0.043747  0.036230  0.003226
502  -0.047350  -0.023153  0.002778
503  0.031462  -0.018307  0.001325
504  0.040175  0.003772  0.001628
505  -0.010004  0.035570  0.001365
506  0.021564  -0.021599  0.000932
507  0.003997  -0.038121  0.001469
508  0.019584  -0.038379  0.001856
509  0.058046  -0.018857  0.003725
510  0.024336  0.022262  0.001088
511  -0.008192  0.008909  0.000146
512  -0.011284  0.010846  0.000245
513  0.019000  0.026726  0.001075
514  0.015166  0.031719  0.001236
515  0.017746  0.042256  0.002101
516  -0.014442  -0.009810  0.000305
517  -0.039934  -0.020047  0.001997
518  0.023087  0.032884  0.001614
519  -0.017987  -0.006693  0.000368
520  -0.020365  0.031464  0.001405
521  0.047910  -0.046561  0.004463
522  -0.009056  -0.021752  0.000555
523  0.041511  0.043653  0.003629
524  0.007012  -0.026364  0.000744
525  -0.027521  0.030334  0.001678
526  -0.031931  -0.002451  0.001026
527  -0.010833  0.007881  0.000179
528  -0.017485  0.001934  0.000309
529  0.047943  0.040774  0.003961
530  0.005486  -0.000542  0.000030
531  0.022056  -0.010834  0.000604
532  -0.002117  -0.015329  0.000239
533  0.048777  -0.020277  0.002790
534  0.029919  -0.035132  0.002129
535  0.003725  0.016308  0.000280
536  -0.028869  -0.021515  0.001296
537  0.018448  -0.012652  0.000500
538  -0.049344  0.015261  0.002668
539  0.020734  0.010253  0.000535
540  0.034813  0.027872  0.001989
541  0.006381  -0.015776  0.000290
542  -0.039847  -0.001316  0.001590
543  -0.020975  0.006021  0.000476
544  0.013320  -0.018980  0.000538
545  -0.000814  -0.082644  0.006831
546  0.029514  0.020450  0.001289
547  0.029481  -0.015635  0.001114
548  -0.005174  0.025492  0.000677
549  -0.032448  -0.019369  0.001428
550  0.030901  0.006632  0.000999
551  0.018975  0.015426  0.000598
552  -0.002987  0.025294  0.000649
553  0.007463  -0.055720  0.003160
554  0.012650  0.006157  0.000198
555  -0.045764  -0.048935  0.004489
556  -0.025409  -0.028105  0.001436
557  -0.008296  -0.040856  0.001738
558  -0.011847  -0.011464  0.000272
559  -0.050752  0.023553  0.003131
560  0.023193  -0.044809  0.002546
561  0.017578  0.037784  0.001737
562  -0.033924  -0.025327  0.001792
563  0.029961  -0.051996  0.003601
564  0.004460  -0.003860  0.000035
565  0.016082  -0.008617  0.000333
566  -0.053002  0.005372  0.002838
567  0.016946  0.021362  0.000744
568  -0.015476  0.026758  0.000956
569  0.038292  0.057222  0.004741
570  -0.032790  0.079068  0.007327
571  -0.000466  -0.002933  0.000009
572  -0.037339  -0.027294  0.002139
573  0.027306  0.025928  0.001418
574  0.010311  0.037163  0.001487
575  -0.014208  -0.046550  0.002369
576  0.025854  -0.069067  0.005439
577  -0.089436  -0.089848  0.016071
578  -0.014072  -0.019991  0.000598
579  -0.013681  0.061934  0.004023
580  -0.020950  0.055843  0.003557
581  -0.036213  0.015079  0.001539
582  0.005506  -0.005200  0.000057
583  -0.011454  0.047367  0.002375
584  -0.004780  0.040983  0.001702
585  0.031592  0.061573  0.004789
586  0.012336  0.009660  0.000245
587  0.019676  -0.056827  0.003616
588  -0.044157  0.007941  0.002013
589  0.035835  0.038241  0.002747
590  -0.008194  0.032056  0.001095
591  -0.017756  0.000179  0.000315
592  -0.032843  -0.094529  0.010014
593  0.013828  0.009419  0.000280
594  0.046381  -0.013693  0.002339
595  -0.043743  -0.005051  0.001939
596  0.041813  -0.004386  0.001768
597  -0.041146  -0.002871  0.001701
598  -0.003339  0.011981  0.000155
599  0.009907  0.002867  0.000106
600  0.030605  -0.088617  0.008790
601  -0.026077  0.024732  0.001292
602  0.038587  -0.003758  0.001503
603  -0.027127  -0.006715  0.000781
604  -0.019489  0.001656  0.000383
605  -0.074379  0.020309  0.005945
606  -0.062939  -0.019743  0.004351
607  0.056000  -0.077838  0.009195
608  -0.028034  0.063556  0.004825
609  0.007095  0.041214  0.001749
610  -0.021545  -0.049117  0.002877
611  -0.022964  -0.023525  0.001081
612  -0.035157  0.019265  0.001607
613  0.042306  0.040811  0.003455
614  -0.030825  -0.023964  0.001524
615  0.048626  -0.001850  0.002368
616  -0.015674  0.052904  0.003044
617  0.056658  0.065995  0.007565
618  0.003656  -0.029277  0.000870
619  -0.010995  -0.047198  0.002349
620  0.009190  -0.010982  0.000205
621  -0.034308  0.029536  0.002049
622  -0.021892  -0.076101  0.006271
623  -0.022434  0.048400  0.002846
624  0.034416  -0.027981  0.001967
625  -0.011291  0.041041  0.001812
626  -0.003677  0.024838  0.000630
627  -0.062700  0.020974  0.004371
628  0.005555  -0.017123  0.000324
629  0.010859  -0.015905  0.000371
630  0.041097  -0.007465  0.001745
631  -0.024021  -0.007887  0.000639
632  -0.000293  0.049918  0.002492
633  -0.085670  0.046539  0.009505
634  -0.007665  0.008342  0.000128
635  -0.032949  0.013435  0.001266
636  -0.006994  0.034739  0.001256
637  0.014857  0.028474  0.001032
638  -0.045692  0.035670  0.003360
639  -0.023273  0.050709  0.003113
640  -0.039793  0.015726  0.001831
641  0.001310  0.023556  0.000557
642  -0.054992  0.023666  0.003584
643  -0.013530  -0.024168  0.000767
644  0.058367  0.006295  0.003446
645  -0.000017  0.039914  0.001593
646  -0.025532  0.021394  0.001110
647  -0.008870  -0.034878  0.001295
648  0.035050  0.003483  0.001241
649  -0.033539  -0.023886  0.001695
650  -0.088657  0.071059  0.012909
651  -0.031008  -0.004582  0.000982
652  -0.054013  -0.024897  0.003537
653  -0.015913  -0.030677  0.001194
654  0.022925  -0.025793  0.001191
655  0.006627  -0.063802  0.004115
656  -0.013157  -0.032034  0.001199
657  0.062948  0.008402  0.004033
658  -0.004908  -0.044159  0.001974
659  0.000383  0.015743  0.000248
660  0.052525  0.018695  0.003108
661  -0.050520  -0.026583  0.003259
662  0.000539  -0.028588  0.000818
663  -0.043825  -0.025221  0.002557
664  0.003705  -0.028715  0.000838
665  -0.019209  0.015775  0.000618
666  -0.000756  0.020084  0.000404
667  0.077217  0.060089  0.009573
668  0.009304  0.000354  0.000087
669  -0.017453  0.039638  0.001876
670  0.045481  -0.038151  0.003524
671  0.016131  -0.021317  0.000715
672  0.002822  -0.052673  0.002782
673  -0.013160  0.025050  0.000801
674  -0.022925  0.010457  0.000635
675  -0.032025  0.042167  0.002804
676  -0.082687  -0.012877  0.007003
677  0.051077  0.032397  0.003658
678  0.010125  -0.046593  0.002273
679  -0.026622  -0.021241  0.001160
680  0.024789  -0.035277  0.001859
681  0.020951  -0.004650  0.000461
682  -0.040946  0.000926  0.001677
683  0.034233  -0.049263  0.003599
684  0.057455  0.000823  0.003302
685  -0.066914  0.025228  0.005114
686  -0.047993  -0.077303  0.008279
687  -0.065879  0.047526  0.006599
688  0.006114  -0.002213  0.000042
689  -0.032836  -0.012637  0.001238
690  0.024374  0.019237  0.000964
691  0.006923  -0.049710  0.002519
692  -0.029069  0.043535  0.002740
693  -0.026938  0.055296  0.003783
694  0.021387  -0.040573  0.002104
695  0.018254  0.055297  0.003391
696  -0.080138  0.012651  0.006582
697  -0.014166  -0.011625  0.000336
698  -0.035799  0.013895  0.001475
699  0.056201  -0.043211  0.005026
700  0.000175  -0.042390  0.001797
701  -0.042078  -0.042924  0.003613
702  0.046845  -0.028652  0.003015
703  -0.013143  0.007252  0.000225
704  -0.003539  -0.005116  0.000039
705  -0.016062  -0.008718  0.000334
706  -0.033085  0.055543  0.004180
707  -0.043038  0.030141  0.002761
708  -0.012204  -0.052799  0.002937
709  -0.019501  0.053194  0.003210
710  -0.079948  0.041799  0.008139
711  -0.023178  0.008990  0.000618
712  -0.034975  0.031446  0.002212
713  0.010600  -0.070357  0.005062
714  0.057013  0.011360  0.003379
715  -0.029671  0.053526  0.003745
716  0.045118  0.018724  0.002386
717  -0.005149  -0.075066  0.005661
718  0.056989  0.059100  0.006741
719  -0.029689  0.044738  0.002883
720  0.044529  -0.023085  0.002516
721  0.036362  0.007666  0.001381
722  0.016122  0.043052  0.002113
723  0.045898  -0.062917  0.006065
724  -0.057176  0.004331  0.003288
725  0.023395  0.003019  0.000556
726  0.003789  0.066971  0.004499
727  -0.050192  -0.065366  0.006792
728  0.049898  0.006413  0.002531
729  -0.038963  -0.061300  0.005276
730  -0.029698  0.010643  0.000995
731  -0.018421  0.088202  0.008119
732  0.013389  0.004455  0.000199
733  0.025301  -0.043280  0.002513
734  -0.044667  0.070069  0.006905
735  0.018838  0.023190  0.000893
736  0.081319  0.042320  0.008404
737  0.070621  0.017891  0.005307
738  0.016669  -0.077145  0.006229
739  -0.092577  0.011987  0.008714
740  -0.046454  0.079698  0.008510
741  -0.042118  0.038159  0.003230
742  0.067691  0.031432  0.005570
743  -0.021775  -0.047921  0.002771
744  0.028431  0.083157  0.007723
745  -0.043416  -0.086857  0.009429
746  -0.035132  -0.051323  0.003868
747  0.013189  0.022142  0.000664
748  0.017186  0.013431  0.000476
749  0.005562  -0.001693  0.000034
750  -0.035492  0.045654  0.003344
751  -0.012537  -0.037601  0.001571
752  0.012332  0.079229  0.006429
753  -0.000758  -0.001083  0.000002
754  0.010868  -0.018735  0.000469
755  -0.012573  -0.035436  0.001414
756  0.036538  0.071775  0.006487
757  -0.016052  -0.023297  0.000800
758  -0.041522  -0.033105  0.002820
759  -0.050004  -0.010168  0.002604
760  -0.010467  -0.021958  0.000592
761  -0.010003  0.032054  0.001128
762  -0.006840  0.000318  0.000047
763  -0.013163  -0.036744  0.001523
764  -0.018753  0.033515  0.001475
765  -0.046588  0.010035  0.002271
766  -0.045334  0.006822  0.002102
767  -0.014516  0.012428  0.000365
768  0.067405  0.050840  0.007128
769  0.019504  -0.006445  0.000422
770  -0.058158  -0.048154  0.005701
771  0.034506  -0.041065  0.002877
772  0.058437  0.075636  0.009136
773  -0.006111  -0.009302  0.000124
774  0.044897  -0.000995  0.002017
775  0.051454  -0.030685  0.003589
776  -0.048067  0.003090  0.002320
777  0.014039  -0.068940  0.004950
778  -0.055581  -0.042085  0.004860
779  0.008105  -0.019897  0.000462
780  -0.034873  -0.010268  0.001322
781  0.079178  -0.004774  0.006292
782  -0.003425  0.052747  0.002794
783  0.005022  -0.035905  0.001314
784  -0.016873  -0.041945  0.002044
785  0.057085  -0.011760  0.003397
786  -0.052384  0.002493  0.002750
787  -0.081632  -0.028951  0.007502
788  -0.027262  0.078358  0.006883
789  -0.050255  0.030541  0.003458
790  -0.031209  0.063455  0.005001
791  0.054608  0.088595  0.010831
792  -0.040237  0.006222  0.001658
793  -0.077237  -0.026926  0.006691
794  -0.003750  -0.078084  0.006111
795  -0.082421  -0.035237  0.008035
796  0.018080  0.008122  0.000393
797  -0.033454  0.050776  0.003697
798  0.065518  0.008296  0.004361
799  0.052162  -0.055409  0.005791
800  0.045393  0.014695  0.002277
801  0.028258  0.075975  0.006571
802  0.016160  -0.061237  0.004011
803  -0.028995  0.015188  0.001071
804  0.034311  0.004463  0.001197
805  0.063242  -0.032961  0.005086
806  0.065350  0.007198  0.004322
807  -0.041269  -0.045275  0.003753
808  -0.031190  0.036617  0.002314
809  0.072451  0.037645  0.006666
810  0.083955  0.050267  0.009575
811  0.024753  0.096664  0.009957
812  0.018462  0.034855  0.001556
813  0.001963  -0.007793  0.000065
814  0.046265  0.044698  0.004138
815  -0.031537  -0.037404  0.002394
816  0.009859  0.077220  0.006060
817  0.037733  0.046511  0.003587
818  -0.040548  -0.022877  0.002167
819  -0.086690  0.063214  0.011511
820  0.065580  -0.020038  0.004702
821  0.003854  0.009358  0.000102
822  -0.064460  -0.003218  0.004165
823  0.015540  0.044755  0.002245
824  -0.068530  -0.054856  0.007705
825  -0.049724  0.009517  0.002563
826  -0.000179  -0.062811  0.003945
827  0.004800  -0.018619  0.000370
828  0.022601  0.052587  0.003276
829  0.070887  0.046781  0.007213
830  -0.070545  0.019778  0.005368
831  -0.042080  0.074230  0.007281
832  -0.005695  0.084409  0.007157
833  -0.010262  -0.069430  0.004926
834  0.011936  -0.034706  0.001347
835  -0.008308  -0.052901  0.002868
836  0.021051  -0.021568  0.000908
837  0.039725  0.087970  0.009317
838  0.018931  -0.029502  0.001229
839  0.079482  0.007553  0.006374
840  0.090898  -0.101953  0.018657
841  0.036191  0.024522  0.001911
842  -0.035585  -0.014380  0.001473
843  0.093492  0.011124  0.008864
844  -0.080369  -0.032205  0.007496
845  0.010106  -0.025581  0.000757
846  -0.043554  0.073809  0.007345
847  0.050207  -0.073686  0.007950
848  -0.029852  -0.058265  0.004286
849  0.008695  -0.071624  0.005206
850  0.035781  -0.032914  0.002364
851  0.106181  0.069892  0.016159
852  -0.021510  0.069003  0.005224
853  0.006217  -0.060981  0.003757
854  -0.001660  0.048210  0.002327
855  0.051796  0.045044  0.004712
856  -0.050310  0.020664  0.002958
857  -0.066314  0.028683  0.005220
858  -0.161325  -0.006774  0.026072
859  -0.012857  0.051619  0.002830
860  0.019729  -0.052969  0.003195
861  -0.046006  0.005057  0.002142
862  0.032355  -0.013612  0.001232
863  -0.043446  -0.075763  0.007628
864  -0.002725  -0.038468  0.001487
865  0.014299  0.046672  0.002383
866  -0.118993  -0.068232  0.018815
867  -0.013848  0.024866  0.000810
868  0.003411  -0.082994  0.006900
869  -0.013114  0.017678  0.000484
870  0.051738  -0.015721  0.002924
871  -0.004427  -0.067588  0.004588
872  0.121254  -0.022118  0.015192
873  -0.021220  0.048715  0.002823
874  0.009461  -0.021687  0.000560
875  -0.063035  -0.040284  0.005596
876  0.068877  -0.037142  0.006124
877  0.037437  0.049700  0.003872
878  0.026685  0.070012  0.005614
879  -0.040905  -0.028013  0.002458
880  -0.064177  -0.016240  0.004382
881  -0.012828  0.032122  0.001196
882  0.062122  0.058199  0.007246
883  -0.035898  -0.114464  0.014391
884  0.040904  -0.018879  0.002030
885  0.062424  0.005972  0.003932
886  -0.042719  0.063824  0.005898
887  -0.124160  0.017830  0.015734
888  -0.014597  -0.109367  0.012174
889  -0.113305  0.057472  0.016141
890  0.086779  -0.012687  0.007692
891  -0.056086  -0.050651  0.005711
892  0.011120  -0.034534  0.001316
893  0.022088  -0.061923  0.004322
894  -0.176433  -0.026560  0.031834
895  -0.099741  -0.110903  0.022248
896  -0.037414  0.057145  0.004665
897  0.045310  0.011978  0.002196
898  0.147344  -0.006656  0.021755
899  0.031244  0.016102  0.001235
900  -0.042359  0.085624  0.009126
901  0.001984  0.044909  0.002021
902  -0.039584  0.084107  0.008641
903  -0.017555  -0.091323  0.008648
904  0.031341  0.024575  0.001586
905  -0.053520  0.013546  0.003048
906  0.095944  -0.069509  0.014037
907  0.006404  -0.095120  0.009089
908  0.087443  0.093348  0.016360
909  -0.097591  0.035955  0.010817
910  0.106608  -0.009501  0.011456
911  0.016523  -0.015875  0.000525
912  0.000859  -0.114480  0.013106
913  0.065774  -0.037662  0.005745
914  -0.013558  0.020200  0.000592
915  0.010907  -0.015707  0.000366
916  0.037412  -0.003231  0.001410
917  -0.023164  0.032513  0.001594
918  -0.008928  -0.000078  0.000080
919  0.032724  0.033571  0.002198
920  -0.026781  -0.012150  0.000865
921  0.006374  0.005176  0.000067
922  0.045007  -0.000415  0.002026
923  -0.036037  0.026246  0.001987
924  0.036693  0.012803  0.001510
925  0.061070  -0.064669  0.007912
926  -0.002507  0.041582  0.001735
927  0.050130  -0.038124  0.003966
928  0.073074  -0.095200  0.014403
929  0.041829  -0.061699  0.005557
930  0.015722  0.051054  0.002854
931  -0.013333  0.039198  0.001714
932  -0.103216  -0.027057  0.011386
933  0.078549  0.000456  0.006170
934  -0.045535  -0.064126  0.006186
935  0.095867  -0.142487  0.029493
936  0.129381  0.084208  0.023830
937  -0.147601  -0.035084  0.023017
938  0.007865  -0.093878  0.008875
939  0.056246  -0.066573  0.007596
940  0.018524  -0.122790  0.015420
941  0.013797  -0.032657  0.001257
942  0.090018  -0.068360  0.012776
943  -0.110465  -0.016764  0.012484
944  0.146787  -0.032074  0.022575
945  -0.121514  0.140632  0.034543
946  0.062454  0.094331  0.012799
947  -0.099445  0.084497  0.017029
948  -0.075499  -0.068086  0.010336
949  -0.145413  0.053222  0.023978
950  -0.000508  0.004462  0.000020
951  -0.102274  -0.000753  0.010461
952  0.033923  -0.066627  0.005590
953  0.000881  -0.016782  0.000282
954  0.057778  -0.029210  0.004192
955  -0.006981  0.104623  0.010995
956  -0.030919  0.048117  0.003271
957  -0.001357  0.001426  0.000004
958  -0.012025  0.000810  0.000145
959  0.014728  -0.151237  0.023089
960  0.067175  -0.054864  0.007523
961  0.040912  -0.172693  0.031497
962  -0.135782  -0.116091  0.031914
963  0.008884  -0.035161  0.001315
964  0.004433  -0.071951  0.005197
965  -0.015762  -0.170723  0.029395
966  -0.038421  -0.257172  0.067614
967  -0.063487  0.021837  0.004507
968  0.048113  -0.105115  0.013364
969  -0.026052  0.142066  0.020861
970  -0.110695  -0.002076  0.012258
971  -0.154594  0.060646  0.027577
972  -0.056260  -0.010660  0.003279
973  0.045115  -0.063186  0.006028
974  0.089516  -0.020439  0.008431
975  0.003483  -0.001373  0.000014
976  0.067434  0.047351  0.006789
977  -0.053563  0.138072  0.021933
978  -0.158723  0.191425  0.061837
979  -0.024265  -0.065622  0.004895
980  -0.040393  -0.000860  0.001632
981  0.040770  -0.011056  0.001784
982  0.135613  -0.107458  0.029938
983  0.031596  0.019272  0.001370
984  -0.063362  -0.048773  0.006394
985  -0.140438  -0.058727  0.023172
986  -0.098595  -0.020832  0.010155
987  -0.017051  -0.091429  0.008650
988  0.009181  -0.109199  0.012009
989  0.076847  -0.104473  0.016820
990  0.000737  0.050304  0.002531
991  0.036165  -0.040814  0.002974
992  0.016163  0.065549  0.004558
993  0.133907  0.024065  0.018510
994  0.039305  -0.041380  0.003257
995  0.161676  -0.074625  0.031708
996  0.027806  0.096331  0.010053
997  -0.218997  0.168804  0.076454
998  -0.004984  -0.104906  0.011030
999  -0.000832  -0.123876  0.015346
1000  -0.013806  0.063348  0.004204
1001  -0.051438  -0.156476  0.027131
1002  -0.128515  -0.150493  0.039164
1003  0.062643  -0.094150  0.012788
1004  0.094361  0.027316  0.009650
1005  -0.059049  -0.051204  0.006109
1006  0.099238  0.007762  0.009908
1007  0.120961  -0.027268  0.015375
1008  -0.036391  -0.044585  0.003312
1009  0.049312  -0.150171  0.024983
1010  0.193690  0.096100  0.046751
1011  0.161588  0.018116  0.026439
1012  0.148871  -0.084393  0.029285
1013  0.007179  -0.238462  0.056916
1014  0.069231  0.075278  0.010460
1015  -0.059296  -0.165726  0.030981
1016  -0.003927  -0.173742  0.030202
1017  0.109972  -0.069225  0.016886
1018  0.064714  -0.216464  0.051045
1019  0.048941  -0.018948  0.002754
1020  0.059524  -0.029827  0.004433
1021  0.024616  0.076114  0.006399
1022  0.011791  0.126014  0.016018
1023  0.175415  0.168679  0.059223
1024  0.101303  0.029891  0.011156
1025  0.057977  -0.116656  0.016970
1026  -0.028614  0.014204  0.001021
1027  0.201624  -0.029460  0.041520
1028  -0.218600  0.173007  0.077717
1029  -0.131897  0.099815  0.027360
1030  -0.073047  0.070752  0.010342
1031  -0.037993  0.022026  0.001929
1032  -0.223502  -0.155015  0.073983
1033  0.061037  -0.218469  0.051454
1034  0.085051  -0.109326  0.019186
1035  0.163594  0.160154  0.052412
1036  -0.034999  0.179622  0.033489
1037  0.103187  0.055514  0.013729
1038  -0.151341  -0.066256  0.027294
1039  0.026094  0.133367  0.018468
1040  -0.054182  0.010418  0.003044
1041  0.001096  -0.096041  0.009225
1042  -0.059125  0.088833  0.011387
1043  -0.202180  -0.038027  0.042323
1044  -0.130632  0.122621  0.032101
1045  -0.192613  -0.129206  0.053794
1046  -0.163082  0.178081  0.058309
1047  -0.021583  -0.011295  0.000593
1048  0.078219  -0.267198  0.077513
1049  -0.006600  0.065140  0.004287
1050  0.016768  0.032182  0.001317
1051  0.057962  0.032525  0.004418
1052  -0.011575  0.015450  0.000373
1053  -0.094545  -0.078214  0.015056
1054  0.140652  0.247155  0.080869
1055  0.131752  0.198641  0.056817
1056  -0.057641  0.168112  0.031584
1057  -0.089718  0.036650  0.009393
1058  0.468343  0.200295  0.259463
1059  -0.039898  0.060889  0.005299
1060  0.265669  -0.117213  0.084319
1061  -0.085209  -0.147827  0.029113
1062  0.075033  0.153804  0.029286
1063  0.165048  0.071218  0.032313
1064  0.002165  0.034015  0.001162
1065  -0.025092  -0.071871  0.005795
1066  0.195382  0.318921  0.139885
1067  -0.132990  0.082286  0.024457
1068  -0.216387  -0.179716  0.079121
1069  0.028009  -0.073905  0.006246
1070  -0.112201  0.294807  0.099500
1071  -0.163168  0.006363  0.026664
1072  -0.118581  0.030285  0.014979
1073  -0.020468  -0.001388  0.000421
1074  -0.256241  0.007994  0.065723
1075  -0.145354  -0.288002  0.104073
1076  0.121741  0.096572  0.024147
1077  0.169295  -0.150295  0.051249
1078  0.157442  0.005231  0.024815
1079  0.068289  -0.023216  0.005202
1080  0.189791  0.025956  0.036694
1081  0.018771  0.072181  0.005562
1082  0.130634  -0.076386  0.022900
1083  0.111765  -0.107345  0.024014
1084  -0.026051  -0.107994  0.012341
1085  -0.249780  0.027194  0.063130
1086  -0.033447  -0.160932  0.027018
1087  -0.154095  0.018360  0.024082
1088  -0.081260  0.090553  0.014803
1089  -0.333400  0.146756  0.132693
1090  -0.145930  -0.093372  0.030014
1091  0.150347  0.238531  0.079501
1092  -0.033255  -0.245971  0.061607
1093  -0.204873  -0.228833  0.094337
1094  -0.011221  -0.084114  0.007201
1095  0.140023  -0.033456  0.020726
1096  0.252171  0.102331  0.074062
1097  -0.049391  -0.227554  0.054220
1098  -0.048675  -0.093550  0.011121
1099  0.153201  0.240349  0.081238
1100  0.155029  -0.134991  0.042257
1101  0.101210  0.070108  0.015159
1102  0.017268  0.216891  0.047340
1103  -0.169336  -0.115025  0.041905
1104  -0.222554  0.069461  0.054355
1105  0.007376  0.086539  0.007543
1106  0.023906  -0.005106  0.000598
1107  0.135650  0.085217  0.025663
1108  -0.029921  -0.006254  0.000934
1109  -0.000903  0.352070  0.123954
1110  -0.010330  0.187326  0.035198
1111  -0.264015  0.264962  0.139909
1112  0.088514  -0.363457  0.139936
1113  -0.055800  -0.009820  0.003210
1114  0.339934  -0.184759  0.149691
1115  0.187854  0.109689  0.047321
1116  0.102914  -0.059251  0.014102
1117  -0.026737  -0.261015  0.068844
1118  -0.069525  -0.136197  0.023383
1119  -0.030842  0.097319  0.010422
1120  0.023725  0.181333  0.033445
1121  -0.064506  -0.047286  0.006397
1122  -0.202240  -0.186823  0.075804
1123  -0.115458  -0.237087  0.069541
1124  0.065321  -0.016642  0.004544
1125  -0.046176  -0.135290  0.020436
1126  0.017568  0.138578  0.019512
1127  0.088008  -0.352661  0.132115
1128  0.051585  0.224672  0.053138
1129  0.073571  -0.186763  0.040293
1130  -0.030287  0.148462  0.022958
1131  -0.316964  -0.156873  0.125075
1132  0.233347  -0.026247  0.055140
1133  -0.289178  0.191761  0.120396
1134  -0.105920  -0.122116  0.026131
1135  0.096688  0.369438  0.145833
1136  -0.048813  -0.374463  0.142605
1137  0.133769  0.086321  0.025346
1138  0.110405  -0.010468  0.012299
1139  0.386670  0.475001  0.375139
1140  -0.135538  0.022702  0.018886
1141  -0.212173  0.048560  0.047376
1142  0.063205  -0.356754  0.131268
1143  -0.032705  -0.344262  0.119586
1144  -0.098675  0.191319  0.046340
1145  -0.148383  -0.062091  0.025873
1146  -0.047102  -0.058994  0.005699
1147  0.015571  0.157428  0.025026
1148  0.151232  -0.168746  0.051346
1149  -0.033158  0.352296  0.125212
1150  -0.036232  0.030127  0.002220
1151  -0.028940  -0.012445  0.000992
1152  -0.142018  0.000489  0.020169
1153  0.284096  0.054249  0.083654
1154  -0.065611  0.031016  0.005267
1155  0.188988  0.159598  0.061188
1156  -0.203319  -0.085356  0.048624
1157  -0.253814  0.552857  0.370072
1158  -0.201111  -0.276651  0.116981
1159  -0.221526  0.340444  0.164976
1160  -0.267218  0.640250  0.481326
1161  0.415089  -0.151737  0.195323
1162  -0.193747  -0.149457  0.059875
1163  0.093075  -0.038809  0.010169
1164  -0.370465  -0.087181  0.144845
1165  0.235236  0.234704  0.110422
1166  0.106239  0.163785  0.038112
1167  -0.168349  -0.071611  0.033469
1168  -0.113272  0.073188  0.018187
1169  0.279641  -0.098677  0.087936
1170  -0.094207  -0.333029  0.119783
1171  -0.082749  -0.322072  0.110578
1172  0.389353  0.172068  0.181203
1173  -0.072733  -0.442008  0.200662
1174  0.276144  0.009553  0.076347
1175  -0.414541  0.119500  0.186125
1176  0.053970  -0.478384  0.231764
1177  0.180326  0.209729  0.076504
1178  -0.490268  0.016525  0.240635
1179  -0.058051  0.026257  0.004059
1180  0.301547  0.284247  0.171727
1181  0.284120  -0.148519  0.102782
1182  0.154593  -0.572458  0.351607
1183  0.296662  -0.052786  0.090795
1184  0.027666  0.334689  0.112782
1185  -0.289693  -0.232326  0.137898
1186  -0.052165  -0.013437  0.002902
1187  0.096550  0.213378  0.054852
1188  0.242247  -0.339666  0.174057
1189  0.353945  0.471374  0.347471
1190  -0.040335  0.280003  0.080029
1191  -0.419009  0.111361  0.187970
1192  -0.095703  -0.068949  0.013913
1193  -0.006520  0.086372  0.007503
1194  -0.149709  -0.260807  0.090433
1195  0.296423  0.155262  0.111973
1196  0.048538  0.261513  0.070745
1197  0.003692  0.352399  0.124198
1198  -0.244498  0.099890  0.069758
1199  -0.070612  0.056794  0.008212
1200  -0.161368  0.038652  0.027534
1201  -0.468030  0.194317  0.256811
1202  0.176005  -0.149831  0.053427
1203  -0.498490  0.001715  0.248495
1204  -0.325428  -0.435087  0.295204
1205  0.300200  0.033757  0.091259
1206  0.149673  0.654267  0.450467
1207  -0.699642  0.223946  0.539651
1208  0.216262  -0.149891  0.069236
1209  0.098255  0.557227  0.320156
1210  0.431255  -0.074940  0.191597
1211  0.136626  0.195599  0.056926
1212  -0.417734  -0.234251  0.229375
1213  0.345695  0.143313  0.140044
1214  -0.388146  0.065073  0.154892
1215  -0.189271  0.153481  0.059380
1216  0.067336  -0.260664  0.072480
1217  -0.297899  -0.119921  0.103125
1218  0.242532  -0.274027  0.133913
1219  0.408237  -0.025705  0.167318
1220  -0.160572  0.016646  0.026061
1221  0.195331  -0.097611  0.047682
1222  -0.074528  0.322469  0.109541
1223  0.232719  -0.155061  0.078202
1224  -0.330787  -0.023657  0.109980
1225  -0.126911  0.383896  0.163483
1226  0.351227  -0.132194  0.140835
1227  0.234902  0.250602  0.117981
1228  -0.219522  0.154580  0.072085
1229  -0.315976  0.489583  0.339532
1230  0.011630  0.247095  0.061191
1231  -0.086519  0.007325  0.007539
1232  0.199228  0.452097  0.244084
1233  0.101020  -0.093356  0.018920
1234  0.135701  0.092242  0.026923
1235  0.028919  -0.024534  0.001438
1236  -0.121585  -0.125302  0.030484
1237  0.019437  0.135548  0.018751
1238  -0.126669  -0.004829  0.016068
1239  -0.150143  0.171526  0.051964
1240  0.287096  0.188851  0.118089
1241  -0.224221  -0.328554  0.158222
1242  0.221884  0.053040  0.052046
1243  0.003488  -0.229665  0.052758
1244  -0.322985  -0.015814  0.104570
1245  -0.116112  -0.239393  0.070791
1246  0.077467  0.261208  0.074231
1247  -0.245535  0.137970  0.079323
1248  0.068172  -0.283842  0.085214
1249  0.263628  -0.027171  0.070238
1250  0.106894  0.116248  0.024940
1251  0.068082  -0.172556  0.034411
1252  -0.296139  0.170420  0.116741
1253  0.095328  -0.260413  0.076902
1254  0.336092  0.331817  0.223061
1255  -0.251738  0.090271  0.071521
1256  -0.251341  -0.457565  0.272538
1257  0.265091  -0.383385  0.217258
1258  0.435782  0.265092  0.260179
1259  0.113702  -0.045318  0.014982
1260  0.106281  -0.216810  0.058302
1261  -0.138438  -0.372265  0.157747
1262  -0.091162  -0.192013  0.045179
1263  0.335355  0.386523  0.261863
1264  -0.304847  0.225417  0.143744
1265  0.553864  -0.060648  0.310443
1266  0.047314  0.099227  0.012085
1267  0.591842  -0.027988  0.351061
1268  0.110756  -0.108693  0.024081
1269  -0.233627  -0.487841  0.292571
1270  -0.155995  0.273740  0.099268
1271  -0.781305  0.406761  0.775892
1272  -0.076342  -0.420156  0.182359
1273  -0.382897  0.157993  0.171572
1274  0.264533  -0.145555  0.091164
1275  0.430375  -0.411320  0.354407
1276  0.062744  -0.339097  0.118923
1277  -0.053730  -0.553133  0.308843
1278  0.018401  0.122659  0.015384
1279  0.123454  0.692349  0.494587
1280  -0.002997  -0.329032  0.108271
1281  -0.179029  -0.378302  0.175163
1282  0.281875  0.430564  0.264839
1283  -0.112600  0.117838  0.026565
1284  0.008970  -0.054733  0.003076
1285  0.038454  0.068832  0.006217
1286  0.475792  0.176927  0.257681
1287  -0.364734  0.191840  0.169833
1288  0.350580  0.226932  0.174405
1289  0.132439  0.106498  0.028882
1290  -0.148213  0.135857  0.040424
1291  -0.083019  -0.186310  0.041604
1292  0.215200  -0.029396  0.047175
1293  0.000973  0.665989  0.443542
1294  -0.190288  0.025222  0.036845
1295  -0.235779  0.348016  0.176707
1296  0.152436  0.236783  0.079303
1297  0.048362  0.237329  0.058664
1298  0.200830  -0.148275  0.062318
1299  0.201129  0.771883  0.636257
1300  -0.075978  0.023103  0.006306
1301  -0.905648  0.108814  0.832038
1302  0.055871  -0.182245  0.036335
1303  0.210917  -0.345472  0.163837
1304  0.177564  -0.436631  0.222175
1305  0.548621  0.101154  0.311217
1306  -0.175106  -0.179577  0.062910
1307  -0.294059  0.410677  0.255127
1308  0.216471  0.119872  0.061229
1309  -0.268135  -0.692712  0.551746
1310  0.853756  0.695524  1.212654
1311  0.151650  -0.030771  0.023945
1312  0.565544  -0.096698  0.329190
1313  0.506435  -0.133659  0.274341
1314  0.219068  0.292397  0.133487
1315  -0.715575  -0.429402  0.696433
1316  -0.357218  -0.074718  0.133188
1317  -0.325759  0.152049  0.129238
1318  -0.013875  0.022683  0.000707
1319  -0.263749  0.627546  0.463378
1320  -0.478294  0.102811  0.239335
1321  0.039434  0.201673  0.042227
1322  -0.138528  -0.057403  0.022485
1323  -0.187368  -0.052996  0.037915
1324  -0.181996  -0.391035  0.186031
1325  -0.108550  0.149775  0.034216
1326  0.401010  0.052938  0.163612
1327  -0.225645  0.046297  0.053059
1328  0.330480  -0.934045  0.981657
1329  -0.153301  0.071354  0.028593
1330  0.138510  0.011734  0.019323
1331  -0.120673  -0.328230  0.122297
1332  -0.609400  -0.072692  0.376653
1333  -0.107557  0.515986  0.277810
1334  0.224764  -0.077697  0.056556
1335  0.003971  -0.160111  0.025651
1336  0.106590  0.145364  0.032492
1337  0.163384  0.393828  0.181795
1338  -0.324977  0.017589  0.105919
1339  0.407494  0.443598  0.362831
1340  -0.087129  -0.331568  0.117529
1341  -0.054197  0.275855  0.079034
1342  -0.461062  0.128279  0.229034
1343  -0.321556  0.104859  0.114393
1344  -0.092282  -0.201233  0.049011
1345  0.740716  0.235999  0.604356
1346  -0.355817  0.254675  0.191465
1347  -0.249023  -0.469527  0.282468
1348  -0.145586  0.008544  0.021268
1349  0.375175  0.138124  0.159835
1350  -0.497651  -0.132495  0.265211
1351  -0.012189  -0.461285  0.212932
1352  -0.235104  -0.236225  0.111076
1353  -0.216834  -0.225543  0.097886
1354  -0.124064  0.069329  0.020198
1355  -0.013812  0.150964  0.022981
1356  0.254885  0.378288  0.208069
1357  0.117392  -1.131863  1.294895
1358  -0.698602  0.105723  0.499221
1359  0.366015  -0.058467  0.137385
1360  0.039477  0.667043  0.446504
1361  -0.814555  0.216793  0.710498
1362  -0.162240  0.403897  0.189455
1363  -0.110457  0.102949  0.022799
1364  -0.441178  0.317837  0.295658
1365  -0.109082  -0.185888  0.046453
1366  0.528792  0.485282  0.515119
1367  -0.361197  0.001327  0.130465
1368  -1.227700  0.903309  2.323214
1369  -0.355432  -0.004219  0.126349
1370  0.344123  -0.699465  0.607671
1371  0.067011  -0.091673  0.012894
1372  0.261491  0.186717  0.103241
1373  -0.581505  0.681056  0.801985
1374  0.424282  -0.406011  0.344860
1375  0.381913  -0.515971  0.412084
1376  0.158753  0.495321  0.270545
1377  -0.000016  -0.246906  0.060963
1378  -0.306833  -0.171143  0.123437
1379  -0.094786  0.004433  0.009004
1380  0.235619  0.707244  0.555710
1381  -0.462020  -0.195035  0.251501
1382  -0.341884  0.039448  0.118441
1383  -0.473449  -0.157272  0.248889
1384  0.217097  -0.086614  0.054633
1385  0.015590  0.032048  0.001270
1386  -0.141254  0.044972  0.021975
1387  0.243110  0.008170  0.059169
1388  0.325944  0.085427  0.113537
1389  0.160005  -0.075145  0.031248
1390  0.598762  0.091644  0.366914
1391  -0.013654  -0.074795  0.005781
1392  0.392277  -0.160173  0.179536
1393  0.258572  0.023583  0.067416
1394  -0.334432  0.276516  0.188306
1395  -0.236562  0.612380  0.430970
1396  0.070091  0.376198  0.146438
1397  -0.184545  -0.076605  0.039925
1398  0.417070  0.240322  0.231702
1399  0.423378  0.320856  0.282198
1400  -0.122021  0.269093  0.087300
1401  -0.147183  0.103595  0.032395
1402  0.491017  -0.168410  0.269460
1403  -0.461260  0.348908  0.334498
1404  -0.243678  0.009951  0.059478
1405  -0.273915  -0.000800  0.075030
1406  -0.443630  -0.152078  0.219935
1407  -0.459747  0.932452  1.080834
1408  0.180626  0.214985  0.078844
1409  0.170390  0.268780  0.101276
1410  0.264197  0.331629  0.179778
1411  0.140543  -0.241754  0.078197
1412  0.463934  0.178339  0.247040
1413  0.465418  0.146514  0.238080
1414  0.952083  0.317551  1.007300
1415  -0.315844  0.332772  0.210495
1416  -0.049595  0.347667  0.123332
1417  -0.557845  0.184499  0.345231
1418  -0.051077  -0.177462  0.034102
1419  0.299075  -0.553373  0.395668
1420  -0.439554  -0.699640  0.682703
1421  0.789648  -0.521453  0.895457
1422  -0.196841  0.275910  0.114873
1423  -0.271752  0.569871  0.398602
1424  -0.014516  -0.119227  0.014426
1425  -0.195155  -0.184430  0.072100
1426  -0.269691  0.306879  0.166908
1427  -0.068715  0.323101  0.109116
1428  -0.214478  0.342952  0.163617
1429  0.349797  -0.030816  0.123308
1430  0.041598  0.381955  0.147620
1431  0.063639  -0.031680  0.005054
1432  -0.148218  -0.166679  0.049751
1433  -0.209295  0.003749  0.043818
1434  0.423566  0.355016  0.305444
1435  0.075735  0.224770  0.056257
1436  -0.488303  0.287155  0.320898
1437  -0.493225  0.154120  0.267024
1438  -0.257025  0.409854  0.234042
1439  0.288227  0.073122  0.088422
1440  -0.007718  -0.719880  0.518287
1441  -0.096881  -0.498742  0.258130
1442  0.251422  -0.286632  0.145371
1443  0.567069  -0.611955  0.696057
1444  -0.371633  -0.291035  0.222812
1445  -0.276986  0.302221  0.168059
1446  -0.101075  0.202288  0.051137
1447  -0.215078  0.042565  0.048070
1448  0.216261  -0.326798  0.153566
1449  -0.060275  -0.068129  0.008275
1450  0.377584  0.536218  0.430099
1451  -0.367214  0.141979  0.155004
1452  0.959356  0.110088  0.932484
1453  -0.016501  0.066479  0.004692
1454  -0.647711  0.209745  0.463522
1455  0.310417  0.103521  0.107075
1456  -0.282570  -0.278240  0.157263
1457  -0.118949  0.002330  0.014154
1458  0.476803  0.473171  0.451232
1459  0.146382  -0.035326  0.022676
1460  -0.413332  -0.154721  0.194782
1461  -0.535580  -0.149076  0.309070
1462  0.008469  -0.056644  0.003280
1463  0.415809  -0.331565  0.282832
1464  0.509753  0.124926  0.275454
1465  0.242870  0.053276  0.061824
1466  -0.195367  -0.047370  0.040412
1467  0.132107  -0.237850  0.074025
1468  0.755255  0.195158  0.608497
1469  -0.005643  0.210816  0.044475
1470  0.403463  -0.107905  0.174426
1471  -0.397123  -0.222015  0.206997
1472  -0.140004  0.278598  0.097218
1473  0.036420  0.552465  0.306544
1474  -0.335769  -0.284834  0.193871
1475  -0.663372  0.599935  0.799984
1476  0.554751  -0.004046  0.307765
1477  0.270908  -0.070336  0.078338
1478  -0.051995  -0.503493  0.256208
1479  -0.224755  0.605047  0.416597
1480  0.005114  -0.171404  0.029406
1481  -0.640456  0.711533  0.916463
1482  -0.618199  -0.111949  0.394703
1483  -0.133639  0.002983  0.017868
1484  0.181061  0.166123  0.060380
1485  -0.373838  -0.810688  0.796969
1486  -0.512834  -0.063245  0.266999
1487  0.095176  -0.141114  0.028972
1488  -0.149461  -0.107594  0.033915
1489  0.043517  0.248412  0.063602
1490  -0.338892  0.055805  0.117962
1491  0.325902  -0.210410  0.150485
1492  0.083894  0.220955  0.055859
1493  -0.564436  0.235641  0.374114
1494  0.313289  -0.282360  0.177878
1495  -0.099225  0.123273  0.025042
1496  0.097789  0.556030  0.318731
1497  -0.041356  0.754402  0.570832
1498  0.034062  -0.068578  0.005863
1499  -0.152665  0.343760  0.141478
1500  0.382729  0.019030  0.146844
1501  0.256896  0.193538  0.103453
1502  -0.161840  0.314277  0.124962
1503  0.105875  -0.065052  0.015441
1504  0.240170  0.293842  0.144024
1505  0.072859  -0.266418  0.076287
1506  0.080565  -0.279166  0.084424
1507  0.600809  -0.182245  0.394184
1508  0.333135  0.575096  0.441715
1509  0.305424  -0.147833  0.115138
1510  0.218153  -0.191633  0.084314
1511  -0.559767  -0.375175  0.454096
1512  0.458622  -0.180928  0.243069
1513  -0.092065  -0.746009  0.565006
1514  0.015314  -0.026720  0.000948
1515  0.432374  0.355855  0.313580
1516  0.344469  -0.520790  0.389881
1517  0.263789  -0.440682  0.263785
1518  0.096812  -0.299018  0.098784
1519  0.458513  0.145762  0.231481
1520  -0.124265  -0.283695  0.095924
1521  -0.109699  -0.386428  0.161361
1522  0.348385  0.436340  0.311765
1523  -0.281542  0.275060  0.154924
1524  -0.159901  -0.033582  0.026696
1525  -0.401562  -0.317336  0.261954
1526  -0.748721  -0.128954  0.577212
1527  -0.026182  0.208900  0.044325
1528  -0.434028  0.191773  0.225157
1529  0.100076  0.434707  0.198986
1530  -0.481138  -0.052105  0.234209
1531  -0.302685  0.007066  0.091668
1532  0.381263  -0.022902  0.145886
1533  0.201614  0.176405  0.071767
1534  -0.015895  -0.065855  0.004590
1535  -0.222013  -0.062237  0.053163
1536  0.036933  0.284701  0.082419
1537  -0.201022  0.065615  0.044715
1538  -0.103848  0.028161  0.011577
1539  0.004901  -0.253445  0.064258
1540  -0.074668  0.267631  0.077202
1541  -0.002920  0.176334  0.031102
1542  0.169528  0.051305  0.031372
1543  -0.121008  0.595180  0.368883
1544  0.159092  0.050796  0.027890
1545  0.375976  -0.180882  0.174076
1546  -0.335376  -0.149181  0.134732
1547  0.291647  -0.608073  0.454811
1548  -0.052158  0.155875  0.027017
1549  -0.049230  -0.272579  0.076723
1550  -0.118810  -0.344677  0.132918
1551  -0.183965  0.197903  0.073009
1552  0.136670  -0.022130  0.019168
1553  0.200661  -0.043540  0.042160
1554  0.042849  0.307904  0.096641
1555  -0.281414  -0.128265  0.095646
1556  0.270766  0.384193  0.220918
1557  -0.060869  0.026965  0.004432
1558  -0.127640  0.035782  0.017572
1559  -0.039503  -0.209939  0.045635
1560  -0.568485  -0.273480  0.397967
1561  0.090062  0.034870  0.009327
1562  -0.454492  0.054629  0.209547
1563  0.285034  0.613294  0.457373
1564  -0.101065  0.099845  0.020183
1565  0.236676  -0.254332  0.120700
1566  -0.135459  -0.123649  0.033638
1567  -0.208579  0.192214  0.080451
1568  0.000261  0.090749  0.008235
1569  -0.001255  -0.061448  0.003777
1570  0.249624  -0.211458  0.107027
1571  -0.379947  -0.020669  0.144787
1572  0.021709  -0.187220  0.035523
1573  0.234437  -0.226523  0.106273
1574  -0.441123  0.260357  0.262375
1575  0.222067  0.192954  0.086545
1576  0.030596  -0.078537  0.007104
1577  -0.005557  -0.058638  0.003469
1578  -0.059200  0.346168  0.123337
1579  -0.094235  -0.246573  0.069678
1580  -0.136422  0.233082  0.072938
1581  0.066242  -0.230425  0.057484
1582  -0.125120  0.210051  0.059776
1583  0.401280  -0.365752  0.294800
1584  0.256806  -0.212508  0.111109
1585  0.315526  -0.347642  0.220411
1586  -0.022180  -0.119837  0.014853
1587  0.068513  -0.565591  0.324587
1588  -0.205842  0.191278  0.078958
1589  0.219521  -0.218038  0.095730
1590  0.032371  -0.003236  0.001058
1591  0.024692  -0.054727  0.003605
1592  0.073248  -0.030582  0.006301
1593  -0.083292  -0.337858  0.121086
1594  -0.168475  -0.106252  0.039673
1595  0.192177  0.613063  0.412778
1596  0.462698  0.198236  0.253387
1597  -0.214023  -0.047705  0.048082
1598  0.203321  0.160754  0.067181
1599  0.122724  -0.178772  0.047021
1600  -0.137110  0.357051  0.146284
1601  0.262456  -0.262060  0.137558
1602  0.166421  -0.032543  0.028755
1603  -0.432263  -0.041941  0.188610
1604  0.283187  0.047259  0.082428
1605  0.404119  0.383760  0.310584
1606  -0.299663  0.094942  0.098812
1607  0.411165  0.172031  0.198652
1608  0.066764  -0.246382  0.065162
1609  0.326505  0.016942  0.106893
1610  -0.029165  0.059588  0.004401
1611  -0.142689  0.120185  0.034804
1612  0.090409  0.205685  0.050480
1613  0.243650  0.068614  0.064073
1614  -0.106059  0.191556  0.047942
1615  0.251139  0.438379  0.255247
1616  -0.218712  -0.155795  0.072107
1617  0.141749  0.258249  0.086785
1618  0.148342  0.242552  0.080837
1619  0.056678  0.040510  0.004853
1620  0.117875  -0.105601  0.025046
1621  -0.040764  0.147330  0.023368
1622  0.085009  0.221422  0.056254
1623  0.108715  -0.434558  0.200659
1624  0.070707  0.150640  0.027692
1625  0.079614  -0.184880  0.040519
1626  0.043566  0.075696  0.007628
1627  0.193484  -0.026766  0.038152
1628  0.163454  -0.118544  0.040770
1629  0.015644  0.060383  0.003891
1630  -0.418833  -0.354325  0.300968
1631  -0.129513  0.060933  0.020486
1632  0.219657  0.103778  0.059019
1633  -0.220784  -0.096169  0.057994
1634  -0.013471  -0.203625  0.041645
1635  -0.214105  0.115520  0.059186
1636  -0.184222  -0.033096  0.035033
1637  -0.157580  -0.030916  0.025787
1638  -0.016705  0.030342  0.001200
1639  0.030397  0.009889  0.001022
1640  0.117909  0.179901  0.046267
1641  -0.051082  0.036844  0.003967
1642  0.145363  0.299422  0.110784
1643  0.043890  0.207533  0.044996
1644  0.337720  0.199395  0.153813
1645  -0.142902  0.212461  0.065561
1646  -0.077947  -0.016109  0.006335
1647  0.218996  -0.135789  0.066398
1648  0.070943  -0.178914  0.037043
1649  0.051399  -0.116441  0.016200
1650  -0.205215  0.116814  0.055758
1651  -0.075971  0.108399  0.017522
1652  -0.051565  -0.282440  0.082431
1653  0.057496  -0.103027  0.013920
1654  0.063577  0.027418  0.004794
1655  -0.146841  -0.059307  0.025080
1656  0.044572  -0.153626  0.025588
1657  -0.134742  -0.220274  0.066676
1658  -0.098631  -0.045712  0.011818
1659  -0.148596  -0.075044  0.027712
1660  0.062299  -0.082645  0.010711
1661  -0.045308  -0.144519  0.022939
1662  -0.010807  -0.148626  0.022206
1663  -0.050670  0.071336  0.007656
1664  -0.010052  0.128190  0.016534
1665  0.045796  -0.129473  0.018860
1666  0.032334  -0.279088  0.078936
1667  -0.004624  -0.169070  0.028606
1668  -0.139372  0.144950  0.040435
1669  -0.085329  0.016290  0.007546
1670  -0.117446  -0.127915  0.030156
1671  0.046719  0.006259  0.002222
1672  0.182904  0.251433  0.096673
1673  -0.183410  -0.121357  0.048367
1674  -0.221373  -0.032872  0.050087
1675  -0.042515  -0.082127  0.008552
1676  0.006119  -0.020024  0.000438
1677  0.249503  -0.084923  0.069464
1678  0.236970  0.059665  0.059715
1679  -0.014736  -0.056766  0.003440
1680  -0.015971  -0.088346  0.008060
1681  -0.052757  -0.026755  0.003499
1682  -0.050894  -0.102959  0.013191
1683  -0.431275  0.192964  0.223233
1684  0.072702  0.035475  0.006544
1685  -0.185116  -0.051631  0.036934
1686  -0.116678  0.067292  0.018142
1687  -0.294160  -0.094568  0.095473
1688  0.051605  0.007025  0.002712
1689  -0.098064  0.007210  0.009669
1690  0.067386  -0.114864  0.017735
1691  0.161050  -0.142367  0.046205
1692  -0.160477  -0.015400  0.025990
1693  0.065758  0.088648  0.012182
1694  0.072134  -0.133714  0.023083
1695  -0.003162  0.010714  0.000125
1696  -0.305925  0.059416  0.097120
1697  0.047196  0.056603  0.005431
1698  -0.162725  0.184087  0.060367
1699  0.155500  -0.095401  0.033282
1700  0.151993  0.051041  0.025707
1701  -0.030393  -0.006549  0.000967
1702  -0.066598  0.054699  0.007427
1703  -0.026084  0.353508  0.125648
1704  0.068420  0.198993  0.044280
1705  0.134640  -0.123417  0.033360
1706  -0.076009  -0.139835  0.025331
1707  -0.133954  -0.044887  0.019959
1708  0.099424  -0.422544  0.188429
1709  0.066224  0.110305  0.016553
1710  0.102517  -0.072780  0.015807
1711  -0.049034  -0.109755  0.014450
1712  0.163478  0.111433  0.039142
1713  -0.032229  -0.015467  0.001278
1714  0.114312  -0.157229  0.037788
1715  0.023939  0.032062  0.001601
1716  0.047446  -0.023966  0.002826
1717  -0.104205  -0.098669  0.020594
1718  0.148987  -0.039396  0.023749
1719  0.028198  0.110419  0.012988
1720  -0.080434  -0.038604  0.007960
1721  0.059581  0.018908  0.003907
1722  0.229928  0.136252  0.071432
1723  0.198972  -0.082817  0.046448
1724  0.089834  -0.183017  0.041565
1725  -0.056832  -0.151350  0.026137
1726  0.014451  -0.020349  0.000623
1727  0.257559  -0.027775  0.067108
1728  -0.094155  -0.017685  0.009178
1729  -0.204883  -0.196101  0.080433
1730  0.074150  0.031674  0.006501
1731  0.011443  -0.011589  0.000265
1732  -0.104419  -0.184771  0.045044
1733  -0.026027  0.020731  0.001107
1734  -0.208448  -0.097124  0.052884
1735  -0.011571  -0.003266  0.000145
1736  -0.028779  0.070362  0.005779
1737  -0.100916  0.105012  0.021212
1738  -0.148641  -0.172155  0.051732
1739  0.103717  -0.018879  0.011114
1740  0.049254  -0.008668  0.002501
1741  0.042477  -0.221775  0.050988
1742  -0.180168  -0.164563  0.059541
1743  -0.002331  -0.080821  0.006537
1744  -0.106530  -0.158758  0.036553
1745  -0.018348  -0.083858  0.007369
1746  -0.045108  0.224522  0.052445
1747  0.056390  0.077332  0.009160
1748  0.105938  -0.042622  0.013040
1749  -0.091335  -0.045983  0.010456
1750  0.172389  0.042159  0.031495
1751  0.121911  0.168879  0.043382
1752  0.059187  -0.053060  0.006318
1753  0.115033  -0.091953  0.021688
1754  0.011741  -0.013965  0.000333
1755  -0.174157  -0.074721  0.035914
1756  0.110952  0.025337  0.012952
1757  -0.085082  -0.126199  0.023165
1758  0.018822  0.153159  0.023812
1759  0.028479  -0.103952  0.011617
1760  0.077016  0.052406  0.008678
1761  0.087917  -0.179740  0.040036
1762  -0.033757  0.126248  0.017078
1763  0.192930  -0.060398  0.040870
1764  -0.093191  -0.140082  0.028308
1765  0.001144  0.074296  0.005521
1766  0.100377  -0.164631  0.037179
1767  0.013378  -0.114360  0.013257
1768  0.170224  0.130293  0.045952
1769  0.160470  -0.113886  0.038721
1770  -0.021150  0.020710  0.000876
1771  -0.088957  -0.011130  0.008037
1772  -0.138208  0.054558  0.022078
1773  -0.009884  0.033119  0.001195
1774  0.128784  0.104954  0.027601
1775  -0.044373  0.101515  0.012274
1776  0.134903  0.048577  0.020558
1777  0.023394  -0.219413  0.048689
1778  -0.173324  -0.033412  0.031158
1779  0.137619  -0.057614  0.022258
1780  -0.008840  0.200922  0.040448
1781  -0.065208  -0.059996  0.007852
1782  0.094579  -0.047775  0.011228
1783  0.094074  -0.063873  0.012930
1784  0.102647  -0.069169  0.015321
1785  0.082791  -0.146891  0.028431
1786  -0.132218  -0.216141  0.064199
1787  -0.132575  -0.072701  0.022862
1788  0.118123  -0.029149  0.014803
1789  -0.003466  -0.007559  0.000069
1790  0.090273  0.053605  0.011023
1791  -0.111770  0.059483  0.016031
1792  0.032608  -0.045564  0.003139
1793  -0.021235  0.116912  0.014119
1794  -0.013147  -0.053612  0.003047
1795  -0.063596  -0.022644  0.004557
1796  0.103927  0.000545  0.010801
1797  0.077872  -0.009265  0.006150
1798  0.055608  -0.017176  0.003387
1799  -0.179690  -0.072190  0.037500
1800  0.015572  -0.209801  0.044259
1801  -0.120732  0.002144  0.014581
1802  0.159835  -0.087353  0.033178
1803  -0.125657  -0.077244  0.021756
1804  -0.058684  -0.040007  0.005044
1805  -0.056293  -0.122560  0.018190
1806  -0.107777  0.057038  0.014869
1807  -0.135577  -0.077982  0.024462
1808  -0.039803  -0.175297  0.032313
1809  -0.098640  0.127825  0.026069
1810  0.003846  0.033385  0.001129
1811  0.007401  0.106865  0.011475
1812  -0.078012  0.014667  0.006301
1813  -0.127436  0.070661  0.021233
1814  0.056446  0.049866  0.005673
1815  -0.013773  0.082447  0.006987
1816  0.096452  -0.116416  0.022856
1817  0.041456  -0.081522  0.008364
1818  0.189068  0.005790  0.035780
1819  0.044458  0.014659  0.002191
1820  -0.047843  -0.101174  0.012525
1821  -0.188318  -0.088553  0.043306
1822  -0.150171  0.205439  0.064757
1823  0.029939  -0.048236  0.003223
1824  -0.095292  -0.047235  0.011312
1825  0.198681  0.134021  0.057436
1826  -0.005453  -0.006524  0.000072
1827  0.024342  0.024610  0.001198
1828  0.032125  0.040169  0.002646
1829  0.128776  -0.065344  0.020853
1830  0.004542  -0.085465  0.007325
1831  0.025630  -0.099494  0.010556
1832  0.035212  0.016130  0.001500
1833  -0.000421  0.051376  0.002640
1834  0.088184  0.024337  0.008369
1835  0.103559  -0.059058  0.014212
1836  -0.073383  0.015305  0.005619
1837  0.051471  0.033141  0.003748
1838  -0.055575  -0.099369  0.012963
1839  0.114455  -0.000920  0.013101
1840  0.052650  -0.081593  0.009429
1841  -0.016380  -0.019536  0.000650
1842  -0.040441  -0.078678  0.007826
1843  0.155718  0.081258  0.030851
1844  -0.012227  -0.048202  0.002473
1845  -0.100343  -0.128034  0.026461
1846  -0.055266  -0.099178  0.012891
1847  -0.044632  -0.080550  0.008480
1848  -0.005885  -0.000462  0.000035
1849  -0.037818  0.016470  0.001701
1850  0.065993  0.006199  0.004393
1851  0.028826  -0.051869  0.003521
1852  0.012602  0.016360  0.000426
1853  0.033413  -0.111155  0.013472
1854  0.002486  -0.024751  0.000619
1855  0.022476  -0.009277  0.000591
1856  -0.007228  -0.058547  0.003480
1857  0.058219  0.027655  0.004154
1858  -0.032524  -0.055536  0.004142
1859  0.021142  0.026158  0.001131
1860  -0.033205  0.009996  0.001202
1861  0.026355  0.031175  0.001666
1862  0.022339  -0.069829  0.005375
1863  -0.038988  0.136754  0.020222
1864  0.004039  0.029013  0.000858
1865  -0.016911  -0.094420  0.009201
1866  0.031684  0.059520  0.004547
1867  0.050845  -0.030637  0.003524
1868  0.044365  -0.076569  0.007831
1869  -0.008476  -0.003384  0.000083
1870  -0.087044  0.045931  0.009686
1871  0.052275  0.032747  0.003805
1872  -0.111011  -0.021223  0.012774
1873  -0.096633  0.045781  0.011434
1874  -0.054485  -0.012880  0.003134
1875  0.002026  0.015491  0.000244
1876  -0.005791  -0.054335  0.002986
1877  0.015359  -0.107794  0.011855
1878  -0.007390  0.044872  0.002068
1879  -0.063431  0.038530  0.005508
1880  -0.021202  -0.056910  0.003688
1881  -0.027546  0.025607  0.001415
1882  -0.031824  0.005192  0.001040
1883  -0.018510  -0.063248  0.004343
1884  0.031677  0.024329  0.001595
1885  -0.017552  0.049080  0.002717
1886  -0.000770  0.020198  0.000409
1887  -0.002758  -0.031097  0.000975
1888  0.071400  -0.016197  0.005360
1889  0.060715  -0.008941  0.003766
1890  0.051841  0.002168  0.002692
1891  -0.074789  0.023098  0.006127
1892  -0.014004  0.013047  0.000366
1893  -0.053430  0.074549  0.008412
1894  0.029848  0.045217  0.002936
1895  0.047682  0.040884  0.003945
1896  -0.009526  -0.029994  0.000990
1897  -0.087231  0.030191  0.008521
1898  -0.096381  -0.043454  0.011177
1899  0.066437  -0.015018  0.004639
1900  0.037058  0.027325  0.002120
1901  0.018196  -0.018026  0.000656
1902  0.018618  -0.032607  0.001410
1903  -0.065923  0.000454  0.004346
1904  -0.042568  -0.021440  0.002272
1905  -0.035791  0.016229  0.001544
1906  -0.058599  0.003976  0.003450
1907  -0.040640  0.049175  0.004070
1908  0.052845  -0.025801  0.003458
1909  -0.068380  -0.021802  0.005151
1910  0.039920  -0.065576  0.005894
1911  0.043825  -0.018397  0.002259
1912  -0.027528  -0.061317  0.004518
1913  -0.031001  -0.060771  0.004654
1914  0.041733  -0.084951  0.008958
1915  -0.019984  0.004416  0.000419
1916  0.040166  0.064934  0.005830
1917  0.047194  -0.008238  0.002295
1918  0.044636  -0.095855  0.011181
1919  -0.006835  -0.021268  0.000499
1920  -0.109389  0.012347  0.012118
1921  0.063270  -0.061571  0.007794
1922  -0.011303  0.041633  0.001861
1923  -0.068335  -0.053536  0.007536
1924  -0.055918  -0.005223  0.003154
1925  0.023357  -0.031518  0.001539
1926  0.032755  0.004648  0.001094
1927  -0.046480  0.012358  0.002313
1928  0.010414  -0.020289  0.000520
1929  -0.017371  -0.027352  0.001050
1930  -0.058497  -0.010245  0.003527
1931  -0.023616  0.027602  0.001320
1932  -0.043344  0.044944  0.003899
1933  -0.001831  0.038142  0.001458
1934  0.014250  0.022164  0.000694
1935  -0.012426  0.004647  0.000176
1936  -0.010420  0.053670  0.002989
1937  -0.023043  -0.003686  0.000545
1938  -0.022862  -0.017078  0.000814
1939  -0.017005  0.005802  0.000323
1940  -0.000855  -0.010667  0.000115
1941  0.089076  0.034841  0.009148
1942  0.031388  -0.002530  0.000992
1943  -0.001561  -0.057212  0.003276
1944  0.002282  0.024687  0.000615
1945  -0.080144  0.004287  0.006442
1946  -0.037822  0.067901  0.006041
1947  -0.044020  -0.013037  0.002108
1948  0.031581  -0.045254  0.003045
1949  0.009307  -0.052983  0.002894
1950  0.084111  0.030390  0.007998
1951  -0.025690  -0.030479  0.001589
1952  -0.006165  0.018240  0.000371
1953  -0.054521  0.079088  0.009227
1954  -0.043061  0.025569  0.002508
1955  0.077206  -0.017396  0.006263
1956  0.034827  -0.038704  0.002711
1957  0.101891  -0.020059  0.010784
1958  -0.011395  -0.046848  0.002325
1959  -0.004309  -0.040616  0.001668
1960  -0.036642  0.042617  0.003159
1961  0.039810  -0.187316  0.036672
1962  0.005432  -0.026822  0.000749
1963  -0.034203  0.021723  0.001642
1964  -0.056747  -0.044501  0.005201
1965  -0.018149  -0.021644  0.000798
1966  -0.045552  -0.000369  0.002075
1967  -0.030777  0.021410  0.001406
1968  0.019424  -0.009467  0.000467
1969  -0.001585  -0.048116  0.002318
1970  -0.018406  0.044389  0.002309
1971  -0.024723  0.062664  0.004538
1972  -0.035954  0.026894  0.002016
1973  0.094803  -0.024812  0.009603
1974  -0.030103  0.032594  0.001969
1975  -0.082501  0.032647  0.007872
1976  0.074611  0.089603  0.013596
1977  -0.014822  0.013404  0.000399
1978  -0.037890  -0.005988  0.001471
1979  -0.014577  -0.057462  0.003514
1980  -0.051318  -0.040978  0.004313
1981  -0.016875  -0.018621  0.000632
1982  -0.045786  -0.035318  0.003344
1983  -0.011334  -0.008265  0.000197
1984  -0.010108  -0.048969  0.002500
1985  0.017888  0.011100  0.000443
1986  0.024871  0.029446  0.001486
1987  -0.044537  -0.000435  0.001984
1988  0.078653  -0.015196  0.006417
1989  0.060377  -0.021108  0.004091
1990  0.028256  0.008812  0.000876
1991  0.012694  -0.012955  0.000329
1992  0.009966  -0.044311  0.002063
1993  -0.003710  -0.039920  0.001607
1994  0.056135  0.010308  0.003257
1995  0.008663  0.008711  0.000151
1996  -0.011084  0.087135  0.007715
1997  0.079936  -0.002094  0.006394
1998  -0.083464  0.067296  0.011495
1999  -0.035178  -0.005450  0.001267
2000  -0.037282  0.002375  0.001396
2001  -0.064760  0.090633  0.012408
2002  0.064572  0.038413  0.005645
2003  -0.038673  -0.023363  0.002041
2004  -0.021860  0.007521  0.000534
2005  -0.001459  0.039993  0.001602
2006  0.007856  0.067733  0.004649
2007  0.005617  -0.028450  0.000841
2008  0.014100  0.001847  0.000202
2009  0.001704  -0.020119  0.000408
2010  0.011291  -0.070620  0.005115
2011  0.041697  -0.150593  0.024417
2012  -0.027951  0.036131  0.002087
2013  -0.011745  0.002565  0.000145
2014  -0.012301  -0.011567  0.000285
2015  -0.080625  0.046135  0.008629
2016  -0.066990  -0.089619  0.012519
2017  0.079907  -0.032233  0.007424
2018  0.031879  -0.005704  0.001049
2019  0.018070  0.076785  0.006222
2020  -0.011626  0.015809  0.000385
2021  0.020725  -0.033158  0.001529
2022  -0.016902  -0.069272  0.005084
2023  -0.059238  0.054346  0.006463
2024  0.017774  0.008625  0.000390
2025  -0.024887  -0.020315  0.001032
2026  -0.017048  0.008480  0.000363
2027  -0.026698  -0.058841  0.004175
2028  -0.016481  -0.039488  0.001831
2029  0.068355  0.019210  0.005041
2030  -0.028575  0.035631  0.002086
2031  -0.043515  0.089113  0.009835
2032  0.011745  -0.025138  0.000770
2033  -0.098137  -0.012792  0.009795
2034  -0.029864  -0.055892  0.004016
2035  0.002014  0.002818  0.000012
2036  0.037154  -0.011192  0.001506
2037  -0.047035  -0.027663  0.002977
2038  -0.001443  0.046676  0.002181
2039  0.010756  0.045290  0.002167
2040  0.017098  0.021886  0.000771
2041  0.023171  0.001780  0.000540
2042  -0.018584  -0.030668  0.001286
2043  -0.065157  -0.029002  0.005087
2044  -0.075280  -0.033180  0.006768
2045  -0.049838  -0.016581  0.002759
2046  -0.022696  -0.045619  0.002596
2047  -0.011125  -0.030147  0.001033
