0  0.638522  -0.270501  0.480882
1  -0.909503  -0.402674  0.989342
2  0.010423  1.266036  1.602957
3  -0.684464  0.158452  0.493598
4  0.565048  0.065871  0.323618
5  -0.033156  -0.393668  0.156074
6  0.058636  0.080208  0.009871
7  -0.247050  0.099365  0.070907
8  -0.563071  -0.153372  0.340572
9  0.074305  0.342866  0.123079
10  -0.393786  -0.544608  0.451665
11  -0.182549  -0.042754  0.035152
12  -0.232146  -0.319345  0.155873
13  0.160802  -0.213926  0.071622
14  -0.753126  0.672507  1.019464
15  -0.721347  0.107958  0.531996
16  -0.104473  -0.781692  0.621956
17  -0.322388  0.006401  0.103975
18  -0.240788  0.054113  0.060907
19  0.716451  -0.180626  0.545928
20  0.221097  -0.654760  0.477595
21  -0.124175  -0.042421  0.017219
22  -0.346985  -0.158214  0.145431
23  0.322399  -0.164773  0.131091
24  0.049232  -0.236198  0.058213
25  0.000648  0.186948  0.034950
26  0.602360  -0.291783  0.447974
27  -0.246788  0.389831  0.212872
28  -0.018940  -0.641846  0.412325
29  0.370805  0.671052  0.587808
30  -1.399550  -0.105505  1.969871
31  0.012640  -0.160892  0.026046
32  0.329903  0.003716  0.108850
33  0.757223  -0.196448  0.611978
34  -0.646502  -1.078238  1.580563
35  0.965874  0.295271  1.020098
36  -0.748697  -0.959130  1.480477
37  0.480687  0.467636  0.449744
38  0.297511  -0.276461  0.164944
39  -0.291944  -0.215726  0.131769
40  -0.024622  0.087797  0.008315
41  -0.555499  0.726849  0.836888
42  0.149112  0.388260  0.172980
43  0.486221  0.261049  0.304558
44  -0.329771  0.535626  0.395644
45  -0.502847  -0.310803  0.349453
46  0.027412  -0.942250  0.888587
47  0.128083  0.241160  0.074563
48  0.701892  -0.020138  0.493058
49  0.425142  0.219463  0.228910
50  0.536207  -0.552739  0.593038
51  0.535116  -0.323787  0.391187
52  -0.608878  -0.194333  0.408498
53  -0.282161  0.532089  0.362734
54  0.027230  -0.708039  0.502061
55  -0.094694  0.059901  0.012555
56  -0.835341  0.067605  0.702365
57  -0.151294  -0.443921  0.219956
58  0.064219  0.262063  0.072801
59  -0.148161  0.160857  0.047827
60  -0.254285  0.618214  0.446850
61  0.566115  0.277868  0.397697
62  0.243382  0.518661  0.328244
63  0.115941  -0.089579  0.021467
64  0.302252  0.318129  0.192563
65  0.513935  -0.160441  0.289871
66  -0.148413  -0.423066  0.201012
67  -0.411060  0.461621  0.382064
68  0.620200  0.319521  0.486742
69  -0.274672  -0.736087  0.617269
70  0.163111  -0.646591  0.444685
71  -0.753933  0.263230  0.637706
72  -0.255350  0.305420  0.158485
73  0.210668  0.558802  0.356641
74  -0.104490  -0.712092  0.517993
75  0.613286  -0.297085  0.464380
76  -0.243861  0.007342  0.059522
77  0.095550  -0.041274  0.010833
78  0.179169  -0.316047  0.131987
79  0.466886  0.261005  0.286106
80  0.017110  0.220409  0.048873
81  0.221831  -0.205324  0.091367
82  -0.152537  -0.088183  0.031044
83  -0.299251  -0.445171  0.287728
84  -0.597320  -0.854236  1.086511
85  -0.620619  -0.140056  0.404784
86  0.572712  0.131568  0.345310
87  -0.330714  -0.317549  0.210209
88  -0.102497  0.005055  0.010531
89  -0.697326  0.109443  0.498242
90  -0.689150  0.185619  0.509382
91  -0.013789  -0.251898  0.063643
92  0.304466  -0.654422  0.520968
93  0.290276  -0.289023  0.167795
94  0.499544  0.231921  0.303331
95  0.204145  0.452181  0.246143
96  -0.342675  -0.001382  0.117428
97  0.185831  -0.238613  0.091469
98  0.143325  0.288418  0.103727
99  0.274480  -0.118166  0.089303
100  -0.069551  0.222585  0.054381
101  -0.203592  -0.224995  0.092072
102  -0.492292  0.533084  0.526531
103  0.134929  0.008835  0.018284
104  -0.107187  -0.282700  0.091408
105  0.404597  -0.346823  0.283985
106  -0.742958  -0.278155  0.629357
107  0.221741  -0.752916  0.616051
108  -0.306975  -0.264567  0.164229
109  -0.141276  -0.251794  0.083359
110  -0.178849  0.020538  0.032409
111  -0.041426  0.223063  0.051473
112  -0.750543  0.308655  0.658583
113  -0.628731  0.489185  0.634605
114  0.082031  1.022452  1.052137
115  0.470300  -0.879727  0.995102
116  -0.099365  0.246049  0.070413
117  0.102574  -0.842990  0.721153
118  0.331721  0.038912  0.111553
119  0.142204  0.786575  0.638923
120  -0.358643  0.201023  0.169035
121  0.077183  0.258792  0.072931
122  0.284252  0.110301  0.092966
123  0.247793  -0.025236  0.062038
124  0.329835  0.153190  0.132258
125  0.090093  -0.087126  0.015708
126  -0.175985  -0.161600  0.057085
127  0.280338  -0.063718  0.082649
128  -0.072134  0.154388  0.029039
129  -0.477474  -0.122051  0.242878
130  0.238408  0.305331  0.150065
131  -0.028337  -0.310497  0.097211
132  0.380310  0.182802  0.178052
133  -0.389400  -0.013514  0.151815
134  -0.514759  0.340579  0.380971
135  0.018590  -0.090597  0.008553
136  0.447918  -0.158282  0.225684
137  0.016003  -0.298931  0.089616
138  0.524144  0.000522  0.274727
139  0.362815  -0.461496  0.344614
140  0.203114  -0.331816  0.151357
141  0.248723  -0.149199  0.084123
142  0.068797  -0.384282  0.152406
143  0.349025  -0.153139  0.145270
144  -0.104395  -0.064441  0.015051
145  0.311412  0.054577  0.099956
146  0.424011  -0.278717  0.257468
147  0.075910  0.255292  0.070936
148  -0.344863  0.518362  0.387630
149  0.488498  -0.259765  0.306108
150  -0.260886  0.540799  0.360525
151  0.216618  -0.299529  0.136641
152  0.084520  -0.254801  0.072067
153  -0.323114  -0.140256  0.124075
154  0.544488  0.102159  0.306903
155  -0.204290  0.193530  0.079188
156  0.084414  -0.258888  0.074149
157  -0.475359  0.144752  0.246919
158  0.123136  -0.128475  0.031668
159  0.032981  -0.025775  0.001752
160  0.162797  -0.020181  0.026910
161  -0.417512  0.135307  0.192624
162  0.015593  0.231062  0.053633
163  0.175439  -0.188859  0.066446
164  -0.147348  -0.122441  0.036703
165  -0.079410  -0.329809  0.115080
166  -0.053808  -0.182994  0.036382
167  0.330263  -0.384159  0.256652
168  -0.013655  -0.344769  0.119052
169  -0.340412  -0.039584  0.117447
170  -0.300860  -0.038064  0.091965
171  0.240697  0.097542  0.067449
172  -0.363397  -0.488617  0.370804
173  -0.168079  0.352640  0.152606
174  0.223695  -0.116022  0.063501
175  0.183639  0.587200  0.378527
176  0.105088  0.155053  0.035085
177  0.007438  -0.423894  0.179741
178  0.010132  0.499035  0.249139
179  0.129155  0.081400  0.023307
180  -0.090893  -0.240666  0.066181
181  -0.122127  -0.217288  0.062129
182  -0.041743  0.038996  0.003263
183  0.092199  -0.103823  0.019280
184  -0.070966  -0.059386  0.008563
185  0.164014  -0.110100  0.039023
186  0.395528  0.173957  0.186703
187  0.025611  -0.374348  0.140793
188  -0.232432  0.074874  0.059631
189  -0.174140  0.238718  0.087311
190  0.216450  0.103103  0.057481
191  -0.029781  -0.041628  0.002620
192  0.048750  0.024230  0.002964
193  -0.160105  0.128477  0.042140
194  -0.118627  -0.408734  0.181136
195  -0.318538  -0.253305  0.165630
196  -0.334395  0.183240  0.145397
197  0.267291  -0.082310  0.078219
198  -0.029772  0.128801  0.017476
199  0.147848  0.092932  0.030495
200  -0.209496  -0.144606  0.064799
201  -0.058822  0.012126  0.003607
202  0.182611  0.138767  0.052603
203  -0.117052  -0.054239  0.016643
204  0.081115  -0.052547  0.009341
205  0.229823  0.295965  0.140414
206  0.189328  -0.188258  0.071286
207  0.720761  -0.121008  0.534139
208  0.024392  0.035472  0.001853
209  0.112433  -0.011867  0.012782
210  -0.001913  -0.050779  0.002582
211  0.236807  0.103029  0.066692
212  -0.053878  0.185891  0.037458
213  -0.266201  0.240481  0.128694
214  0.101110  0.331689  0.120241
215  0.025822  -0.071752  0.005815
216  0.353506  -0.029732  0.125851
217  -0.109847  -0.003527  0.012079
218  0.103015  -0.286276  0.092566
219  -0.094493  -0.067285  0.013456
220  0.421756  0.151173  0.200732
221  -0.084382  0.035515  0.008382
222  0.051811  -0.004372  0.002703
223  -0.125547  -0.113746  0.028700
224  -0.580390  0.084704  0.344027
225  -0.175544  0.170367  0.059840
226  0.067231  0.072327  0.009751
227  0.187600  -0.043685  0.037102
228  -0.132654  0.247047  0.078629
229  0.092526  0.098871  0.018337
230  -0.150584  -0.048786  0.025056
231  -0.117250  -0.033244  0.014853
232  0.185165  0.142899  0.054706
233  -0.024313  0.222419  0.050061
234  0.209189  -0.018440  0.044100
235  0.232409  -0.096166  0.063262
236  -0.204567  -0.095160  0.050903
237  0.047407  0.169531  0.030988
238  0.191651  -0.004856  0.036754
239  0.078830  -0.163692  0.033009
240  0.093222  -0.093321  0.017399
241  0.007825  0.079205  0.006335
242  0.092969  0.023598  0.009200
243  0.078763  -0.096839  0.015581
244  -0.276244  0.035724  0.077587
245  -0.156181  -0.132871  0.042047
246  0.020719  -0.212878  0.045746
247  -0.052271  -0.031474  0.003723
248  0.361870  0.029916  0.131845
249  -0.021360  -0.006274  0.000496
250  0.194616  0.060140  0.041492
251  0.133039  -0.126156  0.033615
252  -0.006277  -0.378019  0.142938
253  0.018630  -0.027277  0.001091
254  0.003240  -0.042634  0.001828
255  -0.005334  0.117865  0.013921
256  0.123606  0.152045  0.038396
257  -0.026089  -0.224799  0.051215
258  -0.071189  0.056007  0.008205
259  0.045706  -0.017987  0.002413
260  0.127830  -0.030563  0.017275
261  0.037935  -0.088027  0.009188
262  -0.136335  -0.124379  0.034057
263  -0.101982  0.028369  0.011205
264  0.175325  -0.049942  0.033233
265  0.018222  0.194162  0.038031
266  0.146934  0.061073  0.025320
267  0.002154  -0.173250  0.030020
268  -0.108459  0.000534  0.011764
269  0.163719  0.219500  0.074984
270  -0.076659  0.115117  0.019128
271  -0.248548  -0.104648  0.072727
272  0.037675  0.054999  0.004444
273  0.109276  -0.023926  0.012514
274  -0.053082  0.057217  0.006092
275  0.073151  -0.120356  0.019837
276  -0.179426  0.041353  0.033904
277  -0.001956  -0.013264  0.000180
278  -0.072292  -0.015984  0.005482
279  -0.224129  0.126683  0.066283
280  -0.022703  0.156148  0.024898
281  0.229544  0.050964  0.055288
282  0.042689  0.116447  0.015382
283  -0.042648  -0.082220  0.008579
284  0.021486  -0.003656  0.000475
285  0.196194  0.012442  0.038647
286  0.066876  -0.175131  0.035143
287  0.089172  0.002872  0.007960
288  -0.134055  0.076761  0.023863
289  0.178949  0.107932  0.043672
290  -0.075696  -0.028030  0.006516
291  0.145471  -0.017518  0.021469
292  0.021602  -0.025941  0.001140
293  0.069202  -0.054852  0.007798
294  0.154569  0.166833  0.051725
295  -0.185683  0.019991  0.034878
296  0.127691  0.010184  0.016409
297  -0.046417  0.061429  0.005928
298  0.073188  0.155622  0.029575
299  0.068373  -0.028008  0.005459
300  0.015133  -0.022336  0.000728
301  -0.007470  -0.097397  0.009542
302  0.048496  0.068982  0.007110
303  -0.012762  -0.039902  0.001755
304  0.076975  -0.063094  0.009906
305  -0.132064  0.042588  0.019255
306  0.224094  -0.084847  0.057417
307  0.014781  -0.033368  0.001332
308  -0.161312  0.067777  0.030615
309  0.051064  0.051622  0.005272
310  -0.043386  0.054119  0.004811
311  -0.098053  -0.047558  0.011876
312  -0.055948  0.007558  0.003187
313  -0.001126  -0.013021  0.000171
314  0.009167  -0.063578  0.004126
315  -0.018109  0.023219  0.000867
316  -0.040583  0.105086  0.012690
317  -0.215406  -0.100857  0.056572
318  -0.037103  -0.076351  0.007206
319  0.011148  -0.066863  0.004595
320  -0.055664  0.012307  0.003250
321  0.003465  0.024789  0.000627
322  -0.073087  -0.036630  0.006684
323  0.029575  -0.016472  0.001146
324  0.014225  -0.032355  0.001249
325  0.006325  -0.149567  0.022410
326  0.095478  -0.085323  0.016396
327  -0.085758  -0.028469  0.008165
328  -0.104669  -0.060958  0.014671
329  -0.034078  -0.076257  0.006976
330  -0.095247  0.036442  0.010400
331  -0.148724  0.010255  0.022224
332  0.034734  0.028136  0.001998
333  0.057512  0.077898  0.009376
334  -0.097967  0.030698  0.010540
335  -0.048645  0.075521  0.008070
336  -0.029628  -0.025262  0.001516
337  -0.044359  0.042931  0.003811
338  0.147738  0.044756  0.023830
339  0.094217  0.150025  0.031384
340  -0.025049  0.113670  0.013548
341  0.049580  -0.050141  0.004972
342  -0.078460  0.037570  0.007567
343  0.039107  0.026603  0.002237
344  0.092165  0.010481  0.008604
345  -0.000366  -0.116280  0.013521
346  -0.001054  0.051740  0.002678
347  -0.026605  0.089542  0.008726
348  -0.099233  0.068442  0.014532
349  0.125762  0.103249  0.026476
350  -0.084715  0.045031  0.009204
351  -0.019562  -0.075128  0.006027
352  -0.078980  0.043288  0.008112
353  0.045794  0.049678  0.004565
354  -0.004916  0.002456  0.000030
355  0.082805  -0.004320  0.006875
356  -0.066987  -0.029412  0.005352
357  0.007986  0.004269  0.000082
358  0.016230  -0.011242  0.000390
359  0.015214  0.036759  0.001583
360  0.025872  0.061309  0.004428
361  0.020263  -0.010723  0.000526
362  0.022899  0.070066  0.005434
363  0.086122  0.064102  0.011526
364  0.006368  -0.008768  0.000117
365  -0.068484  -0.035480  0.005949
366  0.062209  0.109132  0.015780
367  -0.045811  0.066059  0.006462
368  0.006020  0.071987  0.005218
369  0.075511  -0.046396  0.007854
370  0.068678  0.052241  0.007446
371  0.003133  0.075053  0.005643
372  0.048654  0.022730  0.002884
373  0.047442  0.082490  0.009055
374  -0.015299  -0.041854  0.001986
375  -0.003553  -0.018110  0.000341
376  -0.035180  0.022054  0.001724
377  -0.083566  -0.002923  0.006992
378  0.014902  -0.009232  0.000307
379  0.080276  -0.022818  0.006965
380  -0.026256  0.021980  0.001173
381  0.004608  -0.068404  0.004700
382  0.042668  0.087755  0.009522
383  0.017688  -0.013256  0.000489
384  -0.029614  0.007656  0.000936
385  -0.087964  0.011638  0.007873
386  -0.025167  0.020842  0.001068
387  0.006844  -0.041838  0.001797
388  0.028082  -0.031527  0.001783
389  -0.055011  0.092630  0.011607
390  0.018816  0.019426  0.000731
391  0.061640  0.026860  0.004521
392  0.071052  0.061073  0.008778
393  0.014762  0.014455  0.000427
394  -0.008523  0.048311  0.002407
395  0.021214  0.012149  0.000598
396  0.051224  -0.017565  0.002932
397  0.003555  0.058195  0.003399
398  0.026200  0.051891  0.003379
399  0.058994  0.019819  0.003873
400  0.027198  0.023844  0.001308
401  0.053739  -0.005642  0.002920
402  -0.019958  -0.027187  0.001137
403  -0.005501  0.007525  0.000087
404  0.123390  0.021487  0.015687
405  0.039126  -0.024687  0.002140
406  0.014773  -0.024576  0.000822
407  -0.027199  -0.005027  0.000765
408  0.023590  -0.000746  0.000557
409  0.050952  -0.069287  0.007397
410  -0.004950  0.068615  0.004732
411  -0.038536  0.062663  0.005412
412  -0.017689  -0.027437  0.001066
413  0.002662  -0.058602  0.003441
414  -0.028255  0.011665  0.000934
415  0.032589  -0.036211  0.002373
416  0.049818  0.018970  0.002842
417  0.018577  -0.063900  0.004428
418  -0.003073  0.039469  0.001567
419  0.046588  0.019751  0.002561
420  0.014639  0.073401  0.005602
421  -0.052898  0.053816  0.005694
422  0.000771  -0.071766  0.005151
423  0.002176  -0.010022  0.000105
424  -0.009541  0.024525  0.000693
425  -0.023093  0.027885  0.001311
426  0.018496  0.012867  0.000508
427  0.052371  0.019800  0.003135
428  0.021917  -0.027554  0.001240
429  -0.000146  0.000879  0.000001
430  0.005968  -0.009296  0.000122
431  0.009038  -0.067637  0.004656
432  0.047004  0.011639  0.002345
433  -0.028155  0.022440  0.001296
434  0.036810  0.042266  0.003141
435  0.050394  -0.033364  0.003653
436  -0.070800  -0.004364  0.005032
437  0.009756  -0.013100  0.000267
438  -0.029464  0.031460  0.001858
439  0.019010  0.049588  0.002820
440  0.013598  0.004442  0.000205
441  -0.041101  -0.025874  0.002359
442  -0.062482  0.054832  0.006910
443  0.041110  0.111037  0.014019
444  0.033278  0.023532  0.001661
445  -0.012337  0.011856  0.000293
446  0.008531  -0.017404  0.000376
447  0.034210  -0.056748  0.004391
448  -0.032587  -0.005725  0.001095
449  -0.008161  0.019855  0.000461
450  -0.000826  -0.017115  0.000294
451  -0.038695  0.047237  0.003729
452  0.011425  0.057087  0.003390
453  0.045533  0.044540  0.004057
454  -0.033695  0.012448  0.001290
455  0.024706  -0.023572  0.001166
456  -0.017895  0.018631  0.000667
457  -0.089235  -0.042402  0.009761
458  -0.047864  0.059685  0.005853
459  0.053273  0.002613  0.002845
460  -0.021015  -0.028376  0.001247
461  0.028123  0.046619  0.002964
462  -0.003652  0.052211  0.002739
463  -0.004086  0.034115  0.001181
464  0.031895  0.003707  0.001031
465  -0.016336  -0.070322  0.005212
466  -0.016600  0.071864  0.005440
467  -0.008613  0.040042  0.001678
468  -0.011099  0.030659  0.001063
469  0.026373  -0.013291  0.000872
470  -0.039342  0.037824  0.002978
471  0.023496  -0.038758  0.002054
472  0.047976  -0.017695  0.002615
473  -0.032516  0.026120  0.001740
474  0.046331  0.085615  0.009477
475  0.067224  -0.002248  0.004524
476  -0.002480  -0.023259  0.000547
477  0.036344  -0.002482  0.001327
478  -0.024280  -0.018955  0.000949
479  -0.019544  -0.012617  0.000541
480  -0.005723  0.025114  0.000663
481  -0.027408  -0.001111  0.000752
482  -0.036249  -0.020675  0.001741
483  0.053015  0.021547  0.003275
484  -0.023905  0.060008  0.004172
485  -0.024496  0.011115  0.000724
486  -0.036247  0.078147  0.007421
487  0.004990  0.049206  0.002446
488  0.024058  -0.027365  0.001328
489  -0.040361  0.072731  0.006919
490  0.047910  0.041196  0.003993
491  0.014450  -0.006023  0.000245
492  0.010962  0.048151  0.002439
493  0.036503  -0.028139  0.002124
494  0.033972  -0.009863  0.001251
495  -0.013617  0.024723  0.000797
496  -0.029982  0.045487  0.002968
497  0.036370  0.000288  0.001323
498  0.020135  0.080814  0.006936
499  -0.002520  0.024381  0.000601
500  0.038507  -0.038921  0.002998
501  0.005968  0.017152  0.000330
502  0.019460  -0.064644  0.004558
503  0.004067  -0.030327  0.000936
504  0.041669  -0.048571  0.004095
505  0.022630  -0.009032  0.000594
506  -0.048418  0.004403  0.002364
507  -0.050253  0.030424  0.003451
508  0.018375  -0.008175  0.000404
509  -0.007834  0.033032  0.001152
510  0.036212  0.030642  0.002250
511  -0.021901  0.020859  0.000915
512  0.012363  -0.006941  0.000201
513  0.036510  0.016379  0.001601
514  0.024145  -0.013228  0.000758
515  -0.011235  0.047106  0.002345
516  -0.000906  -0.045169  0.002041
517  -0.065827  0.029658  0.005213
518  0.009783  0.013110  0.000268
519  -0.006467  -0.001606  0.000044
520  0.034573  -0.010882  0.001314
521  0.048029  -0.044211  0.004261
522  0.006593  0.005591  0.000075
523  -0.019587  0.021438  0.000843
524  -0.001722  -0.004544  0.000024
525  0.031359  -0.017627  0.001294
526  0.014856  -0.051782  0.002902
527  0.058944  0.018508  0.003817
528  -0.018980  -0.025911  0.001032
529  0.024460  0.088159  0.008370
530  0.013385  -0.031157  0.001150
531  0.019971  0.001852  0.000402
532  0.002378  0.039928  0.001600
533  -0.017785  -0.028756  0.001143
534  0.027115  -0.004747  0.000758
535  -0.005712  0.032366  0.001080
536  -0.005542  0.020545  0.000453
537  0.004914  -0.007086  0.000074
538  0.000173  0.024926  0.000621
539  0.036852  0.004548  0.001379
540  0.010424  -0.012995  0.000278
541  -0.004994  0.005695  0.000057
542  0.037398  0.016812  0.001681
543  -0.001718  0.020703  0.000432
544  0.059287  0.066884  0.007988
545  -0.011208  -0.031067  0.001091
546  -0.006012  0.051005  0.002638
547  0.016239  0.032098  0.001294
548  -0.002243  0.045991  0.002120
549  -0.004740  0.037880  0.001457
550  0.023210  0.024355  0.001132
551  -0.029691  0.015013  0.001107
552  -0.033043  -0.021274  0.001544
553  -0.020221  -0.051475  0.003059
554  0.026231  0.028740  0.001514
555  0.002782  -0.035684  0.001281
556  0.039336  -0.003746  0.001561
557  -0.026186  0.010968  0.000806
558  -0.013227  0.004345  0.000194
559  -0.015250  -0.024533  0.000834
560  0.019284  0.004769  0.000395
561  0.048588  0.014476  0.002570
562  -0.047581  0.005254  0.002292
563  -0.026373  -0.043891  0.002622
564  0.067688  -0.005027  0.004607
565  -0.011386  -0.000891  0.000130
566  0.008452  0.011442  0.000202
567  -0.019327  0.076577  0.006238
568  -0.013764  -0.037054  0.001562
569  0.075728  0.002748  0.005742
570  -0.020748  0.035052  0.001659
571  0.004106  -0.014683  0.000232
572  0.040085  0.039820  0.003192
573  0.018627  0.011129  0.000471
574  -0.009688  0.065109  0.004333
575  -0.035736  -0.030384  0.002200
576  0.004173  -0.025880  0.000687
577  -0.040912  -0.019476  0.002053
578  0.058586  0.041228  0.005132
579  0.021777  0.043478  0.002365
580  0.029348  -0.000196  0.000861
581  -0.010479  0.051272  0.002739
582  0.036938  -0.035014  0.002590
583  -0.059947  0.015037  0.003820
584  0.033382  0.004054  0.001131
585  -0.042903  0.024914  0.002461
586  0.068277  -0.044827  0.006671
587  0.014264  0.048246  0.002531
588  0.006347  0.013878  0.000233
589  0.021410  0.000817  0.000459
590  0.020551  0.030619  0.001360
591  0.025411  -0.002712  0.000653
592  -0.047231  0.013963  0.002426
593  0.004309  0.036490  0.001350
594  -0.048698  -0.028174  0.003165
595  -0.033956  0.020212  0.001562
596  0.013728  0.022253  0.000684
597  -0.016757  -0.009676  0.000374
598  0.017727  0.016531  0.000588
599  0.000661  0.017460  0.000305
600  -0.046702  -0.016555  0.002455
601  0.061437  -0.013151  0.003947
602  0.000793  0.034709  0.001205
603  -0.004998  0.009379  0.000113
604  -0.048361  -0.025033  0.002965
605  0.010386  0.021503  0.000570
606  0.010698  -0.021626  0.000582
607  0.005245  0.026387  0.000724
608  0.013656  -0.023137  0.000722
609  0.050217  0.002546  0.002528
610  -0.016948  0.021952  0.000769
611  0.006157  0.006890  0.000085
612  -0.062377  -0.003306  0.003902
613  0.024235  -0.002655  0.000594
614  0.029626  -0.027557  0.001637
615  -0.019253  0.015221  0.000602
616  0.005873  -0.006286  0.000074
617  0.027188  -0.031856  0.001754
618  -0.003259  -0.005471  0.000041
619  -0.007096  -0.018296  0.000385
620  -0.001247  0.018362  0.000339
621  0.024867  0.020537  0.001040
622  -0.036120  0.012680  0.001465
623  -0.011588  -0.010632  0.000247
624  0.001453  -0.019583  0.000386
625  -0.040191  0.014805  0.001834
626  0.060270  0.001956  0.003636
627  0.003843  0.019285  0.000387
628  -0.024079  -0.061479  0.004360
629  -0.022878  0.002552  0.000530
630  0.038832  -0.013743  0.001697
631  -0.021020  0.005074  0.000468
632  0.011357  0.016023  0.000386
633  -0.018751  0.003271  0.000362
634  0.032539  0.009978  0.001158
635  -0.027787  -0.020920  0.001210
636  0.004988  0.020911  0.000462
637  -0.020473  -0.008806  0.000497
638  0.035665  0.024147  0.001855
639  -0.017494  0.006869  0.000353
640  -0.014935  -0.068993  0.004983
641  0.048429  0.020564  0.002768
642  -0.014522  -0.047199  0.002439
643  0.036150  0.015295  0.001541
644  0.024572  -0.053749  0.003493
645  -0.013051  0.043977  0.002104
646  0.010804  0.013004  0.000286
647  0.026588  -0.023651  0.001266
648  -0.037566  0.007218  0.001463
649  0.014109  0.019548  0.000581
650  0.018483  -0.019294  0.000714
651  -0.039208  0.014082  0.001736
652  0.009669  0.020575  0.000517
653  0.000615  -0.015560  0.000243
654  0.045239  0.005559  0.002077
655  0.011951  -0.016975  0.000431
656  0.016845  0.073242  0.005648
657  0.004468  -0.008427  0.000091
658  -0.026456  -0.004753  0.000723
659  -0.031239  -0.012293  0.001127
660  0.048729  -0.036034  0.003673
661  -0.009383  -0.009217  0.000173
662  0.009724  0.041305  0.001801
663  -0.026713  -0.015884  0.000966
664  -0.001141  0.011960  0.000144
665  0.011947  -0.004570  0.000164
666  -0.009234  0.018072  0.000412
667  0.032683  0.056941  0.004311
668  0.020536  0.000690  0.000422
669  0.034046  0.015514  0.001400
670  0.019311  -0.020654  0.000799
671  0.002993  0.010184  0.000113
672  0.038259  -0.044941  0.003483
673  0.009222  0.049716  0.002557
674  -0.000955  -0.030529  0.000933
675  -0.062727  0.009266  0.004021
676  0.024350  0.011608  0.000728
677  0.054362  0.048997  0.005356
678  0.016990  0.014895  0.000511
679  0.005419  -0.025128  0.000661
680  0.029080  -0.048742  0.003221
681  0.006094  0.009615  0.000130
682  0.005102  -0.013846  0.000218
683  0.018820  -0.053033  0.003167
684  0.022052  -0.030990  0.001447
685  -0.007334  -0.016217  0.000317
686  0.001131  0.041623  0.001734
687  -0.032124  -0.014117  0.001231
688  -0.008230  0.025033  0.000694
689  0.010183  0.019259  0.000475
690  0.012372  -0.023502  0.000705
691  0.009219  -0.006468  0.000127
692  -0.026637  0.003970  0.000725
693  0.029691  -0.004756  0.000904
694  0.016176  0.005065  0.000287
695  -0.005605  -0.028649  0.000852
696  0.024368  0.045850  0.002696
697  0.027569  0.004752  0.000783
698  -0.040161  0.002937  0.001622
699  -0.028796  -0.032409  0.001880
700  -0.020790  -0.013806  0.000623
701  0.021046  0.002815  0.000451
702  -0.046832  -0.000678  0.002194
703  -0.006930  0.011646  0.000184
704  0.019364  0.006523  0.000418
705  -0.032822  0.000125  0.001077
706  -0.003975  -0.025940  0.000689
707  0.018619  0.015580  0.000589
708  0.053759  0.043883  0.004816
709  0.021437  -0.010053  0.000561
710  0.025053  -0.003928  0.000643
711  0.068464  0.003262  0.004698
712  -0.010472  0.030829  0.001060
713  -0.022993  0.003844  0.000543
714  0.017703  0.014625  0.000527
715  0.003952  0.046640  0.002191
716  -0.013643  0.033583  0.001314
717  -0.001807  -0.030889  0.000957
718  0.037715  -0.012820  0.001587
719  0.028511  -0.007349  0.000867
720  0.010250  0.008061  0.000170
721  -0.033456  0.031817  0.002132
722  0.013427  -0.003268  0.000191
723  -0.004288  0.019161  0.000386
724  0.003466  0.008435  0.000083
725  -0.023859  0.008968  0.000650
726  -0.001360  0.047725  0.002280
727  -0.027768  -0.064426  0.004922
728  0.008440  0.020538  0.000493
729  0.021467  -0.026586  0.001168
730  -0.005516  0.036417  0.001357
731  -0.014087  0.018285  0.000533
732  0.039725  -0.041303  0.003284
733  -0.032601  0.023766  0.001628
734  0.026284  0.020584  0.001115
735  0.034428  -0.014414  0.001393
736  0.006956  -0.012199  0.000197
737  0.038459  0.002775  0.001487
738  -0.029846  -0.006033  0.000927
739  -0.006126  -0.010249  0.000143
740  0.002776  0.037262  0.001396
741  -0.020492  -0.012817  0.000584
742  0.054153  -0.000740  0.002933
743  0.007270  0.055937  0.003182
744  -0.013798  0.006140  0.000228
745  -0.016252  -0.003238  0.000275
746  0.022689  0.050680  0.003083
747  -0.012881  -0.030854  0.001118
748  0.059317  0.013676  0.003705
749  -0.010662  0.013243  0.000289
750  0.007127  -0.004678  0.000073
751  0.010268  -0.023827  0.000673
752  -0.011561  0.010006  0.000234
753  0.000367  0.022437  0.000504
754  -0.014390  0.013964  0.000402
755  0.020606  -0.008596  0.000499
756  0.010004  -0.009311  0.000187
757  -0.039435  0.021114  0.002001
758  0.001378  -0.000372  0.000002
759  -0.000246  -0.006903  0.000048
760  0.038590  0.012175  0.001637
761  0.034958  0.002153  0.001227
762  0.014009  0.000490  0.000196
763  -0.001035  -0.014051  0.000199
764  0.014457  0.018467  0.000550
765  -0.007465  0.046065  0.002178
766  -0.000348  -0.012270  0.000151
767  0.017939  0.017408  0.000625
768  0.021088  -0.009750  0.000540
769  -0.016952  -0.042192  0.002068
770  0.013837  -0.020134  0.000597
771  -0.030204  -0.023659  0.001472
772  -0.009047  0.017437  0.000386
773  -0.014698  0.008513  0.000289
774  -0.026856  0.005782  0.000755
775  -0.001682  0.023556  0.000558
776  0.015036  0.017130  0.000520
777  0.019528  -0.039644  0.001953
778  -0.003699  0.001665  0.000016
779  -0.015140  0.002015  0.000233
780  0.000270  0.025714  0.000661
781  0.020685  0.025316  0.001069
782  -0.009076  0.016906  0.000368
783  0.015806  -0.011690  0.000386
784  -0.004691  0.056736  0.003241
785  -0.005220  -0.013166  0.000201
786  0.043725  0.047443  0.004163
787  0.021052  0.015400  0.000680
788  0.012906  0.012727  0.000329
789  0.007123  -0.002045  0.000055
790  -0.051481  0.008948  0.002730
791  -0.003209  -0.001835  0.000014
792  0.029911  0.025352  0.001537
793  -0.016893  0.019420  0.000663
794  -0.035366  -0.008271  0.001319
795  0.026132  0.018973  0.001043
796  0.002680  0.029811  0.000896
797  -0.047736  -0.006706  0.002324
798  -0.007682  0.008251  0.000127
799  -0.046853  -0.034992  0.003420
800  0.042565  0.003605  0.001825
801  0.030241  0.011131  0.001038
802  -0.033826  0.009021  0.001226
803  0.008789  0.009584  0.000169
804  0.027749  0.006143  0.000808
805  0.046039  -0.030886  0.003074
806  0.017819  0.000320  0.000318
807  -0.025758  0.024636  0.001270
808  0.007354  -0.026554  0.000759
809  0.018266  -0.008771  0.000411
810  0.003862  0.017442  0.000319
811  -0.013283  0.007493  0.000233
812  -0.006695  -0.019430  0.000422
813  0.005780  -0.008621  0.000108
814  -0.010042  -0.009131  0.000184
815  -0.000650  0.027763  0.000771
816  0.023818  0.005256  0.000595
817  0.018442  0.046898  0.002539
818  0.000887  0.006856  0.000048
819  0.043681  0.025653  0.002566
820  -0.024214  0.035899  0.001875
821  -0.017710  -0.022779  0.000833
822  -0.016506  0.012268  0.000423
823  -0.017546  -0.005946  0.000343
824  -0.011330  0.012398  0.000282
825  0.001386  0.039517  0.001564
826  0.046075  -0.015427  0.002361
827  -0.001461  0.011029  0.000124
828  0.023246  -0.026290  0.001232
829  0.014760  -0.009362  0.000306
830  -0.018756  -0.018937  0.000710
831  -0.032620  -0.001846  0.001067
832  0.008850  0.003572  0.000091
833  0.000409  -0.002479  0.000006
834  -0.009893  -0.029481  0.000967
835  0.050205  -0.035790  0.003801
836  0.017707  0.020538  0.000735
837  0.043489  0.021248  0.002343
838  0.005423  -0.012789  0.000193
839  -0.022735  0.008691  0.000592
840  -0.004714  -0.026246  0.000711
841  -0.016330  -0.017899  0.000587
842  0.011876  -0.012465  0.000296
843  0.027395  -0.010178  0.000854
844  -0.006545  -0.019474  0.000422
845  0.051841  -0.009681  0.002781
846  0.018674  0.018129  0.000677
847  0.008374  -0.023749  0.000634
848  0.028481  -0.022968  0.001339
849  0.023994  0.019599  0.000960
850  0.045412  0.009896  0.002160
851  0.024502  0.029884  0.001493
852  0.029845  0.023036  0.001421
853  -0.026719  0.006429  0.000755
854  -0.023457  -0.005615  0.000582
855  -0.000612  0.012344  0.000153
856  -0.046862  -0.020351  0.002610
857  0.033971  0.019222  0.001524
858  -0.025793  -0.050166  0.003182
859  -0.012211  0.014743  0.000366
860  0.027008  0.021825  0.001206
861  -0.012939  0.009636  0.000260
862  -0.003756  -0.009572  0.000106
863  -0.038307  0.023616  0.002025
864  0.026125  0.030156  0.001592
865  -0.002909  -0.002146  0.000013
866  -0.004371  -0.003219  0.000029
867  0.012232  -0.024409  0.000745
868  0.013708  -0.009376  0.000276
869  -0.006136  -0.006443  0.000079
870  0.034723  0.000177  0.001206
871  0.031996  0.000788  0.001024
872  0.017834  -0.004150  0.000335
873  0.006281  -0.028213  0.000835
874  0.041329  0.000553  0.001708
875  -0.007384  0.012161  0.000202
876  0.024188  -0.020534  0.001007
877  -0.012823  0.018113  0.000492
878  -0.004577  -0.025079  0.000650
879  -0.017635  0.022727  0.000828
880  -0.025577  -0.023850  0.001223
881  0.001251  0.003900  0.000017
882  0.018711  -0.014640  0.000564
883  -0.015284  0.018520  0.000577
884  0.014014  -0.015044  0.000423
885  -0.034825  0.000803  0.001213
886  0.011812  0.003067  0.000149
887  -0.002195  0.007766  0.000065
888  -0.009249  -0.041061  0.001772
889  0.040620  -0.005054  0.001676
890  0.005476  0.027493  0.000786
891  -0.010731  0.018275  0.000449
892  0.000568  -0.000865  0.000001
893  -0.007584  -0.022781  0.000576
894  -0.030430  -0.026942  0.001652
895  -0.005641  -0.013504  0.000214
896  -0.011139  0.005100  0.000150
897  0.028345  -0.002749  0.000811
898  0.023146  0.008537  0.000609
899  -0.012757  -0.011172  0.000288
900  0.007170  0.031485  0.001043
901  -0.023892  -0.009610  0.000663
902  -0.008843  0.011371  0.000208
903  0.007443  -0.009384  0.000143
904  -0.004073  -0.013167  0.000190
905  0.042845  -0.026557  0.002541
906  0.017014  0.002453  0.000295
907  0.012675  0.012948  0.000328
908  0.015600  0.033467  0.001363
909  -0.013112  -0.004858  0.000196
910  -0.027322  -0.008993  0.000827
911  0.004822  -0.009640  0.000116
912  0.020213  -0.008483  0.000481
913  -0.026657  -0.002217  0.000716
914  -0.002791  0.022473  0.000513
915  0.007539  0.016762  0.000338
916  0.014623  0.002300  0.000219
917  0.003452  0.028032  0.000798
918  0.002703  0.027513  0.000764
919  0.006182  -0.017815  0.000356
920  -0.009294  0.004777  0.000109
921  -0.011924  0.077278  0.006114
922  -0.030868  0.030508  0.001884
923  0.006100  0.008684  0.000113
924  -0.033569  -0.034481  0.002316
925  -0.007333  0.007812  0.000115
926  -0.050862  0.016254  0.002851
927  0.004335  -0.012429  0.000173
928  0.029407  -0.014572  0.001077
929  -0.017041  0.015214  0.000522
930  -0.010011  0.031992  0.001124
931  0.042051  -0.014939  0.001991
932  0.002923  0.003612  0.000022
933  0.005494  0.014695  0.000246
934  0.037686  -0.023726  0.001983
935  -0.009948  0.037297  0.001490
936  0.002799  -0.011004  0.000129
937  0.021077  -0.010412  0.000553
938  -0.007397  -0.005275  0.000083
939  0.009680  -0.026261  0.000783
940  -0.007163  0.046963  0.002257
941  0.004646  -0.018211  0.000353
942  -0.019846  0.035085  0.001625
943  0.002866  -0.004768  0.000031
944  -0.008404  0.051339  0.002706
945  0.062020  -0.057024  0.007098
946  0.013730  0.023441  0.000738
947  0.018412  0.043134  0.002199
948  0.019259  0.024608  0.000976
949  -0.025969  0.018588  0.001020
950  -0.006314  -0.037625  0.001455
951  -0.001430  -0.000049  0.000002
952  -0.005200  0.031118  0.000995
953  -0.003161  -0.054838  0.003017
954  0.033209  -0.009487  0.001193
955  0.003087  0.017355  0.000311
956  0.004635  0.008310  0.000091
957  0.047249  -0.004321  0.002251
958  -0.002442  0.013948  0.000201
959  -0.014320  0.009461  0.000295
960  0.030676  -0.009679  0.001035
961  -0.010902  -0.018728  0.000470
962  0.012410  -0.014956  0.000378
963  -0.037304  0.040848  0.003060
964  0.046459  0.032992  0.003247
965  -0.034618  -0.026471  0.001899
966  -0.020862  0.008386  0.000506
967  0.053167  0.006443  0.002868
968  0.016212  -0.002458  0.000269
969  -0.020550  0.015244  0.000655
970  -0.020250  -0.003713  0.000424
971  0.004263  -0.015053  0.000245
972  -0.011131  -0.016504  0.000396
973  0.008223  -0.026000  0.000744
974  0.038633  -0.019829  0.001886
975  -0.029430  -0.006368  0.000907
976  -0.003360  -0.017940  0.000333
977  0.000336  0.010153  0.000103
978  -0.025692  -0.020618  0.001085
979  -0.012811  -0.011004  0.000285
980  0.003031  -0.004382  0.000028
981  0.003995  -0.006170  0.000054
982  -0.037570  -0.012644  0.001571
983  0.011470  0.018502  0.000474
984  -0.005848  0.047521  0.002292
985  -0.005461  0.007865  0.000092
986  0.019092  -0.021564  0.000829
987  -0.022943  -0.010182  0.000630
988  0.005235  -0.005273  0.000055
989  -0.018671  0.026375  0.001044
990  -0.042934  0.042749  0.003671
991  -0.001612  0.007940  0.000066
992  -0.032760  -0.031764  0.002082
993  0.032263  -0.034842  0.002255
994  -0.019745  0.003814  0.000404
995  0.004298  0.015917  0.000272
996  -0.025464  0.020650  0.001075
997  0.003936  0.030534  0.000948
998  -0.016032  0.010125  0.000360
999  0.003811  0.008921  0.000094
1000  0.014246  0.010190  0.000307
1001  -0.039667  -0.023078  0.002106
1002  -0.030058  0.007212  0.000955
1003  0.000681  -0.012368  0.000153
1004  0.021874  -0.010596  0.000591
1005  0.006866  0.031181  0.001019
1006  0.019776  0.001277  0.000393
1007  -0.017121  -0.030342  0.001214
1008  -0.022252  -0.024086  0.001075
1009  0.033682  -0.019346  0.001509
1010  -0.008626  0.021340  0.000530
1011  -0.009056  -0.016631  0.000359
1012  0.003829  0.036191  0.001324
1013  -0.034569  -0.018041  0.001521
1014  0.003579  -0.010822  0.000130
1015  -0.007862  -0.005860  0.000096
1016  0.019384  -0.022766  0.000894
1017  0.007728  -0.009435  0.000149
1018  0.036886  0.013311  0.001538
1019  -0.017061  -0.017445  0.000595
1020  -0.023496  -0.008293  0.000621
1021  0.017431  -0.005044  0.000329
1022  0.029077  0.031278  0.001824
1023  0.018411  -0.007736  0.000399
1024  -0.005444  0.015081  0.000257
1025  0.019409  0.009503  0.000467
1026  -0.014106  0.030342  0.001120
1027  -0.006812  0.017066  0.000338
1028  0.033761  -0.007245  0.001192
1029  0.011844  -0.012593  0.000299
1030  0.000121  -0.022685  0.000515
1031  0.019825  -0.024060  0.000972
1032  -0.008246  -0.017822  0.000386
1033  -0.008516  -0.007919  0.000135
1034  0.007649  0.034460  0.001246
1035  -0.022114  -0.020359  0.000904
1036  -0.029530  0.038022  0.002318
1037  0.014807  0.034466  0.001407
1038  -0.004007  0.023618  0.000574
1039  -0.013346  0.021463  0.000639
1040  0.068018  0.003880  0.004642
1041  -0.017618  -0.026500  0.001013
1042  -0.002201  0.019645  0.000391
1043  -0.016909  0.019499  0.000666
1044  0.000942  -0.024014  0.000578
1045  -0.016905  0.032038  0.001312
1046  -0.040542  0.026540  0.002348
1047  -0.009238  0.063851  0.004162
1048  0.007319  -0.008920  0.000133
1049  0.010164  -0.018025  0.000428
1050  0.031715  -0.008994  0.001087
1051  0.009451  -0.030014  0.000990
1052  0.008644  -0.003129  0.000085
1053  -0.026773  -0.019556  0.001099
1054  -0.010610  0.021978  0.000596
1055  -0.011319  -0.029642  0.001007
1056  -0.032686  -0.007361  0.001123
1057  -0.025911  -0.028884  0.001506
1058  0.003322  0.026437  0.000710
1059  0.015802  0.024888  0.000869
1060  -0.015462  -0.006740  0.000284
1061  0.005057  0.037210  0.001410
1062  -0.013723  0.019489  0.000568
1063  0.033453  -0.007330  0.001173
1064  -0.006052  0.003086  0.000046
1065  -0.001036  -0.011101  0.000124
1066  -0.005935  0.021769  0.000509
1067  0.002029  0.019782  0.000395
1068  0.013897  0.000623  0.000194
1069  0.042176  -0.007782  0.001839
1070  0.010856  -0.001478  0.000120
1071  0.007346  -0.015034  0.000280
1072  0.022923  0.013470  0.000707
1073  -0.002890  0.028976  0.000848
1074  -0.032506  -0.006378  0.001097
1075  0.043456  0.012041  0.002033
1076  -0.012976  0.037543  0.001578
1077  -0.021171  -0.033084  0.001543
1078  0.014502  0.008696  0.000286
1079  0.011658  0.008501  0.000208
1080  -0.013264  0.016365  0.000444
1081  0.017544  -0.014648  0.000522
1082  -0.011672  -0.004573  0.000157
1083  -0.002059  0.009319  0.000091
1084  -0.018288  -0.039889  0.001926
1085  -0.015736  0.048665  0.002616
1086  -0.011724  -0.007052  0.000187
1087  0.010880  0.002547  0.000125
1088  -0.014610  -0.013599  0.000398
1089  0.028269  -0.009768  0.000895
1090  0.021617  -0.026157  0.001151
1091  0.020391  0.004162  0.000433
1092  0.027097  0.039618  0.002304
1093  0.019874  0.006742  0.000440
1094  0.020966  0.015501  0.000680
1095  0.011188  0.014055  0.000323
1096  0.002476  0.005329  0.000035
1097  -0.010504  -0.016695  0.000389
1098  0.033390  0.010959  0.001235
1099  0.034692  0.057491  0.004509
1100  -0.002218  -0.012795  0.000169
1101  0.017607  0.027452  0.001064
1102  0.041800  -0.011518  0.001880
1103  -0.034473  -0.013808  0.001379
1104  0.010782  -0.010440  0.000225
1105  0.033646  -0.020112  0.001537
1106  0.030330  0.009249  0.001005
1107  -0.016444  -0.004958  0.000295
1108  -0.011161  -0.002056  0.000129
1109  -0.014687  0.035960  0.001509
1110  0.041267  -0.013037  0.001873
1111  0.001510  0.014882  0.000224
1112  -0.022238  0.012251  0.000645
1113  0.003326  0.000685  0.000012
1114  0.001844  0.014085  0.000202
1115  -0.010411  -0.019461  0.000487
1116  0.028126  0.021202  0.001241
1117  0.008778  -0.013633  0.000263
1118  0.008048  0.028792  0.000894
1119  0.008699  -0.018339  0.000412
1120  -0.008906  0.002975  0.000088
1121  0.024903  0.009058  0.000702
1122  0.007070  -0.012448  0.000205
1123  -0.021275  0.000421  0.000453
1124  -0.026532  0.019077  0.001068
1125  0.012304  0.023934  0.000724
1126  0.035757  0.009024  0.001360
1127  -0.009541  -0.020279  0.000502
1128  0.023946  0.033842  0.001719
1129  0.010389  -0.026345  0.000802
1130  0.013750  0.011224  0.000315
1131  0.015698  0.019235  0.000616
1132  -0.035265  -0.008266  0.001312
1133  0.018078  0.032945  0.001412
1134  0.007451  0.002383  0.000061
1135  0.008308  -0.016013  0.000325
1136  -0.001022  0.008456  0.000073
1137  -0.016263  0.030351  0.001186
1138  0.019211  -0.002869  0.000377
1139  0.034230  0.019012  0.001533
1140  -0.013451  0.001708  0.000184
1141  0.045850  -0.019239  0.002472
1142  0.050108  -0.004345  0.002530
1143  0.050894  0.022566  0.003099
1144  0.019862  -0.007437  0.000450
1145  0.026104  0.012605  0.000840
1146  0.029797  0.006531  0.000930
1147  -0.013722  0.003781  0.000203
1148  0.029482  -0.000828  0.000870
1149  0.011722  0.046914  0.002338
1150  0.013050  -0.007095  0.000221
1151  -0.030490  -0.019181  0.001298
1152  0.012486  0.018121  0.000484
1153  -0.036198  0.029488  0.002180
1154  0.013725  0.022203  0.000681
1155  0.016491  -0.018340  0.000608
1156  0.015906  -0.033405  0.001369
1157  -0.006140  0.076329  0.005864
1158  0.014383  -0.015781  0.000456
1159  -0.055019  0.010272  0.003133
1160  0.015342  0.035516  0.001497
1161  0.006766  0.052277  0.002779
1162  -0.012588  0.000429  0.000159
1163  -0.027926  -0.026079  0.001460
1164  0.001888  0.005890  0.000038
1165  -0.010926  -0.023432  0.000668
1166  0.027214  0.022257  0.001236
1167  -0.024021  -0.072944  0.005898
1168  -0.017792  0.013769  0.000506
1169  -0.000219  -0.022730  0.000517
1170  0.005237  -0.017603  0.000337
1171  -0.007217  0.015011  0.000277
1172  0.026099  0.015639  0.000926
1173  -0.016169  0.020660  0.000688
1174  0.012634  0.037394  0.001558
1175  -0.003464  0.019043  0.000375
1176  -0.001709  0.009717  0.000097
1177  -0.024385  0.010343  0.000702
1178  0.020844  -0.034674  0.001637
1179  0.004536  -0.004293  0.000039
1180  -0.009854  0.004798  0.000120
1181  -0.020827  -0.045656  0.002518
1182  -0.006705  -0.015582  0.000288
1183  0.041149  -0.016096  0.001952
1184  0.018754  0.034698  0.001556
1185  0.009732  0.008851  0.000173
1186  0.034080  0.001242  0.001163
1187  0.014957  0.011083  0.000347
1188  0.014872  -0.013293  0.000398
1189  0.036068  -0.001650  0.001304
1190  0.046937  0.018633  0.002550
1191  -0.034445  0.007097  0.001237
1192  0.018370  0.020297  0.000749
1193  -0.010316  -0.017006  0.000396
1194  0.002725  -0.004984  0.000032
1195  0.023350  -0.016045  0.000803
1196  -0.011353  -0.014928  0.000352
1197  0.013508  -0.003483  0.000195
1198  -0.028028  0.013468  0.000967
1199  0.003465  -0.011065  0.000134
1200  -0.019008  0.003361  0.000373
1201  0.006386  -0.042317  0.001831
1202  -0.002083  -0.004996  0.000029
1203  0.025420  -0.006929  0.000694
1204  -0.027829  -0.022616  0.001286
1205  -0.033330  -0.033855  0.002257
1206  -0.003906  0.016302  0.000281
1207  0.028299  0.034299  0.001977
1208  0.010929  0.027193  0.000859
1209  -0.038061  0.019596  0.001833
1210  -0.004932  -0.019179  0.000392
1211  -0.009070  0.006383  0.000123
1212  0.009732  0.011965  0.000238
1213  0.011497  0.011264  0.000259
1214  -0.000334  0.039166  0.001534
1215  0.006350  -0.010763  0.000156
1216  0.019656  -0.025333  0.001028
1217  0.002202  -0.025218  0.000641
1218  0.029159  -0.008009  0.000914
1219  -0.046113  0.013329  0.002304
1220  0.015078  0.005284  0.000255
1221  0.018396  -0.010353  0.000446
1222  -0.018972  -0.006357  0.000400
1223  -0.003157  -0.021795  0.000485
1224  -0.001131  0.001378  0.000003
1225  0.022606  -0.018178  0.000841
1226  -0.029009  -0.003094  0.000851
1227  -0.003132  -0.051281  0.002640
1228  -0.002005  0.002661  0.000011
1229  0.028390  0.028587  0.001623
1230  -0.010046  0.006370  0.000141
1231  -0.030173  -0.000978  0.000911
1232  0.048205  -0.018300  0.002659
1233  -0.023395  -0.006151  0.000585
1234  -0.034917  -0.007343  0.001273
1235  0.008443  0.000917  0.000072
1236  0.010767  0.001696  0.000119
1237  -0.011416  -0.020847  0.000565
1238  -0.000624  0.023279  0.000542
1239  0.010814  -0.001192  0.000118
1240  0.031248  0.000827  0.000977
1241  0.005118  -0.029732  0.000910
1242  0.023158  -0.004685  0.000558
1243  0.020127  0.037072  0.001779
1244  0.014639  0.003299  0.000225
1245  0.039509  -0.048885  0.003951
1246  -0.000343  0.005621  0.000032
1247  0.022052  0.012375  0.000639
1248  -0.017318  -0.027449  0.001053
1249  0.022764  -0.006229  0.000557
1250  0.014584  0.038643  0.001706
1251  -0.025581  -0.021432  0.001114
1252  0.033089  -0.003919  0.001110
1253  -0.011647  -0.023397  0.000683
1254  0.053080  -0.023790  0.003383
1255  -0.040604  -0.006467  0.001691
1256  -0.032644  0.021515  0.001529
1257  -0.009501  0.002611  0.000097
1258  0.003647  0.005398  0.000042
1259  0.007220  0.013128  0.000224
1260  0.007115  -0.028573  0.000867
1261  0.010879  -0.018511  0.000461
1262  0.009464  0.017861  0.000409
1263  0.025646  0.027030  0.001388
1264  0.044281  -0.054718  0.004955
1265  0.032314  0.016157  0.001305
1266  0.019801  -0.032802  0.001468
1267  -0.017028  0.023841  0.000858
1268  0.041051  -0.057026  0.004937
1269  -0.038194  0.004297  0.001477
1270  0.006697  0.007653  0.000103
1271  0.015542  -0.010714  0.000356
1272  0.015641  0.003443  0.000257
1273  0.004832  0.001890  0.000027
1274  0.034686  -0.008688  0.001279
1275  -0.002393  0.027896  0.000784
1276  -0.013636  -0.040767  0.001848
1277  0.033849  0.035284  0.002391
1278  -0.033094  -0.010657  0.001209
1279  -0.024323  0.029969  0.001490
1280  0.014016  -0.033374  0.001310
1281  -0.024263  0.007241  0.000641
1282  0.047756  0.011983  0.002424
1283  0.009390  -0.042802  0.001920
1284  0.051825  0.012693  0.002847
1285  0.042425  0.038164  0.003256
1286  0.019570  0.002014  0.000387
1287  -0.008956  0.022322  0.000578
1288  -0.003511  0.027147  0.000749
1289  -0.007013  0.002663  0.000056
1290  -0.012819  0.026841  0.000885
1291  0.010693  -0.014690  0.000330
1292  0.000232  -0.024037  0.000578
1293  0.019807  -0.027160  0.001130
1294  0.016244  0.014610  0.000477
1295  -0.011330  -0.006831  0.000175
1296  -0.022666  -0.005732  0.000547
1297  -0.004185  -0.003603  0.000030
1298  0.004606  0.000933  0.000022
1299  -0.021370  -0.034285  0.001632
1300  -0.012368  0.002037  0.000157
1301  0.007876  -0.004828  0.000085
1302  -0.001834  -0.005550  0.000034
1303  -0.002832  -0.005073  0.000034
1304  0.014350  -0.019733  0.000595
1305  -0.015725  0.034155  0.001414
1306  -0.030381  0.024023  0.001500
1307  -0.021523  0.017165  0.000758
1308  0.023531  0.005332  0.000582
1309  -0.022790  -0.003242  0.000530
1310  0.024900  -0.000315  0.000620
1311  0.008024  -0.020723  0.000494
1312  0.024671  -0.045284  0.002659
1313  -0.023223  0.001977  0.000543
1314  0.003333  0.043705  0.001921
1315  -0.015986  -0.026775  0.000972
1316  0.001125  -0.006830  0.000048
1317  0.019863  -0.022076  0.000882
1318  0.053420  -0.004077  0.002870
1319  0.003683  0.001465  0.000016
1320  -0.017143  0.002174  0.000299
1321  0.003231  0.003472  0.000022
1322  -0.028686  -0.050250  0.003348
1323  -0.022456  0.001747  0.000507
1324  0.025633  0.037763  0.002083
1325  -0.027946  0.013384  0.000960
1326  0.012607  -0.015755  0.000407
1327  0.008144  -0.007306  0.000120
1328  0.012490  -0.021645  0.000625
1329  -0.026970  0.018623  0.001074
1330  0.051841  -0.000411  0.002688
1331  0.029608  0.023499  0.001429
1332  0.019999  0.008994  0.000481
1333  0.038046  -0.033195  0.002549
1334  0.021784  -0.006022  0.000511
1335  0.018925  -0.026260  0.001048
1336  0.060360  0.017302  0.003943
1337  0.025330  -0.002220  0.000647
1338  0.006847  -0.002314  0.000052
1339  -0.014039  0.002784  0.000205
1340  0.014974  0.027807  0.000997
1341  0.041640  -0.018366  0.002071
1342  -0.040878  0.000602  0.001671
1343  0.030311  -0.069442  0.005741
1344  -0.042485  -0.014063  0.002003
1345  0.021949  -0.026717  0.001196
1346  -0.018764  0.011598  0.000487
1347  0.034949  -0.011195  0.001347
1348  -0.013352  0.002090  0.000183
1349  0.022103  -0.012764  0.000651
1350  0.024962  0.012487  0.000779
1351  0.001844  -0.021720  0.000475
1352  -0.015161  0.039576  0.001796
1353  -0.014870  -0.020289  0.000633
1354  0.017995  0.023759  0.000888
1355  -0.009503  -0.053091  0.002909
1356  0.015244  0.019294  0.000605
1357  -0.038628  0.037522  0.002900
1358  0.026338  -0.004295  0.000712
1359  -0.015658  -0.003805  0.000260
1360  -0.014477  0.012556  0.000367
1361  -0.009774  -0.020690  0.000524
1362  0.025172  -0.001388  0.000636
1363  0.008437  0.025564  0.000725
1364  0.046748  0.026309  0.002878
1365  -0.018489  -0.010412  0.000450
1366  0.073948  0.015487  0.005708
1367  -0.023907  0.004384  0.000591
1368  -0.020560  -0.002302  0.000428
1369  0.032718  0.008879  0.001149
1370  0.016666  -0.014093  0.000476
1371  0.025264  -0.014758  0.000856
1372  0.016579  -0.018397  0.000613
1373  0.003113  -0.054022  0.002928
1374  -0.021614  -0.000365  0.000467
1375  0.018965  -0.001643  0.000362
1376  0.047136  0.024003  0.002798
1377  0.004692  0.017327  0.000322
1378  -0.026271  -0.018358  0.001027
1379  0.002032  -0.008869  0.000083
1380  0.017482  -0.046127  0.002433
1381  -0.012681  0.011371  0.000290
1382  -0.029204  -0.051236  0.003478
1383  0.020887  -0.008073  0.000501
1384  0.000680  0.008134  0.000067
1385  0.011167  -0.000676  0.000125
1386  0.009878  -0.013096  0.000269
1387  0.027630  0.022376  0.001264
1388  0.041497  0.044964  0.003744
1389  -0.011006  -0.048887  0.002511
1390  0.055189  -0.010112  0.003148
1391  -0.004193  -0.009277  0.000104
1392  -0.003066  0.017412  0.000313
1393  -0.001103  -0.028374  0.000806
1394  0.016723  -0.005737  0.000313
1395  0.056139  0.025716  0.003813
1396  0.033976  0.002193  0.001159
1397  0.014904  -0.043729  0.002134
1398  0.005726  -0.010715  0.000148
1399  -0.009312  -0.020452  0.000505
1400  0.012514  0.048640  0.002522
1401  0.014544  0.031037  0.001175
1402  0.003956  -0.052572  0.002779
1403  -0.012312  -0.006947  0.000200
1404  -0.044087  0.006346  0.001984
1405  0.009352  0.030885  0.001041
1406  0.014602  -0.026889  0.000936
1407  0.026672  0.026741  0.001426
1408  -0.037215  0.025846  0.002053
1409  0.028482  -0.017723  0.001125
1410  0.010406  -0.027390  0.000859
1411  0.022120  -0.024979  0.001113
1412  0.009777  -0.011564  0.000229
1413  -0.000368  0.000814  0.000001
1414  -0.029294  -0.035109  0.002091
1415  -0.037540  -0.030215  0.002322
1416  -0.012736  0.007859  0.000224
1417  0.052506  0.001673  0.002760
1418  -0.041031  0.007456  0.001739
1419  -0.014675  -0.044813  0.002224
1420  -0.003751  0.011769  0.000153
1421  0.017773  -0.014008  0.000512
1422  0.006191  -0.032297  0.001081
1423  -0.000513  0.016717  0.000280
1424  -0.015435  0.025462  0.000887
1425  0.047502  -0.021028  0.002699
1426  -0.015506  0.009530  0.000331
1427  0.039794  -0.001456  0.001586
1428  -0.015181  0.006355  0.000271
1429  -0.010771  0.011359  0.000245
1430  -0.054586  0.007782  0.003040
1431  0.022525  0.020409  0.000924
1432  -0.031562  0.037225  0.002382
1433  0.020545  -0.020613  0.000847
1434  -0.021871  0.004240  0.000496
1435  -0.014528  0.050700  0.002782
1436  0.000899  0.034240  0.001173
1437  0.015267  -0.019952  0.000631
1438  -0.014266  -0.029762  0.001089
1439  -0.001637  -0.036253  0.001317
1440  0.006343  0.045716  0.002130
1441  0.035047  0.011513  0.001361
1442  -0.028577  -0.006638  0.000861
1443  0.000697  0.000329  0.000001
1444  0.028015  0.005336  0.000813
1445  -0.044764  0.012855  0.002169
1446  -0.034362  0.011815  0.001320
1447  0.054769  -0.017963  0.003322
1448  -0.002439  0.031458  0.000996
1449  -0.050401  -0.043750  0.004454
1450  -0.021854  0.004660  0.000499
1451  -0.003505  -0.063698  0.004070
1452  -0.004375  0.004708  0.000041
1453  0.009237  0.023995  0.000661
1454  0.015708  -0.021626  0.000714
1455  0.025172  0.047123  0.002854
1456  0.013354  -0.010644  0.000292
1457  0.016909  0.017403  0.000589
1458  -0.008119  0.011751  0.000204
1459  0.017842  0.008460  0.000390
1460  0.001956  -0.021568  0.000469
1461  -0.005022  0.033955  0.001178
1462  -0.025406  0.036609  0.001986
1463  -0.002626  0.007464  0.000063
1464  0.061596  0.005574  0.003825
1465  0.014281  -0.037769  0.001630
1466  0.006459  -0.016606  0.000317
1467  -0.010353  -0.011963  0.000250
1468  0.001658  0.018540  0.000346
1469  -0.005233  -0.026899  0.000751
1470  -0.051091  0.012286  0.002761
1471  0.022874  -0.000702  0.000524
1472  0.022557  -0.051420  0.003153
1473  0.034525  -0.013615  0.001377
1474  -0.020346  0.001396  0.000416
1475  -0.014627  -0.048931  0.002608
1476  -0.005618  -0.039274  0.001574
1477  -0.017180  0.018881  0.000652
1478  0.003882  0.027310  0.000761
1479  0.019501  -0.002642  0.000387
1480  0.010791  0.000679  0.000117
1481  0.012936  0.012146  0.000315
1482  0.025864  -0.002270  0.000674
1483  -0.034399  0.022688  0.001698
1484  -0.001138  -0.011137  0.000125
1485  0.047913  0.005552  0.002326
1486  0.008044  -0.012976  0.000233
1487  -0.013277  0.010398  0.000284
1488  -0.002713  0.039360  0.001557
1489  0.002613  0.002470  0.000013
1490  -0.003086  0.050500  0.002560
1491  -0.035712  -0.038476  0.002756
1492  0.022738  -0.008926  0.000597
1493  0.011425  -0.045507  0.002201
1494  -0.016655  -0.005866  0.000312
1495  0.005583  -0.016490  0.000303
1496  -0.011085  -0.040130  0.001733
1497  -0.033980  0.033789  0.002296
1498  0.012325  0.010670  0.000266
1499  0.018069  -0.033714  0.001463
1500  0.002252  0.024609  0.000611
1501  0.021102  0.012014  0.000590
1502  -0.018156  0.031070  0.001295
1503  -0.013543  -0.018016  0.000508
1504  -0.045150  0.026136  0.002722
1505  0.048566  -0.017551  0.002667
1506  0.004316  -0.054017  0.002936
1507  -0.029114  -0.000456  0.000848
1508  -0.036566  -0.007761  0.001397
1509  -0.014088  0.029362  0.001061
1510  -0.002212  0.038866  0.001515
1511  -0.061251  -0.017880  0.004071
1512  -0.007901  0.005380  0.000091
1513  0.049255  0.013444  0.002607
1514  0.007211  0.043241  0.001922
1515  0.005406  0.024981  0.000653
1516  0.008857  -0.010081  0.000180
1517  -0.046886  -0.052147  0.004918
1518  0.037463  0.012580  0.001562
1519  -0.035501  -0.046431  0.003416
1520  -0.018568  -0.074752  0.005933
1521  0.015859  -0.041853  0.002003
1522  -0.038052  -0.036038  0.002747
1523  0.003180  -0.002137  0.000015
1524  -0.010362  -0.019770  0.000498
1525  0.016445  -0.040751  0.001931
1526  -0.001955  -0.022746  0.000521
1527  -0.010675  0.034961  0.001336
1528  0.025800  -0.008876  0.000744
1529  0.018778  -0.022259  0.000848
1530  -0.007201  -0.053105  0.002872
1531  -0.008370  -0.018803  0.000424
1532  -0.029524  -0.068399  0.005550
1533  0.014388  -0.017058  0.000498
1534  -0.040518  -0.002723  0.001649
1535  -0.002724  0.006410  0.000049
1536  0.046559  -0.000857  0.002168
1537  0.036755  -0.006758  0.001397
1538  0.001949  -0.022065  0.000491
1539  0.012914  0.009473  0.000257
1540  0.023505  -0.024791  0.001167
1541  -0.020383  -0.005949  0.000451
1542  -0.005144  0.021461  0.000487
1543  0.032493  0.027535  0.001814
1544  -0.008675  -0.007332  0.000129
1545  -0.032813  0.024539  0.001679
1546  0.025024  0.017761  0.000942
1547  -0.037219  0.015017  0.001611
1548  0.022070  -0.030069  0.001391
1549  0.073278  -0.000711  0.005370
1550  -0.015025  -0.037132  0.001605
1551  0.029403  0.048003  0.003169
1552  -0.006309  -0.000130  0.000040
1553  0.001698  0.059569  0.003551
1554  0.028219  -0.039432  0.002351
1555  -0.045719  0.039644  0.003662
1556  0.037297  0.022374  0.001892
1557  0.033192  0.002872  0.001110
1558  0.001434  0.005613  0.000034
1559  -0.015809  0.023506  0.000802
1560  -0.005214  -0.000793  0.000028
1561  0.043307  -0.089375  0.009863
1562  0.031412  -0.048381  0.003327
1563  -0.000046  0.063565  0.004041
1564  -0.032732  0.101417  0.011357
1565  -0.006662  -0.029409  0.000909
1566  0.017736  -0.027367  0.001064
1567  0.013105  -0.021343  0.000627
1568  -0.048391  -0.010597  0.002454
1569  -0.038935  -0.016361  0.001784
1570  0.030082  -0.036249  0.002219
1571  -0.019705  -0.004066  0.000405
1572  0.019270  0.008110  0.000437
1573  0.001359  -0.040717  0.001660
1574  -0.023636  0.012597  0.000717
1575  0.019897  0.003372  0.000407
1576  0.005808  0.028128  0.000825
1577  0.006218  0.009012  0.000120
1578  -0.004355  -0.038883  0.001531
1579  0.007088  -0.007012  0.000099
1580  0.007676  -0.009783  0.000155
1581  0.000913  0.016821  0.000284
1582  -0.008914  -0.000128  0.000079
1583  0.038004  0.000725  0.001445
1584  0.021258  -0.015881  0.000704
1585  -0.002018  -0.013063  0.000175
1586  0.016111  -0.064180  0.004379
1587  0.001810  -0.030720  0.000947
1588  0.010688  0.000848  0.000115
1589  0.038311  0.060367  0.005112
1590  -0.010922  -0.047638  0.002389
1591  -0.013983  -0.052586  0.002961
1592  -0.016084  -0.032202  0.001296
1593  -0.002036  -0.017013  0.000294
1594  -0.019905  0.029197  0.001249
1595  0.049352  -0.059467  0.005972
1596  -0.021144  -0.027325  0.001194
1597  0.029896  -0.003867  0.000909
1598  -0.010542  0.033204  0.001214
1599  0.006993  0.010541  0.000160
1600  -0.009557  -0.020302  0.000504
1601  0.027758  0.073533  0.006178
1602  -0.007672  0.038340  0.001529
1603  0.017218  -0.087332  0.007923
1604  -0.052373  -0.018540  0.003087
1605  0.068791  -0.048198  0.007055
1606  0.040729  -0.049859  0.004145
1607  0.024629  -0.029298  0.001465
1608  0.083815  -0.067265  0.011549
1609  0.018382  0.039122  0.001868
1610  -0.028070  0.024473  0.001387
1611  -0.003707  -0.073096  0.005357
1612  0.005397  -0.041217  0.001728
1613  -0.022360  -0.019982  0.000899
1614  0.034440  0.004848  0.001210
1615  -0.002475  -0.046473  0.002166
1616  -0.028743  0.045155  0.002865
1617  0.062988  0.046885  0.006166
1618  0.010893  0.040822  0.001785
1619  0.012317  0.036064  0.001452
1620  0.001024  0.013033  0.000171
1621  -0.025968  0.024753  0.001287
1622  0.003827  0.040137  0.001626
1623  0.011465  -0.041886  0.001886
1624  -0.064578  -0.012867  0.004336
1625  -0.022772  0.013957  0.000713
1626  0.008862  -0.038784  0.001583
1627  0.014552  0.027509  0.000969
1628  0.057441  0.014102  0.003498
1629  -0.020922  -0.060263  0.004069
1630  0.024839  -0.023642  0.001176
1631  0.086699  -0.005511  0.007547
1632  -0.036020  -0.026256  0.001987
1633  0.013640  0.039327  0.001733
1634  -0.011460  -0.038857  0.001641
1635  -0.038738  -0.014944  0.001724
1636  -0.022446  -0.016411  0.000773
1637  -0.016284  -0.024612  0.000871
1638  0.010478  -0.002128  0.000114
1639  0.035606  0.010561  0.001379
1640  -0.003681  -0.000399  0.000014
1641  0.018452  -0.007981  0.000404
1642  -0.070303  -0.025710  0.005603
1643  0.008626  0.011728  0.000212
1644  0.035825  -0.002791  0.001291
1645  0.024301  -0.008365  0.000661
1646  0.008988  0.002555  0.000087
1647  0.043490  -0.076223  0.007701
1648  -0.012431  0.037830  0.001586
1649  0.020085  0.139903  0.019976
1650  -0.032437  -0.051450  0.003699
1651  0.017230  -0.077025  0.006230
1652  -0.008190  -0.016885  0.000352
1653  -0.027330  -0.092729  0.009346
1654  0.071777  0.019021  0.005514
1655  0.004786  0.056494  0.003214
1656  -0.005747  -0.000406  0.000033
1657  0.047655  -0.100478  0.012367
1658  0.035451  -0.038326  0.002726
1659  0.009242  0.039157  0.001619
1660  -0.008033  -0.049059  0.002471
1661  -0.021717  0.074560  0.006031
1662  -0.014624  0.005920  0.000249
1663  -0.034655  -0.038783  0.002705
1664  -0.041517  -0.033439  0.002842
1665  -0.022453  -0.013617  0.000690
1666  0.007371  0.036191  0.001364
1667  -0.023168  0.030856  0.001489
1668  -0.038322  -0.005146  0.001495
1669  0.043492  0.032827  0.002969
1670  0.023482  0.055113  0.003589
1671  -0.013960  -0.059739  0.003764
1672  0.043942  0.016384  0.002199
1673  -0.022510  -0.028800  0.001336
1674  0.026250  -0.036963  0.002055
1675  0.048233  0.021372  0.002783
1676  -0.039240  -0.028401  0.002346
1677  -0.014747  -0.007384  0.000272
1678  0.020484  0.031866  0.001435
1679  -0.074219  0.011783  0.005647
1680  -0.003145  -0.005887  0.000045
1681  -0.012529  -0.047421  0.002406
1682  -0.053378  0.021671  0.003319
1683  0.007742  0.014496  0.000270
1684  0.048895  -0.063658  0.006443
1685  0.016144  0.052952  0.003064
1686  0.021771  -0.022255  0.000969
1687  -0.022972  0.035856  0.001813
1688  -0.021931  -0.019955  0.000879
1689  -0.019357  0.091850  0.008811
1690  -0.019273  -0.047636  0.002641
1691  -0.107102  -0.003998  0.011487
1692  0.026509  -0.030564  0.001637
1693  -0.019383  -0.017266  0.000674
1694  0.103042  -0.118694  0.024706
1695  0.065556  0.020768  0.004729
1696  -0.027509  -0.043772  0.002673
1697  -0.055474  -0.121549  0.017852
1698  -0.034301  -0.047953  0.003476
1699  0.156464  -0.030060  0.025385
1700  0.081328  -0.054207  0.009553
1701  -0.028562  -0.026802  0.001534
1702  -0.004741  0.019499  0.000403
1703  0.032531  -0.025266  0.001697
1704  0.019029  0.025310  0.001003
1705  0.031290  -0.054421  0.003941
1706  0.134505  -0.050018  0.020593
1707  -0.125252  0.064304  0.019823
1708  0.038502  0.065029  0.005711
1709  -0.043647  0.026165  0.002590
1710  0.057940  -0.049507  0.005808
1711  -0.031813  0.055868  0.004133
1712  -0.022108  0.028492  0.001301
1713  -0.032800  0.031044  0.002040
1714  -0.031134  0.017616  0.001280
1715  -0.036383  0.048782  0.003703
1716  -0.048754  0.053895  0.005282
1717  0.019568  -0.032494  0.001439
1718  0.018989  0.048626  0.002725
1719  -0.052346  -0.041444  0.004458
1720  -0.005690  -0.086223  0.007467
1721  -0.021628  -0.035463  0.001725
1722  0.004965  0.020880  0.000461
1723  0.030293  0.061382  0.004685
1724  -0.000881  -0.050069  0.002508
1725  0.033600  0.089765  0.009187
1726  -0.062752  -0.040468  0.005575
1727  -0.003718  -0.039395  0.001566
1728  -0.055551  -0.129377  0.019824
1729  0.023140  -0.049284  0.002964
1730  -0.062943  0.073461  0.009358
1731  -0.089794  0.089518  0.016077
1732  -0.040162  0.060614  0.005287
1733  0.007579  0.004178  0.000075
1734  0.033850  -0.025262  0.001784
1735  -0.126857  -0.059080  0.019583
1736  0.142016  -0.024430  0.020765
1737  0.008120  0.113237  0.012889
1738  -0.004713  -0.026389  0.000719
1739  -0.016611  0.081997  0.006999
1740  0.077960  -0.064222  0.010202
1741  -0.034073  0.016802  0.001443
1742  0.086329  -0.068935  0.012205
1743  -0.035615  -0.165822  0.028765
1744  0.032930  0.057888  0.004435
1745  0.016134  -0.050293  0.002790
1746  0.010552  -0.079361  0.006409
1747  0.095300  0.033555  0.010208
1748  0.130594  0.055022  0.020082
1749  0.021195  -0.015972  0.000704
1750  -0.040912  -0.036520  0.003007
1751  0.057927  -0.079832  0.009729
1752  0.075867  0.019844  0.006150
1753  -0.125186  -0.047921  0.017968
1754  0.088855  0.062776  0.011836
1755  -0.056804  -0.009199  0.003311
1756  0.058330  -0.051676  0.006073
1757  0.176341  0.178051  0.062799
1758  -0.072740  -0.087000  0.012860
1759  0.104474  -0.063370  0.014931
1760  0.008359  0.062478  0.003973
1761  0.043479  -0.023103  0.002424
1762  -0.015709  -0.025608  0.000903
1763  0.037792  0.005318  0.001457
1764  0.032323  -0.025760  0.001708
1765  0.014447  0.184354  0.034195
1766  -0.026701  0.045547  0.002787
1767  -0.122942  -0.062875  0.019068
1768  -0.100998  0.113191  0.023013
1769  0.053958  0.022093  0.003400
1770  0.084991  -0.008892  0.007303
1771  -0.084595  0.032358  0.008203
1772  0.006659  -0.115189  0.013313
1773  0.165716  -0.146533  0.048934
1774  0.025478  -0.071733  0.005795
1775  -0.045488  -0.004695  0.002091
1776  -0.059344  -0.001515  0.003524
1777  -0.013712  -0.011499  0.000320
1778  0.084783  0.118498  0.021230
1779  -0.000042  0.122545  0.015017
1780  -0.113860  -0.055823  0.016080
1781  0.000860  -0.108395  0.011750
1782  -0.073429  -0.062577  0.009308
1783  0.018122  0.072143  0.005533
1784  0.003545  -0.028679  0.000835
1785  -0.012789  0.243418  0.059416
1786  -0.085925  -0.072446  0.012632
1787  -0.051383  0.184482  0.036674
1788  0.076456  -0.123142  0.021009
1789  -0.130854  -0.044687  0.019120
1790  -0.255887  0.056043  0.068619
1791  -0.060588  -0.167060  0.031580
1792  -0.013458  -0.037906  0.001618
1793  0.112560  0.004784  0.012693
1794  -0.184803  0.294560  0.120918
1795  0.093029  -0.321488  0.112009
1796  0.080250  -0.050327  0.008973
1797  -0.026711  0.289299  0.084407
1798  0.115200  -0.129591  0.030065
1799  0.007086  0.233458  0.054553
1800  -0.020448  0.115763  0.013819
1801  0.091976  -0.033232  0.009564
1802  -0.160315  0.030900  0.026656
1803  0.046733  0.004251  0.002202
1804  0.144560  -0.044284  0.022859
1805  -0.007650  -0.208485  0.043524
1806  0.092806  -0.276552  0.085094
1807  -0.022441  -0.004853  0.000527
1808  0.067218  0.054976  0.007541
1809  -0.028129  0.078796  0.007000
1810  0.015659  0.117030  0.013941
1811  0.208656  -0.086748  0.051063
1812  0.030460  0.009936  0.001027
1813  -0.031998  0.062937  0.004985
1814  0.169504  0.108249  0.040449
1815  -0.146545  -0.005769  0.021509
1816  0.043640  -0.191274  0.038490
1817  0.115922  0.194444  0.051246
1818  -0.193443  -0.091032  0.045707
1819  0.130043  0.071945  0.022087
1820  0.136334  -0.077455  0.024586
1821  0.100341  0.025030  0.010695
1822  0.036439  0.182377  0.034589
1823  0.183041  -0.043170  0.035368
1824  0.149128  0.045198  0.024282
1825  -0.115097  -0.096054  0.022474
1826  0.097387  -0.104753  0.020457
1827  0.184371  0.030416  0.034918
1828  -0.299371  0.158206  0.114652
1829  0.286998  -0.010818  0.082485
1830  0.158648  -0.074304  0.030690
1831  0.033023  -0.148185  0.023049
1832  0.136668  0.143294  0.039211
1833  -0.137891  -0.151538  0.041978
1834  0.166835  0.040725  0.029492
1835  -0.133648  0.179206  0.049977
1836  0.205896  -0.090249  0.050538
1837  -0.234730  0.121295  0.069811
1838  -0.006357  0.207162  0.042957
1839  0.262421  -0.087332  0.076491
1840  -0.157093  0.383162  0.171491
1841  -0.185736  -0.125352  0.050211
1842  -0.196359  -0.112514  0.051216
1843  -0.160717  -0.055675  0.028929
1844  -0.147202  -0.063230  0.025666
1845  0.125870  0.173822  0.046057
1846  -0.005809  -0.011953  0.000177
1847  -0.056347  -0.061727  0.006985
1848  -0.162270  0.121854  0.041180
1849  -0.023018  -0.281630  0.079845
1850  -0.033664  -0.162321  0.027481
1851  0.006306  0.365127  0.133357
1852  -0.128322  -0.096030  0.025688
1853  -0.185691  -0.006486  0.034523
1854  -0.054839  0.007735  0.003067
1855  0.093431  -0.035528  0.009992
1856  -0.201343  -0.195971  0.078943
1857  -0.439652  0.205374  0.235472
1858  -0.085247  -0.215384  0.053657
1859  -0.042995  0.192704  0.038984
1860  -0.085621  0.000386  0.007331
1861  -0.522436  -0.131946  0.290349
1862  0.349725  0.194634  0.160190
1863  0.118848  -0.162479  0.040524
1864  -0.106849  -0.140962  0.031287
1865  -0.378933  0.216024  0.190257
1866  0.112445  -0.134049  0.030613
1867  0.048205  -0.065113  0.006563
1868  -0.108619  0.139519  0.031264
1869  -0.030271  0.148085  0.022845
1870  -0.046453  0.019376  0.002533
1871  -0.420529  -0.048915  0.179237
1872  -0.201688  -0.002403  0.040684
1873  0.144197  -0.235986  0.076482
1874  0.364442  0.124366  0.148285
1875  0.237060  0.301735  0.147241
1876  -0.059167  -0.203647  0.044973
1877  0.040748  -0.092470  0.010211
1878  -0.038060  -0.174398  0.031863
1879  0.269667  0.167449  0.100760
1880  0.073245  0.225350  0.056147
1881  0.235455  0.059224  0.058947
1882  0.345056  0.003781  0.119078
1883  -0.191743  0.284910  0.117939
1884  0.202249  0.619386  0.424543
1885  -0.162348  0.009099  0.026440
1886  -0.130006  -0.207957  0.060148
1887  0.029963  0.207033  0.043761
1888  0.137619  0.164731  0.046075
1889  -0.040898  0.349290  0.123676
1890  0.153572  -0.172601  0.053375
1891  -0.478635  0.112662  0.241784
1892  0.183066  0.035648  0.034784
1893  -0.457176  0.198017  0.248221
1894  0.125928  0.048258  0.018187
1895  0.053084  0.246792  0.063724
1896  -0.076471  -0.117808  0.019727
1897  0.404548  0.260518  0.231529
1898  -0.632519  0.174954  0.430689
1899  -0.088040  -0.099022  0.017556
1900  -0.163293  0.072311  0.031893
1901  0.345196  0.218767  0.167019
1902  -0.249830  -0.401210  0.223384
1903  -0.068005  -0.015528  0.004866
1904  0.043949  -0.345706  0.121444
1905  0.137918  0.038446  0.020499
1906  -0.329693  -0.102337  0.119170
1907  -0.530112  -0.012343  0.281171
1908  -0.414697  -0.172582  0.201758
1909  -0.223032  -0.231175  0.103185
1910  0.132323  -0.033947  0.018662
1911  0.158911  -0.006097  0.025290
1912  -0.350150  0.162876  0.149134
1913  -0.150336  -0.104344  0.033489
1914  0.358970  0.166211  0.156485
1915  -0.093969  -0.263429  0.078225
1916  -0.112033  -0.077984  0.018633
1917  -0.105705  0.087865  0.018894
1918  -0.073408  0.280000  0.083789
1919  -0.144112  0.092359  0.029298
1920  -0.119277  -0.172468  0.043972
1921  -0.015133  -0.188153  0.035631
1922  -0.122598  -0.210350  0.059277
1923  -0.080406  -0.398174  0.165007
1924  -0.074453  0.026108  0.006225
1925  0.012894  0.035231  0.001407
1926  0.303302  -0.409249  0.259477
1927  0.070546  0.031987  0.006000
1928  -0.073279  0.018807  0.005724
1929  0.037151  0.165768  0.028859
1930  0.004894  -0.198706  0.039508
1931  0.224012  -0.587515  0.395355
1932  -0.038681  -0.029605  0.002373
1933  0.093362  -0.237352  0.065053
1934  -0.270416  0.076485  0.078975
1935  -0.434811  0.072062  0.194254
1936  -0.059676  -0.154089  0.027305
1937  0.307695  0.259331  0.161929
1938  -0.087731  0.448481  0.208832
1939  0.139315  0.298041  0.108237
1940  0.269539  -0.214837  0.118806
1941  -0.293075  0.032245  0.086932
1942  -0.200365  -0.138142  0.059229
1943  0.383468  -0.349559  0.269239
1944  0.184351  -0.024131  0.034568
1945  0.312620  0.024239  0.098319
1946  -0.456710  0.388441  0.359471
1947  -0.140748  -0.210898  0.064288
1948  0.210765  0.026317  0.045115
1949  0.451715  0.315743  0.303740
1950  0.345768  -0.208380  0.162978
1951  0.410728  0.511630  0.430462
1952  0.097761  0.062463  0.013459
1953  -0.436316  -0.248005  0.251879
1954  -0.006291  -0.030437  0.000966
1955  -0.289851  0.272622  0.158337
1956  0.494358  0.087785  0.252096
1957  -0.231820  -0.061127  0.057477
1958  0.056939  -0.185390  0.037611
1959  0.296178  0.119141  0.101916
1960  0.523031  -0.547170  0.572956
1961  0.127545  -0.396583  0.173546
1962  0.412306  -0.091049  0.178286
1963  -0.194887  0.326575  0.144632
1964  -0.359640  0.287595  0.212052
1965  0.396430  -0.029406  0.158021
1966  0.125032  0.047954  0.017933
1967  -0.225904  -0.609797  0.422885
1968  -0.264206  -0.275145  0.145510
1969  0.070470  -0.122384  0.019944
1970  -0.132883  -0.065832  0.021992
1971  0.407022  0.014999  0.165892
1972  0.243545  0.308555  0.154520
1973  0.449384  -0.026139  0.202629
1974  -0.481160  0.184356  0.265502
1975  -0.052701  0.085697  0.010121
1976  -0.532637  -0.262189  0.352445
1977  -0.100830  -0.210394  0.054432
1978  0.083412  0.137761  0.025935
1979  -0.269821  -0.240933  0.130852
1980  0.325754  -0.178367  0.137930
1981  0.377137  0.184300  0.176199
1982  0.163229  0.979107  0.985293
1983  0.827448  -0.471926  0.907385
1984  0.043382  -0.253453  0.066120
1985  -0.539376  0.148313  0.312924
1986  0.345132  0.262388  0.187964
1987  0.297210  0.833197  0.782551
1988  0.375757  -0.570448  0.466605
1989  0.183265  0.390229  0.185865
1990  -0.066747  0.068533  0.009152
1991  -0.016142  0.007100  0.000311
1992  0.245133  0.003010  0.060099
1993  0.257520  -0.648635  0.487043
1994  -0.338591  0.641598  0.526292
1995  0.321415  0.439040  0.296063
1996  -0.326002  -0.263133  0.175516
1997  0.009821  -0.208400  0.043527
1998  0.070584  0.088986  0.012901
1999  -0.327639  0.203180  0.148630
2000  -0.114468  0.064324  0.017240
2001  -0.247383  -0.042838  0.063034
2002  -0.216264  -0.025568  0.047424
2003  -0.216222  -0.416230  0.219999
2004  0.149415  0.125653  0.038114
2005  0.007210  -0.659235  0.434643
2006  0.207716  0.249562  0.105427
2007  -0.637438  -0.215839  0.452913
2008  -0.437917  0.891311  0.986207
2009  -0.086739  0.115666  0.020902
2010  -0.023234  -0.376625  0.142386
2011  -0.083158  -0.463387  0.221643
2012  1.137206  -0.327299  1.400361
2013  0.202776  -0.686617  0.512561
2014  -0.099891  0.578286  0.344393
2015  -0.202854  -0.188728  0.076768
2016  0.161232  0.124793  0.041569
2017  -0.523680  0.463167  0.488764
2018  0.222543  0.246148  0.110114
2019  -0.532534  0.528428  0.562829
2020  0.371162  -0.590076  0.485950
2021  -0.808506  -0.357749  0.781667
2022  -0.319478  -0.030518  0.102997
2023  0.635429  0.587017  0.748359
2024  0.015541  -0.236862  0.056345
2025  -0.031033  -0.065796  0.005292
2026  0.765040  -0.098016  0.594893
2027  1.337428  0.538150  2.078318
2028  0.190446  -0.147486  0.058022
2029  0.039428  0.254509  0.066329
2030  0.223395  -0.108614  0.061703
2031  -0.619320  0.130399  0.400561
2032  0.561322  0.142954  0.335518
2033  0.017944  0.565746  0.320390
2034  0.663123  0.271547  0.513470
2035  -0.419369  -0.204483  0.217684
2036  -0.106540  -0.084662  0.018518
2037  -0.736611  0.029756  0.543481
2038  -0.059164  0.022366  0.004001
2039  0.280713  -0.000787  0.078800
2040  -0.013058  0.252281  0.063816
2041  -0.679415  -0.607453  0.830604
2042  -0.554380  -0.227123  0.358922
2043  0.104323  0.016596  0.011159
2044  0.483949  -0.058658  0.237647
2045  -0.598453  -1.029544  1.418107
2046  -0.002749  -0.540945  0.292629
2047  0.158849  0.015409  0.025471
