0  -0.015981  -0.007040  0.000305
1  0.009176  0.051669  0.002754
2  -0.020619  -0.012770  0.000588
3  0.040281  -0.047948  0.003922
4  0.045424  0.045221  0.004108
5  0.009744  0.022854  0.000617
6  0.006363  0.012350  0.000193
7  -0.001280  0.006108  0.000039
8  0.026459  0.004135  0.000717
9  0.021780  -0.034647  0.001675
10  -0.021629  -0.009085  0.000550
11  0.022795  -0.007872  0.000582
12  0.050048  -0.026713  0.003218
13  0.063067  -0.021817  0.004453
14  0.011571  0.023476  0.000685
15  -0.001355  -0.007750  0.000062
16  0.039122  -0.014475  0.001740
17  0.007837  0.000584  0.000062
18  0.003403  0.021932  0.000493
19  0.030337  0.023583  0.001476
20  0.020974  0.035883  0.001727
21  0.017957  0.052215  0.003049
22  -0.009803  0.040924  0.001771
23  -0.006092  -0.003574  0.000050
24  0.021919  0.057159  0.003748
25  0.072902  -0.001356  0.005317
26  -0.001640  -0.007414  0.000058
27  0.032549  0.001365  0.001061
28  0.033847  -0.034319  0.002323
29  0.002943  0.019915  0.000405
30  0.030119  -0.018368  0.001245
31  0.056477  0.044849  0.005201
32  -0.034055  -0.061973  0.005000
33  -0.004403  0.020917  0.000457
34  -0.005755  0.044138  0.001981
35  0.011800  -0.012223  0.000289
36  0.023840  -0.028030  0.001354
37  0.015446  -0.013553  0.000422
38  -0.021305  -0.041532  0.002179
39  -0.016453  0.017656  0.000582
40  0.031665  0.005313  0.001031
41  -0.009471  0.013188  0.000264
42  0.032638  -0.033739  0.002204
43  0.008860  0.005228  0.000106
44  -0.026848  -0.029417  0.001586
45  0.032211  -0.038216  0.002498
46  0.017319  -0.027009  0.001029
47  0.003443  -0.045205  0.002055
48  0.020146  0.005843  0.000440
49  -0.038450  0.045281  0.003529
50  0.001788  -0.022576  0.000513
51  0.000750  -0.000165  0.000001
52  0.033783  -0.007456  0.001197
53  0.059316  0.047792  0.005803
54  -0.011215  -0.043975  0.002060
55  -0.002249  -0.006787  0.000051
56  0.026766  -0.001173  0.000718
57  -0.012109  0.003131  0.000156
58  0.067955  0.021267  0.005070
59  0.002302  0.026185  0.000691
60  0.002751  -0.019693  0.000395
61  -0.011612  -0.013224  0.000310
62  -0.027390  0.023741  0.001314
63  0.057481  -0.057517  0.006612
64  0.007226  -0.028465  0.000862
65  0.030984  -0.043031  0.002812
66  0.005951  0.011429  0.000166
67  0.025394  0.001994  0.000649
68  -0.023961  0.005342  0.000603
69  0.037128  0.041466  0.003098
70  0.023437  0.014050  0.000747
71  0.009894  -0.056471  0.003287
72  0.033856  0.071323  0.006233
73  0.002265  -0.001034  0.000006
74  0.010466  -0.055724  0.003215
75  -0.033761  -0.000875  0.001141
76  0.025140  0.011446  0.000763
77  -0.048230  0.020024  0.002727
78  0.003364  0.013059  0.000182
79  -0.013187  -0.014118  0.000373
80  -0.000486  0.055383  0.003068
81  0.007988  0.034550  0.001258
82  -0.001773  0.002348  0.000009
83  -0.010270  -0.041328  0.001813
84  0.014568  0.019565  0.000595
85  -0.017315  -0.063165  0.004290
86  -0.030642  -0.004538  0.000960
87  0.033632  -0.035446  0.002388
88  -0.010887  -0.044820  0.002127
89  -0.017259  0.000695  0.000298
90  -0.011178  0.022980  0.000653
91  -0.023794  0.002866  0.000574
92  0.013105  0.041217  0.001871
93  0.013608  0.034204  0.001355
94  0.015189  0.005470  0.000261
95  -0.034076  0.019044  0.001524
96  -0.016729  0.013704  0.000468
97  0.031924  -0.049110  0.003431
98  -0.007415  -0.021692  0.000526
99  -0.016957  -0.015848  0.000539
100  0.030692  -0.030003  0.001842
101  0.033797  0.000834  0.001143
102  -0.001924  0.022008  0.000488
103  0.021856  0.004834  0.000501
104  -0.020929  0.047451  0.002690
105  -0.005523  0.016051  0.000288
106  -0.027687  0.005147  0.000793
107  -0.009505  -0.061685  0.003895
108  0.032408  -0.019275  0.001422
109  0.005497  -0.025531  0.000682
110  -0.040610  -0.014365  0.001856
111  -0.023326  -0.003597  0.000557
112  -0.011744  0.004325  0.000157
113  0.058212  -0.029966  0.004287
114  -0.020759  -0.014106  0.000630
115  0.045549  -0.049706  0.004545
116  -0.008304  0.029871  0.000961
117  0.014921  0.020164  0.000629
118  0.045976  -0.045352  0.004171
119  -0.027440  0.021038  0.001196
120  -0.020881  -0.008035  0.000501
121  -0.016193  0.013806  0.000453
122  -0.005427  -0.002921  0.000038
123  0.027124  0.044130  0.002683
124  0.049946  0.035864  0.003781
125  -0.008966  0.036235  0.001393
126  -0.030554  -0.024519  0.001535
127  -0.018817  0.052724  0.003134
128  0.005492  0.007992  0.000094
129  0.035766  -0.057018  0.004530
130  0.021832  -0.012288  0.000628
131  0.017582  -0.003132  0.000319
132  0.078493  -0.013628  0.006347
133  0.019462  0.010376  0.000486
134  -0.005875  0.016797  0.000317
135  -0.006036  0.003977  0.000052
136  0.074403  0.032569  0.006596
137  -0.027315  -0.013077  0.000917
138  0.017441  0.061932  0.004140
139  0.041246  -0.024479  0.002300
140  0.031450  -0.027157  0.001727
141  0.038473  -0.010124  0.001583
142  0.040589  -0.032625  0.002712
143  0.004190  -0.010366  0.000125
144  0.021644  0.010390  0.000576
145  0.035874  0.049854  0.003772
146  0.010840  -0.017425  0.000421
147  0.012005  0.032063  0.001172
148  -0.000083  0.009680  0.000094
149  -0.000795  -0.020746  0.000431
150  0.003605  0.032298  0.001056
151  0.013950  0.012456  0.000350
152  -0.035712  -0.020450  0.001694
153  0.023553  0.010227  0.000659
154  0.051695  0.009374  0.002760
155  -0.023520  -0.043845  0.002476
156  0.037587  0.005195  0.001440
157  0.054429  -0.016976  0.003251
158  -0.017395  0.017502  0.000609
159  -0.026615  -0.002929  0.000717
160  0.025830  -0.040409  0.002300
161  0.041150  0.071788  0.006847
162  0.009623  -0.033763  0.001233
163  0.007569  -0.018279  0.000391
164  0.064168  -0.012525  0.004274
165  0.043051  -0.041469  0.003573
166  -0.005894  -0.022709  0.000550
167  0.031763  0.018798  0.001362
168  -0.000245  -0.007333  0.000054
169  0.010964  0.023529  0.000674
170  0.000170  0.026696  0.000713
171  0.017860  -0.004395  0.000338
172  0.038126  0.012946  0.001621
173  0.052995  -0.004528  0.002829
174  0.042175  0.124951  0.017391
175  0.018713  -0.000888  0.000351
176  0.008669  0.017770  0.000391
177  0.030110  0.034006  0.002063
178  -0.032793  -0.023613  0.001633
179  0.005434  0.038609  0.001520
180  -0.009833  0.048153  0.002415
181  0.061469  -0.103970  0.014588
182  0.003227  -0.060070  0.003619
183  -0.008741  -0.016114  0.000336
184  -0.030123  0.043290  0.002781
185  0.043982  -0.020958  0.002374
186  0.015335  0.013439  0.000416
187  0.022523  0.026142  0.001191
188  -0.001835  0.006499  0.000046
189  -0.035310  0.022182  0.001739
190  0.066428  0.004938  0.004437
191  0.032727  0.003420  0.001083
192  0.009952  0.022750  0.000617
193  0.015091  -0.010263  0.000333
194  -0.084471  0.008380  0.007206
195  0.016374  0.011444  0.000399
196  -0.018167  0.039673  0.001904
197  0.018871  -0.001735  0.000359
198  0.044138  0.019543  0.002330
199  0.009475  0.006783  0.000136
200  -0.019402  -0.014395  0.000584
201  0.008420  0.012950  0.000239
202  0.062177  -0.031927  0.004885
203  0.010202  -0.017328  0.000404
204  0.013555  -0.032163  0.001218
205  0.019765  -0.002970  0.000399
206  -0.032870  -0.015053  0.001307
207  0.022641  0.020954  0.000952
208  0.026409  0.033535  0.001822
209  0.028926  0.032658  0.001903
210  0.038885  0.017820  0.001830
211  -0.054020  0.057111  0.006180
212  -0.023520  -0.004335  0.000572
213  -0.002546  -0.015416  0.000244
214  -0.006724  -0.011908  0.000187
215  -0.027589  -0.027820  0.001535
216  0.029229  0.021252  0.001306
217  -0.007452  0.013537  0.000239
218  -0.033825  0.001584  0.001147
219  0.019358  0.013960  0.000570
220  0.052807  0.075241  0.008450
221  -0.026563  -0.010353  0.000813
222  0.014193  -0.059331  0.003722
223  -0.013532  -0.006016  0.000219
224  -0.006753  0.056611  0.003250
225  0.023447  0.038563  0.002037
226  0.035785  0.007752  0.001341
227  0.020608  0.025256  0.001063
228  0.007805  -0.014212  0.000263
229  0.036683  0.015255  0.001578
230  0.012266  0.001549  0.000153
231  0.043201  -0.022189  0.002359
232  -0.088028  -0.007218  0.007801
233  -0.004776  0.006417  0.000064
234  0.020581  0.061034  0.004149
235  -0.004405  0.009695  0.000113
236  -0.003923  -0.014451  0.000224
237  -0.013958  0.028330  0.000997
238  0.049683  -0.021248  0.002920
239  -0.040931  -0.031448  0.002664
240  -0.050582  0.016878  0.002843
241  -0.010803  -0.019811  0.000509
242  0.029225  -0.020610  0.001279
243  0.028805  -0.013477  0.001011
244  0.067434  0.015084  0.004775
245  -0.006287  -0.072726  0.005329
246  0.013371  0.021207  0.000629
247  -0.038696  -0.015877  0.001749
248  -0.052659  0.031590  0.003771
249  0.067236  0.036146  0.005827
250  -0.012347  0.067216  0.004670
251  0.083490  0.031621  0.007970
252  0.003263  -0.002453  0.000017
253  -0.020166  0.024507  0.001007
254  0.000603  -0.013926  0.000194
255  -0.062012  -0.046515  0.006009
256  -0.002057  0.064733  0.004195
257  0.074168  -0.058508  0.008924
258  -0.059663  0.060027  0.007163
259  0.025841  -0.033966  0.001821
260  0.048498  -0.058221  0.005742
261  0.017517  0.022476  0.000812
262  0.005980  -0.011603  0.000170
263  0.078809  0.008065  0.006276
264  -0.018630  -0.005733  0.000380
265  0.008413  0.034854  0.001286
266  -0.034106  -0.029509  0.002034
267  0.031095  0.035047  0.002195
268  0.041910  -0.007647  0.001815
269  -0.005951  0.004913  0.000060
270  0.047323  0.005169  0.002266
271  0.022996  -0.058096  0.003904
272  -0.007414  0.047847  0.002344
273  0.006274  0.054095  0.002966
274  0.024508  -0.035892  0.001889
275  0.006148  -0.018342  0.000374
276  0.043561  -0.058671  0.005340
277  0.034074  -0.073650  0.006585
278  0.014320  0.016938  0.000492
279  0.017338  -0.037148  0.001681
280  0.030450  -0.016109  0.001187
281  -0.006102  0.040547  0.001681
282  0.063096  -0.036710  0.005329
283  0.026717  -0.047456  0.002966
284  0.021356  -0.029520  0.001328
285  0.005653  0.023310  0.000575
286  0.004006  -0.015887  0.000268
287  -0.001895  -0.020896  0.000440
288  -0.010448  0.007519  0.000166
289  0.025380  0.038665  0.002139
290  -0.013738  -0.014134  0.000389
291  -0.074107  0.010147  0.005595
292  0.039570  0.068297  0.006230
293  0.027028  -0.022983  0.001259
294  -0.063439  -0.003580  0.004037
295  -0.041190  -0.026028  0.002374
296  -0.019964  0.077039  0.006334
297  0.034696  -0.042530  0.003013
298  0.092020  0.023266  0.009009
299  -0.017745  0.043441  0.002202
300  0.038081  -0.053858  0.004351
301  0.030998  0.022859  0.001483
302  0.031709  -0.027143  0.001742
303  0.024001  0.001501  0.000578
304  -0.005297  0.021445  0.000488
305  -0.014057  0.036056  0.001498
306  -0.004432  0.051089  0.002630
307  0.007899  0.078573  0.006236
308  0.042351  -0.023867  0.002363
309  -0.046628  0.016666  0.002452
310  0.008175  0.035294  0.001313
311  0.058498  -0.045887  0.005528
312  -0.018859  -0.028672  0.001178
313  0.044083  0.039040  0.003467
314  -0.028365  -0.001768  0.000808
315  0.021063  0.024123  0.001026
316  0.093669  0.014490  0.008984
317  -0.040095  0.052046  0.004316
318  -0.014050  0.012616  0.000357
319  0.040474  -0.024836  0.002255
320  0.017236  -0.046891  0.002496
321  0.017000  0.014192  0.000490
322  0.047196  -0.021569  0.002693
323  -0.054048  0.016415  0.003191
324  0.038191  -0.005241  0.001486
325  0.006106  0.078732  0.006236
326  -0.004826  0.001768  0.000026
327  0.077414  -0.033958  0.007146
328  -0.008792  -0.008911  0.000157
329  -0.000558  0.001808  0.000004
330  -0.007333  0.064818  0.004255
331  -0.058834  -0.036457  0.004790
332  0.029152  -0.007695  0.000909
333  0.024490  0.000482  0.000600
334  -0.002941  0.009941  0.000107
335  0.027675  0.009409  0.000854
336  0.069427  -0.035806  0.006102
337  -0.006203  -0.047933  0.002336
338  0.030107  0.107704  0.012507
339  0.053379  0.010810  0.002966
340  -0.038711  -0.058847  0.004962
341  -0.048311  -0.001433  0.002336
342  -0.030150  -0.042805  0.002741
343  0.009567  0.016458  0.000362
344  0.084028  0.010380  0.007168
345  0.043729  0.006875  0.001959
346  -0.021635  -0.010590  0.000580
347  -0.009808  -0.038718  0.001595
348  0.020826  0.001430  0.000436
349  -0.019063  -0.029982  0.001262
350  -0.003701  -0.039654  0.001586
351  -0.023327  0.083057  0.007443
352  0.093080  -0.014485  0.008874
353  0.031791  0.003615  0.001024
354  0.088189  -0.013037  0.007947
355  0.039453  0.067105  0.006060
356  0.042038  -0.024603  0.002373
357  0.019057  -0.029996  0.001263
358  -0.049185  0.046249  0.004558
359  0.097340  -0.003649  0.009488
360  -0.031427  0.012460  0.001143
361  -0.063444  -0.069989  0.008924
362  0.006122  -0.039579  0.001604
363  -0.002934  0.094797  0.008995
364  -0.021760  0.080136  0.006895
365  -0.038536  0.033762  0.002625
366  0.027294  0.072291  0.005971
367  -0.060815  0.013253  0.003874
368  -0.035050  -0.000196  0.001229
369  0.039980  -0.090070  0.009711
370  0.043928  -0.033971  0.003084
371  -0.019996  0.129477  0.017164
372  -0.076401  0.001872  0.005841
373  0.066490  0.005354  0.004450
374  0.036424  0.013326  0.001504
375  0.052515  0.033294  0.003866
376  -0.060236  -0.068254  0.008287
377  -0.063367  -0.006454  0.004057
378  0.032660  -0.032092  0.002097
379  0.010010  0.008796  0.000178
380  -0.023229  0.021467  0.001000
381  0.012004  -0.016810  0.000427
382  -0.003668  0.039652  0.001586
383  -0.075396  0.051300  0.008316
384  -0.014094  -0.045630  0.002281
385  -0.001514  0.085390  0.007294
386  -0.051920  0.029528  0.003568
387  0.065275  -0.041692  0.005999
388  0.010819  0.041496  0.001839
389  0.048397  0.067791  0.006938
390  -0.025750  0.074880  0.006270
391  0.001050  0.006584  0.000044
392  -0.078356  0.019854  0.006534
393  -0.017076  0.030351  0.001213
394  -0.024431  -0.040288  0.002220
395  0.128175  -0.027625  0.017192
396  0.035316  -0.022349  0.001747
397  -0.055404  -0.086344  0.010525
398  0.017340  -0.014694  0.000517
399  0.026320  0.006581  0.000736
400  0.007428  0.022494  0.000561
401  -0.062113  -0.005607  0.003889
402  -0.004150  -0.039706  0.001594
403  0.005494  -0.038277  0.001495
404  -0.040788  0.027013  0.002393
405  -0.017532  0.021507  0.000770
406  -0.057947  0.034860  0.004573
407  0.035024  0.002217  0.001232
408  0.016073  -0.064626  0.004435
409  -0.000474  0.004752  0.000023
410  -0.015460  -0.010512  0.000350
411  0.047877  -0.024117  0.002874
412  0.035320  0.022210  0.001741
413  0.063738  -0.004230  0.004080
414  -0.015186  0.018595  0.000576
415  0.038650  -0.024860  0.002112
416  0.067052  -0.059520  0.008039
417  -0.003779  0.020348  0.000428
418  0.050925  0.049111  0.005005
419  0.038318  0.023007  0.001998
420  -0.050274  -0.055016  0.005554
421  -0.060915  -0.019213  0.004080
422  -0.003630  -0.045110  0.002048
423  -0.010242  -0.094960  0.009122
424  -0.049861  -0.056173  0.005642
425  -0.075933  -0.079121  0.012026
426  0.045385  0.025330  0.002701
427  -0.027202  -0.032794  0.001815
428  0.041894  0.091777  0.010178
429  0.187226  -0.046173  0.037185
430  -0.025832  0.041845  0.002418
431  0.006542  -0.035395  0.001296
432  0.016334  -0.011097  0.000390
433  -0.023868  0.012297  0.000721
434  0.048363  0.054625  0.005323
435  0.094346  -0.016102  0.009160
436  -0.022848  0.030283  0.001439
437  -0.020204  0.004450  0.000428
438  0.028898  0.037665  0.002254
439  -0.031141  0.041682  0.002707
440  0.008878  0.023511  0.000632
441  0.047850  -0.041436  0.004007
442  -0.008162  -0.063763  0.004132
443  -0.003797  0.031798  0.001026
444  0.059122  0.032165  0.004530
445  0.026206  -0.012657  0.000847
446  0.055602  0.058884  0.006559
447  0.101684  -0.001450  0.010342
448  -0.065768  0.015997  0.004581
449  0.071751  -0.109675  0.017177
450  -0.001613  0.085056  0.007237
451  0.041611  -0.040926  0.003406
452  -0.018841  0.014011  0.000551
453  0.023761  0.074108  0.006057
454  -0.025244  -0.028821  0.001468
455  0.030183  0.067865  0.005517
456  0.035440  -0.017514  0.001563
457  0.056642  -0.074047  0.008691
458  0.068661  0.126010  0.020593
459  -0.034715  0.010438  0.001314
460  0.074252  0.011173  0.005638
461  -0.012519  -0.039203  0.001694
462  0.091534  0.016123  0.008638
463  -0.129459  -0.067455  0.021310
464  -0.105623  0.101800  0.021520
465  -0.009914  0.026407  0.000796
466  -0.025771  -0.049671  0.003131
467  -0.006601  -0.042979  0.001891
468  -0.011465  -0.134160  0.018130
469  0.138045  -0.049370  0.021494
470  -0.021492  0.054235  0.003403
471  0.030093  -0.037043  0.002278
472  0.129993  -0.002887  0.016907
473  -0.044870  -0.061582  0.005806
474  0.027403  -0.070584  0.005733
475  -0.007857  0.028190  0.000856
476  0.057240  -0.094297  0.012168
477  0.018491  0.018147  0.000671
478  0.144472  -0.013517  0.021055
479  0.050097  0.082522  0.009320
480  0.108804  -0.031287  0.012817
481  0.003191  0.030862  0.000963
482  0.105867  0.003275  0.011219
483  -0.028771  -0.019754  0.001218
484  -0.075487  -0.074557  0.011257
485  0.047029  -0.055412  0.005282
486  0.074633  0.013985  0.005766
487  -0.017139  -0.023489  0.000845
488  -0.046125  -0.008781  0.002205
489  -0.049278  0.090446  0.010609
490  0.001266  -0.043852  0.001925
491  0.031629  0.067555  0.005564
492  0.017861  0.021684  0.000789
493  0.030209  -0.005064  0.000938
494  0.013012  -0.042229  0.001953
495  0.094025  -0.129044  0.025493
496  0.060635  0.097668  0.013216
497  -0.054835  0.034852  0.004222
498  -0.016344  0.036197  0.001577
499  0.019353  -0.198455  0.039759
500  0.002785  0.102740  0.010563
501  0.067148  -0.096741  0.013868
502  0.081252  0.105795  0.017794
503  0.006089  -0.021419  0.000496
504  0.084007  0.139311  0.026465
505  -0.031342  0.079327  0.007275
506  0.072421  0.049805  0.007725
507  0.106326  0.036677  0.012650
508  -0.081608  -0.104634  0.017608
509  -0.001244  -0.053256  0.002838
510  0.105471  0.075637  0.016845
511  0.036910  -0.066621  0.005801
512  0.086330  0.133961  0.025398
513  -0.125631  -0.007201  0.015835
514  -0.017004  -0.124621  0.015819
515  0.004307  -0.016748  0.000299
516  0.133242  -0.039193  0.019289
517  -0.066264  -0.029492  0.005261
518  -0.021177  -0.054580  0.003427
519  -0.067991  0.050140  0.007137
520  0.065006  0.004880  0.004250
521  0.071033  0.058867  0.008511
522  0.007079  -0.061092  0.003782
523  0.060005  0.130570  0.020649
524  -0.024720  0.023326  0.001155
525  -0.171404  0.167850  0.057553
526  -0.043095  -0.047143  0.004080
527  0.020338  0.063549  0.004452
528  -0.115333  -0.027219  0.014043
529  0.084276  0.055613  0.010195
530  0.083677  0.018515  0.007345
531  -0.023996  -0.079906  0.006961
532  0.076662  0.032683  0.006945
533  0.004297  0.008035  0.000083
534  -0.000379  0.072265  0.005222
535  -0.034489  -0.175182  0.031878
536  0.056843  -0.119230  0.017447
537  0.016088  0.031942  0.001279
538  -0.205368  -0.048618  0.044540
539  0.088846  -0.006368  0.007934
540  0.003210  -0.044273  0.001970
541  0.007680  0.098911  0.009842
542  0.083711  0.032580  0.008069
543  0.040291  -0.066256  0.006013
544  -0.045545  0.054395  0.005033
545  -0.011262  0.030498  0.001057
546  0.016377  0.002341  0.000274
547  0.067103  -0.068250  0.009161
548  -0.009647  -0.077332  0.006073
549  -0.028777  -0.116353  0.014366
550  0.058157  -0.022390  0.003884
551  -0.037204  -0.015001  0.001609
552  0.013872  0.053358  0.003040
553  -0.036807  -0.171321  0.030706
554  0.107713  -0.030774  0.012549
555  -0.019353  0.115362  0.013683
556  0.002690  -0.190509  0.036301
557  -0.047113  -0.096796  0.011589
558  -0.012546  -0.067911  0.004769
559  0.162774  -0.074788  0.032089
560  -0.017634  -0.008930  0.000391
561  -0.177801  0.011015  0.031734
562  -0.015686  -0.112469  0.012895
563  0.026547  -0.165146  0.027978
564  -0.010137  -0.080794  0.006630
565  0.164240  0.003927  0.026990
566  0.050494  -0.017112  0.002842
567  -0.096550  -0.013610  0.009507
568  -0.037210  -0.058734  0.004834
569  0.075959  -0.012818  0.005934
570  0.191159  -0.033676  0.037676
571  0.230996  0.065479  0.057647
572  -0.146842  0.168068  0.049809
573  -0.113549  -0.112020  0.025442
574  -0.037196  -0.066421  0.005795
575  0.048934  -0.004253  0.002413
576  0.139984  -0.073217  0.024956
577  0.214492  -0.091833  0.054440
578  0.018488  0.232984  0.054623
579  0.272006  -0.143053  0.094452
580  0.092012  0.115489  0.021804
581  0.004823  -0.022125  0.000513
582  0.100175  -0.058834  0.013496
583  -0.079659  0.033899  0.007495
584  -0.048922  0.012587  0.002552
585  -0.122853  0.002839  0.015101
586  0.053006  0.121932  0.017677
587  -0.043622  -0.167917  0.030099
588  0.069210  -0.040383  0.006421
589  0.076440  0.056807  0.009070
590  0.209994  0.056120  0.047247
591  -0.180957  0.041485  0.034466
592  0.133712  -0.085448  0.025180
593  0.053603  -0.246051  0.063414
594  -0.000594  -0.032691  0.001069
595  -0.040752  0.137563  0.020584
596  0.075679  0.191315  0.042329
597  -0.094085  0.077894  0.014919
598  -0.002089  0.175247  0.030716
599  -0.211461  0.008858  0.044794
600  0.048152  -0.097822  0.011888
601  -0.002879  -0.162333  0.026360
602  0.095089  -0.366749  0.143547
603  0.165542  0.016787  0.027686
604  0.099823  -0.182358  0.043219
605  -0.007336  0.014839  0.000274
606  0.011345  -0.201239  0.040626
607  0.160916  0.114359  0.038972
608  -0.119872  0.050768  0.016947
609  0.297227  0.055672  0.091443
610  -0.027970  0.256747  0.066701
611  0.057854  -0.025459  0.003995
612  0.020456  -0.066872  0.004890
613  0.173119  -0.008216  0.030038
614  -0.021355  0.333011  0.111352
615  0.223633  0.067457  0.054562
616  -0.062751  -0.028971  0.004777
617  -0.160350  0.103491  0.036422
618  0.163458  -0.027360  0.027467
619  0.169804  0.009527  0.028924
620  0.315848  0.113518  0.112646
621  0.039528  -0.242580  0.060407
622  -0.152367  -0.191969  0.060068
623  -0.033517  0.018587  0.001469
624  -0.142234  0.065134  0.024473
625  0.113335  -0.017545  0.013153
626  -0.099007  -0.047865  0.012093
627  -0.063054  -0.346146  0.123793
628  0.099377  0.066454  0.014292
629  -0.079064  0.168566  0.034666
630  0.125831  0.146318  0.037242
631  0.225019  -0.100868  0.060808
632  -0.117620  0.092914  0.022467
633  0.058762  0.070582  0.008435
634  0.211559  0.117990  0.058679
635  0.001907  -0.050481  0.002552
636  -0.096299  -0.348881  0.130992
637  -0.136088  -0.143268  0.039046
638  0.031464  0.088374  0.008800
639  -0.001362  -0.108100  0.011687
640  0.080682  -0.286274  0.088463
641  0.174506  -0.054403  0.033412
642  -0.038154  -0.143495  0.022046
643  0.242282  0.278295  0.136149
644  0.009507  0.218507  0.047836
645  0.116320  0.091188  0.021846
646  0.127664  -0.128237  0.032743
647  -0.098229  -0.044487  0.011628
648  0.152155  0.333606  0.134444
649  -0.062249  0.285829  0.085573
650  -0.065936  -0.032908  0.005430
651  -0.069852  0.023847  0.005448
652  -0.077512  -0.104545  0.016938
653  0.233028  -0.233451  0.108802
654  -0.059466  0.246481  0.064289
655  0.165121  -0.007270  0.027318
656  0.013309  0.045380  0.002237
657  -0.212848  0.194386  0.083090
658  0.038269  -0.258166  0.068114
659  0.202378  0.306791  0.135078
660  -0.179238  0.184774  0.066268
661  0.063793  0.061153  0.007809
662  0.144645  0.137981  0.039961
663  -0.001832  -0.015452  0.000242
664  0.088649  -0.288563  0.091127
665  -0.067488  0.103104  0.015185
666  0.141781  0.243285  0.079289
667  0.070850  -0.161167  0.030995
668  -0.064948  0.213359  0.049740
669  0.056954  -0.012569  0.003402
670  0.084696  -0.249972  0.069659
671  -0.195295  0.227152  0.089738
672  -0.486225  0.297785  0.325091
673  0.060781  -0.123977  0.019065
674  0.071072  0.043851  0.006974
675  -0.105066  -0.209815  0.055061
676  -0.054754  -0.388971  0.154296
677  -0.154688  0.150599  0.046608
678  -0.207942  0.125423  0.058971
679  0.030255  -0.149713  0.023329
680  -0.140337  0.221551  0.068779
681  -0.410161  0.062308  0.172114
682  0.017173  -0.192034  0.037172
683  0.207623  -0.004954  0.043132
684  -0.243787  0.361659  0.190229
685  -0.134500  -0.079604  0.024427
686  0.013140  0.188662  0.035766
687  0.141236  -0.145286  0.041056
688  -0.251539  -0.177885  0.094915
689  0.245311  -0.058360  0.063583
690  -0.279343  -0.065812  0.082364
691  -0.114497  -0.025780  0.013774
692  0.088717  -0.425222  0.188685
693  -0.254472  -0.080677  0.071265
694  0.201008  -0.461081  0.252999
695  0.158433  -0.221428  0.074131
696  0.019185  -0.259271  0.067589
697  0.001012  -0.312519  0.097669
698  0.052098  0.276181  0.078990
699  0.220048  -0.216930  0.095480
700  -0.181453  -0.146010  0.054244
701  0.477334  -0.138607  0.247060
702  0.151707  -0.109271  0.034955
703  -0.066663  -0.069103  0.009219
704  0.083824  -0.312780  0.104858
705  -0.146274  -0.117550  0.035214
706  0.605433  0.241486  0.424865
707  -0.121729  0.052780  0.017604
708  0.268873  0.326241  0.178726
709  0.398421  -0.020956  0.159178
710  0.466920  -0.155903  0.242320
711  0.074941  -0.036755  0.006967
712  0.217097  0.295537  0.134473
713  -0.027789  0.038366  0.002244
714  -0.417994  -0.008259  0.174787
715  -0.106828  -0.213542  0.057012
716  -0.303937  0.063112  0.096361
717  -0.268622  -0.000197  0.072158
718  -0.166043  0.051864  0.030260
719  0.160263  0.158190  0.050708
720  -0.245392  0.002502  0.060224
721  -0.305625  -0.234282  0.148295
722  0.502308  -0.081898  0.259020
723  0.140171  0.359995  0.149244
724  0.097127  0.132604  0.027018
725  0.489525  -0.503687  0.493335
726  -0.026123  -0.018899  0.001040
727  -0.177523  -0.235768  0.087101
728  0.095995  0.037821  0.010645
729  0.422597  -0.109675  0.190617
730  -0.479302  -0.036834  0.231087
731  0.272896  -0.100662  0.084605
732  -0.132945  0.132133  0.035133
733  -0.198632  -0.015592  0.039698
734  0.052094  -0.726702  0.530810
735  -0.174586  0.044325  0.032445
736  -0.098871  -0.163999  0.036671
737  0.223903  0.131471  0.067417
738  -0.170838  -0.186524  0.063977
739  -0.153899  0.220408  0.072264
740  0.167529  -0.494969  0.273060
741  -0.040030  0.449641  0.203779
742  -0.029085  -0.146113  0.022195
743  -0.019864  -0.182886  0.033842
744  0.193219  0.146063  0.058668
745  -0.071829  -0.480742  0.236272
746  -0.018464  -0.032134  0.001373
747  -0.158308  -0.267579  0.096660
748  -0.079142  0.502589  0.258860
749  -0.345021  -0.203461  0.160436
750  0.127536  0.307243  0.110664
751  0.492954  0.273723  0.317928
752  -0.414305  -0.414686  0.343614
753  -0.153193  -0.125654  0.039257
754  0.080730  -0.150954  0.029304
755  0.136112  -0.193565  0.055994
756  0.346747  0.035239  0.121475
757  0.341758  -0.564489  0.435447
758  -0.165456  0.279359  0.105417
759  -0.216080  0.202897  0.087858
760  0.230081  -0.133709  0.070815
761  0.486992  0.061033  0.240886
762  -0.277957  -0.147556  0.099033
763  -0.445272  0.207949  0.241510
764  -0.080278  0.080917  0.012992
765  0.201256  -0.327518  0.147772
766  -0.202943  0.259432  0.108491
767  -0.409892  0.186542  0.202809
768  -0.182261  -0.233292  0.087644
769  0.229029  -0.136511  0.071089
770  0.720383  -0.009448  0.519041
771  0.086545  -0.451980  0.211776
772  0.122415  -0.324305  0.120159
773  0.171992  -0.050867  0.032169
774  -0.068906  -0.056319  0.007920
775  0.359276  0.159347  0.154470
776  -0.237459  0.028366  0.057191
777  0.155513  0.186374  0.058920
778  -0.268159  -0.011606  0.072044
779  0.037955  -0.350033  0.123963
780  -0.075921  -0.077610  0.011787
781  -0.190419  0.198240  0.075558
782  0.271618  -0.157055  0.098443
783  0.272551  0.280617  0.153030
784  -0.352800  0.144297  0.145289
785  -0.049084  0.266133  0.073236
786  -0.216501  0.551763  0.351315
787  -0.171314  -0.312799  0.127191
788  -0.397908  -0.217240  0.205524
789  0.156029  -0.351252  0.147723
790  -0.325042  -0.226612  0.157006
791  0.016339  -0.334204  0.111959
792  0.612094  -0.030649  0.375598
793  0.437894  0.332646  0.302405
794  0.244933  0.079619  0.066332
795  -0.188669  0.269452  0.108200
796  -0.522745  0.236488  0.329188
797  -0.022049  0.534131  0.285782
798  0.200811  0.056496  0.043517
799  0.155036  -0.402215  0.185813
800  0.305693  0.382504  0.239757
801  0.452700  0.316154  0.304890
802  0.320016  -0.141403  0.122405
803  -0.464892  -0.073159  0.221476
804  0.515597  -0.099779  0.275796
805  -0.003184  0.346126  0.119813
806  0.317878  0.516256  0.367567
807  0.185828  0.384766  0.182577
808  0.169752  -0.039758  0.030396
809  0.300251  -0.112777  0.102870
810  0.064624  0.442574  0.200048
811  -0.005862  0.208317  0.043430
812  0.389252  0.373980  0.291378
813  -0.352336  0.161230  0.150136
814  -0.401091  -0.406387  0.326024
815  -0.072123  0.173540  0.035318
816  -0.681328  -0.441674  0.659283
817  0.364545  -0.011903  0.133035
818  -0.105439  0.533114  0.295328
819  -0.068312  0.232432  0.058691
820  -0.034693  -0.562867  0.318023
821  -0.053714  -0.002701  0.002893
822  -0.045752  -0.030951  0.003051
823  -0.438649  -0.274158  0.267575
824  0.397513  -0.067459  0.162568
825  0.056641  0.290662  0.087692
826  0.248750  0.252057  0.125409
827  -0.154427  0.304861  0.116788
828  -0.156808  0.668277  0.471183
829  0.131051  -0.024577  0.017778
830  0.031444  0.029589  0.001864
831  0.007969  0.068223  0.004718
832  0.146875  0.117581  0.035398
833  -0.226790  -0.035461  0.052691
834  0.360300  -0.123910  0.145170
835  -0.515119  -0.461873  0.478674
836  -0.234835  -0.026470  0.055848
837  0.179209  0.058286  0.035513
838  0.078375  -0.125523  0.021899
839  -0.478442  -0.143808  0.249587
840  -0.182586  -0.091843  0.041773
841  -0.154312  0.095226  0.032880
842  -0.070475  0.166301  0.032623
843  0.195151  -0.370994  0.175720
844  0.263889  -0.763766  0.652975
845  0.766343  -0.720652  1.106620
846  0.032190  0.437481  0.192426
847  -0.214155  -0.203650  0.087336
848  -0.305840  -0.110140  0.105669
849  0.002449  0.335644  0.112663
850  0.692857  0.484773  0.715056
851  0.101638  0.593543  0.362624
852  0.135536  0.419853  0.194647
853  0.451254  -0.414799  0.375689
854  -0.628681  -0.523049  0.668819
855  0.348459  0.070292  0.126364
856  0.119720  -0.191594  0.051041
857  0.428085  0.708226  0.684841
858  0.693595  0.539121  0.771725
859  -0.379338  -0.207895  0.187118
860  -0.380171  0.220659  0.193220
861  -0.168374  0.158789  0.053564
862  -0.138476  -0.027672  0.019941
863  0.641961  0.438077  0.604025
864  0.296103  -0.071939  0.092852
865  0.687172  -0.138813  0.491474
866  0.008305  -0.047531  0.002328
867  -0.003623  0.199118  0.039661
868  -0.873330  -0.444711  0.960473
869  0.096567  -1.008355  1.026106
870  -0.025211  0.332916  0.111469
871  0.233984  0.041242  0.056450
872  -0.739637  0.126775  0.563135
873  -0.230546  0.106678  0.064532
874  -0.085544  0.185335  0.041667
875  0.087156  -0.199795  0.047514
876  -0.445062  0.146279  0.219478
877  -0.305110  -0.031124  0.094061
878  0.050293  -0.108692  0.014343
879  -0.562951  -0.032258  0.317954
880  -0.072544  0.318972  0.107006
881  -0.106166  0.316995  0.111757
882  0.349917  0.338097  0.236752
883  0.029457  0.347269  0.121464
884  0.379555  0.095983  0.153275
885  -0.191294  0.176306  0.067677
886  0.182133  0.192547  0.070247
887  -0.449655  -0.268505  0.274284
888  -0.334615  -0.421534  0.289658
889  -0.122570  -0.036812  0.016379
890  0.243953  -0.250412  0.122219
891  -0.361114  0.212838  0.175703
892  0.639552  -0.552043  0.713778
893  0.128008  0.149733  0.038806
894  -0.197058  -0.899062  0.847144
895  0.432827  -0.358539  0.315889
896  -0.205402  -0.030151  0.043099
897  -0.397920  -0.132215  0.175821
898  -0.221292  -0.047202  0.051198
899  -0.169920  -0.685601  0.498921
900  -0.089663  -0.281371  0.087209
901  -0.181608  0.071247  0.038058
902  0.398929  -0.468823  0.378940
903  0.455338  -0.072054  0.212525
904  0.528205  0.272531  0.353274
905  -0.168591  -0.116565  0.042010
906  0.036690  -0.359023  0.130244
907  -0.194323  -0.140964  0.057632
908  -0.177062  0.418765  0.206715
909  -0.255955  0.000334  0.065513
910  0.794518  -0.636485  1.036372
911  -0.512228  0.271569  0.336127
912  -0.622384  0.153212  0.410836
913  0.579328  0.214469  0.381618
914  0.099372  -0.216206  0.056620
915  0.004799  0.490698  0.240808
916  -0.079532  0.155106  0.030383
917  0.026471  -0.156300  0.025130
918  0.176182  0.299355  0.120654
919  0.225019  0.089218  0.058593
920  0.563476  -0.135723  0.335926
921  -0.102563  0.350810  0.133587
922  -0.294461  -0.314739  0.185768
923  -0.163750  0.463576  0.241716
924  -0.096220  0.047158  0.011482
925  -0.458487  -0.227036  0.261756
926  -0.028836  -0.352452  0.125054
927  0.192008  -0.522891  0.310282
928  -0.164785  0.199734  0.067048
929  -0.404282  -0.521872  0.435794
930  -0.086018  -0.238634  0.064346
931  -1.036576  0.454068  1.280667
932  -0.180198  -0.297435  0.120939
933  0.178686  0.006306  0.031969
934  -0.949951  0.298996  0.991806
935  0.300306  -0.134968  0.108400
936  0.190250  0.312505  0.133854
937  -0.627498  -0.426260  0.575451
938  0.292442  -0.418235  0.260443
939  0.507714  -0.172380  0.287488
940  0.645624  -0.077486  0.422835
941  -0.086778  0.168477  0.035915
942  -1.005660  -0.294431  1.098042
943  0.464693  0.592012  0.566418
944  -0.534982  0.619006  0.669374
945  -0.253264  -0.715540  0.576139
946  0.133041  -0.033527  0.018824
947  0.614146  0.906397  1.198730
948  0.164675  -0.405640  0.191662
949  0.226165  0.495372  0.296544
950  0.593086  -0.040787  0.353414
951  -0.052012  -0.585754  0.345813
952  0.001735  -0.398113  0.158497
953  0.752395  0.165731  0.593565
954  -0.013875  -0.171476  0.029596
955  0.073091  -0.219521  0.053532
956  0.265994  -0.410789  0.239500
957  0.277172  -0.009126  0.076908
958  0.271497  -0.174472  0.104151
959  0.004144  0.460975  0.212515
960  -0.801879  -0.495314  0.888346
961  -0.449355  -0.418286  0.376883
962  -0.006820  0.523183  0.273767
963  -0.115381  0.191823  0.050109
964  0.048103  -0.000713  0.002314
965  0.587876  0.061294  0.349355
966  0.265819  -0.861190  0.812307
967  0.514354  -0.309511  0.360358
968  0.745693  -0.225578  0.606944
969  -0.527905  -0.033561  0.279810
970  -0.331729  0.121954  0.124917
971  0.320030  0.771094  0.697006
972  -0.596492  -0.199820  0.395731
973  -0.632286  0.204272  0.441512
974  -0.353968  -0.017000  0.125582
975  -0.047067  -0.214549  0.048247
976  -0.474605  -0.062405  0.229145
977  0.304561  -0.078294  0.098888
978  0.105799  -0.813613  0.673160
979  0.547546  0.077533  0.305818
980  0.203186  0.174688  0.071800
981  -0.486818  -0.681263  0.701111
982  0.274864  -0.220377  0.124116
983  -0.139721  0.266462  0.090524
984  -0.494730  -0.238307  0.301548
985  -0.583770  -0.319457  0.442840
986  -0.123243  -0.352510  0.139452
987  -0.090239  0.188900  0.043826
988  -0.292132  0.132029  0.102773
989  -0.190685  -0.414089  0.207831
990  0.332219  -0.093948  0.119196
991  -0.172977  0.428585  0.213606
992  0.169492  0.455535  0.236240
993  -0.053621  0.349896  0.125303
994  -0.098191  0.279033  0.087501
995  -0.370504  0.470392  0.358542
996  0.231719  -0.638033  0.460780
997  0.654723  0.330587  0.537950
998  0.109319  -0.101468  0.022246
999  -0.024074  -0.133601  0.018429
1000  0.548440  0.039409  0.302339
1001  0.288105  -0.068214  0.087658
1002  0.294958  0.013291  0.087177
1003  0.054834  0.057894  0.006359
1004  0.425569  -0.163311  0.207779
1005  -0.337384  -0.213848  0.159559
1006  0.645642  -0.512656  0.679670
1007  0.538917  0.062317  0.294315
1008  -0.190829  -0.238800  0.093441
1009  -0.758443  -0.333420  0.686405
1010  -0.137049  0.481133  0.250271
1011  -0.292623  0.192926  0.122849
1012  0.518992  0.494013  0.513402
1013  0.357679  -0.239130  0.185118
1014  0.447242  -0.384128  0.347580
1015  -0.812776  0.410766  0.829334
1016  0.200877  -0.439594  0.233595
1017  -0.049720  0.789436  0.625682
1018  0.485966  0.326873  0.343008
1019  -0.119196  -0.254258  0.078855
1020  -0.137967  0.068030  0.023663
1021  -0.005482  -0.500972  0.251003
1022  -0.223208  -0.590076  0.398012
1023  0.006719  -0.523654  0.274259
1024  -0.242816  -0.409590  0.226724
1025  -0.228428  0.077710  0.058218
1026  0.302288  -0.565836  0.411548
1027  -0.292655  0.274852  0.161190
1028  0.164781  -0.021401  0.027611
1029  0.348015  0.723779  0.644970
1030  0.412133  -0.607351  0.538728
1031  -0.307919  0.214495  0.140822
1032  0.055318  0.306897  0.097246
1033  -0.079927  0.041653  0.008123
1034  -0.143408  0.265924  0.091282
1035  -0.128362  -0.299194  0.105994
1036  0.248109  0.028896  0.062393
1037  0.224049  -0.002883  0.050206
1038  -0.223428  0.445378  0.248282
1039  -0.034260  -0.413719  0.172338
1040  -0.172188  -0.772478  0.626372
1041  0.222269  0.027892  0.050181
1042  -0.092826  0.012507  0.008773
1043  -0.358366  -0.027552  0.129185
1044  0.311140  0.174536  0.127271
1045  0.163154  0.124038  0.042004
1046  -0.006715  -0.378175  0.143062
1047  0.108235  -0.103274  0.022380
1048  0.334123  -0.293282  0.197653
1049  -0.087058  -0.126281  0.023526
1050  -0.163610  0.122747  0.041835
1051  -0.368915  -0.315089  0.235380
1052  0.173231  -0.045054  0.032039
1053  0.275504  -0.218698  0.123732
1054  0.141211  0.027228  0.020682
1055  0.216168  0.323340  0.151278
1056  -0.196257  -0.124329  0.053975
1057  -0.015619  0.375330  0.141117
1058  0.574667  0.253278  0.394392
1059  0.069796  0.181460  0.037799
1060  0.033163  0.082378  0.007886
1061  0.095759  -0.228404  0.061338
1062  -0.029984  0.278569  0.078500
1063  -0.174320  0.081805  0.037080
1064  -0.087720  0.018789  0.008048
1065  0.008307  0.234598  0.055105
1066  0.460470  -0.043724  0.213945
1067  -0.065333  0.148166  0.026222
1068  0.037750  0.470076  0.222397
1069  -0.413855  -0.092459  0.179824
1070  -0.113648  -0.090740  0.021150
1071  -0.548421  0.365483  0.434343
1072  0.274524  0.317718  0.176309
1073  0.395329  0.017249  0.156583
1074  -0.002722  0.135978  0.018497
1075  0.223414  0.152198  0.073078
1076  0.140038  -0.248823  0.081523
1077  -0.040705  -0.265848  0.072332
1078  0.254131  -0.251381  0.127775
1079  0.193488  -0.150010  0.059941
1080  0.262023  0.062967  0.072621
1081  -0.418548  0.102269  0.185641
1082  0.004380  0.335880  0.112835
1083  -0.075011  -0.159646  0.031113
1084  -0.288851  -0.132263  0.100929
1085  0.069874  0.019210  0.005251
1086  -0.198024  0.151713  0.062230
1087  -0.043256  0.177085  0.033230
1088  -0.064714  -0.197537  0.043209
1089  -0.004081  0.402422  0.161961
1090  -0.466111  -0.169276  0.245914
1091  -0.194671  0.053217  0.040729
1092  -0.481952  0.245921  0.292754
1093  -0.184458  -0.098736  0.043774
1094  -0.263212  0.158682  0.094460
1095  -0.495883  0.070262  0.250836
1096  -0.046352  0.114796  0.015326
1097  0.283493  0.084806  0.087561
1098  0.047196  -0.046138  0.004356
1099  0.217283  -0.165771  0.074692
1100  0.099177  -0.128900  0.026451
1101  -0.068216  -0.165284  0.031972
1102  -0.211681  -0.255066  0.109867
1103  0.330289  0.023422  0.109639
1104  0.126917  -0.114972  0.029326
1105  0.084758  0.184379  0.041180
1106  -0.176814  0.248695  0.093112
1107  0.064242  0.285310  0.085529
1108  -0.111242  0.412583  0.182600
1109  0.131812  -0.191800  0.054162
1110  -0.214203  0.193769  0.083429
1111  -0.542023  0.167604  0.321880
1112  -0.215243  -0.108821  0.058171
1113  0.030166  0.463926  0.216137
1114  0.029512  -0.137958  0.019903
1115  0.028794  -0.466772  0.218705
1116  -0.006733  -0.173707  0.030220
1117  0.331881  -0.001657  0.110147
1118  -0.195485  -0.160620  0.064013
1119  -0.065304  -0.307158  0.098611
1120  0.243959  -0.206184  0.102028
1121  0.047333  -0.059961  0.005836
1122  0.232132  -0.014650  0.054100
1123  0.182521  -0.028056  0.034101
1124  0.074651  -0.059495  0.009112
1125  -0.217727  -0.351339  0.170844
1126  -0.324644  -0.193561  0.142860
1127  -0.121030  0.323812  0.119502
1128  -0.039362  -0.150313  0.024143
1129  0.441125  0.253145  0.258674
1130  0.338431  0.046807  0.116726
1131  -0.050341  0.141786  0.022637
1132  -0.303586  0.193601  0.129645
1133  -0.153968  -0.358334  0.152109
1134  -0.131912  -0.063398  0.021420
1135  -0.080250  0.275235  0.082194
1136  -0.118697  -0.072003  0.019273
1137  -0.022886  -0.273156  0.075138
1138  -0.043052  0.107662  0.013445
1139  0.095486  0.140646  0.028899
1140  -0.089513  -0.186484  0.042789
1141  0.187983  0.205217  0.077452
1142  0.002056  0.170529  0.029084
1143  -0.120437  -0.000229  0.014505
1144  0.104832  0.240651  0.068903
1145  0.315468  -0.124908  0.115122
1146  0.251122  0.052265  0.065794
1147  0.213816  -0.388570  0.196704
1148  0.247769  0.108312  0.073121
1149  0.223156  0.113422  0.062663
1150  0.010593  0.077105  0.006057
1151  -0.047185  0.190336  0.038454
1152  -0.203264  -0.242798  0.100267
1153  0.128350  0.082182  0.023228
1154  -0.336766  0.057718  0.116743
1155  0.012067  0.189035  0.035880
1156  -0.532205  0.204410  0.325025
1157  -0.263893  0.165985  0.097190
1158  0.265197  -0.150464  0.092969
1159  0.071137  -0.023164  0.005597
1160  0.013097  -0.243628  0.059526
1161  0.146986  0.018195  0.021936
1162  0.136998  -0.022418  0.019271
1163  -0.246151  0.152997  0.083998
1164  0.088093  -0.137521  0.026672
1165  -0.174315  0.091814  0.038816
1166  -0.031452  -0.025448  0.001637
1167  -0.148509  -0.039371  0.023605
1168  0.129868  0.221225  0.065806
1169  0.010334  -0.086335  0.007561
1170  -0.104644  -0.206437  0.053566
1171  -0.080653  0.111972  0.019043
1172  -0.062988  0.070312  0.008911
1173  0.094181  0.244421  0.068612
1174  0.123420  -0.071987  0.020415
1175  -0.131104  -0.121075  0.031848
1176  -0.375221  -0.073344  0.146170
1177  -0.153022  0.296726  0.111462
1178  0.038802  0.001956  0.001509
1179  -0.034974  0.091775  0.009646
1180  -0.030784  0.097797  0.010512
1181  0.114560  0.091041  0.021412
1182  0.022483  0.308971  0.095968
1183  0.185895  0.046348  0.036705
1184  0.178520  -0.178294  0.063658
1185  -0.054321  0.227299  0.054616
1186  0.060910  0.134310  0.021749
1187  -0.085990  0.031890  0.008411
1188  -0.177482  0.186743  0.066373
1189  0.249162  0.123136  0.077244
1190  -0.039505  -0.046814  0.003752
1191  0.110778  -0.080706  0.018785
1192  0.113392  -0.198639  0.052315
1193  0.090675  0.189952  0.044304
1194  0.173137  0.164627  0.057079
1195  -0.074138  0.039302  0.007041
1196  0.067290  0.048174  0.006849
1197  0.015911  0.112654  0.012944
1198  0.174908  -0.229269  0.083157
1199  0.093561  0.067722  0.013340
1200  -0.063516  0.128189  0.020467
1201  0.089977  0.044030  0.010034
1202  0.209566  -0.007910  0.043981
1203  -0.079361  -0.211325  0.050957
1204  0.065369  -0.145695  0.025500
1205  0.108052  -0.270956  0.085093
1206  -0.227324  0.148063  0.073599
1207  0.232050  0.111690  0.066322
1208  -0.078629  -0.110520  0.018397
1209  -0.102281  -0.261192  0.078683
1210  -0.154695  0.105865  0.035138
1211  0.109790  -0.019278  0.012425
1212  0.046156  -0.094773  0.011112
1213  0.193164  -0.047034  0.039525
1214  0.027519  -0.129752  0.017593
1215  -0.041602  -0.115548  0.015082
1216  -0.187417  0.082405  0.041916
1217  -0.237298  0.183931  0.090141
1218  -0.026866  -0.060579  0.004392
1219  -0.187415  -0.041325  0.036832
1220  0.030674  0.030817  0.001891
1221  -0.127806  -0.087596  0.024007
1222  -0.056837  0.139724  0.022753
1223  -0.079814  0.178280  0.038154
1224  0.062518  -0.041259  0.005611
1225  0.105175  0.058848  0.014525
1226  -0.160766  0.069429  0.030666
1227  -0.163800  -0.136462  0.045452
1228  -0.092555  -0.016199  0.008829
1229  -0.001535  0.175888  0.030939
1230  0.064983  0.037281  0.005613
1231  0.071180  0.013693  0.005254
1232  -0.130531  0.051303  0.019670
1233  0.019760  0.052940  0.003193
1234  0.059604  -0.109547  0.015553
1235  -0.167352  -0.005214  0.028034
1236  -0.092728  -0.170105  0.037534
1237  -0.092600  0.118487  0.022614
1238  0.121557  -0.019225  0.015146
1239  0.039287  -0.039026  0.003066
1240  -0.028546  -0.015133  0.001044
1241  0.126020  0.119148  0.030077
1242  0.106568  0.057848  0.014703
1243  0.076986  -0.090487  0.014115
1244  -0.165335  0.102455  0.037833
1245  0.110742  -0.031955  0.013285
1246  0.064681  0.097907  0.013769
1247  0.143107  0.235647  0.076009
1248  -0.048183  0.083708  0.009329
1249  0.147067  0.079372  0.027929
1250  0.135783  0.270898  0.091822
1251  -0.013084  0.041398  0.001885
1252  0.093311  -0.080367  0.015166
1253  0.069340  0.168679  0.033261
1254  -0.068528  0.049649  0.007161
1255  -0.078688  -0.118839  0.020314
1256  0.003165  0.104839  0.011001
1257  -0.103275  0.145663  0.031883
1258  -0.055644  0.072080  0.008292
1259  0.120039  0.130389  0.031411
1260  -0.004949  0.081911  0.006734
1261  0.034482  0.034768  0.002398
1262  0.016038  0.188811  0.035907
1263  0.150095  -0.249490  0.084774
1264  -0.043554  -0.242530  0.060718
1265  0.019208  0.013852  0.000561
1266  -0.065257  -0.050310  0.006790
1267  0.128499  0.123782  0.031834
1268  0.179713  -0.037158  0.033678
1269  -0.065368  0.110305  0.016440
1270  0.172286  -0.040844  0.031351
1271  0.067850  -0.057090  0.007863
1272  0.080964  -0.070913  0.011584
1273  0.074714  0.079817  0.011953
1274  0.107414  0.059543  0.015083
1275  0.074577  0.019628  0.005947
1276  -0.040304  -0.079681  0.007973
1277  0.033591  0.068859  0.005870
1278  -0.036404  0.042265  0.003112
1279  0.004043  -0.098352  0.009690
1280  -0.104770  0.073755  0.016417
1281  0.067610  0.103876  0.015361
1282  0.054271  0.081779  0.009633
1283  -0.116427  -0.002971  0.013564
1284  0.124522  0.188081  0.050880
1285  -0.014307  -0.004489  0.000225
1286  -0.078072  -0.014098  0.006294
1287  -0.095274  -0.033362  0.010190
1288  -0.017627  0.053763  0.003201
1289  0.121247  0.054961  0.017721
1290  -0.159811  0.097186  0.034985
1291  -0.095733  0.057453  0.012466
1292  -0.092332  0.029694  0.009407
1293  -0.077355  0.006664  0.006028
1294  -0.006218  0.086007  0.007436
1295  0.058812  -0.007027  0.003508
1296  -0.145563  0.067155  0.025698
1297  0.124459  0.159793  0.041024
1298  0.015450  -0.036851  0.001597
1299  -0.057867  -0.015176  0.003579
1300  0.027974  0.065755  0.005106
1301  0.031767  -0.060760  0.004701
1302  0.055575  -0.087865  0.010809
1303  0.030996  0.018305  0.001296
1304  -0.070705  0.011739  0.005137
1305  0.082261  0.046611  0.008939
1306  0.105964  0.114179  0.024265
1307  -0.034095  -0.111894  0.013683
1308  0.009070  -0.137783  0.019066
1309  -0.080330  0.102213  0.016900
1310  -0.017177  -0.092590  0.008868
1311  0.018940  0.044912  0.002376
1312  -0.010170  0.053449  0.002960
1313  -0.048482  0.094694  0.011317
1314  0.008877  -0.005856  0.000113
1315  0.095517  0.043568  0.011022
1316  -0.019029  0.042168  0.002140
1317  -0.082934  -0.045716  0.008968
1318  -0.043755  0.069242  0.006709
1319  0.014137  0.035239  0.001442
1320  0.002095  -0.003304  0.000015
1321  0.094513  0.035658  0.010204
1322  0.003175  -0.100273  0.010065
1323  0.019860  0.076142  0.006192
1324  -0.096892  -0.088838  0.017280
1325  0.050105  0.011830  0.002650
1326  0.024567  -0.016072  0.000862
1327  -0.077825  0.013032  0.006227
1328  0.000385  0.029754  0.000885
1329  0.042386  0.001922  0.001800
1330  -0.054711  -0.005468  0.003023
1331  0.111902  0.052949  0.015326
1332  0.125979  -0.020472  0.016290
1333  -0.041860  -0.118700  0.015842
1334  -0.059567  -0.088576  0.011394
1335  -0.003608  0.037728  0.001436
1336  0.034581  -0.160110  0.026831
1337  0.026191  -0.045167  0.002726
1338  -0.024594  -0.097421  0.010096
1339  -0.048936  -0.049409  0.004836
1340  0.145635  0.027761  0.021980
1341  -0.006646  -0.100994  0.010244
1342  0.121976  0.062652  0.018803
1343  -0.022755  -0.037171  0.001900
1344  -0.053361  0.092912  0.011480
1345  -0.014037  -0.022278  0.000693
1346  0.070843  0.094725  0.013992
1347  -0.019154  0.040738  0.002026
1348  0.005594  0.175835  0.030949
1349  0.025002  0.055703  0.003728
1350  0.024101  0.008042  0.000646
1351  0.039213  0.018942  0.001896
1352  0.048958  0.076495  0.008248
1353  -0.048193  -0.049499  0.004773
1354  0.066283  -0.055261  0.007447
1355  -0.023840  0.073091  0.005911
1356  0.013423  0.033839  0.001325
1357  0.052147  0.015789  0.002969
1358  0.049944  -0.063512  0.006528
1359  -0.052226  0.004280  0.002746
1360  -0.014398  0.057364  0.003498
1361  0.016142  0.029978  0.001159
1362  0.005054  0.064576  0.004196
1363  -0.015287  -0.011000  0.000355
1364  0.051584  0.010727  0.002776
1365  -0.038635  0.017544  0.001800
1366  0.078335  0.002984  0.006145
1367  -0.028312  -0.007045  0.000851
1368  0.030345  0.065493  0.005210
1369  0.046958  -0.010019  0.002305
1370  -0.040153  -0.094634  0.010568
1371  0.052317  0.002241  0.002742
1372  0.049734  -0.019607  0.002858
1373  -0.118722  -0.017092  0.014387
1374  0.001544  0.043373  0.001884
1375  -0.013626  -0.073523  0.005591
1376  -0.030694  0.020027  0.001343
1377  0.031922  0.043546  0.002915
1378  0.066062  -0.009911  0.004462
1379  -0.051311  0.028032  0.003419
1380  -0.002078  0.028002  0.000788
1381  0.060765  -0.003081  0.003702
1382  -0.104283  0.037888  0.012310
1383  -0.027540  0.095903  0.009956
1384  0.074308  -0.017700  0.005835
1385  0.020549  0.012893  0.000588
1386  -0.033175  -0.047394  0.003347
1387  0.054981  -0.007145  0.003074
1388  -0.012938  0.032422  0.001219
1389  0.005965  0.101405  0.010319
1390  0.030912  -0.085339  0.008238
1391  -0.088693  0.043103  0.009724
1392  0.087375  -0.039423  0.009188
1393  0.071159  -0.009994  0.005164
1394  -0.027640  0.032826  0.001842
1395  -0.015167  0.009828  0.000327
1396  -0.090379  0.048470  0.010518
1397  -0.041291  -0.010311  0.001811
1398  -0.019932  0.035642  0.001668
1399  -0.045712  -0.005220  0.002117
1400  0.047585  0.136813  0.020982
1401  -0.015130  0.005972  0.000265
1402  -0.032670  -0.012565  0.001225
1403  -0.041233  0.038416  0.003176
1404  0.008521  0.083438  0.007035
1405  0.065411  -0.026328  0.004972
1406  -0.015247  -0.000367  0.000233
1407  0.021656  -0.020320  0.000882
1408  -0.004767  0.092691  0.008614
1409  -0.052496  -0.022617  0.003267
1410  -0.017446  0.017385  0.000607
1411  0.009435  0.022117  0.000578
1412  -0.078481  -0.000925  0.006160
1413  0.075753  0.023815  0.006306
1414  0.041554  0.036488  0.003058
1415  0.063598  0.040987  0.005725
1416  -0.035912  -0.035690  0.002563
1417  0.056415  -0.038863  0.004693
1418  -0.073251  -0.023697  0.005927
1419  0.003939  0.090559  0.008216
1420  -0.011938  0.005511  0.000173
1421  -0.041962  0.004929  0.001785
1422  -0.027943  -0.074009  0.006258
1423  0.023040  0.047289  0.002767
1424  0.107884  0.011857  0.011780
1425  0.000125  0.019751  0.000390
1426  0.020448  0.047177  0.002644
1427  -0.013987  0.053783  0.003088
1428  -0.058539  0.026953  0.004153
1429  0.020210  0.023387  0.000955
1430  -0.033127  0.079776  0.007462
1431  -0.023342  0.051288  0.003175
1432  0.011582  0.025833  0.000801
1433  -0.012152  0.019968  0.000546
1434  -0.044366  0.013310  0.002146
1435  0.009727  -0.017535  0.000402
1436  0.039798  -0.013879  0.001776
1437  0.028582  -0.011251  0.000944
1438  0.000382  0.012689  0.000161
1439  -0.002130  0.010165  0.000108
1440  -0.053900  0.043378  0.004787
1441  0.014255  0.053410  0.003056
1442  0.006597  -0.033928  0.001195
1443  0.016990  0.042747  0.002116
1444  -0.040570  -0.001272  0.001648
1445  -0.046758  0.055472  0.005263
1446  -0.045556  -0.009934  0.002174
1447  0.047578  -0.034151  0.003430
1448  0.021176  -0.038275  0.001913
1449  0.005010  -0.000337  0.000025
1450  -0.008769  0.039636  0.001648
1451  -0.036364  -0.061147  0.005061
1452  0.023051  0.026238  0.001220
1453  0.030993  -0.012129  0.001108
1454  0.062057  -0.020673  0.004278
1455  -0.017651  0.046410  0.002465
1456  -0.010782  -0.030729  0.001061
1457  0.025874  0.026225  0.001357
1458  -0.013351  -0.005137  0.000205
1459  -0.063149  0.015167  0.004218
1460  -0.055197  -0.001376  0.003049
1461  0.064918  -0.004126  0.004231
1462  0.024614  -0.056917  0.003845
1463  0.032578  -0.040099  0.002669
1464  0.039390  0.001012  0.001553
1465  0.000530  0.011841  0.000140
1466  -0.030054  0.013567  0.001087
1467  0.000204  0.104966  0.011018
1468  0.020621  0.034893  0.001643
1469  -0.026372  0.011978  0.000839
1470  -0.034305  -0.008206  0.001244
1471  0.039658  0.001261  0.001574
1472  0.040401  0.055619  0.004726
1473  0.029586  -0.011903  0.001017
1474  0.022109  0.031393  0.001474
1475  0.028806  0.030903  0.001785
1476  -0.038084  0.025624  0.002107
1477  0.039992  0.084247  0.008697
1478  0.005621  0.003539  0.000044
1479  0.100549  -0.019335  0.010484
1480  -0.030704  0.012836  0.001107
1481  -0.009201  0.015148  0.000314
1482  0.026710  0.024370  0.001307
1483  -0.008222  0.024414  0.000664
1484  -0.094552  -0.045925  0.011049
1485  -0.001080  -0.023512  0.000554
1486  0.028064  0.027228  0.001529
1487  0.022958  0.111267  0.012907
1488  -0.010838  0.058436  0.003532
1489  0.022584  0.006002  0.000546
1490  -0.035612  0.033759  0.002408
1491  -0.036594  -0.026053  0.002018
1492  -0.013833  -0.003725  0.000205
1493  -0.035262  -0.011844  0.001384
1494  0.002313  0.005840  0.000039
1495  0.033445  0.002280  0.001124
1496  -0.067777  0.062528  0.008504
1497  0.013703  0.091363  0.008535
1498  0.033416  0.005139  0.001143
1499  0.005266  -0.004520  0.000048
1500  -0.005936  0.009031  0.000117
1501  0.048620  0.008970  0.002444
1502  0.012088  -0.015033  0.000372
1503  -0.012976  -0.030795  0.001117
1504  0.053842  -0.049045  0.005304
1505  -0.002587  -0.062257  0.003883
1506  -0.018566  0.033758  0.001484
1507  -0.002848  0.034808  0.001220
1508  -0.063252  0.082596  0.010823
1509  -0.028925  -0.006116  0.000874
1510  0.050717  0.059237  0.006081
1511  0.059200  0.082794  0.010360
1512  0.028968  0.052955  0.003643
1513  -0.034948  0.031297  0.002201
1514  0.091537  0.037028  0.009750
1515  -0.018250  0.020800  0.000766
1516  0.008642  -0.031774  0.001084
1517  -0.011435  0.018409  0.000470
1518  0.026375  0.063771  0.004762
1519  -0.043806  0.018782  0.002272
1520  0.006159  -0.013886  0.000231
1521  0.020359  0.042107  0.002187
1522  0.038204  -0.002213  0.001464
1523  -0.039821  0.016646  0.001863
1524  0.001015  -0.007653  0.000060
1525  0.014452  0.023015  0.000739
1526  0.029337  0.009928  0.000959
1527  0.027727  -0.002342  0.000774
1528  0.028405  0.079111  0.007065
1529  -0.003089  0.029461  0.000877
1530  -0.068621  0.003233  0.004719
1531  0.007108  0.008650  0.000125
1532  -0.017792  0.005198  0.000344
1533  -0.027807  0.064556  0.004941
1534  -0.026963  0.033395  0.001842
1535  0.037908  -0.016421  0.001707
1536  0.038414  0.024070  0.002055
1537  -0.014984  -0.035672  0.001497
1538  -0.013009  0.010814  0.000286
1539  0.027466  -0.004576  0.000775
1540  0.005787  -0.025612  0.000689
1541  0.042717  0.099001  0.011626
1542  0.001983  -0.009669  0.000097
1543  0.002968  -0.007027  0.000058
1544  -0.065330  0.018689  0.004617
1545  0.028621  0.025436  0.001466
1546  0.002149  -0.007975  0.000068
1547  -0.023361  0.042288  0.002334
1548  0.014660  0.028252  0.001013
1549  -0.068929  0.013999  0.004947
1550  0.007786  -0.001264  0.000062
1551  0.052389  0.061539  0.006532
1552  0.020387  -0.002584  0.000422
1553  -0.051987  0.037100  0.004079
1554  -0.001955  0.034357  0.001184
1555  -0.027514  0.000954  0.000758
1556  0.004878  -0.107775  0.011639
1557  0.069747  -0.032451  0.005918
1558  0.035571  0.060247  0.004895
1559  -0.030185  0.032581  0.001973
1560  0.013242  -0.021957  0.000657
1561  -0.004662  0.008259  0.000090
1562  -0.028147  0.030871  0.001745
1563  0.072437  0.013038  0.005417
1564  0.029742  0.046968  0.003091
1565  0.000367  0.014701  0.000216
1566  0.019218  0.004453  0.000389
1567  -0.080139  -0.034886  0.007639
1568  -0.004933  0.080634  0.006526
1569  -0.046974  -0.001971  0.002210
1570  0.000223  -0.030685  0.000942
1571  0.054744  0.016294  0.003262
1572  0.058661  -0.050993  0.006041
1573  0.078087  0.006756  0.006143
1574  -0.003021  0.039100  0.001538
1575  0.012054  0.041437  0.001862
1576  0.003360  0.065952  0.004361
1577  -0.023196  0.024186  0.001123
1578  0.011833  -0.003839  0.000155
1579  0.056607  0.023393  0.003752
1580  0.040503  0.010526  0.001751
1581  0.034973  -0.051414  0.003866
1582  0.008595  0.012204  0.000223
1583  0.020839  -0.025870  0.001103
1584  -0.052656  -0.023561  0.003328
1585  -0.018193  -0.053052  0.003146
1586  0.038696  0.027688  0.002264
1587  0.016568  -0.050897  0.002865
1588  -0.013558  0.057164  0.003452
1589  0.062400  -0.041318  0.005601
1590  -0.018268  -0.003374  0.000345
1591  0.039738  0.044798  0.003586
1592  0.016556  0.036208  0.001585
1593  -0.020207  -0.003134  0.000418
1594  0.007394  -0.021780  0.000529
1595  0.013718  0.018017  0.000513
1596  -0.008122  0.036534  0.001401
1597  0.002236  0.027253  0.000748
1598  0.057654  -0.005985  0.003360
1599  -0.011495  0.042178  0.001911
1600  -0.016507  -0.013815  0.000463
1601  -0.037983  0.057525  0.004752
1602  0.019024  0.017525  0.000669
1603  0.000124  0.017530  0.000307
1604  -0.039638  0.062447  0.005471
1605  -0.005091  0.000832  0.000027
1606  -0.040321  0.031179  0.002598
1607  0.053593  0.023822  0.003440
1608  0.021616  -0.017910  0.000788
1609  0.016895  0.060965  0.004002
1610  0.055028  0.005586  0.003059
1611  -0.004945  -0.032272  0.001066
1612  -0.036378  0.028233  0.002120
1613  -0.017753  0.010154  0.000418
1614  0.027353  -0.039787  0.002331
1615  0.016208  0.020522  0.000684
1616  0.054565  0.036687  0.004323
1617  0.040571  -0.006300  0.001686
1618  -0.069963  0.013137  0.005067
1619  -0.027899  -0.003843  0.000793
1620  0.033527  0.009681  0.001218
1621  0.008669  -0.010304  0.000181
1622  0.004833  -0.005120  0.000050
1623  -0.010999  0.000234  0.000121
1624  0.055811  0.008852  0.003193
1625  -0.008782  0.042993  0.001926
1626  -0.004868  0.017202  0.000320
1627  0.044390  0.003646  0.001984
1628  0.006634  0.000581  0.000044
1629  -0.070617  0.031395  0.005972
1630  0.054075  -0.020911  0.003361
1631  0.006509  -0.012718  0.000204
1632  0.054428  -0.001088  0.002964
1633  0.026056  0.042861  0.002516
1634  0.018686  0.016831  0.000632
1635  0.009561  0.017169  0.000386
1636  0.004896  0.065011  0.004250
1637  0.105236  -0.038210  0.012535
1638  -0.030535  -0.020387  0.001348
1639  -0.016064  -0.061692  0.004064
1640  -0.020054  0.005560  0.000433
1641  -0.006005  0.011395  0.000166
1642  0.003105  -0.005605  0.000041
1643  -0.015899  0.004964  0.000277
1644  0.005863  0.005621  0.000066
1645  0.027879  0.024951  0.001400
1646  0.070672  -0.030558  0.005928
1647  -0.005302  -0.023928  0.000601
1648  0.030372  0.006733  0.000968
1649  0.010301  -0.010670  0.000220
1650  -0.023931  0.036386  0.001897
1651  -0.047538  0.048703  0.004632
1652  -0.003334  -0.012653  0.000171
1653  -0.037479  0.019901  0.001801
1654  0.012190  -0.005679  0.000181
1655  0.015909  0.035056  0.001482
1656  -0.017540  0.007992  0.000372
1657  0.006852  0.037763  0.001473
1658  0.015001  0.026207  0.000912
1659  0.039053  0.015527  0.001766
1660  0.062110  0.029090  0.004704
1661  -0.030354  0.085062  0.008157
1662  0.000530  0.019207  0.000369
1663  0.010060  0.006670  0.000146
1664  -0.055198  0.022725  0.003563
1665  0.039465  -0.028362  0.002362
1666  -0.030688  0.042857  0.002779
1667  -0.057913  0.032369  0.004402
1668  -0.018255  0.024914  0.000954
1669  -0.016790  -0.022074  0.000769
1670  0.004958  0.036424  0.001351
1671  -0.039345  0.003737  0.001562
1672  0.001167  0.023916  0.000573
1673  -0.018027  0.045634  0.002407
1674  0.000107  0.028341  0.000803
1675  -0.000283  -0.034538  0.001193
1676  -0.002614  0.007443  0.000062
1677  0.005828  0.033114  0.001130
1678  -0.034408  0.024307  0.001775
1679  0.003699  -0.006761  0.000059
1680  -0.008023  -0.010233  0.000169
1681  -0.008198  0.049250  0.002493
1682  -0.016726  0.014289  0.000484
1683  0.006030  -0.032224  0.001075
1684  0.018218  -0.020249  0.000742
1685  0.039456  0.010529  0.001668
1686  -0.006692  0.020896  0.000481
1687  0.005279  -0.027853  0.000804
1688  0.046500  0.080688  0.008673
1689  0.063824  0.014761  0.004291
1690  -0.037788  -0.007291  0.001481
1691  0.010460  -0.024305  0.000700
1692  -0.002479  0.042918  0.001848
1693  0.001693  0.047825  0.002290
1694  -0.019354  -0.010114  0.000477
1695  -0.001749  -0.045767  0.002098
1696  -0.009198  0.039344  0.001633
1697  0.001922  0.016000  0.000260
1698  -0.051545  0.054729  0.005652
1699  0.045207  -0.002458  0.002050
1700  -0.002022  0.007760  0.000064
1701  0.038600  0.004970  0.001515
1702  -0.003545  0.004492  0.000033
1703  -0.005702  -0.001827  0.000036
1704  0.036552  0.044790  0.003342
1705  -0.022357  -0.014805  0.000719
1706  0.011453  0.009009  0.000212
1707  0.045575  0.028631  0.002897
1708  0.044288  0.002125  0.001966
1709  -0.012810  0.011226  0.000290
1710  -0.035688  -0.039163  0.002807
1711  -0.015278  -0.040458  0.001870
1712  0.069349  -0.035123  0.006043
1713  0.037686  0.019445  0.001798
1714  0.024644  -0.002183  0.000612
1715  0.023265  0.002878  0.000550
1716  0.012796  0.035502  0.001424
1717  0.002983  0.033973  0.001163
1718  0.007101  -0.012337  0.000203
1719  -0.013542  -0.002464  0.000189
1720  -0.019986  -0.008457  0.000471
1721  0.038051  -0.020033  0.001849
1722  0.019042  0.003311  0.000374
1723  0.010057  0.020646  0.000527
1724  0.051577  0.017240  0.002957
1725  -0.054281  -0.019480  0.003326
1726  -0.038888  0.057903  0.004865
1727  0.003550  -0.019383  0.000388
1728  -0.036452  0.063275  0.005333
1729  -0.058303  -0.025905  0.004070
1730  -0.002422  0.067591  0.004574
1731  -0.033005  0.004176  0.001107
1732  0.017091  -0.028746  0.001118
1733  -0.028922  -0.037363  0.002232
1734  0.029014  0.006684  0.000886
1735  -0.015898  0.047796  0.002537
1736  0.004174  -0.040872  0.001688
1737  0.015614  0.004610  0.000265
1738  0.025943  -0.010997  0.000794
1739  0.030113  0.009606  0.000999
1740  -0.015544  -0.007419  0.000297
1741  -0.031819  0.026912  0.001737
1742  -0.022554  -0.040271  0.002130
1743  0.019335  0.033051  0.001466
1744  0.004116  0.019588  0.000401
1745  0.019038  -0.016723  0.000642
1746  0.005911  0.026017  0.000712
1747  0.036041  -0.013400  0.001479
1748  0.034406  0.002922  0.001192
1749  0.024999  -0.017720  0.000939
1750  0.035782  0.038902  0.002794
1751  0.054604  -0.047746  0.005261
1752  0.019952  0.027354  0.001146
1753  0.060877  -0.028978  0.004546
1754  -0.007980  -0.023768  0.000629
1755  -0.005847  0.053426  0.002888
1756  -0.022877  0.027239  0.001265
1757  0.019592  0.003658  0.000397
1758  0.031096  0.025714  0.001628
1759  -0.077012  0.001690  0.005934
1760  0.005295  -0.005164  0.000055
1761  -0.026620  -0.035178  0.001946
1762  0.037228  0.005036  0.001411
1763  0.008027  0.001175  0.000066
1764  0.012769  0.011674  0.000299
1765  -0.027325  0.015201  0.000978
1766  0.011091  -0.019670  0.000510
1767  0.024122  -0.013964  0.000777
1768  0.017430  0.018457  0.000644
1769  -0.014401  0.019230  0.000577
1770  0.040430  -0.035666  0.002907
1771  -0.006184  0.026468  0.000739
1772  -0.019443  0.011704  0.000515
1773  0.011284  -0.036036  0.001426
1774  -0.008856  0.001314  0.000080
1775  0.012153  0.005990  0.000184
1776  0.015599  0.038942  0.001760
1777  0.010351  0.033440  0.001225
1778  -0.012845  -0.012455  0.000320
1779  -0.012438  -0.021991  0.000638
1780  -0.014651  0.045446  0.002280
1781  0.056850  0.069048  0.008000
1782  0.005164  -0.002965  0.000035
1783  0.016339  0.037995  0.001711
1784  0.009020  0.023807  0.000648
1785  -0.014143  0.084282  0.007303
1786  -0.034091  0.000205  0.001162
1787  0.021961  0.045831  0.002583
1788  -0.016548  0.025688  0.000934
1789  0.028865  0.039689  0.002408
1790  0.004714  0.014799  0.000241
1791  0.000074  0.034021  0.001157
1792  0.049645  0.011862  0.002605
1793  0.008769  0.016300  0.000343
1794  -0.003781  -0.006402  0.000055
1795  0.004379  -0.009803  0.000115
1796  0.032388  -0.016683  0.001327
1797  0.075366  0.006027  0.005716
1798  0.050574  0.023949  0.003131
1799  0.006671  -0.035290  0.001290
1800  0.013263  -0.030580  0.001111
1801  0.031980  -0.011742  0.001161
1802  0.014058  0.039219  0.001736
1803  0.026797  -0.093662  0.009491
1804  0.031241  0.020690  0.001404
1805  0.011367  -0.012961  0.000297
1806  0.026265  0.038171  0.002147
1807  -0.025544  0.078587  0.006828
1808  -0.077616  0.035976  0.007319
1809  0.023229  0.017940  0.000861
1810  0.020629  -0.014784  0.000644
1811  0.024832  0.030340  0.001537
1812  0.003622  -0.025877  0.000683
1813  -0.003919  -0.021876  0.000494
1814  0.031243  0.014327  0.001181
1815  0.070458  -0.011412  0.005095
1816  0.034823  -0.022404  0.001715
1817  0.018952  -0.054317  0.003310
1818  0.069738  0.032531  0.005922
1819  0.055771  0.051249  0.005737
1820  0.009404  0.034348  0.001268
1821  -0.007402  0.002343  0.000060
1822  0.035931  -0.019774  0.001682
1823  -0.025431  -0.002377  0.000652
1824  0.023577  0.010107  0.000658
1825  -0.025793  0.057854  0.004012
1826  0.026016  -0.029039  0.001520
1827  -0.004240  -0.032687  0.001086
1828  0.004434  0.052356  0.002761
1829  0.032182  0.021055  0.001479
1830  -0.021927  -0.008608  0.000555
1831  -0.029975  -0.010299  0.001005
1832  0.031555  -0.053316  0.003838
1833  -0.006872  -0.032853  0.001127
1834  0.004045  -0.034557  0.001211
1835  0.045983  -0.001853  0.002118
1836  0.019248  -0.012414  0.000525
1837  -0.041590  -0.006854  0.001777
1838  -0.020580  0.045145  0.002462
1839  -0.000489  -0.029639  0.000879
1840  0.034505  -0.024562  0.001794
1841  0.024932  0.042059  0.002391
1842  0.020026  -0.018387  0.000739
1843  0.024525  0.026185  0.001287
1844  0.004146  0.034491  0.001207
1845  -0.010002  0.002071  0.000104
1846  -0.004339  0.021527  0.000482
1847  0.034993  -0.030203  0.002137
1848  -0.000686  -0.027662  0.000766
1849  0.015068  0.014177  0.000428
1850  0.021834  -0.006217  0.000515
1851  -0.032834  0.040415  0.002711
1852  -0.013986  0.026530  0.000899
1853  -0.030868  -0.018490  0.001295
1854  -0.049232  0.001743  0.002427
1855  -0.004054  -0.013758  0.000206
1856  -0.032193  0.066946  0.005518
1857  0.027292  -0.030255  0.001660
1858  -0.011018  0.078377  0.006264
1859  -0.001004  0.033858  0.001147
1860  -0.001567  0.013815  0.000193
1861  -0.011663  0.031412  0.001123
1862  0.023920  0.022504  0.001079
1863  0.038039  -0.027994  0.002231
1864  0.019218  0.001751  0.000372
1865  0.038896  -0.011623  0.001648
1866  0.039155  0.013437  0.001714
1867  -0.060239  -0.019519  0.004010
1868  0.020794  0.005159  0.000459
1869  -0.004864  0.018008  0.000348
1870  -0.012541  0.021282  0.000610
1871  -0.031302  0.023731  0.001543
1872  0.035561  -0.051981  0.003967
1873  -0.025936  0.001335  0.000674
1874  0.008124  -0.018644  0.000414
1875  0.020651  0.015880  0.000679
1876  -0.010396  -0.041715  0.001848
1877  0.034429  -0.025530  0.001837
1878  -0.037129  0.016230  0.001642
1879  0.000107  -0.002341  0.000005
1880  -0.000627  0.025457  0.000648
1881  -0.016337  -0.040150  0.001879
1882  0.006294  -0.026058  0.000719
1883  0.044595  -0.044611  0.003979
1884  0.031454  0.027547  0.001748
1885  0.038184  0.035827  0.002742
1886  0.057042  -0.013604  0.003439
1887  0.015174  -0.022257  0.000726
1888  -0.022166  0.019264  0.000862
1889  -0.022457  -0.012015  0.000649
1890  -0.053912  -0.029024  0.003749
1891  0.033556  -0.015861  0.001378
1892  -0.004587  0.019983  0.000420
1893  0.001789  -0.001358  0.000005
1894  -0.000357  -0.004689  0.000022
1895  0.005977  -0.024681  0.000645
1896  0.011662  -0.067649  0.004712
1897  0.038168  -0.007901  0.001519
1898  0.005231  0.047797  0.002312
1899  -0.002019  0.003093  0.000014
1900  0.009697  0.030933  0.001051
1901  -0.013647  0.002675  0.000193
1902  -0.009710  -0.031219  0.001069
1903  0.009206  0.052562  0.002848
1904  -0.000329  0.052268  0.002732
1905  0.004962  -0.000031  0.000025
1906  0.016001  0.031999  0.001280
1907  -0.013324  -0.023359  0.000723
1908  0.016518  0.023361  0.000819
1909  -0.001654  -0.031383  0.000988
1910  -0.037368  -0.030189  0.002308
1911  -0.013166  -0.033105  0.001269
1912  0.000820  0.016463  0.000272
1913  -0.020799  0.011178  0.000558
1914  0.052993  -0.016639  0.003085
1915  -0.010637  -0.002067  0.000117
1916  -0.014528  -0.022143  0.000701
1917  0.024539  0.038669  0.002097
1918  0.016126  -0.011077  0.000383
1919  0.004028  0.010104  0.000118
1920  -0.006044  -0.001189  0.000038
1921  -0.009820  0.016248  0.000360
1922  0.042714  0.054165  0.004758
1923  -0.000621  -0.015873  0.000252
1924  -0.004268  0.010793  0.000135
1925  -0.001651  0.008202  0.000070
1926  0.000106  0.015240  0.000232
1927  -0.008410  0.028379  0.000876
1928  -0.015391  0.013262  0.000413
1929  0.014960  0.004346  0.000243
1930  -0.005829  -0.032022  0.001059
1931  0.027356  -0.021619  0.001216
1932  0.008538  0.021083  0.000517
1933  0.053909  0.015081  0.003134
1934  0.044657  0.002121  0.001999
1935  0.024286  0.005218  0.000617
1936  0.014913  -0.011984  0.000366
1937  0.000753  0.015011  0.000226
1938  0.000568  0.018584  0.000346
1939  -0.005339  -0.030415  0.000954
1940  0.029352  -0.013642  0.001048
1941  0.025092  0.057155  0.003896
1942  0.050953  0.002090  0.002601
1943  0.025192  0.003615  0.000648
1944  0.047422  -0.023898  0.002820
1945  0.043944  0.032102  0.002962
1946  0.014359  0.021643  0.000675
1947  0.098665  -0.018378  0.010072
1948  0.000671  -0.019216  0.000370
1949  -0.031395  -0.011606  0.001120
1950  -0.008081  0.034500  0.001256
1951  -0.019610  -0.022795  0.000904
1952  0.033395  0.037656  0.002533
1953  -0.041646  -0.024701  0.002344
1954  -0.043441  0.012815  0.002051
1955  -0.041181  -0.038456  0.003175
1956  0.023550  -0.009173  0.000639
1957  -0.003149  0.003438  0.000022
1958  0.008190  0.032660  0.001134
1959  0.015522  0.031513  0.001234
1960  -0.040103  -0.036728  0.002957
1961  -0.016318  0.024075  0.000846
1962  -0.009441  0.017381  0.000391
1963  0.043035  -0.003612  0.001865
1964  0.017322  0.037660  0.001718
1965  -0.011636  0.026602  0.000843
1966  0.031148  -0.058494  0.004392
1967  0.016942  0.007345  0.000341
1968  0.057158  -0.035764  0.004546
1969  0.050489  0.036756  0.003900
1970  0.000323  0.030777  0.000947
1971  -0.008072  0.024292  0.000655
1972  0.011664  -0.008246  0.000204
1973  -0.014364  0.023829  0.000774
1974  0.003886  0.059145  0.003513
1975  0.032550  0.034916  0.002279
1976  0.040905  0.028880  0.002507
1977  0.024259  0.001595  0.000591
1978  -0.019065  0.007237  0.000416
1979  0.005890  -0.038197  0.001494
1980  -0.001819  -0.016503  0.000276
1981  -0.032967  -0.022544  0.001595
1982  -0.005147  0.025095  0.000656
1983  -0.014722  0.021528  0.000680
1984  -0.006193  -0.041363  0.001749
1985  0.050865  -0.038197  0.004046
1986  0.028460  0.000190  0.000810
1987  0.016157  0.022082  0.000749
1988  0.027599  -0.004647  0.000783
1989  -0.008081  -0.064793  0.004263
1990  0.022085  0.007722  0.000547
1991  0.060952  0.037160  0.005096
1992  0.017720  0.043169  0.002178
1993  0.052507  -0.015507  0.002997
1994  -0.029334  -0.011438  0.000991
1995  0.034459  0.023453  0.001737
1996  0.019532  0.008933  0.000461
1997  0.023066  -0.030080  0.001437
1998  0.022965  -0.003322  0.000538
1999  0.029157  -0.044742  0.002852
2000  -0.051985  -0.007436  0.002758
2001  0.032273  0.021206  0.001491
2002  -0.025736  0.020517  0.001083
2003  0.019331  -0.049461  0.002820
2004  0.038062  0.007609  0.001507
2005  0.048661  -0.021061  0.002811
2006  0.021492  -0.020252  0.000872
2007  -0.017061  0.019878  0.000686
2008  -0.012795  0.001475  0.000166
2009  0.036436  0.014638  0.001542
2010  -0.006094  -0.018613  0.000384
2011  -0.021937  -0.001497  0.000483
2012  0.049299  -0.037022  0.003801
2013  0.036227  -0.009657  0.001406
2014  -0.002747  0.009697  0.000102
2015  -0.051072  0.026601  0.003316
2016  0.057608  -0.008273  0.003387
2017  0.071356  0.024395  0.005687
2018  0.004894  0.003642  0.000037
2019  0.052878  -0.016425  0.003066
2020  0.048385  -0.012285  0.002492
2021  -0.004727  0.035744  0.001300
2022  0.029436  0.029266  0.001723
2023  0.012445  -0.010553  0.000266
2024  -0.011234  0.009609  0.000219
2025  -0.012548  0.006834  0.000204
2026  0.021268  -0.025914  0.001124
2027  -0.004186  -0.050126  0.002530
2028  -0.019523  0.024886  0.001000
2029  0.020259  -0.008805  0.000488
2030  0.019741  0.008389  0.000460
2031  0.006673  0.004484  0.000065
2032  -0.010482  -0.030764  0.001056
2033  -0.020401  -0.029133  0.001265
2034  0.012136  0.009788  0.000243
2035  0.029800  -0.031797  0.001899
2036  0.005627  -0.040724  0.001690
2037  -0.001871  -0.010628  0.000116
2038  0.003057  0.023678  0.000570
2039  0.038242  0.002715  0.001470
2040  -0.002142  0.050924  0.002598
2041  0.036870  0.004925  0.001384
2042  -0.063169  0.057688  0.007318
2043  0.016916  0.007017  0.000335
2044  -0.014311  -0.052420  0.002953
2045  0.035863  0.023761  0.001851
2046  -0.012089  -0.050773  0.002724
2047  0.018223  0.013943  0.000526
