0  -0.061418  -0.068740  0.008497
1  -0.026272  0.016587  0.000965
2  0.184437  0.090692  0.042242
3  -0.029859  0.115993  0.014346
4  0.007521  -0.320450  0.102745
5  0.479819  0.101647  0.240559
6  0.018560  0.206755  0.043092
7  0.281337  0.011668  0.079287
8  0.135054  -0.010034  0.018340
9  -0.040731  -0.040241  0.003278
10  -0.198418  0.382317  0.185536
11  -0.275432  -0.264952  0.146062
12  0.247453  -0.100890  0.071412
13  0.058222  0.025894  0.004060
14  0.169514  0.096691  0.038084
15  0.051780  0.077267  0.008651
16  -0.296251  -0.185538  0.122189
17  0.225637  -0.027216  0.051653
18  0.135131  0.040202  0.019877
19  -0.285471  -0.204291  0.123228
20  -0.009922  0.074207  0.005605
21  0.195870  0.128834  0.054963
22  0.143475  0.007581  0.020642
23  0.115229  -0.023805  0.013844
24  0.008018  -0.114110  0.013085
25  0.046996  -0.176796  0.033465
26  -0.081065  0.139962  0.026161
27  0.124353  0.081483  0.022103
28  0.024013  0.161467  0.026648
29  -0.213577  -0.292695  0.131286
30  0.212541  -0.172196  0.074825
31  0.029612  0.084126  0.007954
32  0.105957  -0.332566  0.121827
33  -0.123660  -0.107460  0.026839
34  -0.071087  -0.004366  0.005072
35  0.033020  -0.130025  0.017997
36  -0.026173  0.006655  0.000729
37  0.099361  -0.087468  0.017523
38  -0.011129  0.028855  0.000956
39  -0.100064  0.178956  0.042038
40  -0.014749  -0.398884  0.159326
41  0.007785  -0.102012  0.010467
42  0.475844  0.069044  0.231194
43  -0.094764  -0.159672  0.034475
44  0.100694  0.005607  0.010171
45  0.147861  -0.326115  0.128214
46  0.100465  0.407845  0.176431
47  0.131245  -0.102660  0.027765
48  0.127986  0.167721  0.044511
49  0.035757  0.074845  0.006880
50  -0.097786  -0.125006  0.025189
51  -0.131537  0.112349  0.029924
52  -0.077128  0.010857  0.006067
53  -0.081538  0.028355  0.007452
54  0.002634  -0.249830  0.062422
55  -0.009688  -0.020964  0.000533
56  0.240542  -0.057298  0.061143
57  -0.292552  -0.165726  0.113052
58  0.188970  -0.255445  0.100962
59  0.477904  0.396532  0.385630
60  -0.001200  -0.082977  0.006887
61  -0.136385  0.447420  0.218785
62  0.039838  0.350374  0.124349
63  -0.056152  -0.224435  0.053524
64  -0.085706  -0.069920  0.012234
65  0.022238  0.117924  0.014401
66  0.142472  -0.031908  0.021316
67  0.206521  -0.081834  0.049348
68  -0.072795  0.134783  0.023466
69  -0.214064  -0.221174  0.094741
70  0.191478  0.286201  0.118575
71  0.145644  -0.052904  0.024011
72  -0.178403  0.071338  0.036917
73  0.056373  -0.126523  0.019186
74  0.371672  -0.131274  0.155373
75  0.106395  -0.287540  0.093999
76  0.105857  -0.200276  0.051316
77  0.305125  0.090294  0.101254
78  0.271579  0.353911  0.199008
79  0.058410  0.055287  0.006468
80  -0.064923  0.025767  0.004879
81  -0.330844  0.129410  0.126205
82  0.037029  0.101263  0.011625
83  0.201291  -0.277877  0.117734
84  0.184122  0.443467  0.230564
85  0.156525  -0.032318  0.025544
86  0.303011  0.012541  0.091973
87  0.439624  -0.081687  0.199942
88  -0.166561  0.091464  0.036108
89  0.285165  -0.244193  0.140949
90  0.057320  0.384560  0.151172
91  0.044598  -0.213947  0.047762
92  -0.654358  0.330500  0.537415
93  -0.140670  -0.063014  0.023759
94  0.320843  0.002128  0.102945
95  0.240487  0.651323  0.482056
96  0.215831  -0.556732  0.356533
97  -0.001923  -0.038760  0.001506
98  -0.061985  0.181066  0.036627
99  0.030318  0.028534  0.001733
100  0.587796  0.018406  0.345843
101  -0.138974  0.297029  0.107540
102  0.247548  -0.596135  0.416657
103  0.436212  0.142933  0.210710
104  -0.385144  0.080676  0.154845
105  -0.073954  -0.327288  0.112587
106  0.106292  -0.225642  0.062212
107  0.156098  0.038319  0.025835
108  -0.300815  -0.054210  0.093428
109  -0.018906  0.015584  0.000600
110  0.423128  0.114506  0.192149
111  -0.151831  0.213173  0.068496
112  -0.235369  0.044127  0.057345
113  -0.151485  -0.114669  0.036097
114  -0.319409  -0.023557  0.102577
115  -0.258951  0.051277  0.069685
116  0.003909  0.119617  0.014323
117  0.374888  0.414387  0.312258
118  0.074189  -0.025615  0.006160
119  -0.257588  -0.389073  0.217729
120  0.000661  0.210616  0.044360
121  -0.125196  0.205001  0.057699
122  -0.685916  0.047303  0.472719
123  -0.107237  -0.155010  0.035528
124  -0.071751  0.378044  0.148066
125  0.003603  0.072406  0.005256
126  0.301347  -0.205681  0.133115
127  -0.814611  -0.183463  0.697250
128  -0.113156  -0.408298  0.179511
129  -0.083252  -0.412019  0.176691
130  0.682413  -0.425708  0.646915
131  -0.029450  -0.590146  0.349139
132  0.480607  0.073240  0.236347
133  0.143890  0.482252  0.253271
134  -0.015517  -0.097125  0.009674
135  0.483270  0.255265  0.298710
136  0.142173  -0.026883  0.020936
137  -0.318805  -0.043356  0.103517
138  -0.214906  -0.418444  0.221280
139  -0.035148  0.001440  0.001237
140  -0.146309  0.167914  0.049601
141  0.554618  0.029881  0.308494
142  0.492357  0.326743  0.349177
143  -0.108570  -0.048827  0.014171
144  0.053343  -0.351837  0.126635
145  0.406978  -0.222422  0.215102
146  -0.004598  -0.014319  0.000226
147  -0.273786  0.112915  0.087709
148  -0.290512  -0.058143  0.087778
149  0.047238  0.193489  0.039669
150  -0.321321  -0.358957  0.232098
151  0.070301  -0.286233  0.086872
152  -0.308163  0.438354  0.287118
153  -0.155552  0.128481  0.040704
154  -0.186966  0.226957  0.086466
155  0.626404  0.816171  1.058517
156  0.066772  -0.076846  0.010364
157  0.267251  -0.374328  0.211544
158  -0.038870  0.316945  0.101965
159  0.344378  -0.236818  0.174679
160  -0.078499  0.179504  0.038384
161  0.207799  0.021269  0.043633
162  0.237079  0.156325  0.080644
163  -0.244103  -0.789716  0.683238
164  -0.035009  0.061000  0.004947
165  -0.611011  0.236429  0.429233
166  0.280243  -0.065934  0.082884
167  0.671668  -0.231841  0.504888
168  -0.065291  0.300271  0.094426
169  0.580176  -0.025146  0.337237
170  -0.056626  -0.521867  0.275552
171  0.347837  -0.042488  0.122796
172  0.042072  0.048178  0.004091
173  -0.057344  -0.109457  0.015269
174  -0.093457  -0.064943  0.012952
175  0.239996  -0.611732  0.431815
176  0.152648  -0.339275  0.138409
177  -0.444672  -0.300167  0.287833
178  -0.110629  0.518156  0.280725
179  -0.377253  0.276693  0.218879
180  0.000263  -0.321187  0.103161
181  -0.011170  -0.179851  0.032471
182  -0.478363  0.767167  0.817376
183  -0.379378  -0.340215  0.259674
184  0.178481  0.068643  0.036567
185  0.408319  0.451622  0.370687
186  -0.057672  0.222125  0.052666
187  -0.299267  0.183556  0.123253
188  0.461406  0.771701  0.808418
189  0.241707  0.723541  0.581934
190  0.157329  0.444048  0.221931
191  -0.983696  0.054944  0.970677
192  -0.261493  0.008293  0.068448
193  0.306295  -0.082336  0.100596
194  0.562606  0.266512  0.387554
195  -0.084430  -0.686458  0.478353
196  -0.172710  -0.055039  0.032858
197  0.117675  -0.102246  0.024302
198  0.097047  0.047692  0.011693
199  -0.461935  -0.077612  0.219408
200  -0.525119  0.568207  0.598610
201  -0.502139  0.089164  0.260094
202  0.256194  0.242941  0.124656
203  -0.793938  0.166228  0.657970
204  -0.448377  0.184126  0.234944
205  -0.227119  0.018534  0.051927
206  -0.366653  0.217799  0.181871
207  0.655106  -0.102256  0.439621
208  -0.714511  0.106781  0.521927
209  -0.064440  0.215272  0.050494
210  -0.342172  0.492484  0.359622
211  0.131634  0.128836  0.033926
212  0.355656  0.262581  0.195440
213  -0.419672  0.615781  0.555311
214  -0.434092  -0.078175  0.194547
215  0.342775  0.432307  0.304384
216  0.492955  0.029982  0.243903
217  0.214628  -0.190796  0.082468
218  -0.241442  -0.624864  0.448749
219  0.063964  0.152561  0.027366
220  0.517236  -1.104574  1.487617
221  0.314748  -0.111858  0.111578
222  0.010199  -0.405867  0.164832
223  0.112015  -0.418622  0.187792
224  -0.143119  0.242420  0.079251
225  -0.202922  -0.224141  0.091416
226  -0.001170  -0.097945  0.009595
227  -0.394139  0.487014  0.392528
228  0.076115  -0.377904  0.148605
229  0.067897  -0.263009  0.073784
230  -0.723622  -0.384745  0.671658
231  0.053444  -0.375149  0.143593
232  -0.747353  -0.221779  0.607722
233  0.471375  -0.813536  0.884035
234  -0.324296  -0.085115  0.112412
235  -0.244256  0.310286  0.155939
236  0.577165  0.682124  0.798412
237  0.197314  -0.377475  0.181421
238  0.454271  0.153118  0.229807
239  -0.786882  -0.579325  0.954801
240  0.433558  -0.007521  0.188029
241  -0.398821  0.073764  0.164499
242  0.133685  0.161676  0.044011
243  0.768338  -0.532875  0.874298
244  -0.088590  -0.639988  0.417433
245  1.029224  0.243005  1.118354
246  -0.722382  0.051954  0.524534
247  -0.223405  0.176866  0.081191
248  0.309755  0.545197  0.393188
249  -0.947327  -0.182678  0.930799
250  -0.054350  -0.279600  0.081130
251  0.303201  -0.033674  0.093065
252  0.836723  0.142239  0.720338
253  0.613130  -0.454878  0.582842
254  -0.218253  1.218520  1.532425
255  0.174042  0.024039  0.030868
256  -0.405980  0.379710  0.308999
257  0.850748  0.205551  0.766023
258  -0.219552  0.157793  0.073102
259  0.292262  0.450445  0.288318
260  -0.130191  0.276162  0.093215
261  -0.471089  0.563761  0.539751
262  0.170884  -0.335906  0.142034
263  -0.353515  0.249284  0.187116
264  0.404863  -1.027414  1.219494
265  0.578614  0.397080  0.492466
266  0.224438  -0.625098  0.441120
267  -0.068405  -0.192601  0.041774
268  0.476734  0.093207  0.235963
269  0.633909  0.417506  0.576152
270  0.153936  -0.524690  0.298996
271  -0.245909  0.208829  0.104081
272  0.337597  0.199386  0.153727
273  -0.022826  -0.153372  0.024044
274  -0.267354  -0.238978  0.128589
275  -0.096672  0.644148  0.424272
276  -0.002912  -0.273316  0.074710
277  0.494884  0.361262  0.375421
278  -0.271681  -0.258912  0.140846
279  -0.072839  -0.312171  0.102756
280  0.019657  -0.232953  0.054654
281  0.108783  0.069816  0.016708
282  -0.520544  0.165522  0.298364
283  -0.490422  0.439680  0.433833
284  -0.470087  0.159803  0.246518
285  0.229154  -0.292814  0.138252
286  0.955449  0.037637  0.914300
287  0.499537  0.032547  0.250596
288  -0.206573  0.146134  0.064028
289  0.039944  0.055181  0.004640
290  -1.109643  0.233720  1.285933
291  -0.543964  0.119197  0.310105
292  -0.072267  0.110905  0.017522
293  -0.472677  0.278423  0.300943
294  0.476972  0.224951  0.278105
295  -0.084044  0.743873  0.560410
296  0.162739  0.412517  0.196655
297  0.136361  0.649320  0.440211
298  0.038725  0.038505  0.002982
299  -0.207468  0.210019  0.087151
300  0.130207  -0.959635  0.937854
301  -0.125649  -0.283332  0.096065
302  -0.028739  0.184163  0.034742
303  -0.688609  -0.217396  0.521443
304  -0.184459  -0.449505  0.236079
305  -0.184212  0.496495  0.280441
306  -0.193741  -1.050926  1.141980
307  0.617489  -0.553607  0.687773
308  0.170728  0.208179  0.072487
309  0.058783  -0.762516  0.584886
310  0.451239  0.335333  0.316065
311  0.171107  -0.113218  0.042096
312  -0.217973  0.026344  0.048206
313  -0.228407  0.008991  0.052251
314  -0.078414  0.554980  0.314152
315  -0.090800  0.434991  0.197462
316  -0.072972  0.156205  0.029725
317  0.209851  0.121375  0.058769
318  -0.151312  0.255121  0.087982
319  -0.447604  -0.525709  0.476719
320  -0.450211  -0.500781  0.453471
321  0.279950  0.044334  0.080337
322  -0.150792  0.587391  0.367766
323  0.149249  0.351996  0.146176
324  0.244743  0.271757  0.133751
325  0.266368  -0.293782  0.157260
326  -0.023341  0.327918  0.108075
327  0.132477  -0.211691  0.062363
328  0.030698  -0.742767  0.552646
329  -0.130167  0.186346  0.051668
330  -0.240711  0.005357  0.057970
331  0.715021  -0.610107  0.883486
332  -0.780371  -0.645472  1.025613
333  -0.140354  -0.332846  0.130486
334  0.135106  0.164645  0.045361
335  -0.809440  -0.394492  0.810817
336  0.125414  0.042104  0.017501
337  -0.181250  0.728995  0.564285
338  -0.414189  -0.548869  0.472809
339  0.402229  0.180000  0.194188
340  0.397305  0.214208  0.203736
341  0.121086  -0.487577  0.252393
342  -0.153590  -0.037077  0.024965
343  -0.311485  0.365993  0.230974
344  0.305582  -0.105777  0.104569
345  -0.102948  0.467602  0.229250
346  0.478018  -0.165824  0.255999
347  -0.043943  -0.402963  0.164310
348  0.267007  -0.444231  0.268634
349  -0.195319  -1.131483  1.318404
350  0.111511  -0.835240  0.710060
351  0.445343  0.414700  0.370306
352  0.130410  -0.676588  0.474779
353  0.149057  -0.457070  0.231131
354  0.250818  -0.236337  0.118765
355  -0.172200  0.235211  0.084977
356  0.044148  0.566992  0.323429
357  0.360711  -0.397433  0.288065
358  0.397718  0.424985  0.338792
359  0.198079  -0.049285  0.041664
360  -0.072148  -0.186618  0.040032
361  0.201128  -0.423981  0.220213
362  -0.197325  -0.701771  0.531419
363  -0.239513  -0.096294  0.066639
364  -0.085831  0.540376  0.299373
365  0.334273  0.068890  0.116484
366  -0.437588  -0.098283  0.201143
367  0.200361  0.376613  0.181982
368  0.128839  0.080828  0.023133
369  -0.016207  -0.061200  0.004008
370  0.153001  -0.377174  0.165669
371  -0.167312  0.218087  0.075555
372  -0.553748  0.224850  0.357195
373  0.141813  0.118451  0.034142
374  0.239139  0.020753  0.057618
375  0.309179  0.078639  0.101775
376  0.014043  0.021970  0.000680
377  0.184711  -0.362820  0.165756
378  -0.669144  -0.071573  0.452876
379  0.311185  0.269703  0.169576
380  -0.488751  0.185662  0.273348
381  0.275171  0.099389  0.085598
382  -0.134157  -0.269315  0.090529
383  -0.121689  0.050739  0.017383
384  -0.221049  -0.495371  0.294255
385  -0.413517  -0.458911  0.381596
386  0.221052  0.231244  0.102338
387  0.364272  -0.116584  0.146286
388  -0.047581  0.577377  0.335628
389  -0.493462  -0.465929  0.460594
390  0.385044  0.249157  0.210338
391  -0.328926  -0.081135  0.114775
392  0.140830  0.297846  0.108546
393  -0.113451  0.111414  0.025284
394  -0.316623  -0.106361  0.111563
395  0.235481  -0.126504  0.071455
396  -0.009600  0.545811  0.298001
397  -0.128050  0.465102  0.232716
398  -0.131712  0.740139  0.565153
399  0.377396  -0.154104  0.166176
400  -0.114615  0.567363  0.335038
401  -0.389670  -0.235286  0.207202
402  0.122420  0.049054  0.017393
403  0.200558  0.527891  0.318892
404  -0.090701  -0.176601  0.039415
405  -0.113507  0.008300  0.012953
406  0.254564  0.045475  0.066871
407  0.130206  0.050784  0.019533
408  -0.088178  0.114021  0.020776
409  -0.251718  -0.046604  0.065534
410  -0.239405  0.145554  0.078501
411  0.066154  -0.124661  0.019917
412  -0.271957  0.231309  0.127464
413  -0.370522  0.163882  0.164144
414  0.057722  0.307054  0.097614
415  0.083479  0.291044  0.091675
416  0.119517  -0.429120  0.198428
417  0.224170  0.048507  0.052605
418  -0.292067  0.102113  0.095730
419  -0.775763  0.187688  0.637036
420  0.175624  0.062994  0.034812
421  0.444977  0.420039  0.374437
422  -0.047625  0.154938  0.026274
423  0.322471  -0.033761  0.105127
424  0.053135  0.094543  0.011762
425  -0.082680  -0.204415  0.048621
426  0.029265  -0.181685  0.033866
427  -0.177716  -0.208663  0.075123
428  0.077938  -0.044875  0.008088
429  -0.220042  -0.616731  0.428776
430  0.088881  -0.147292  0.029595
431  -0.136376  -0.385090  0.166893
432  -0.302708  0.062078  0.095486
433  -0.099178  0.077096  0.015780
434  -0.101825  0.115694  0.023754
435  0.542185  -0.190397  0.330216
436  -0.150833  0.059054  0.026238
437  0.345630  -0.219841  0.167790
438  -0.088152  0.002130  0.007775
439  -0.159874  0.310992  0.122276
440  -0.108984  0.361151  0.142308
441  0.142037  0.050624  0.022737
442  -0.236420  -0.097637  0.065427
443  0.280863  -0.187164  0.113914
444  0.036470  0.004946  0.001355
445  -0.064886  0.177376  0.035672
446  -0.124332  -0.200278  0.055569
447  -0.030179  0.064084  0.005018
448  -0.371713  0.049828  0.140654
449  -0.227000  0.046114  0.053656
450  0.167589  -0.096436  0.037386
451  -0.161547  0.141613  0.046152
452  0.216558  -0.147724  0.068720
453  -0.158682  0.127895  0.041537
454  -0.190217  -0.371748  0.174379
455  0.091455  -0.149877  0.030827
456  0.046532  0.354212  0.127631
457  -0.267653  -0.050615  0.074200
458  0.189741  0.300590  0.126356
459  0.042039  -0.221937  0.051023
460  0.104609  -0.250934  0.073911
461  -0.162123  -0.124003  0.041661
462  -0.030495  0.198815  0.040457
463  0.052099  -0.112249  0.015314
464  0.263151  0.078681  0.075439
465  -0.176939  -0.137474  0.050206
466  0.016099  0.300845  0.090767
467  0.171987  -0.316875  0.129989
468  0.330407  0.033406  0.110285
469  0.208306  -0.005753  0.043425
470  -0.157736  -0.045178  0.026922
471  -0.228083  -0.093935  0.060845
472  -0.290265  -0.242416  0.143020
473  -0.286077  0.270975  0.155267
474  0.071280  -0.199326  0.044812
475  -0.225007  -0.137754  0.069605
476  0.145386  0.036353  0.022459
477  -0.222847  -0.119221  0.063874
478  0.033239  0.177866  0.032741
479  -0.142577  0.177479  0.051827
480  -0.001335  0.123206  0.015182
481  -0.091046  0.047260  0.010523
482  0.268122  0.081181  0.078480
483  -0.300945  -0.288797  0.173971
484  -0.010414  -0.035163  0.001345
485  -0.263549  0.154457  0.093315
486  0.124897  0.104753  0.026572
487  0.153315  0.012412  0.023660
488  -0.037026  -0.001949  0.001375
489  0.142721  -0.034115  0.021533
490  0.047762  -0.161495  0.028362
491  -0.227958  -0.236382  0.107841
492  -0.080022  -0.057570  0.009718
493  0.062329  0.083604  0.010875
494  0.019531  -0.035624  0.001651
495  0.059359  -0.039792  0.005107
496  0.115998  0.308043  0.108346
497  -0.095920  0.247771  0.070591
498  -0.190723  0.119114  0.050563
499  0.148379  0.114577  0.035144
500  0.036219  -0.165774  0.028793
501  0.157728  0.082141  0.031625
502  0.224451  0.044343  0.052344
503  0.141205  0.030695  0.020881
504  -0.067724  -0.033307  0.005696
505  0.041904  -0.081184  0.008347
506  0.275978  -0.065517  0.080456
507  -0.000327  0.001807  0.000003
508  -0.085664  -0.150782  0.030074
509  0.135011  0.015165  0.018458
510  -0.041958  -0.164995  0.028984
511  -0.072598  -0.068403  0.009949
512  0.029700  -0.008217  0.000950
513  0.209381  0.025922  0.044512
514  0.039702  -0.023162  0.002113
515  -0.002909  -0.117904  0.013910
516  0.040626  -0.210684  0.046038
517  -0.145353  -0.103703  0.031882
518  0.075242  0.029640  0.006540
519  0.222260  0.010679  0.049514
520  -0.160148  -0.249570  0.087933
521  -0.122652  0.068772  0.019773
522  -0.067952  -0.024915  0.005238
523  -0.034439  -0.043468  0.003076
524  0.039317  -0.059802  0.005122
525  0.090582  -0.064704  0.012392
526  0.036443  -0.097265  0.010789
527  -0.231843  0.050641  0.056316
528  0.167004  -0.018618  0.028237
529  -0.095630  0.039702  0.010721
530  0.091373  0.084645  0.015514
531  -0.028609  -0.058001  0.004183
532  -0.109930  -0.042487  0.013890
533  0.066344  0.055090  0.007436
534  0.066039  0.043711  0.006272
535  -0.053396  -0.045525  0.004924
536  -0.031462  -0.039510  0.002551
537  0.026295  0.050754  0.003267
538  0.021031  -0.006725  0.000488
539  0.029727  0.056360  0.004060
540  -0.128822  -0.014048  0.016792
541  -0.044850  -0.185711  0.036500
542  -0.010434  0.180030  0.032520
543  0.034037  0.049817  0.003640
544  0.014176  -0.122535  0.015216
545  -0.140700  -0.152717  0.043119
546  -0.108891  0.120851  0.026462
547  0.197393  0.008178  0.039031
548  -0.018855  -0.094028  0.009197
549  0.181945  -0.104593  0.044044
550  -0.041847  0.121231  0.016448
551  0.049721  -0.005777  0.002506
552  0.094667  0.159505  0.034404
553  -0.098984  -0.016250  0.010062
554  0.090952  -0.055103  0.011309
555  -0.017311  -0.052732  0.003080
556  0.027627  -0.022137  0.001253
557  -0.102385  0.065476  0.014770
558  0.018306  0.029928  0.001231
559  0.089474  0.064158  0.012122
560  0.037240  0.000242  0.001387
561  -0.102652  0.058988  0.014017
562  -0.017485  -0.098990  0.010105
563  -0.168638  -0.034812  0.029651
564  -0.023684  0.025765  0.001225
565  -0.106924  -0.015546  0.011674
566  0.070320  0.100978  0.015141
567  -0.082837  0.015946  0.007116
568  -0.038510  -0.073901  0.006944
569  -0.049039  0.071467  0.007512
570  0.023443  0.035011  0.001775
571  -0.016452  -0.011630  0.000406
572  -0.078409  -0.082375  0.012934
573  0.019154  0.066913  0.004844
574  -0.097013  0.070664  0.014405
575  -0.020285  0.133495  0.018232
576  0.053229  0.083542  0.009813
577  0.115187  0.142199  0.033489
578  -0.097802  0.091649  0.017965
579  -0.030517  0.155362  0.025069
580  -0.011520  -0.066259  0.004523
581  0.007694  0.015260  0.000292
582  0.013024  -0.075895  0.005930
583  0.052079  0.058047  0.006082
584  0.043145  0.018876  0.002218
585  -0.139179  0.113897  0.032343
586  -0.012712  -0.009166  0.000246
587  0.022547  0.029475  0.001377
588  -0.013751  -0.015463  0.000428
589  0.000691  0.029457  0.000868
590  -0.109616  0.033174  0.013116
591  0.026296  -0.071471  0.005800
592  0.090907  0.022292  0.008761
593  0.111346  0.016643  0.012675
594  -0.021878  0.042100  0.002251
595  -0.056224  -0.040333  0.004788
596  -0.126670  -0.070894  0.021071
597  0.041686  0.082857  0.008603
598  0.014295  -0.010692  0.000319
599  0.152987  -0.086999  0.030974
600  0.060549  0.042126  0.005441
601  -0.038622  -0.006171  0.001530
602  0.138178  0.031474  0.020084
603  0.059116  0.066819  0.007959
604  0.105763  0.034431  0.012371
605  -0.001699  0.025144  0.000635
606  -0.088370  -0.010916  0.007928
607  -0.038735  0.027110  0.002235
608  -0.020211  0.057776  0.003747
609  0.019296  -0.006129  0.000410
610  -0.028825  -0.002075  0.000835
611  -0.050689  0.007144  0.002620
612  -0.037983  0.045078  0.003475
613  0.053358  -0.060115  0.006461
614  0.013763  0.105551  0.011331
615  0.062365  -0.051426  0.006534
616  -0.012335  -0.172210  0.029808
617  -0.054855  -0.005782  0.003042
618  0.043260  -0.097202  0.011320
619  -0.005546  -0.073025  0.005363
620  -0.074808  -0.056407  0.008778
621  0.044588  -0.006047  0.002025
622  0.023545  0.060395  0.004202
623  -0.030549  0.059280  0.004447
624  0.018579  0.020808  0.000778
625  0.027659  0.009637  0.000858
626  -0.036435  0.028830  0.002159
627  -0.001167  0.079452  0.006314
628  -0.086131  -0.090592  0.015625
629  -0.020781  -0.086737  0.007955
630  0.030109  0.008021  0.000971
631  0.039094  -0.069688  0.006385
632  -0.129028  -0.122873  0.031746
633  -0.056817  -0.020097  0.003632
634  0.058376  0.015143  0.003637
635  -0.039841  0.056150  0.004740
636  0.015136  0.041929  0.001987
637  -0.035957  0.085784  0.008652
638  0.066627  0.067680  0.009020
639  0.044375  -0.104950  0.012984
640  -0.146042  -0.073402  0.026716
641  -0.053541  0.023823  0.003434
642  -0.022854  0.114282  0.013583
643  -0.000965  0.001699  0.000004
644  -0.078366  0.038509  0.007624
645  0.019883  0.006498  0.000438
646  -0.008953  -0.063755  0.004145
647  -0.008772  -0.024553  0.000680
648  0.028728  0.009425  0.000914
649  0.032015  -0.014933  0.001248
650  -0.029459  -0.017846  0.001186
651  -0.063175  -0.001871  0.003995
652  -0.019911  0.063123  0.004381
653  0.081516  0.058820  0.010105
654  0.002901  0.092773  0.008615
655  -0.033446  -0.023776  0.001684
656  -0.013786  -0.019844  0.000584
657  -0.076973  -0.073445  0.011319
658  -0.056965  0.006115  0.003282
659  -0.039356  0.077423  0.007543
660  0.015843  -0.001092  0.000252
661  -0.028889  0.087808  0.008545
662  -0.059785  0.061792  0.007393
663  -0.017937  0.009410  0.000410
664  -0.054037  -0.054186  0.005856
665  -0.002498  -0.086010  0.007404
666  0.076159  0.084500  0.012940
667  0.000898  -0.013857  0.000193
668  0.004934  0.095219  0.009091
669  0.005851  0.044887  0.002049
670  0.031243  -0.086624  0.008480
671  -0.036936  -0.031253  0.002341
672  0.006104  -0.006855  0.000084
673  0.015479  -0.026934  0.000965
674  -0.017735  -0.012241  0.000464
675  0.027603  0.032646  0.001828
676  -0.019030  -0.095261  0.009437
677  0.019452  0.002939  0.000387
678  0.009220  0.110659  0.012330
679  -0.031115  0.037804  0.002397
680  -0.036929  -0.005331  0.001392
681  -0.017761  -0.066522  0.004741
682  0.057157  -0.047109  0.005486
683  -0.010363  0.000587  0.000108
684  0.004042  0.002168  0.000021
685  -0.025708  0.073410  0.006050
686  0.098092  -0.001394  0.009624
687  0.032202  0.009179  0.001121
688  -0.024677  -0.016286  0.000874
689  -0.043663  0.023997  0.002482
690  0.025387  0.041788  0.002391
691  -0.015824  0.036792  0.001604
692  0.037119  -0.108619  0.013176
693  0.036841  0.061445  0.005133
694  0.028159  0.014772  0.001011
695  -0.007340  -0.014763  0.000272
696  0.023270  0.008185  0.000608
697  0.025015  0.059881  0.004211
698  -0.013657  -0.003122  0.000196
699  -0.002871  0.024313  0.000599
700  0.007879  0.082329  0.006840
701  0.005505  0.022122  0.000520
702  0.046515  -0.014950  0.002387
703  -0.006422  0.001117  0.000042
704  0.039224  0.019858  0.001933
705  -0.011858  -0.063842  0.004216
706  0.007524  -0.021545  0.000521
707  -0.009418  -0.012834  0.000253
708  0.005202  0.015836  0.000278
709  0.013381  -0.019099  0.000544
710  0.028823  0.032936  0.001916
711  0.025738  -0.001804  0.000666
712  0.043018  0.076459  0.007697
713  0.012096  -0.017866  0.000465
714  0.062872  -0.007825  0.004014
715  -0.000559  -0.024678  0.000609
716  -0.012568  -0.051794  0.002841
717  0.013094  0.020409  0.000588
718  -0.053638  -0.015408  0.003114
719  -0.011846  -0.008020  0.000205
720  0.021764  0.010278  0.000579
721  0.059400  -0.005910  0.003563
722  -0.023557  0.049744  0.003029
723  0.000177  0.008887  0.000079
724  -0.001281  0.034834  0.001215
725  0.021979  -0.035585  0.001749
726  -0.044336  0.044306  0.003929
727  0.020514  0.034436  0.001607
728  -0.015623  0.026649  0.000954
729  0.004935  0.022706  0.000540
730  0.023943  0.013101  0.000745
731  0.080681  -0.052415  0.009257
732  0.002930  0.026960  0.000735
733  0.030977  0.001911  0.000963
734  -0.010936  -0.006448  0.000161
735  0.006982  -0.017390  0.000351
736  -0.004233  0.019122  0.000384
737  -0.043186  -0.043694  0.003774
738  0.076532  0.005331  0.005886
739  0.060268  0.001117  0.003633
740  -0.047849  -0.004749  0.002312
741  0.011051  -0.003389  0.000134
742  0.081989  -0.000016  0.006722
743  0.025292  0.020373  0.001055
744  -0.023722  0.042793  0.002394
745  0.003965  0.056358  0.003192
746  0.021245  -0.002156  0.000456
747  -0.019405  -0.005494  0.000407
748  -0.019277  0.000490  0.000372
749  0.011022  -0.003923  0.000137
750  -0.029887  -0.041590  0.002623
751  0.020618  0.013294  0.000602
752  0.031700  0.016164  0.001266
753  -0.032991  -0.020584  0.001512
754  0.016376  -0.008944  0.000348
755  -0.008350  0.011863  0.000210
756  0.013621  0.026283  0.000876
757  0.008071  0.009913  0.000163
758  0.026954  -0.008781  0.000804
759  -0.007308  0.038538  0.001539
760  0.034567  0.022904  0.001719
761  -0.040013  0.023225  0.002140
762  0.021542  0.051949  0.003163
763  -0.027065  -0.021367  0.001189
764  0.049911  0.067235  0.007012
765  0.047394  0.037759  0.003672
766  -0.011558  0.022605  0.000645
767  -0.028652  -0.059587  0.004372
768  -0.014492  0.029960  0.001108
769  0.054799  0.019294  0.003375
770  -0.042619  -0.019547  0.002198
771  0.017302  -0.015157  0.000529
772  0.015224  0.031150  0.001202
773  -0.038492  0.025484  0.002131
774  0.036489  0.051960  0.004031
775  0.007168  -0.025477  0.000700
776  -0.039175  0.026850  0.002256
777  0.045502  0.098268  0.011727
778  -0.062131  0.012081  0.004006
779  -0.002139  0.021428  0.000464
780  -0.015842  0.030721  0.001195
781  -0.028591  0.038148  0.002273
782  -0.025089  0.009730  0.000724
783  -0.020704  0.018526  0.000772
784  0.055162  0.011321  0.003171
785  0.015137  0.081913  0.006939
786  -0.052522  0.001079  0.002760
787  0.039909  0.026994  0.002321
788  -0.005606  -0.007656  0.000090
789  -0.022171  0.014160  0.000692
790  0.052472  0.066939  0.007234
791  0.044104  -0.016713  0.002225
792  0.034714  -0.031790  0.002216
793  0.021813  -0.008268  0.000544
794  0.030413  0.039973  0.002523
795  0.028692  0.070591  0.005806
796  0.012385  0.011754  0.000292
797  0.036836  -0.006228  0.001396
798  -0.039001  -0.008081  0.001586
799  0.001881  0.035985  0.001298
800  0.012351  -0.012443  0.000307
801  0.026790  -0.028391  0.001524
802  0.013319  -0.012545  0.000335
803  0.036256  -0.043756  0.003229
804  -0.034826  0.031089  0.002179
805  0.018665  -0.046013  0.002466
806  0.023402  -0.014510  0.000758
807  -0.045514  0.016404  0.002341
808  -0.018322  0.028923  0.001172
809  0.007266  0.039473  0.001611
810  0.085879  0.012747  0.007538
811  0.003805  0.000417  0.000015
812  0.035828  -0.006890  0.001331
813  0.016966  -0.052717  0.003067
814  0.023397  -0.012689  0.000708
815  -0.047458  -0.071032  0.007298
816  -0.007649  0.026202  0.000745
817  0.006938  0.031525  0.001042
818  0.006568  0.023649  0.000602
819  -0.038954  -0.015649  0.001762
820  0.022567  -0.032295  0.001552
821  0.029685  0.039652  0.002453
822  0.026181  0.064032  0.004786
823  -0.009351  0.010428  0.000196
824  0.001870  0.024156  0.000587
825  -0.019653  0.011573  0.000520
826  0.038410  -0.051304  0.004107
827  -0.032569  0.045224  0.003106
828  -0.011170  0.047807  0.002410
829  0.043659  -0.055058  0.004937
830  -0.012038  0.009833  0.000242
831  -0.030909  -0.004165  0.000973
832  0.003905  0.024141  0.000598
833  0.007984  0.015599  0.000307
834  -0.011640  -0.000811  0.000136
835  -0.055863  0.058209  0.006509
836  0.046471  0.020936  0.002598
837  0.024184  -0.013239  0.000760
838  -0.033463  -0.007861  0.001182
839  -0.013769  0.065874  0.004529
840  0.001027  0.020899  0.000438
841  -0.006019  0.055646  0.003133
842  0.077425  -0.044330  0.007960
843  -0.058092  -0.020424  0.003792
844  0.005835  -0.011917  0.000176
845  0.015969  0.004178  0.000272
846  0.015877  0.010714  0.000367
847  -0.031901  0.033451  0.002137
848  -0.009211  0.008931  0.000165
849  0.013988  0.030382  0.001119
850  0.002815  -0.004980  0.000033
851  -0.009311  0.038911  0.001601
852  0.024951  -0.008406  0.000693
853  0.010611  -0.017746  0.000428
854  -0.000235  -0.000862  0.000001
855  0.046579  0.010579  0.002282
856  -0.032460  -0.000435  0.001054
857  -0.026218  -0.011869  0.000828
858  0.071990  -0.022514  0.005689
859  0.000630  0.014185  0.000202
860  0.003868  -0.003177  0.000025
861  -0.004280  0.030849  0.000970
862  -0.060857  -0.021297  0.004157
863  -0.018271  0.014191  0.000535
864  0.015613  0.018442  0.000584
865  0.008178  0.012219  0.000216
866  0.040507  -0.010914  0.001760
867  0.009370  -0.013933  0.000282
868  0.042002  0.019879  0.002159
869  -0.008255  -0.014385  0.000275
870  0.035075  0.045426  0.003294
871  0.031091  0.003846  0.000981
872  -0.020498  0.030619  0.001358
873  0.042692  0.028902  0.002658
874  -0.001347  0.037005  0.001371
875  0.030901  -0.000599  0.000955
876  0.055269  0.020334  0.003468
877  -0.049703  -0.001146  0.002472
878  0.021761  0.001427  0.000476
879  0.008002  0.033711  0.001200
880  0.005095  0.043216  0.001894
881  -0.021378  0.021830  0.000934
882  0.007715  0.024741  0.000672
883  -0.003488  -0.015950  0.000267
884  0.029108  -0.009920  0.000946
885  0.000560  0.008953  0.000080
886  -0.014980  -0.022297  0.000722
887  0.066745  -0.029603  0.005331
888  0.013029  -0.004444  0.000190
889  0.008399  0.002027  0.000075
890  0.038333  -0.010352  0.001577
891  0.012320  0.036477  0.001482
892  -0.061162  0.028706  0.004565
893  0.004517  -0.023640  0.000579
894  0.003061  0.024946  0.000632
895  0.017191  -0.006513  0.000338
896  -0.002499  0.040895  0.001679
897  0.020792  -0.025042  0.001059
898  -0.021611  -0.012958  0.000635
899  -0.011528  -0.042288  0.001921
900  0.039890  0.003736  0.001605
901  -0.008348  -0.032521  0.001127
902  -0.013447  0.046598  0.002352
903  0.037743  -0.046525  0.003589
904  0.049326  -0.011309  0.002561
905  0.016468  0.001821  0.000275
906  0.007163  -0.009012  0.000133
907  0.015928  -0.057008  0.003504
908  -0.010011  0.001211  0.000102
909  -0.015842  -0.011027  0.000373
910  0.015705  0.018440  0.000587
911  0.007396  -0.006681  0.000099
912  0.019795  -0.006185  0.000430
913  0.049005  0.005720  0.002434
914  -0.009304  -0.025705  0.000747
915  0.071666  -0.025395  0.005781
916  0.007795  -0.011452  0.000192
917  0.011627  0.018863  0.000491
918  0.006745  0.028857  0.000878
919  -0.003391  -0.020921  0.000449
920  -0.059751  -0.007428  0.003625
921  -0.005023  -0.011017  0.000147
922  0.013479  0.048673  0.002551
923  -0.010565  -0.003034  0.000121
924  0.007006  0.031878  0.001065
925  -0.023716  -0.019466  0.000941
926  -0.007085  0.001037  0.000051
927  -0.006041  0.044118  0.001983
928  0.023504  -0.021341  0.001008
929  0.010344  0.006373  0.000148
930  -0.013433  0.003717  0.000194
931  -0.019768  -0.030906  0.001346
932  -0.028034  0.042780  0.002616
933  -0.015296  -0.010490  0.000344
934  0.047081  -0.008343  0.002286
935  -0.020915  0.028629  0.001257
936  0.040099  0.053545  0.004475
937  -0.003719  -0.010873  0.000132
938  0.061602  0.005232  0.003822
939  -0.024015  0.011323  0.000705
940  0.023488  0.047460  0.002804
941  0.008509  0.027672  0.000838
942  0.038801  -0.028999  0.002347
943  0.035509  0.013393  0.001440
944  0.020559  0.004608  0.000444
945  0.013529  -0.062886  0.004138
946  -0.016997  0.040397  0.001921
947  -0.006172  0.020747  0.000469
948  -0.041956  -0.033669  0.002894
949  -0.057061  0.018376  0.003594
950  0.030175  0.027037  0.001642
951  0.001959  0.004765  0.000027
952  0.041619  0.015748  0.001980
953  -0.005728  0.023667  0.000593
954  -0.080099  0.024105  0.006997
955  0.008147  -0.021768  0.000540
956  -0.012640  -0.060063  0.003767
957  -0.035306  -0.033798  0.002389
958  0.031814  0.019557  0.001395
959  -0.005934  -0.026820  0.000755
960  -0.029431  -0.029611  0.001743
961  -0.013557  0.044049  0.002124
962  -0.000028  -0.009270  0.000086
963  0.047204  -0.013939  0.002422
964  -0.010663  0.023758  0.000678
965  0.015074  0.003821  0.000242
966  0.026454  0.044571  0.002686
967  0.007915  0.000837  0.000063
968  -0.013127  -0.028210  0.000968
969  0.017162  0.001094  0.000296
970  0.025285  0.021419  0.001098
971  -0.005421  0.009461  0.000119
972  -0.020217  0.036726  0.001758
973  -0.003243  -0.015638  0.000255
974  0.000099  0.042912  0.001841
975  0.021996  0.037069  0.001858
976  0.002921  0.058685  0.003452
977  -0.000447  0.031123  0.000969
978  -0.015476  -0.024356  0.000833
979  0.065325  -0.035438  0.005523
980  -0.026758  -0.028773  0.001544
981  -0.028172  -0.015453  0.001032
982  -0.000796  0.014065  0.000198
983  -0.000599  0.019065  0.000364
984  0.020754  0.014067  0.000629
985  0.019412  0.031035  0.001340
986  -0.027497  0.022566  0.001265
987  0.008526  0.006484  0.000115
988  -0.009055  -0.025516  0.000733
989  0.062472  0.020569  0.004326
990  0.036982  0.007839  0.001429
991  -0.021037  0.000790  0.000443
992  -0.002283  0.002478  0.000011
993  0.067325  0.003107  0.004542
994  0.011946  0.033767  0.001283
995  0.049753  0.008102  0.002541
996  -0.055643  -0.016912  0.003382
997  -0.035226  -0.014427  0.001449
998  0.032006  -0.001319  0.001026
999  0.009821  0.020090  0.000500
1000  0.008056  0.002787  0.000073
1001  0.000208  0.037457  0.001403
1002  0.006744  0.051897  0.002739
1003  -0.017918  0.022206  0.000814
1004  0.031906  -0.007687  0.001077
1005  0.011770  -0.035585  0.001405
1006  -0.036406  0.029674  0.002206
1007  -0.044529  -0.000071  0.001983
1008  0.002777  0.004688  0.000030
1009  0.023247  0.042308  0.002330
1010  0.001366  -0.036480  0.001333
1011  0.052692  0.002972  0.002785
1012  0.004095  0.001040  0.000018
1013  0.024524  0.027287  0.001346
1014  0.014347  0.006514  0.000248
1015  -0.010748  0.043370  0.001997
1016  -0.004767  -0.011896  0.000164
1017  -0.017949  0.005897  0.000357
1018  0.002762  -0.002691  0.000015
1019  0.001825  0.017252  0.000301
1020  -0.006325  0.014846  0.000260
1021  0.027298  -0.013283  0.000922
1022  0.026195  0.005656  0.000718
1023  -0.009893  0.019134  0.000464
1024  0.060050  -0.005591  0.003637
1025  0.020702  -0.012832  0.000593
1026  -0.018505  -0.003600  0.000355
1027  0.051691  0.023415  0.003220
1028  0.025144  -0.003903  0.000647
1029  0.001363  0.022042  0.000488
1030  0.013522  -0.060928  0.003895
1031  -0.001034  0.008082  0.000066
1032  -0.019997  -0.000581  0.000400
1033  0.024902  -0.012238  0.000770
1034  0.011227  0.018329  0.000462
1035  0.029274  0.054527  0.003830
1036  -0.015051  0.007951  0.000290
1037  -0.032066  -0.015713  0.001275
1038  0.006108  0.048832  0.002422
1039  -0.015169  0.018841  0.000585
1040  0.047881  -0.014796  0.002511
1041  -0.021050  0.019473  0.000822
1042  -0.027993  -0.003872  0.000799
1043  0.001230  -0.012155  0.000149
1044  0.012127  0.000208  0.000147
1045  -0.011895  0.009692  0.000235
1046  -0.012898  0.013429  0.000347
1047  0.017961  0.009092  0.000405
1048  -0.004322  -0.016619  0.000295
1049  -0.010717  0.023830  0.000683
1050  -0.007993  -0.011520  0.000197
1051  -0.035289  -0.051117  0.003858
1052  0.031252  -0.006246  0.001016
1053  0.011925  -0.018805  0.000496
1054  -0.030476  0.007530  0.000986
1055  -0.010262  0.016538  0.000379
1056  0.014410  0.037818  0.001638
1057  -0.007002  0.044042  0.001989
1058  0.000909  -0.004313  0.000019
1059  -0.038070  0.031276  0.002428
1060  -0.006964  -0.023111  0.000583
1061  0.000685  -0.000327  0.000001
1062  0.004101  0.025928  0.000689
1063  -0.010339  0.019359  0.000482
1064  0.001367  0.031032  0.000965
1065  0.045887  0.049301  0.004536
1066  -0.002435  0.017425  0.000310
1067  0.016017  -0.012310  0.000408
1068  0.025252  0.005872  0.000672
1069  0.023893  0.004146  0.000588
1070  -0.003795  -0.036722  0.001363
1071  0.023435  0.009328  0.000636
1072  0.025405  -0.026260  0.001335
1073  -0.028548  -0.016960  0.001103
1074  0.027335  0.023887  0.001318
1075  0.010819  -0.027902  0.000896
1076  0.004762  0.018883  0.000379
1077  0.031441  0.031592  0.001987
1078  -0.019556  -0.002369  0.000388
1079  0.028486  0.017326  0.001112
1080  -0.005889  0.026392  0.000731
1081  -0.027951  -0.015931  0.001035
1082  -0.017052  0.030124  0.001198
1083  0.009494  0.018197  0.000421
1084  -0.015612  0.002797  0.000252
1085  -0.009189  0.003608  0.000097
1086  -0.032758  -0.001005  0.001074
1087  -0.017823  0.021909  0.000798
1088  0.052542  0.012038  0.002906
1089  -0.008383  -0.020543  0.000492
1090  -0.011361  -0.037479  0.001534
1091  0.034667  -0.003548  0.001214
1092  -0.000922  -0.039131  0.001532
1093  0.015241  -0.021475  0.000693
1094  0.040768  0.036650  0.003005
1095  0.044772  0.000017  0.002005
1096  -0.007670  -0.009472  0.000149
1097  -0.012763  0.025097  0.000793
1098  0.008541  -0.009581  0.000165
1099  0.009142  0.031443  0.001072
1100  0.047103  -0.023465  0.002769
1101  0.047606  -0.007646  0.002325
1102  0.024518  -0.000973  0.000602
1103  0.003247  0.004483  0.000031
1104  -0.020983  -0.010931  0.000560
1105  0.037029  0.000687  0.001372
1106  0.006168  -0.029537  0.000910
1107  0.017370  0.001533  0.000304
1108  -0.014268  0.023483  0.000755
1109  -0.022236  -0.033043  0.001586
1110  0.030383  -0.038109  0.002375
1111  -0.010797  -0.000513  0.000117
1112  0.052318  0.009405  0.002826
1113  -0.025168  0.020988  0.001074
1114  0.045031  0.020748  0.002458
1115  0.010830  -0.020363  0.000532
1116  -0.000090  -0.023123  0.000535
1117  -0.027778  0.035187  0.002010
1118  0.019522  -0.014402  0.000589
1119  0.003111  0.007762  0.000070
1120  0.020639  0.019765  0.000817
1121  -0.058498  -0.012472  0.003578
1122  -0.028815  -0.010193  0.000934
1123  0.018937  -0.037568  0.001770
1124  -0.002935  -0.001273  0.000010
1125  -0.017751  0.012550  0.000473
1126  0.010032  0.004643  0.000122
1127  0.010227  -0.030420  0.001030
1128  -0.003330  -0.002346  0.000017
1129  0.012805  0.017981  0.000487
1130  0.027503  0.007532  0.000813
1131  0.032893  0.010356  0.001189
1132  0.030968  0.055202  0.004006
1133  0.004739  0.013300  0.000199
1134  0.004784  0.014930  0.000246
1135  -0.054118  -0.013971  0.003124
1136  -0.014499  0.067560  0.004775
1137  -0.015480  0.036663  0.001584
1138  -0.027780  -0.006676  0.000816
1139  0.012353  -0.027370  0.000902
1140  0.014359  0.003549  0.000219
1141  -0.014471  -0.023703  0.000771
1142  -0.020787  -0.024449  0.001030
1143  0.007237  -0.000520  0.000053
1144  0.006924  -0.023737  0.000611
1145  -0.014521  -0.021363  0.000667
1146  -0.021399  0.046826  0.002651
1147  0.008007  0.029861  0.000956
1148  0.017844  0.031373  0.001303
1149  0.046502  -0.024049  0.002741
1150  0.023059  -0.003457  0.000544
1151  -0.025655  0.009612  0.000751
1152  0.000530  0.009336  0.000087
1153  -0.006019  0.003630  0.000049
1154  0.020859  -0.040542  0.002079
1155  -0.008345  0.008520  0.000142
1156  -0.007314  -0.013861  0.000246
1157  0.023743  0.038663  0.002059
1158  -0.021964  -0.001207  0.000484
1159  -0.007514  -0.026702  0.000769
1160  0.035774  0.042054  0.003048
1161  -0.007036  -0.001220  0.000051
1162  -0.014554  -0.020516  0.000633
1163  -0.011535  0.014184  0.000334
1164  0.001698  0.021288  0.000456
1165  -0.007740  -0.007299  0.000113
1166  0.034240  0.008142  0.001239
1167  -0.020728  0.012530  0.000587
1168  0.004449  -0.005771  0.000053
1169  -0.014786  -0.007320  0.000272
1170  0.013089  0.009874  0.000269
1171  0.025668  0.021710  0.001130
1172  -0.001680  0.024993  0.000627
1173  -0.012221  -0.051686  0.002821
1174  0.013595  -0.004793  0.000208
1175  0.024441  -0.009070  0.000680
1176  0.046041  0.000571  0.002120
1177  -0.006715  0.043412  0.001930
1178  0.015047  -0.031209  0.001200
1179  0.032427  0.034155  0.002218
1180  -0.018994  0.028077  0.001149
1181  0.004187  0.015751  0.000266
1182  0.008109  -0.030349  0.000987
1183  0.031921  -0.001844  0.001022
1184  0.005374  0.002010  0.000033
1185  -0.017597  -0.002147  0.000314
1186  0.025029  0.011016  0.000748
1187  -0.019156  0.029715  0.001250
1188  -0.021056  0.018337  0.000780
1189  -0.003385  0.028203  0.000807
1190  0.033337  0.018302  0.001446
1191  -0.000052  0.032549  0.001059
1192  0.010648  -0.032213  0.001151
1193  -0.027807  -0.028818  0.001604
1194  0.007583  0.015787  0.000307
1195  -0.017498  -0.030382  0.001229
1196  0.002042  0.001827  0.000008
1197  -0.003953  0.035879  0.001303
1198  0.042504  -0.006466  0.001848
1199  0.026651  0.040745  0.002370
1200  -0.017105  -0.003900  0.000308
1201  0.004626  0.001094  0.000023
1202  -0.020076  0.024823  0.001019
1203  -0.008455  0.005586  0.000103
1204  -0.016446  -0.038035  0.001717
1205  0.012797  -0.002092  0.000168
1206  -0.004414  -0.024549  0.000622
1207  -0.062705  0.008037  0.003996
1208  0.023467  0.012014  0.000695
1209  0.008362  -0.036574  0.001408
1210  0.014691  -0.025340  0.000858
1211  -0.020186  0.007339  0.000461
1212  -0.000646  -0.035711  0.001276
1213  -0.026266  -0.004997  0.000715
1214  0.039229  0.022414  0.002041
1215  -0.013256  0.007991  0.000240
1216  -0.001316  -0.001328  0.000003
1217  -0.022074  -0.013574  0.000672
1218  -0.000494  0.027327  0.000747
1219  -0.014492  0.067169  0.004722
1220  0.064351  0.015996  0.004397
1221  0.029510  0.016215  0.001134
1222  0.019507  0.015043  0.000607
1223  0.015588  0.004014  0.000259
1224  0.009015  -0.001733  0.000084
1225  -0.020720  0.017366  0.000731
1226  -0.029160  0.000594  0.000851
1227  0.025491  -0.012741  0.000812
1228  0.045856  0.016966  0.002391
1229  0.015757  0.027345  0.000996
1230  -0.003161  -0.009404  0.000098
1231  0.005927  0.015446  0.000274
1232  0.000729  0.018832  0.000355
1233  -0.014737  0.014224  0.000419
1234  0.014655  -0.032670  0.001282
1235  -0.029255  0.007961  0.000919
1236  -0.016840  0.020993  0.000724
1237  -0.059995  -0.024233  0.004187
1238  -0.020772  0.040627  0.002082
1239  0.001657  -0.002134  0.000007
1240  -0.060199  0.030163  0.004534
1241  -0.021627  0.007733  0.000528
1242  -0.009102  0.019655  0.000469
1243  -0.009359  0.004271  0.000106
1244  0.029112  -0.018169  0.001178
1245  -0.040571  -0.029072  0.002491
1246  -0.002279  -0.004142  0.000022
1247  -0.018876  0.020644  0.000782
1248  0.022978  0.011437  0.000659
1249  0.078599  -0.032572  0.007239
1250  0.013334  -0.022379  0.000679
1251  0.039163  -0.027523  0.002291
1252  0.005324  -0.012893  0.000195
1253  -0.004116  -0.001672  0.000020
1254  -0.006115  -0.006583  0.000081
1255  -0.011940  0.002156  0.000147
1256  0.008523  0.033871  0.001220
1257  -0.015903  0.056651  0.003462
1258  0.007373  -0.002601  0.000061
1259  -0.023051  -0.035780  0.001812
1260  -0.018366  0.018902  0.000695
1261  -0.000695  0.022360  0.000500
1262  0.034415  0.001934  0.001188
1263  -0.005085  -0.001901  0.000029
1264  0.014662  0.022935  0.000741
1265  -0.001145  0.032119  0.001033
1266  0.029182  -0.007369  0.000906
1267  -0.023665  0.032686  0.001628
1268  -0.013685  -0.031432  0.001175
1269  -0.037616  -0.016633  0.001692
1270  -0.015275  -0.006071  0.000270
1271  0.040083  -0.009240  0.001692
1272  -0.003612  -0.020906  0.000450
1273  0.010299  -0.002074  0.000110
1274  0.009030  -0.001479  0.000084
1275  0.010507  -0.041282  0.001815
1276  0.014608  -0.018264  0.000547
1277  0.016977  0.005366  0.000317
1278  0.028393  -0.015461  0.001045
1279  -0.004206  0.011582  0.000152
1280  0.003169  0.044634  0.002002
1281  0.016024  -0.005373  0.000286
1282  -0.002553  -0.027954  0.000788
1283  -0.037369  0.001671  0.001399
1284  -0.011759  0.012695  0.000299
1285  0.017887  0.018708  0.000670
1286  -0.013639  -0.036700  0.001533
1287  0.020147  0.008594  0.000480
1288  0.018938  -0.013807  0.000549
1289  0.007957  0.003422  0.000075
1290  -0.002201  0.010582  0.000117
1291  0.048562  -0.003338  0.002369
1292  -0.001682  -0.005151  0.000029
1293  0.014739  0.019693  0.000605
1294  0.001036  -0.018000  0.000325
1295  -0.014573  -0.001785  0.000216
1296  -0.021244  0.018204  0.000783
1297  0.012989  -0.003155  0.000179
1298  -0.016988  -0.021664  0.000758
1299  0.017392  0.051396  0.002944
1300  0.013659  -0.006883  0.000234
1301  0.018040  0.031668  0.001328
1302  0.039371  -0.007078  0.001600
1303  0.002589  0.028982  0.000847
1304  0.022238  -0.004025  0.000511
1305  0.008748  -0.024513  0.000677
1306  0.029333  -0.036950  0.002226
1307  -0.008184  0.004191  0.000085
1308  -0.054153  -0.031545  0.003928
1309  -0.001191  -0.020010  0.000402
1310  -0.018582  -0.030383  0.001268
1311  -0.020557  -0.039915  0.002016
1312  0.006554  -0.014561  0.000255
1313  0.004561  0.016783  0.000302
1314  0.041388  0.029143  0.002562
1315  0.002554  0.015727  0.000254
1316  -0.047179  0.010498  0.002336
1317  -0.007224  -0.002306  0.000058
1318  0.042390  -0.062942  0.005759
1319  0.024378  0.012451  0.000749
1320  -0.025574  0.014053  0.000852
1321  -0.013809  -0.029755  0.001076
1322  -0.013147  0.028845  0.001005
1323  0.030662  -0.013697  0.001128
1324  -0.013055  -0.017816  0.000488
1325  0.003500  -0.010378  0.000120
1326  0.020490  -0.008570  0.000493
1327  0.001467  -0.014905  0.000224
1328  -0.001445  -0.019716  0.000391
1329  0.008229  0.028771  0.000895
1330  0.015254  0.014813  0.000452
1331  0.052225  -0.031249  0.003704
1332  0.011924  -0.011535  0.000275
1333  -0.026783  0.013401  0.000897
1334  -0.029215  0.019309  0.001226
1335  -0.024050  0.016764  0.000859
1336  0.008505  -0.004518  0.000093
1337  -0.022738  -0.002354  0.000523
1338  -0.007101  0.005034  0.000076
1339  -0.015757  -0.000822  0.000249
1340  0.010244  0.021619  0.000572
1341  0.022418  -0.010791  0.000619
1342  0.017559  0.000857  0.000309
1343  -0.016777  0.014870  0.000503
1344  -0.045499  0.011937  0.002213
1345  0.009420  -0.025705  0.000749
1346  0.028322  0.007473  0.000858
1347  0.003049  -0.000052  0.000009
1348  0.006099  -0.010399  0.000145
1349  0.016290  0.009210  0.000350
1350  0.046066  -0.052977  0.004929
1351  -0.010200  0.012148  0.000252
1352  -0.010610  -0.001313  0.000114
1353  -0.002035  0.009738  0.000099
1354  0.011496  -0.010296  0.000238
1355  0.016718  0.013569  0.000464
1356  -0.024172  -0.015570  0.000827
1357  0.015659  0.036384  0.001569
1358  0.026603  0.015464  0.000947
1359  -0.004042  -0.005711  0.000049
1360  0.018241  0.021171  0.000781
1361  -0.026337  0.019349  0.001068
1362  -0.006496  0.046343  0.002190
1363  0.035808  0.031393  0.002268
1364  -0.010035  -0.020265  0.000511
1365  0.000121  0.023185  0.000538
1366  -0.037879  -0.006921  0.001483
1367  -0.006201  0.003973  0.000054
1368  0.020023  0.055080  0.003435
1369  0.029208  -0.022329  0.001352
1370  -0.012805  -0.002452  0.000170
1371  0.008017  -0.001724  0.000067
1372  -0.028470  -0.002734  0.000818
1373  0.006064  -0.004451  0.000057
1374  -0.009880  -0.044476  0.002076
1375  0.012327  0.002365  0.000158
1376  -0.006375  -0.037734  0.001465
1377  -0.017052  -0.014080  0.000489
1378  -0.037709  0.020625  0.001847
1379  -0.001774  -0.014153  0.000203
1380  -0.001152  -0.026727  0.000716
1381  -0.010427  -0.001413  0.000111
1382  0.010655  -0.003330  0.000125
1383  0.030800  0.013086  0.001120
1384  -0.035475  -0.029375  0.002121
1385  0.029110  0.001992  0.000851
1386  0.010209  0.019907  0.000501
1387  -0.005032  -0.009295  0.000112
1388  0.037376  -0.010219  0.001501
1389  -0.017973  0.006565  0.000366
1390  0.005086  0.000610  0.000026
1391  0.010633  -0.004365  0.000132
1392  0.020735  0.005909  0.000465
1393  0.005268  -0.021138  0.000475
1394  -0.003879  0.008639  0.000090
1395  -0.026799  -0.015762  0.000967
1396  0.012304  0.020289  0.000563
1397  -0.006050  -0.003033  0.000046
1398  0.022759  -0.039651  0.002090
1399  0.008520  0.029975  0.000971
1400  0.038008  -0.030693  0.002387
1401  0.025599  0.016221  0.000918
1402  -0.010991  -0.012967  0.000289
1403  0.028958  0.041241  0.002539
1404  -0.011659  0.013880  0.000329
1405  0.060807  0.016498  0.003970
1406  -0.035703  0.002157  0.001279
1407  0.017619  0.018398  0.000649
1408  0.042637  -0.014829  0.002038
1409  0.018506  0.027398  0.001093
1410  -0.023501  0.015041  0.000779
1411  -0.001808  -0.000386  0.000003
1412  0.023797  0.021905  0.001046
1413  -0.031300  0.023887  0.001550
1414  -0.024824  0.010478  0.000726
1415  -0.018721  -0.016944  0.000638
1416  -0.009443  0.021525  0.000552
1417  -0.010966  -0.003659  0.000134
1418  0.006768  -0.027415  0.000797
1419  -0.027036  0.016227  0.000994
1420  0.005862  -0.027992  0.000818
1421  -0.031531  0.038462  0.002474
1422  0.006308  0.041602  0.001771
1423  -0.006150  -0.022257  0.000533
1424  -0.004456  0.041845  0.001771
1425  -0.036697  0.008112  0.001412
1426  -0.030027  0.014082  0.001100
1427  -0.004491  0.010481  0.000130
1428  -0.008128  -0.009815  0.000162
1429  0.031263  0.032583  0.002039
1430  -0.008591  0.012390  0.000227
1431  -0.011503  0.017888  0.000452
1432  0.020482  -0.012487  0.000575
1433  0.014113  0.072059  0.005392
1434  -0.033538  -0.001473  0.001127
1435  0.020011  0.025656  0.001059
1436  0.014062  0.009305  0.000284
1437  -0.025099  -0.023209  0.001169
1438  -0.023743  -0.005855  0.000598
1439  -0.026772  -0.009132  0.000800
1440  0.015702  0.027473  0.001001
1441  0.013761  -0.006591  0.000233
1442  -0.036791  -0.003387  0.001365
1443  0.024659  0.006602  0.000652
1444  -0.006104  0.013473  0.000219
1445  0.030158  -0.026084  0.001590
1446  -0.007997  0.016352  0.000331
1447  -0.019862  0.067431  0.004941
1448  0.006717  0.029478  0.000914
1449  -0.017607  -0.033520  0.001434
1450  0.016086  0.012446  0.000414
1451  0.014111  -0.033857  0.001345
1452  -0.012425  0.005942  0.000190
1453  -0.003646  0.007230  0.000066
1454  -0.013270  0.035061  0.001405
1455  0.024534  -0.044960  0.002623
1456  -0.035925  0.015889  0.001543
1457  0.010103  -0.020242  0.000512
1458  -0.044131  0.012637  0.002107
1459  0.066486  0.008750  0.004497
1460  0.004501  -0.023584  0.000576
1461  0.001705  -0.025412  0.000649
1462  -0.028889  0.007478  0.000890
1463  0.005310  0.011250  0.000155
1464  0.021977  0.025858  0.001152
1465  -0.041929  -0.016859  0.002042
1466  0.018044  -0.010908  0.000445
1467  -0.033236  0.022174  0.001596
1468  -0.004903  -0.013638  0.000210
1469  0.013979  -0.057809  0.003537
1470  0.058198  -0.019537  0.003769
1471  0.033705  0.016818  0.001419
1472  0.011635  -0.043581  0.002035
1473  0.021603  0.004363  0.000486
1474  -0.005008  0.004863  0.000049
1475  -0.010696  -0.004906  0.000138
1476  0.010053  -0.005070  0.000127
1477  -0.044239  0.005130  0.001983
1478  -0.006042  0.006135  0.000074
1479  0.033740  -0.013272  0.001315
1480  -0.018753  -0.040539  0.001995
1481  0.039559  -0.056641  0.004773
1482  -0.012744  0.007428  0.000218
1483  0.055555  0.023899  0.003658
1484  -0.005086  0.006211  0.000064
1485  -0.011347  -0.031900  0.001146
1486  0.012301  -0.009744  0.000246
1487  0.003488  -0.010772  0.000128
1488  0.015654  -0.006297  0.000285
1489  0.040620  0.015826  0.001900
1490  0.015777  0.024359  0.000842
1491  0.008893  0.009339  0.000166
1492  -0.021293  -0.037808  0.001883
1493  -0.045655  0.007112  0.002135
1494  0.054806  0.013539  0.003187
1495  -0.009234  -0.007883  0.000147
1496  0.018487  -0.006556  0.000385
1497  0.013142  -0.016932  0.000459
1498  0.038862  0.031216  0.002485
1499  -0.027267  -0.024733  0.001355
1500  -0.020914  -0.011750  0.000575
1501  0.033259  -0.020291  0.001518
1502  -0.000389  0.003998  0.000016
1503  0.019100  0.053148  0.003189
1504  -0.028309  0.016835  0.001085
1505  -0.029933  0.022966  0.001423
1506  -0.013416  -0.047298  0.002417
1507  0.039251  0.022520  0.002048
1508  0.011274  -0.010691  0.000241
1509  0.018426  0.053766  0.003230
1510  0.004010  0.005225  0.000043
1511  0.022656  0.020756  0.000944
1512  -0.031375  -0.002687  0.000992
1513  -0.037166  0.004889  0.001405
1514  -0.007705  -0.012938  0.000227
1515  -0.024827  0.028683  0.001439
1516  0.023596  0.003808  0.000571
1517  -0.006919  0.028451  0.000857
1518  0.028400  -0.052601  0.003573
1519  0.009465  -0.018194  0.000421
1520  -0.030693  0.032681  0.002010
1521  0.037714  -0.013570  0.001606
1522  0.047361  0.002132  0.002248
1523  0.048515  0.028062  0.003141
1524  0.020497  -0.008858  0.000499
1525  0.013581  0.004805  0.000208
1526  0.035773  0.004170  0.001297
1527  -0.016912  0.001067  0.000287
1528  0.019338  -0.008697  0.000450
1529  0.019878  -0.050089  0.002904
1530  0.020143  0.023078  0.000938
1531  -0.041131  0.015009  0.001917
1532  -0.015370  0.001725  0.000239
1533  0.061894  -0.005479  0.003861
1534  -0.026727  0.006582  0.000758
1535  0.028842  0.046101  0.002957
1536  -0.004478  -0.016484  0.000292
1537  0.049004  0.035059  0.003631
1538  0.005593  0.006812  0.000078
1539  0.013223  0.002055  0.000179
1540  -0.012736  -0.030382  0.001085
1541  0.017616  0.028958  0.001149
1542  -0.022178  0.012025  0.000636
1543  0.009539  -0.008164  0.000158
1544  -0.036955  -0.003679  0.001379
1545  -0.007841  -0.025853  0.000730
1546  0.030627  0.018618  0.001285
1547  0.010891  0.016238  0.000382
1548  0.028376  -0.045960  0.002918
1549  -0.015944  0.009791  0.000350
1550  -0.018834  0.018777  0.000707
1551  0.002743  0.003701  0.000021
1552  0.009622  0.009921  0.000191
1553  -0.008515  0.062869  0.004025
1554  -0.013433  0.007756  0.000241
1555  -0.036679  0.049647  0.003810
1556  -0.015452  0.011235  0.000365
1557  -0.017009  0.016802  0.000572
1558  0.036820  -0.027092  0.002090
1559  0.003613  -0.003825  0.000028
1560  -0.002137  -0.015760  0.000253
1561  0.005870  -0.037402  0.001433
1562  0.049020  -0.027331  0.003150
1563  -0.020416  -0.006620  0.000461
1564  0.008542  0.035217  0.001313
1565  -0.040003  0.024478  0.002199
1566  0.024455  0.024797  0.001213
1567  -0.002689  0.042984  0.001855
1568  0.008335  0.001510  0.000072
1569  0.029476  -0.012510  0.001025
1570  -0.004334  0.008186  0.000086
1571  0.008371  0.011643  0.000206
1572  -0.023902  -0.030781  0.001519
1573  -0.028942  -0.027202  0.001578
1574  0.020103  -0.039811  0.001989
1575  -0.024142  -0.011325  0.000711
1576  0.010952  -0.023941  0.000693
1577  -0.002669  0.004166  0.000024
1578  -0.003598  0.012859  0.000178
1579  -0.016758  0.030513  0.001212
1580  0.004022  0.039989  0.001615
1581  0.020768  0.057972  0.003792
1582  -0.042894  0.032224  0.002878
1583  0.036303  0.000527  0.001318
1584  0.012112  0.041136  0.001839
1585  0.045841  0.028038  0.002888
1586  0.008324  -0.041922  0.001827
1587  0.014894  -0.002592  0.000229
1588  0.035341  0.004244  0.001267
1589  0.044988  0.003672  0.002037
1590  -0.009243  -0.016260  0.000350
1591  -0.000442  -0.013406  0.000180
1592  -0.020826  -0.019942  0.000831
1593  -0.002095  -0.011723  0.000142
1594  -0.007907  -0.002330  0.000068
1595  0.033023  0.038203  0.002550
1596  -0.014617  0.006397  0.000255
1597  0.007525  0.020793  0.000489
1598  0.006332  -0.000724  0.000041
1599  0.015985  -0.030046  0.001158
1600  -0.005505  0.016702  0.000309
1601  -0.025260  0.011458  0.000769
1602  0.021113  -0.019535  0.000827
1603  -0.050311  0.036089  0.003834
1604  -0.000919  0.035405  0.001254
1605  -0.008206  0.027914  0.000847
1606  0.035494  0.000635  0.001260
1607  0.016688  0.000858  0.000279
1608  -0.042467  -0.019603  0.002188
1609  -0.012150  0.033133  0.001245
1610  -0.009167  -0.022549  0.000592
1611  -0.035704  0.032388  0.002324
1612  0.025705  0.028037  0.001447
1613  -0.006864  -0.048137  0.002364
1614  0.016671  -0.010012  0.000378
1615  -0.001770  0.009479  0.000093
1616  -0.015840  -0.021818  0.000727
1617  0.025711  -0.019679  0.001048
1618  0.007263  0.023309  0.000596
1619  -0.021544  0.021719  0.000936
1620  -0.029918  0.038230  0.002357
1621  0.025081  0.013236  0.000804
1622  0.010901  -0.007847  0.000180
1623  -0.003499  0.023746  0.000576
1624  -0.007956  0.010514  0.000174
1625  0.038587  0.006629  0.001533
1626  -0.019357  -0.037531  0.001783
1627  -0.004470  0.047090  0.002237
1628  0.007177  -0.025454  0.000699
1629  -0.034443  -0.006465  0.001228
1630  -0.027959  -0.017602  0.001092
1631  0.028165  -0.006432  0.000835
1632  -0.030535  0.061949  0.004770
1633  0.016174  -0.025917  0.000933
1634  -0.007719  0.001877  0.000063
1635  -0.034206  0.010680  0.001284
1636  0.005170  -0.043434  0.001913
1637  0.039740  -0.016296  0.001845
1638  -0.066775  0.007562  0.004516
1639  -0.004132  0.006703  0.000062
1640  -0.012186  0.004119  0.000165
1641  0.010862  0.006011  0.000154
1642  -0.023568  0.026385  0.001252
1643  0.015464  -0.004050  0.000256
1644  0.014943  -0.005714  0.000256
1645  0.001131  0.038992  0.001522
1646  0.036984  0.028895  0.002203
1647  0.021120  0.046512  0.002609
1648  0.027727  -0.016619  0.001045
1649  0.025605  -0.033297  0.001764
1650  -0.014411  0.056608  0.003412
1651  -0.019405  0.003858  0.000391
1652  0.029460  -0.030769  0.001815
1653  0.022800  0.039229  0.002059
1654  -0.008694  -0.014413  0.000283
1655  0.025688  -0.014518  0.000871
1656  -0.024773  -0.025180  0.001248
1657  -0.059093  -0.062728  0.007427
1658  -0.031950  -0.027103  0.001755
1659  -0.050356  -0.000323  0.002536
1660  0.002382  -0.016281  0.000271
1661  0.002913  0.004243  0.000026
1662  0.002741  0.030847  0.000959
1663  -0.019881  0.018634  0.000742
1664  -0.010178  0.000736  0.000104
1665  0.007378  -0.007415  0.000109
1666  -0.015076  0.000265  0.000227
1667  -0.040347  -0.026701  0.002341
1668  -0.044451  0.018932  0.002334
1669  -0.037466  -0.050876  0.003992
1670  -0.033909  -0.039372  0.002700
1671  0.007464  -0.021540  0.000520
1672  0.035029  0.008630  0.001302
1673  0.028581  -0.049129  0.003231
1674  0.024730  0.015969  0.000867
1675  0.011838  -0.028190  0.000935
1676  -0.012930  -0.062997  0.004136
1677  -0.003410  -0.024195  0.000597
1678  0.037075  0.057511  0.004682
1679  -0.007933  0.017631  0.000374
1680  0.004021  0.010831  0.000133
1681  0.007237  -0.015977  0.000308
1682  0.024321  0.019751  0.000982
1683  -0.007334  0.047886  0.002347
1684  -0.032179  -0.025322  0.001677
1685  0.015045  0.004368  0.000245
1686  0.008617  -0.014585  0.000287
1687  -0.013588  0.006971  0.000233
1688  -0.004978  0.035278  0.001269
1689  0.038519  -0.011624  0.001619
1690  -0.016857  0.001278  0.000286
1691  -0.026556  0.004964  0.000730
1692  0.039887  0.037775  0.003018
1693  0.024516  0.017984  0.000924
1694  0.010495  0.008578  0.000184
1695  0.024015  -0.002042  0.000581
1696  -0.003229  0.022596  0.000521
1697  -0.000762  -0.010235  0.000105
1698  -0.031149  -0.016966  0.001258
1699  0.013735  -0.012438  0.000343
1700  -0.024257  -0.031719  0.001595
1701  0.046484  0.050399  0.004701
1702  0.006455  -0.014402  0.000249
1703  -0.027943  0.037272  0.002170
1704  -0.021402  -0.012907  0.000625
1705  -0.008107  -0.011876  0.000207
1706  0.016357  -0.018086  0.000595
1707  -0.021810  -0.004956  0.000500
1708  0.021146  0.055401  0.003516
1709  0.026046  -0.052497  0.003434
1710  0.025423  0.017985  0.000970
1711  0.020466  0.029263  0.001275
1712  0.049325  0.007046  0.002483
1713  0.027663  -0.011110  0.000889
1714  -0.013173  -0.014938  0.000397
1715  -0.006986  -0.038519  0.001533
1716  -0.010294  0.000705  0.000106
1717  -0.023480  -0.051112  0.003164
1718  0.009432  0.020272  0.000500
1719  -0.046787  0.029017  0.003031
1720  -0.040857  0.008019  0.001734
1721  0.025001  0.007747  0.000685
1722  -0.042287  -0.007190  0.001840
1723  -0.030729  0.002986  0.000953
1724  -0.049992  -0.044862  0.004512
1725  0.020281  -0.028194  0.001206
1726  -0.019061  -0.030008  0.001264
1727  -0.005807  -0.008660  0.000109
1728  -0.031479  -0.000396  0.000991
1729  -0.006568  -0.018865  0.000399
1730  -0.013463  0.024393  0.000776
1731  0.001856  -0.030165  0.000913
1732  0.005108  0.000862  0.000027
1733  0.020772  0.051668  0.003101
1734  0.039099  0.005447  0.001558
1735  0.028228  0.000876  0.000798
1736  0.010780  0.003955  0.000132
1737  -0.005015  -0.012367  0.000178
1738  -0.034502  -0.037149  0.002570
1739  0.083598  0.025097  0.007618
1740  0.011087  -0.022320  0.000621
1741  -0.012873  0.022350  0.000665
1742  -0.006082  -0.007063  0.000087
1743  -0.003359  -0.022977  0.000539
1744  -0.061511  -0.033865  0.004930
1745  0.008650  0.030072  0.000979
1746  -0.017490  0.027850  0.001082
1747  -0.064797  -0.053901  0.007104
1748  -0.033312  0.005989  0.001146
1749  -0.040181  -0.036739  0.002964
1750  0.018633  0.011243  0.000474
1751  -0.043948  0.042211  0.003713
1752  -0.016643  -0.010523  0.000388
1753  0.034633  -0.004454  0.001219
1754  -0.002755  -0.008403  0.000078
1755  -0.003593  -0.028507  0.000826
1756  0.027005  -0.009781  0.000825
1757  -0.006988  0.064643  0.004228
1758  0.036618  0.033164  0.002441
1759  -0.012894  -0.032733  0.001238
1760  0.028958  0.008347  0.000908
1761  0.057697  0.004674  0.003351
1762  0.003529  0.051924  0.002709
1763  0.017707  0.004248  0.000332
1764  -0.046681  -0.001508  0.002181
1765  0.025385  -0.031680  0.001648
1766  -0.004019  -0.058536  0.003443
1767  -0.041196  0.086207  0.009129
1768  0.024299  -0.032756  0.001663
1769  -0.015902  -0.018582  0.000598
1770  -0.002383  0.010649  0.000119
1771  0.045710  -0.042036  0.003856
1772  -0.003490  0.018599  0.000358
1773  0.030817  0.003399  0.000961
1774  0.048967  -0.075025  0.008026
1775  0.027027  -0.009104  0.000813
1776  -0.009646  -0.017086  0.000385
1777  0.029347  0.002476  0.000867
1778  0.012451  0.018776  0.000508
1779  0.018454  0.018432  0.000680
1780  -0.000703  0.011724  0.000138
1781  0.012853  -0.022877  0.000689
1782  -0.009459  0.058161  0.003472
1783  0.026556  -0.044197  0.002659
1784  -0.014600  -0.006051  0.000250
1785  0.019446  -0.003690  0.000392
1786  0.024130  -0.003060  0.000592
1787  0.054718  -0.014188  0.003195
1788  0.031184  -0.013285  0.001149
1789  -0.040622  0.042210  0.003432
1790  -0.058735  -0.008427  0.003521
1791  -0.015553  -0.041624  0.001974
1792  0.023202  0.012981  0.000707
1793  -0.053594  0.015492  0.003112
1794  -0.005998  -0.064631  0.004213
1795  -0.022963  -0.037446  0.001930
1796  -0.025217  -0.029810  0.001525
1797  0.021800  -0.026877  0.001198
1798  -0.048479  0.009935  0.002449
1799  0.013195  -0.017236  0.000471
1800  -0.016463  -0.061547  0.004059
1801  0.001773  0.019966  0.000402
1802  0.029404  -0.047225  0.003095
1803  -0.040861  -0.018940  0.002028
1804  -0.030226  -0.037952  0.002354
1805  -0.009089  -0.017540  0.000390
1806  0.006482  -0.015428  0.000280
1807  0.015726  0.024445  0.000845
1808  -0.046795  0.016596  0.002465
1809  -0.003323  0.040876  0.001682
1810  -0.001737  -0.001416  0.000005
1811  0.016615  -0.006802  0.000322
1812  -0.077133  0.009656  0.006043
1813  0.061184  0.027270  0.004487
1814  -0.038120  -0.036483  0.002784
1815  0.069271  0.011164  0.004923
1816  0.009980  0.028604  0.000918
1817  -0.011714  -0.002103  0.000142
1818  0.048823  -0.017495  0.002690
1819  0.033063  0.021659  0.001562
1820  -0.022540  0.030708  0.001451
1821  0.006939  0.026812  0.000767
1822  0.004008  -0.001838  0.000019
1823  0.025459  0.022457  0.001152
1824  0.038654  0.008715  0.001570
1825  0.006827  -0.024197  0.000632
1826  0.033885  0.027784  0.001920
1827  0.042503  0.016833  0.002090
1828  -0.036472  0.028661  0.002152
1829  0.007077  0.037019  0.001421
1830  0.085809  0.018462  0.007704
1831  -0.016639  0.070575  0.005258
1832  0.032852  -0.038428  0.002556
1833  0.021166  0.032552  0.001508
1834  0.025778  -0.018080  0.000991
1835  0.031366  0.020082  0.001387
1836  0.006944  0.024146  0.000631
1837  -0.002730  0.035141  0.001242
1838  0.024086  0.003266  0.000591
1839  -0.018410  -0.021260  0.000791
1840  0.023467  0.042763  0.002379
1841  -0.013055  0.026869  0.000892
1842  -0.005643  0.020502  0.000452
1843  -0.067189  0.051346  0.007151
1844  -0.079889  -0.008451  0.006454
1845  -0.011176  0.050809  0.002707
1846  0.015891  0.016904  0.000538
1847  -0.041575  -0.026592  0.002436
1848  0.012698  -0.006094  0.000198
1849  -0.019060  0.024333  0.000955
1850  -0.013292  0.007134  0.000228
1851  0.124116  -0.046473  0.017565
1852  0.046899  0.006158  0.002237
1853  0.086077  0.008319  0.007478
1854  0.033151  -0.010508  0.001209
1855  0.088691  -0.023336  0.008411
1856  0.003878  -0.014845  0.000235
1857  0.041847  0.036412  0.003077
1858  -0.019076  0.045471  0.002432
1859  0.015231  0.045730  0.002323
1860  -0.031087  0.089575  0.008990
1861  0.024736  0.078985  0.006851
1862  0.014130  0.068695  0.004919
1863  0.000822  0.074511  0.005553
1864  -0.025491  -0.046755  0.002836
1865  0.041933  -0.060714  0.005445
1866  -0.028848  -0.009654  0.000925
1867  0.090856  0.043009  0.010105
1868  0.014028  -0.008539  0.000270
1869  -0.009914  0.009454  0.000188
1870  0.002731  0.073373  0.005391
1871  0.011267  0.100818  0.010291
1872  -0.033352  0.069157  0.005895
1873  0.007858  0.066522  0.004487
1874  0.007841  -0.034410  0.001246
1875  0.075724  0.063528  0.009770
1876  -0.011315  0.035913  0.001418
1877  0.027695  0.008962  0.000847
1878  -0.019071  0.049767  0.002840
1879  -0.026202  -0.043898  0.002614
1880  0.043570  0.046311  0.004043
1881  -0.048760  0.033206  0.003480
1882  -0.031457  0.010332  0.001096
1883  0.036011  -0.015727  0.001544
1884  -0.029895  -0.049186  0.003313
1885  0.023756  -0.015568  0.000807
1886  -0.015518  0.020661  0.000668
1887  -0.003684  0.008199  0.000081
1888  0.064469  -0.033067  0.005250
1889  -0.004158  -0.027984  0.000800
1890  -0.009820  0.038855  0.001606
1891  -0.039597  0.017611  0.001878
1892  -0.080332  -0.038457  0.007932
1893  -0.036539  0.042242  0.003119
1894  0.057597  -0.080877  0.009859
1895  0.043843  -0.042529  0.003731
1896  0.088762  0.066018  0.012237
1897  0.034995  -0.035283  0.002470
1898  -0.064579  0.076928  0.010088
1899  0.022991  -0.014540  0.000740
1900  -0.042412  -0.045448  0.003864
1901  0.079792  -0.003005  0.006376
1902  -0.003051  -0.019847  0.000403
1903  0.036956  -0.040094  0.002973
1904  -0.029293  0.021524  0.001321
1905  -0.025115  -0.044433  0.002605
1906  -0.020823  -0.001318  0.000435
1907  0.083838  -0.001855  0.007032
1908  -0.049373  -0.050314  0.004969
1909  -0.035126  -0.066399  0.005643
1910  0.024466  -0.090954  0.008871
1911  0.019807  0.013644  0.000578
1912  0.006481  -0.053778  0.002934
1913  0.026653  -0.089570  0.008733
1914  0.121130  -0.078369  0.020814
1915  0.003137  0.049146  0.002425
1916  -0.002727  0.082137  0.006754
1917  -0.030524  -0.044754  0.002935
1918  0.069719  0.005332  0.004889
1919  -0.103449  0.042168  0.012480
1920  -0.039786  -0.109808  0.013641
1921  0.022890  0.043903  0.002451
1922  0.070977  -0.043818  0.006958
1923  0.074592  -0.098205  0.015208
1924  0.120884  0.049716  0.017085
1925  -0.078053  0.011052  0.006214
1926  0.067023  0.019572  0.004875
1927  -0.020992  -0.134623  0.018564
1928  -0.026070  -0.142427  0.020965
1929  0.153370  0.021621  0.023990
1930  0.104457  -0.021808  0.011387
1931  0.029575  0.117249  0.014622
1932  0.010308  0.069548  0.004943
1933  0.022712  0.044129  0.002463
1934  0.025065  0.131175  0.017835
1935  -0.024121  0.002019  0.000586
1936  -0.013399  -0.027778  0.000951
1937  -0.088745  0.049169  0.010293
1938  0.003243  -0.031245  0.000987
1939  0.033851  0.025253  0.001784
1940  -0.021180  0.128428  0.016942
1941  0.027925  -0.059662  0.004339
1942  -0.100285  0.041410  0.011772
1943  0.046788  -0.018001  0.002513
1944  -0.028807  0.026253  0.001519
1945  0.065038  0.043974  0.006164
1946  -0.054959  0.124547  0.018532
1947  0.002129  0.028444  0.000814
1948  0.004893  -0.031773  0.001033
1949  -0.080938  0.025616  0.007207
1950  -0.012245  0.027139  0.000886
1951  0.042093  -0.092996  0.010420
1952  0.017819  0.001586  0.000320
1953  0.092004  -0.052865  0.011259
1954  0.044801  0.112818  0.014735
1955  0.058571  0.044599  0.005420
1956  -0.023673  0.011832  0.000700
1957  0.114478  0.117332  0.026872
1958  0.031125  0.029437  0.001835
1959  -0.102018  -0.156844  0.035008
1960  0.059120  0.084070  0.010563
1961  0.107469  0.074811  0.017146
1962  0.070653  -0.000211  0.004992
1963  -0.007270  -0.011188  0.000178
1964  0.114756  0.048895  0.015560
1965  -0.091861  0.035665  0.009711
1966  0.143073  0.002623  0.020477
1967  -0.037744  -0.061547  0.005213
1968  -0.032133  0.069370  0.005845
1969  0.025104  -0.107188  0.012119
1970  0.096196  0.108223  0.020966
1971  -0.027738  0.147411  0.022499
1972  0.002900  -0.040309  0.001633
1973  -0.033411  0.045524  0.003189
1974  -0.011971  0.018454  0.000484
1975  -0.019684  -0.051884  0.003079
1976  -0.000300  -0.006822  0.000047
1977  0.110847  -0.089039  0.020215
1978  -0.026354  0.002063  0.000699
1979  0.055071  0.025403  0.003678
1980  -0.130811  0.097462  0.026610
1981  -0.078911  -0.127999  0.022611
1982  -0.103724  0.051751  0.013437
1983  0.020787  -0.006342  0.000472
1984  0.029903  -0.030233  0.001808
1985  -0.120646  0.034198  0.015725
1986  -0.089334  0.017392  0.008283
1987  -0.033430  -0.068335  0.005787
1988  0.061347  -0.006833  0.003810
1989  -0.069597  0.054379  0.007801
1990  -0.008114  -0.154231  0.023853
1991  0.097852  -0.225954  0.060630
1992  -0.190157  -0.146675  0.057673
1993  0.052088  0.121001  0.017354
1994  0.008963  -0.037771  0.001507
1995  -0.094713  -0.200729  0.049263
1996  0.020165  -0.084324  0.007517
1997  -0.102707  0.100281  0.020605
1998  -0.021437  -0.125943  0.016321
1999  0.126536  -0.052141  0.018730
2000  0.021934  0.043284  0.002355
2001  -0.004453  0.095859  0.009209
2002  0.021511  -0.076053  0.006247
2003  0.060013  0.015761  0.003850
2004  0.244334  0.128574  0.076230
2005  0.018636  0.035205  0.001587
2006  -0.003003  -0.041102  0.001698
2007  -0.040541  0.064948  0.005862
2008  0.150977  0.062686  0.026724
2009  -0.100091  0.020691  0.010446
2010  -0.242360  -0.035080  0.059969
2011  -0.096732  0.040903  0.011030
2012  -0.022867  0.056498  0.003715
2013  -0.163791  -0.061552  0.030616
2014  0.330776  -0.069566  0.114252
2015  -0.138272  -0.098117  0.028746
2016  -0.135588  -0.201964  0.059173
2017  0.233383  -0.228871  0.106849
2018  0.143836  -0.055086  0.023723
2019  0.215416  -0.033679  0.047538
2020  -0.002867  -0.018071  0.000335
2021  0.019069  -0.163334  0.027042
2022  0.123601  0.131904  0.032676
2023  -0.076617  -0.104168  0.016721
2024  0.091232  -0.040044  0.009927
2025  -0.005953  0.173991  0.030308
2026  0.074512  0.145105  0.026608
2027  0.026073  0.037046  0.002052
2028  -0.000552  0.087385  0.007636
2029  -0.048620  0.101317  0.012629
2030  0.010342  0.220354  0.048663
2031  -0.035477  0.183566  0.034955
2032  0.163243  0.161126  0.052610
2033  -0.268995  0.008998  0.072439
2034  -0.173130  -0.273390  0.104716
2035  -0.140140  -0.087181  0.027240
2036  -0.160081  -0.163948  0.052505
2037  -0.029791  -0.032851  0.001967
2038  0.021459  -0.095388  0.009559
2039  -0.105680  -0.072433  0.016415
2040  -0.056108  0.060820  0.006847
2041  0.064637  -0.173260  0.034197
2042  -0.134491  0.035923  0.019378
2043  -0.307033  -0.292653  0.179915
2044  0.126135  -0.067160  0.020421
2045  0.110318  -0.123202  0.027349
2046  -0.025366  0.031202  0.001617
2047  -0.126201  -0.071717  0.021070
