0  0.022174  -0.082857  0.007357
1  -0.009330  -0.016664  0.000365
2  0.013018  -0.070920  0.005199
3  -0.053931  -0.012365  0.003061
4  -0.040826  -0.016904  0.001953
5  0.002192  0.011184  0.000130
6  0.043946  0.003245  0.001942
7  0.039526  0.020240  0.001972
8  0.019118  0.002915  0.000374
9  -0.006528  -0.088971  0.007958
10  0.021100  -0.011112  0.000569
11  -0.042906  -0.038971  0.003360
12  -0.069507  -0.007932  0.004894
13  -0.028002  0.023966  0.001358
14  0.009912  0.046473  0.002258
15  -0.014030  -0.079509  0.006519
16  -0.017931  -0.009565  0.000413
17  0.041883  0.013067  0.001925
18  -0.027256  0.012501  0.000899
19  0.019761  0.013741  0.000579
20  0.029226  0.014930  0.001077
21  0.016478  0.037629  0.001687
22  0.039651  -0.018644  0.001920
23  -0.020628  -0.019125  0.000791
24  -0.046980  -0.008289  0.002276
25  -0.045603  0.007930  0.002143
26  -0.041840  -0.048372  0.004090
27  -0.025777  0.052379  0.003408
28  -0.065619  0.046988  0.006514
29  -0.030967  0.054370  0.003915
30  -0.010383  0.005967  0.000143
31  -0.000894  -0.050963  0.002598
32  0.003917  -0.003891  0.000030
33  0.014773  0.014527  0.000429
34  0.016978  0.002460  0.000294
35  -0.007085  -0.013726  0.000239
36  0.003600  -0.025197  0.000648
37  -0.022416  -0.032923  0.001586
38  -0.033929  -0.006840  0.001198
39  0.018187  -0.004976  0.000356
40  -0.011087  0.002890  0.000131
41  -0.047279  -0.023636  0.002794
42  0.058501  0.026730  0.004137
43  -0.037355  0.005001  0.001420
44  -0.019935  0.008960  0.000478
45  -0.055738  -0.059036  0.006592
46  -0.054333  0.027987  0.003735
47  0.045555  0.010855  0.002193
48  -0.015685  0.025125  0.000877
49  -0.008144  0.043675  0.001974
50  0.059466  0.006068  0.003573
51  0.021193  -0.014377  0.000656
52  0.033163  -0.003548  0.001112
53  -0.012342  -0.012157  0.000300
54  -0.082742  -0.006492  0.006888
55  0.047392  -0.012558  0.002404
56  0.035870  -0.040561  0.002932
57  0.037402  -0.021459  0.001859
58  0.025679  0.006624  0.000703
59  -0.031827  -0.021372  0.001470
60  -0.061539  0.007127  0.003838
61  -0.032116  -0.017730  0.001346
62  0.007901  0.009237  0.000148
63  -0.020883  -0.043653  0.002342
64  -0.040918  0.044554  0.003659
65  0.046725  -0.020231  0.002592
66  0.015917  0.022753  0.000771
67  -0.012367  -0.049928  0.002646
68  0.050566  -0.020876  0.002993
69  -0.040935  -0.028158  0.002469
70  0.054070  -0.041678  0.004661
71  -0.028142  0.013589  0.000977
72  -0.004738  -0.004442  0.000042
73  0.013564  0.038617  0.001675
74  0.022759  0.036529  0.001852
75  0.006971  0.001069  0.000050
76  -0.013225  -0.029924  0.001070
77  -0.016689  -0.027470  0.001033
78  -0.044520  0.008570  0.002055
79  0.018999  -0.045845  0.002463
80  0.008065  0.027433  0.000818
81  -0.038792  -0.069098  0.006279
82  -0.016040  0.039938  0.001852
83  -0.025181  0.014214  0.000836
84  0.029988  -0.035424  0.002154
85  0.027328  0.006217  0.000785
86  -0.000841  -0.038461  0.001480
87  0.010362  0.036553  0.001443
88  -0.001953  -0.014729  0.000221
89  -0.043692  -0.046628  0.004083
90  0.001449  -0.031162  0.000973
91  -0.018562  0.013081  0.000516
92  -0.035034  -0.011236  0.001354
93  0.015347  -0.023555  0.000790
94  0.018646  -0.009117  0.000431
95  -0.048872  0.017111  0.002681
96  -0.023212  0.005628  0.000570
97  -0.080260  0.028082  0.007230
98  0.001420  0.040614  0.001652
99  0.024911  -0.021474  0.001082
100  -0.011253  -0.013154  0.000300
101  -0.037890  -0.021140  0.001883
102  0.006413  -0.046118  0.002168
103  -0.066414  -0.037900  0.005847
104  0.048564  0.037250  0.003746
105  -0.002543  0.023542  0.000561
106  -0.057956  -0.014470  0.003568
107  -0.007899  0.010072  0.000164
108  -0.007834  -0.039127  0.001592
109  0.004233  -0.022261  0.000513
110  -0.037496  -0.032631  0.002471
111  -0.072980  0.002166  0.005331
112  -0.036849  0.012840  0.001523
113  0.007511  -0.002886  0.000065
114  -0.053722  0.018423  0.003225
115  -0.048227  -0.025079  0.002955
116  0.000227  -0.011464  0.000131
117  0.021577  0.005308  0.000494
118  -0.023375  0.007836  0.000608
119  -0.010769  0.056708  0.003332
120  0.027178  0.007159  0.000790
121  -0.022476  -0.024058  0.001084
122  0.003673  0.013439  0.000194
123  -0.007403  0.022019  0.000540
124  -0.052295  0.059379  0.006261
125  -0.021977  -0.015317  0.000718
126  0.003816  -0.030867  0.000967
127  -0.011896  0.005608  0.000173
128  -0.006824  -0.004532  0.000067
129  0.041322  -0.024011  0.002284
130  0.025366  0.013092  0.000815
131  0.003118  -0.004237  0.000028
132  0.006233  -0.017792  0.000355
133  0.032144  -0.026779  0.001750
134  0.005402  0.018556  0.000374
135  0.031365  0.003226  0.000994
136  0.015828  -0.032505  0.001307
137  -0.008231  0.006476  0.000110
138  -0.005814  0.009959  0.000133
139  0.040518  -0.052943  0.004445
140  -0.016163  0.005164  0.000288
141  0.064097  -0.023355  0.004654
142  0.023069  0.065241  0.004789
143  -0.052894  0.031177  0.003770
144  0.001397  -0.012446  0.000157
145  -0.046598  0.040510  0.003813
146  -0.012787  -0.028870  0.000997
147  -0.042778  0.025473  0.002479
148  0.010962  -0.028461  0.000930
149  0.014519  -0.030510  0.001142
150  0.023303  -0.006353  0.000583
151  -0.023463  0.047249  0.002783
152  -0.006749  -0.010776  0.000162
153  -0.044264  0.056215  0.005119
154  0.011929  0.019843  0.000536
155  -0.020069  0.014833  0.000623
156  0.011095  -0.014035  0.000320
157  -0.051753  0.021387  0.003136
158  0.012834  -0.018668  0.000513
159  0.016376  0.002886  0.000276
160  0.019923  0.035172  0.001634
161  -0.003577  -0.041870  0.001766
162  -0.041796  0.008780  0.001824
163  -0.051073  -0.001694  0.002611
164  -0.013146  -0.014450  0.000382
165  0.026086  0.020497  0.001101
166  -0.046431  -0.008676  0.002231
167  -0.017417  -0.017767  0.000619
168  0.004067  0.002685  0.000024
169  0.005519  -0.010221  0.000135
170  -0.046934  0.030979  0.003162
171  -0.041474  0.076669  0.007598
172  -0.046359  0.003193  0.002159
173  0.002749  -0.013358  0.000186
174  -0.003973  -0.012103  0.000162
175  -0.000871  0.013374  0.000180
176  -0.009872  0.037135  0.001476
177  0.015334  0.031033  0.001198
178  -0.050460  -0.001406  0.002548
179  -0.007485  -0.012154  0.000204
180  0.008801  -0.014798  0.000296
181  -0.019965  0.025944  0.001072
182  -0.010336  -0.005832  0.000141
183  -0.009404  -0.040572  0.001735
184  -0.036801  0.013105  0.001526
185  -0.026586  -0.003219  0.000717
186  0.007282  0.040380  0.001684
187  0.028913  0.007151  0.000887
188  -0.018604  0.011250  0.000473
189  0.001148  0.016292  0.000267
190  -0.036603  0.013004  0.001509
191  -0.028934  -0.018212  0.001169
192  -0.019326  -0.012272  0.000524
193  -0.015335  0.004349  0.000254
194  -0.017740  -0.044972  0.002337
195  -0.040638  -0.032548  0.002711
196  -0.045312  -0.009608  0.002145
197  -0.003128  0.000593  0.000010
198  -0.017172  0.012948  0.000463
199  -0.022697  0.014896  0.000737
200  0.005514  -0.000760  0.000031
201  0.029952  0.061951  0.004735
202  -0.033022  -0.003222  0.001101
203  -0.006024  -0.000711  0.000037
204  0.025612  -0.003521  0.000668
205  -0.027158  0.007053  0.000787
206  -0.034910  -0.000481  0.001219
207  -0.025797  -0.009262  0.000751
208  -0.022203  0.002725  0.000500
209  -0.018902  -0.000466  0.000357
210  0.029591  0.009107  0.000959
211  0.025201  0.024991  0.001260
212  -0.004137  -0.003963  0.000033
213  -0.004623  -0.015406  0.000259
214  0.014584  -0.033995  0.001368
215  -0.011796  -0.007163  0.000190
216  0.022373  0.005403  0.000530
217  0.004914  -0.025891  0.000695
218  -0.022304  0.016867  0.000782
219  0.013749  -0.000079  0.000189
220  -0.010370  -0.036358  0.001429
221  -0.000295  -0.013415  0.000180
222  0.006929  -0.020322  0.000461
223  0.012891  -0.055837  0.003284
224  0.008441  0.024171  0.000656
225  -0.004354  -0.028446  0.000828
226  -0.016261  -0.001497  0.000267
227  -0.061400  -0.004372  0.003789
228  -0.032783  -0.033750  0.002214
229  0.005654  -0.001496  0.000034
230  -0.010797  -0.016178  0.000378
231  -0.045072  -0.005521  0.002062
232  -0.030586  -0.039222  0.002474
233  -0.014734  -0.038141  0.001672
234  -0.008069  -0.007056  0.000115
235  -0.000366  -0.023495  0.000552
236  0.026109  0.042219  0.002464
237  -0.003914  0.025176  0.000649
238  0.007725  -0.046491  0.002221
239  0.016462  0.044263  0.002230
240  0.000404  -0.013601  0.000185
241  -0.023296  -0.005368  0.000572
242  -0.022019  0.001424  0.000487
243  -0.041188  -0.011649  0.001832
244  -0.030241  -0.001430  0.000917
245  0.019087  0.021379  0.000821
246  -0.070899  0.023810  0.005594
247  -0.029670  0.015385  0.001117
248  -0.045682  0.011306  0.002215
249  -0.008988  -0.004252  0.000099
250  0.019568  0.000771  0.000383
251  -0.002488  0.026486  0.000708
252  0.003826  0.007093  0.000065
253  -0.027315  -0.005168  0.000773
254  -0.043426  0.022279  0.002382
255  -0.015480  0.013548  0.000423
256  -0.029292  0.000043  0.000858
257  0.026414  0.036512  0.002031
258  -0.023023  -0.030711  0.001473
259  -0.006421  -0.005925  0.000076
260  0.019845  -0.001061  0.000395
261  -0.018820  -0.009735  0.000449
262  -0.029391  0.005359  0.000893
263  -0.019807  -0.023696  0.000954
264  0.050752  0.028439  0.003384
265  0.032021  -0.015735  0.001273
266  0.000226  -0.021630  0.000468
267  0.004248  0.001015  0.000019
268  -0.034542  0.045988  0.003308
269  -0.022623  -0.012655  0.000672
270  -0.027582  -0.028186  0.001555
271  -0.011647  0.024405  0.000731
272  -0.049730  -0.020616  0.002898
273  -0.015041  0.025708  0.000887
274  -0.020581  -0.045154  0.002462
275  -0.051806  -0.018685  0.003033
276  0.019862  -0.009124  0.000478
277  -0.022824  -0.007783  0.000582
278  -0.024889  0.039239  0.002159
279  -0.037643  -0.013980  0.001612
280  0.011783  0.011853  0.000279
281  -0.016891  0.045928  0.002395
282  0.030955  0.006216  0.000997
283  -0.053880  0.020904  0.003340
284  -0.030405  -0.009564  0.001016
285  0.000212  0.025291  0.000640
286  -0.023995  -0.001516  0.000578
287  -0.035506  0.001079  0.001262
288  -0.004350  0.027251  0.000762
289  -0.044088  0.031038  0.002907
290  0.021133  0.012320  0.000598
291  -0.024307  0.005332  0.000619
292  0.016426  0.050041  0.002774
293  0.034621  0.022325  0.001697
294  -0.035379  -0.024361  0.001845
295  -0.064024  0.010872  0.004217
296  0.010819  0.005252  0.000145
297  -0.010134  0.011058  0.000225
298  0.026459  -0.025953  0.001374
299  -0.015596  -0.010810  0.000360
300  -0.036511  0.007750  0.001393
301  -0.014896  0.011928  0.000364
302  -0.006246  -0.007312  0.000092
303  -0.030474  0.002376  0.000934
304  -0.026318  0.001249  0.000694
305  0.013025  -0.005620  0.000201
306  -0.025811  0.016596  0.000942
307  0.004689  -0.009608  0.000114
308  -0.049623  0.015768  0.002711
309  0.002930  -0.031805  0.001020
310  -0.005981  -0.003916  0.000051
311  0.049410  0.016362  0.002709
312  -0.024731  -0.021818  0.001088
313  -0.013193  -0.039411  0.001727
314  -0.009999  -0.049936  0.002594
315  0.010275  -0.016030  0.000363
316  -0.021808  -0.012015  0.000620
317  -0.015199  0.014837  0.000451
318  0.016566  0.000296  0.000275
319  -0.014697  0.030064  0.001120
320  -0.011710  0.031011  0.001099
321  0.006610  0.023538  0.000598
322  -0.012089  -0.009000  0.000227
323  -0.013773  0.021567  0.000655
324  -0.006700  -0.015298  0.000279
325  -0.059613  -0.013675  0.003741
326  -0.021678  -0.033645  0.001602
327  -0.041884  0.015611  0.001998
328  0.017909  -0.003324  0.000332
329  0.011416  -0.000237  0.000130
330  0.010310  0.034914  0.001325
331  0.027112  -0.001190  0.000736
332  0.000417  0.042272  0.001787
333  -0.014345  -0.017213  0.000502
334  -0.011721  -0.029600  0.001014
335  0.022575  -0.023110  0.001044
336  -0.007143  -0.024646  0.000658
337  0.008684  -0.022043  0.000561
338  -0.018844  0.007355  0.000409
339  0.008592  0.014648  0.000288
340  -0.007814  -0.004380  0.000080
341  -0.040416  -0.020835  0.002068
342  -0.019763  -0.022912  0.000916
343  0.007834  0.033241  0.001166
344  -0.012364  -0.010912  0.000272
345  -0.015481  0.017843  0.000558
346  -0.000701  0.009188  0.000085
347  0.000791  -0.002499  0.000007
348  0.005935  0.017140  0.000329
349  0.018613  0.005353  0.000375
350  -0.019741  0.022761  0.000908
351  -0.005717  -0.019199  0.000401
352  0.001837  0.026741  0.000718
353  0.001006  -0.003628  0.000014
354  -0.009768  0.003069  0.000105
355  -0.000556  0.017091  0.000292
356  0.020240  0.013001  0.000579
357  -0.010754  0.011757  0.000254
358  0.005975  -0.000424  0.000036
359  -0.030519  -0.008424  0.001002
360  -0.000381  -0.019796  0.000392
361  -0.004025  0.010991  0.000137
362  -0.014910  0.028181  0.001016
363  0.008818  -0.029889  0.000971
364  -0.013732  0.001261  0.000190
365  0.007864  -0.001031  0.000063
366  -0.027261  0.021505  0.001206
367  0.006625  0.031403  0.001030
368  -0.007133  0.016431  0.000321
369  -0.009715  -0.016611  0.000370
370  -0.022535  0.029475  0.001377
371  0.007821  -0.001987  0.000065
372  0.017797  -0.001248  0.000318
373  0.000439  -0.004099  0.000017
374  0.000285  0.015004  0.000225
375  -0.047315  0.002221  0.002244
376  0.011135  0.042395  0.001921
377  -0.006519  -0.000468  0.000043
378  -0.010292  -0.018764  0.000458
379  -0.008516  0.032048  0.001100
380  0.019986  -0.003504  0.000412
381  -0.009059  0.018071  0.000409
382  -0.031676  -0.004827  0.001027
383  0.008347  -0.059518  0.003612
384  -0.005672  0.011483  0.000164
385  -0.032028  -0.017651  0.001337
386  -0.083161  0.036568  0.008253
387  -0.030484  0.003243  0.000940
388  -0.012692  0.035486  0.001420
389  0.014450  0.017399  0.000512
390  0.023738  0.019589  0.000947
391  -0.007338  0.005795  0.000087
392  -0.014060  -0.006335  0.000238
393  0.009664  0.029010  0.000935
394  -0.005339  0.022716  0.000545
395  -0.001870  0.032950  0.001089
396  0.041307  -0.031993  0.002730
397  -0.017761  0.037411  0.001715
398  -0.001770  -0.022371  0.000504
399  -0.007371  -0.010716  0.000169
400  0.002362  -0.021335  0.000461
401  -0.010456  0.012382  0.000263
402  0.010117  -0.007459  0.000158
403  -0.019102  -0.014825  0.000585
404  -0.010219  -0.039050  0.001629
405  0.017807  -0.038000  0.001761
406  -0.009460  -0.007868  0.000151
407  0.029304  -0.008562  0.000932
408  -0.004392  -0.004277  0.000038
409  -0.033489  -0.000477  0.001122
410  0.001520  0.008753  0.000079
411  -0.023890  -0.007357  0.000625
412  -0.020897  0.011471  0.000568
413  0.018011  -0.005291  0.000352
414  0.035607  0.023843  0.001836
415  0.007736  -0.001087  0.000061
416  -0.040601  -0.017115  0.001941
417  -0.014938  0.007075  0.000273
418  -0.032315  -0.012012  0.001189
419  0.008372  -0.034725  0.001276
420  -0.011958  -0.012848  0.000308
421  0.019219  -0.002136  0.000374
422  -0.001496  0.054115  0.002931
423  -0.015158  0.014300  0.000434
424  0.002736  0.012964  0.000176
425  -0.002670  -0.021951  0.000489
426  -0.002751  -0.007171  0.000059
427  -0.005732  -0.019380  0.000408
428  -0.044339  -0.008493  0.002038
429  -0.004742  -0.014391  0.000230
430  0.045722  -0.029763  0.002976
431  -0.017246  0.007861  0.000359
432  -0.011513  0.017859  0.000451
433  0.011336  0.003159  0.000138
434  0.036112  -0.023913  0.001876
435  -0.010810  0.002506  0.000123
436  -0.025660  0.029347  0.001520
437  0.005941  0.008439  0.000107
438  0.003732  -0.014095  0.000213
439  -0.007707  -0.033110  0.001156
440  -0.017451  0.040293  0.001928
441  0.003622  0.014501  0.000223
442  0.007098  -0.006936  0.000098
443  -0.027162  0.001671  0.000741
444  -0.012208  0.026265  0.000839
445  0.013639  0.017931  0.000508
446  0.002965  0.019949  0.000407
447  -0.028135  0.007997  0.000856
448  0.015131  -0.005956  0.000264
449  -0.021041  -0.016397  0.000712
450  -0.024104  -0.013253  0.000757
451  0.027913  -0.022441  0.001283
452  0.004888  0.001605  0.000026
453  -0.004566  0.015223  0.000253
454  0.012014  0.003991  0.000160
455  -0.012471  -0.046181  0.002288
456  -0.005503  -0.004460  0.000050
457  -0.019927  0.019124  0.000763
458  -0.000035  -0.010932  0.000120
459  0.022690  -0.018822  0.000869
460  0.041278  -0.009021  0.001785
461  0.024559  -0.006943  0.000651
462  -0.017264  -0.008329  0.000367
463  0.008041  0.029153  0.000915
464  -0.023864  -0.002607  0.000576
465  -0.006270  0.029412  0.000904
466  0.016530  -0.001398  0.000275
467  -0.015456  -0.009163  0.000323
468  0.000923  -0.041432  0.001717
469  0.010456  0.003017  0.000118
470  0.025726  0.023618  0.001220
471  -0.014558  -0.019764  0.000603
472  0.037262  0.007232  0.001441
473  -0.018793  -0.007777  0.000414
474  -0.031262  -0.033402  0.002093
475  0.027416  0.030071  0.001656
476  0.017221  0.010725  0.000412
477  -0.007962  -0.034823  0.001276
478  -0.009489  -0.010992  0.000211
479  0.042919  0.035142  0.003077
480  -0.060109  -0.014209  0.003815
481  -0.005994  0.019776  0.000427
482  -0.009291  0.007326  0.000140
483  0.039717  0.004964  0.001602
484  -0.004292  0.015928  0.000272
485  -0.008450  -0.003822  0.000086
486  0.028318  -0.009419  0.000891
487  -0.026153  0.018721  0.001034
488  0.016269  0.005571  0.000296
489  0.022645  0.035438  0.001769
490  -0.011091  0.003213  0.000133
491  -0.009740  -0.000057  0.000095
492  0.029165  0.016272  0.001115
493  -0.016567  0.001461  0.000277
494  -0.010754  0.016699  0.000395
495  -0.005904  0.015230  0.000267
496  0.013307  -0.020498  0.000597
497  0.007396  -0.004431  0.000074
498  0.013566  -0.030093  0.001090
499  -0.027782  -0.015519  0.001013
500  -0.025074  0.004872  0.000652
501  0.006727  -0.041118  0.001736
502  -0.014194  -0.026187  0.000887
503  -0.022533  0.018653  0.000856
504  0.031391  -0.021492  0.001447
505  -0.009163  0.012575  0.000242
506  -0.034058  -0.025040  0.001787
507  -0.004537  0.004662  0.000042
508  0.015287  -0.060170  0.003854
509  0.014183  -0.008528  0.000274
510  -0.009029  0.037800  0.001510
511  -0.003604  -0.029795  0.000901
512  0.012272  -0.003499  0.000163
513  -0.011838  -0.018422  0.000480
514  -0.011373  0.004181  0.000147
515  -0.024936  0.029457  0.001490
516  0.011500  0.025379  0.000776
517  0.017818  -0.011723  0.000455
518  -0.009255  0.006743  0.000131
519  -0.011913  -0.003764  0.000156
520  -0.011410  -0.012753  0.000293
521  0.032542  0.015132  0.001288
522  0.015688  0.025023  0.000872
523  -0.000173  -0.010615  0.000113
524  -0.000934  -0.022086  0.000489
525  -0.000181  0.001529  0.000002
526  -0.028988  0.020727  0.001270
527  -0.001620  -0.003360  0.000014
528  0.002458  0.015094  0.000234
529  0.001402  0.003182  0.000012
530  0.001039  0.014166  0.000202
531  -0.015493  -0.009196  0.000325
532  -0.019381  0.013930  0.000570
533  -0.025560  0.004330  0.000672
534  0.026123  0.012126  0.000829
535  0.028403  -0.008996  0.000888
536  -0.008333  0.001928  0.000073
537  -0.002822  -0.027726  0.000777
538  -0.019033  0.016172  0.000624
539  0.019248  0.033155  0.001470
540  -0.007733  -0.035854  0.001345
541  -0.002663  0.030624  0.000945
542  -0.028609  0.002558  0.000825
543  -0.002814  -0.021182  0.000457
544  -0.000464  -0.022595  0.000511
545  -0.020705  0.016596  0.000704
546  0.012815  -0.007466  0.000220
547  0.006375  -0.013029  0.000210
548  -0.019407  -0.014751  0.000594
549  -0.016528  0.025091  0.000903
550  -0.021694  0.023715  0.001033
551  0.014197  -0.013167  0.000375
552  -0.026048  -0.001524  0.000681
553  -0.007778  -0.026681  0.000772
554  0.001415  0.032465  0.001056
555  -0.023489  0.031723  0.001558
556  0.025739  -0.043027  0.002514
557  -0.014047  -0.008137  0.000264
558  -0.019023  0.005780  0.000395
559  -0.024152  0.006565  0.000626
560  0.001414  0.001163  0.000003
561  -0.017324  0.003180  0.000310
562  -0.017619  0.008842  0.000389
563  0.002857  -0.009902  0.000106
564  -0.027945  -0.018244  0.001114
565  -0.015832  -0.014112  0.000450
566  -0.016204  -0.009416  0.000351
567  -0.010267  0.009692  0.000199
568  -0.012256  0.017533  0.000458
569  -0.003911  0.002634  0.000022
570  0.021312  0.011850  0.000595
571  -0.006427  0.011647  0.000177
572  -0.007625  -0.019947  0.000456
573  -0.055905  -0.032810  0.004202
574  0.008761  0.028877  0.000911
575  0.004244  -0.002209  0.000023
576  -0.007352  -0.006692  0.000099
577  0.010936  -0.008918  0.000199
578  -0.024203  0.010208  0.000690
579  -0.009074  -0.009421  0.000171
580  -0.028885  -0.010786  0.000951
581  0.016356  -0.024135  0.000850
582  -0.047065  0.009711  0.002309
583  0.009194  -0.022095  0.000573
584  -0.026398  -0.000672  0.000697
585  0.012785  -0.046127  0.002291
586  0.043909  0.018871  0.002284
587  0.000564  0.009992  0.000100
588  -0.023773  -0.024372  0.001159
589  -0.002636  -0.010040  0.000108
590  0.000096  -0.018734  0.000351
591  -0.009990  -0.011891  0.000241
592  -0.020037  0.005830  0.000435
593  0.009874  0.028933  0.000935
594  0.021338  -0.011911  0.000597
595  -0.007398  -0.018746  0.000406
596  -0.026743  -0.020943  0.001154
597  -0.003272  0.008658  0.000086
598  -0.033463  0.023100  0.001653
599  0.012923  -0.035373  0.001418
600  0.028535  -0.012110  0.000961
601  -0.040163  0.024617  0.002219
602  -0.004406  -0.002384  0.000025
603  0.010160  0.015171  0.000333
604  -0.027612  -0.007592  0.000820
605  -0.023462  -0.040943  0.002227
606  -0.010955  -0.009223  0.000205
607  -0.023876  -0.044707  0.002569
608  0.005881  -0.000215  0.000035
609  0.002003  -0.011567  0.000138
610  -0.031753  0.013479  0.001190
611  0.003889  -0.011064  0.000138
612  0.006199  0.008494  0.000111
613  -0.018722  -0.007212  0.000403
614  0.004080  0.011276  0.000144
615  0.001409  -0.040925  0.001677
616  -0.009932  0.021303  0.000552
617  -0.005371  0.007362  0.000083
618  -0.004299  0.040728  0.001677
619  -0.020250  0.026178  0.001095
620  -0.007353  0.018773  0.000406
621  -0.035375  0.014437  0.001460
622  0.003914  0.022033  0.000501
623  0.015782  0.012068  0.000395
624  0.024918  0.026820  0.001340
625  0.025982  -0.027140  0.001412
626  0.015076  -0.006044  0.000264
627  -0.018482  -0.006598  0.000385
628  -0.020116  -0.005334  0.000433
629  -0.006524  -0.003962  0.000058
630  -0.015913  0.024522  0.000855
631  -0.023201  -0.004094  0.000555
632  0.018983  -0.011020  0.000482
633  0.003413  0.011991  0.000155
634  -0.032569  0.033141  0.002159
635  -0.033554  0.028777  0.001954
636  -0.025383  0.035917  0.001934
637  -0.020120  -0.002730  0.000412
638  0.020160  0.018638  0.000754
639  0.012276  0.009947  0.000250
640  0.001397  -0.034695  0.001206
641  0.016460  0.000413  0.000271
642  -0.006564  -0.009658  0.000136
643  -0.010213  -0.001441  0.000106
644  -0.013293  0.006561  0.000220
645  -0.016146  -0.031689  0.001265
646  0.000774  -0.012997  0.000170
647  -0.000314  0.008265  0.000068
648  -0.009701  0.041284  0.001799
649  -0.007453  -0.012619  0.000215
650  -0.022970  -0.019349  0.000902
651  -0.013407  0.017067  0.000471
652  -0.012014  0.018762  0.000496
653  -0.038702  -0.008225  0.001565
654  0.007243  0.008589  0.000126
655  0.017435  -0.013341  0.000482
656  0.003491  0.022512  0.000519
657  0.003512  0.031623  0.001012
658  -0.006017  0.012786  0.000200
659  -0.012350  -0.021635  0.000621
660  -0.037781  -0.012726  0.001589
661  0.007097  -0.007981  0.000114
662  -0.016140  -0.012906  0.000427
663  -0.006137  0.003787  0.000052
664  0.017253  -0.013295  0.000474
665  -0.002701  -0.011586  0.000142
666  -0.044470  0.003576  0.001990
667  -0.014934  0.009628  0.000316
668  -0.023576  0.020230  0.000965
669  -0.029899  -0.017588  0.001203
670  0.002758  0.017677  0.000320
671  -0.015927  0.007791  0.000314
672  -0.026294  -0.009576  0.000783
673  0.012537  0.019351  0.000532
674  0.015979  0.020593  0.000679
675  -0.006153  0.009676  0.000131
676  -0.008031  0.013000  0.000234
677  -0.017595  0.014782  0.000528
678  0.001213  0.000710  0.000002
679  -0.021597  0.008366  0.000536
680  -0.028949  -0.019298  0.001210
681  0.007629  0.018344  0.000395
682  -0.010129  -0.000134  0.000103
683  0.020380  -0.019283  0.000787
684  0.005213  -0.005546  0.000058
685  0.009549  -0.021766  0.000565
686  0.005059  0.009428  0.000114
687  -0.035221  0.005854  0.001275
688  0.011932  0.016993  0.000431
689  -0.020713  0.000437  0.000429
690  -0.016538  -0.000179  0.000274
691  -0.016201  -0.015679  0.000508
692  0.002137  0.023554  0.000559
693  -0.020007  -0.012402  0.000554
694  -0.002083  -0.001932  0.000008
695  -0.009280  -0.008005  0.000150
696  0.001064  -0.021815  0.000477
697  -0.003944  0.043924  0.001945
698  -0.022732  -0.008314  0.000586
699  -0.008561  -0.004209  0.000091
700  0.018908  0.019730  0.000747
701  -0.009026  0.033538  0.001206
702  0.025824  -0.001837  0.000670
703  0.003939  -0.006057  0.000052
704  -0.006491  -0.009081  0.000125
705  0.007679  -0.001719  0.000062
706  -0.002555  -0.010391  0.000115
707  -0.025675  0.031506  0.001652
708  -0.008548  -0.007236  0.000125
709  -0.014116  0.010555  0.000311
710  0.002679  0.053702  0.002891
711  0.004562  0.021710  0.000492
712  0.020751  0.014726  0.000647
713  0.008735  0.027227  0.000818
714  -0.008127  0.009461  0.000156
715  0.006387  0.034041  0.001200
716  0.012663  0.013177  0.000334
717  -0.019833  -0.033292  0.001502
718  -0.011679  -0.003159  0.000146
719  -0.021364  -0.001987  0.000460
720  -0.026645  0.011316  0.000838
721  -0.029015  -0.012539  0.000999
722  -0.003799  0.035045  0.001243
723  0.021036  0.000081  0.000443
724  0.023267  -0.004494  0.000562
725  -0.015384  -0.005165  0.000263
726  0.002659  -0.000358  0.000007
727  -0.006508  -0.018316  0.000378
728  0.000825  0.012463  0.000156
729  0.007337  -0.020238  0.000463
730  -0.011881  0.032477  0.001196
731  0.013522  0.012394  0.000336
732  -0.003359  -0.005548  0.000042
733  -0.018379  -0.031530  0.001332
734  0.005207  -0.008197  0.000094
735  -0.000173  0.003812  0.000015
736  -0.014980  -0.007444  0.000280
737  -0.017570  -0.008689  0.000384
738  0.020764  -0.010915  0.000550
739  -0.018170  -0.035225  0.001571
740  0.001359  0.018990  0.000362
741  -0.015740  -0.000724  0.000248
742  0.001369  0.006511  0.000044
743  0.022804  0.007536  0.000577
744  -0.003906  0.004864  0.000039
745  0.014755  -0.006479  0.000260
746  0.023630  0.037584  0.001971
747  -0.018174  0.037853  0.001763
748  0.003794  0.005696  0.000047
749  -0.005115  -0.031232  0.001002
750  -0.000357  -0.003428  0.000012
751  0.006178  0.023762  0.000603
752  -0.012803  -0.044564  0.002150
753  0.005141  0.010941  0.000146
754  -0.017554  -0.002149  0.000313
755  -0.016295  -0.020793  0.000698
756  0.014422  -0.027449  0.000961
757  -0.032386  0.009251  0.001134
758  -0.002870  0.017762  0.000324
759  -0.011812  0.025616  0.000796
760  0.010018  -0.003862  0.000115
761  -0.012480  0.026163  0.000840
762  -0.008310  0.006694  0.000114
763  0.006498  0.027847  0.000818
764  0.019258  0.002133  0.000375
765  -0.010783  -0.014037  0.000313
766  -0.004521  0.011041  0.000142
767  -0.015457  0.022957  0.000766
768  -0.008032  -0.014623  0.000278
769  -0.035672  0.011022  0.001394
770  0.015622  0.004611  0.000265
771  -0.015184  -0.006055  0.000267
772  -0.006904  -0.018823  0.000402
773  0.029466  -0.008611  0.000942
774  -0.004658  0.031541  0.001017
775  0.020776  -0.013068  0.000602
776  -0.015815  -0.001836  0.000253
777  -0.012626  0.017369  0.000461
778  0.016619  0.012013  0.000420
779  -0.022837  0.011166  0.000646
780  -0.012608  -0.007729  0.000219
781  0.004871  -0.009293  0.000110
782  0.019488  -0.038749  0.001881
783  0.018615  -0.000345  0.000347
784  -0.003128  0.020276  0.000421
785  0.002098  0.013454  0.000185
786  -0.001901  -0.017270  0.000302
787  -0.009958  -0.004377  0.000118
788  0.015272  0.009940  0.000332
789  0.013851  0.011215  0.000318
790  -0.015171  0.014687  0.000446
791  -0.048991  0.015653  0.002645
792  0.022466  0.020866  0.000940
793  -0.017738  -0.039874  0.001905
794  -0.024735  -0.027813  0.001385
795  -0.015970  -0.011086  0.000378
796  0.001096  -0.014958  0.000225
797  -0.008042  0.019403  0.000441
798  -0.013993  0.015172  0.000426
799  0.008816  0.015472  0.000317
800  -0.010124  0.028454  0.000912
801  -0.013463  0.014509  0.000392
802  0.007932  -0.003156  0.000073
803  0.016839  -0.004096  0.000300
804  -0.003861  -0.014103  0.000214
805  -0.026830  -0.005455  0.000750
806  -0.028068  0.016389  0.001056
807  0.003856  0.023827  0.000583
808  0.027483  0.008579  0.000829
809  0.020657  0.022389  0.000928
810  0.004394  -0.007676  0.000078
811  -0.020810  -0.013067  0.000604
812  -0.018412  -0.020777  0.000771
813  0.021513  -0.005277  0.000491
814  0.005710  0.027107  0.000767
815  -0.012608  -0.013762  0.000348
816  0.023379  0.003040  0.000556
817  0.002419  0.003277  0.000017
818  -0.045628  0.026078  0.002762
819  -0.014277  0.016181  0.000466
820  0.024851  0.028013  0.001402
821  0.045403  0.003053  0.002071
822  -0.017456  0.049757  0.002781
823  -0.009145  0.008932  0.000163
824  -0.014499  0.000787  0.000211
825  -0.006154  -0.030042  0.000940
826  -0.006666  -0.002755  0.000052
827  -0.016397  -0.022638  0.000781
828  0.016691  -0.006529  0.000321
829  -0.001200  -0.025141  0.000633
830  -0.000876  -0.024400  0.000596
831  -0.000212  -0.011174  0.000125
832  0.016322  -0.004337  0.000285
833  0.042843  0.008615  0.001910
834  -0.024518  0.032591  0.001663
835  -0.022086  -0.006036  0.000524
836  -0.003982  0.014614  0.000229
837  -0.011549  0.044622  0.002124
838  -0.043807  -0.003194  0.001929
839  -0.007734  0.001792  0.000063
840  0.002978  0.020902  0.000446
841  -0.030540  0.023998  0.001509
842  -0.002093  0.034775  0.001214
843  -0.008539  -0.010916  0.000192
844  -0.029005  -0.023507  0.001394
845  -0.028296  -0.016559  0.001075
846  -0.006725  -0.006595  0.000089
847  0.009994  -0.038162  0.001556
848  -0.037042  0.013319  0.001550
849  -0.038054  0.010737  0.001563
850  0.017779  -0.005722  0.000349
851  -0.036459  0.022158  0.001820
852  -0.000734  -0.009832  0.000097
853  0.028013  0.002261  0.000790
854  -0.024144  0.026187  0.001269
855  -0.032437  0.035092  0.002284
856  -0.013666  0.007737  0.000247
857  0.023572  0.001330  0.000557
858  -0.034584  0.029182  0.002048
859  -0.037662  -0.006599  0.001462
860  0.016842  -0.015771  0.000532
861  -0.021607  -0.006925  0.000515
862  0.001999  -0.016293  0.000269
863  0.014287  -0.022964  0.000731
864  -0.029238  -0.014076  0.001053
865  -0.030798  0.003654  0.000962
866  -0.010925  0.031592  0.001117
867  0.010221  0.005817  0.000138
868  0.011692  0.029192  0.000989
869  0.021330  -0.014759  0.000673
870  -0.014178  0.015500  0.000441
871  0.020364  0.042454  0.002217
872  -0.011718  -0.037923  0.001576
873  -0.015678  -0.013250  0.000421
874  -0.004405  0.035033  0.001247
875  -0.014071  -0.032579  0.001259
876  -0.030859  0.018439  0.001292
877  -0.011949  0.030444  0.001070
878  -0.000542  0.001925  0.000004
879  0.013317  0.001319  0.000179
880  -0.010145  0.017434  0.000407
881  0.006325  -0.004863  0.000064
882  -0.024074  0.009869  0.000677
883  -0.001380  0.032815  0.001079
884  -0.017418  0.004888  0.000327
885  -0.029732  0.002810  0.000892
886  -0.011333  0.016648  0.000406
887  -0.019198  0.002877  0.000377
888  -0.036510  0.011349  0.001462
889  0.005528  0.009689  0.000124
890  0.001066  -0.030707  0.000944
891  -0.019803  -0.007056  0.000442
892  -0.029055  0.029537  0.001717
893  -0.039720  0.011864  0.001718
894  -0.036946  0.004427  0.001385
895  -0.038178  0.000142  0.001458
896  -0.011331  0.014044  0.000326
897  -0.046065  0.034182  0.003290
898  0.017225  0.037064  0.001670
899  -0.002323  0.019128  0.000371
900  -0.028020  0.053131  0.003608
901  0.018730  0.014318  0.000556
902  -0.006217  -0.002691  0.000046
903  -0.028676  0.026981  0.001550
904  -0.024955  -0.001918  0.000626
905  -0.018342  -0.001543  0.000339
906  -0.026258  0.000956  0.000690
907  -0.026831  -0.023409  0.001268
908  -0.003210  0.002996  0.000019
909  -0.034858  0.015232  0.001447
910  -0.005126  -0.013080  0.000197
911  0.023898  0.005810  0.000605
912  -0.025507  0.006326  0.000691
913  -0.046848  0.033379  0.003309
914  -0.026310  0.016020  0.000949
915  -0.004055  0.026929  0.000742
916  0.009092  0.008309  0.000152
917  0.000800  0.030200  0.000913
918  -0.015247  -0.003671  0.000246
919  -0.024444  -0.004659  0.000619
920  0.026257  0.003378  0.000701
921  0.027624  0.033890  0.001912
922  0.007324  0.025444  0.000701
923  0.016422  -0.017756  0.000585
924  0.021046  0.019480  0.000822
925  0.033001  -0.036385  0.002413
926  -0.019762  0.002321  0.000396
927  -0.010624  -0.005145  0.000139
928  -0.025327  0.006696  0.000686
929  -0.030334  -0.015242  0.001153
930  0.017478  0.013522  0.000488
931  0.027026  -0.006627  0.000774
932  -0.054721  -0.026494  0.003696
933  -0.001936  -0.033146  0.001102
934  -0.038064  0.015463  0.001688
935  -0.011553  -0.011346  0.000262
936  0.006450  -0.035579  0.001307
937  -0.056639  -0.004511  0.003228
938  -0.015410  -0.004449  0.000257
939  -0.004362  -0.022048  0.000505
940  -0.029821  -0.019945  0.001287
941  -0.037485  0.026493  0.002107
942  -0.046169  0.019959  0.002530
943  0.007409  -0.017674  0.000367
944  -0.032270  0.005559  0.001072
945  -0.010870  0.030937  0.001075
946  -0.022044  0.000924  0.000487
947  0.014420  0.034666  0.001410
948  -0.000506  0.037644  0.001417
949  0.002814  -0.003169  0.000018
950  -0.007934  -0.001740  0.000066
951  -0.014755  -0.022457  0.000722
952  -0.030086  0.001390  0.000907
953  -0.002968  -0.019660  0.000395
954  -0.020130  0.043132  0.002266
955  0.009848  0.014927  0.000320
956  -0.001106  0.018755  0.000353
957  0.010941  -0.009673  0.000213
958  0.009467  -0.000882  0.000090
959  -0.023962  0.025779  0.001239
960  0.000114  -0.009267  0.000086
961  -0.035665  0.002657  0.001279
962  -0.001347  -0.014767  0.000220
963  -0.028217  0.006343  0.000836
964  0.013426  -0.020361  0.000595
965  0.015760  0.016747  0.000529
966  0.041789  -0.014805  0.001966
967  -0.022115  0.000981  0.000490
968  -0.015702  0.026658  0.000957
969  0.041804  -0.009842  0.001844
970  -0.019061  0.008580  0.000437
971  -0.017957  -0.008601  0.000396
972  0.013021  0.001118  0.000171
973  -0.031218  -0.024688  0.001584
974  -0.015503  0.025542  0.000893
975  -0.008680  -0.025007  0.000701
976  -0.002862  -0.012347  0.000161
977  0.005314  -0.023678  0.000589
978  -0.018887  -0.000335  0.000357
979  -0.001007  0.040010  0.001602
980  -0.015523  0.010151  0.000344
981  0.030993  -0.025443  0.001608
982  -0.033285  0.036436  0.002435
983  -0.017028  0.007114  0.000341
984  -0.024616  -0.004639  0.000627
985  -0.029787  -0.012336  0.001039
986  -0.019454  0.003661  0.000392
987  -0.022383  -0.003150  0.000511
988  0.003537  -0.016071  0.000271
989  -0.024171  0.037223  0.001970
990  -0.032118  0.010198  0.001136
991  -0.010360  -0.006327  0.000147
992  -0.004851  -0.003579  0.000036
993  0.012563  0.026005  0.000834
994  0.015883  -0.003542  0.000265
995  -0.018951  -0.016684  0.000637
996  -0.009649  0.010708  0.000208
997  0.011318  0.038127  0.001582
998  -0.038379  -0.005009  0.001498
999  0.022816  -0.014679  0.000736
1000  -0.001066  0.014200  0.000203
1001  0.014188  -0.008321  0.000271
1002  -0.033744  -0.031638  0.002140
1003  -0.005655  0.025238  0.000669
1004  0.006322  0.026407  0.000737
1005  -0.019523  0.021049  0.000824
1006  -0.015620  0.004149  0.000261
1007  -0.034783  0.041820  0.002959
1008  -0.001466  0.002246  0.000007
1009  -0.017824  -0.015145  0.000547
1010  0.011873  0.033290  0.001249
1011  -0.029850  0.026366  0.001586
1012  -0.003356  0.027920  0.000791
1013  -0.024657  0.002143  0.000613
1014  -0.007177  0.024683  0.000661
1015  -0.002156  0.022236  0.000499
1016  -0.020083  0.010978  0.000524
1017  0.004598  -0.005852  0.000055
1018  0.024595  0.001900  0.000609
1019  -0.015848  -0.002350  0.000257
1020  0.031562  0.017328  0.001296
1021  -0.002046  0.005571  0.000035
1022  -0.034214  0.000188  0.001171
1023  0.019194  0.037140  0.001748
1024  -0.018778  -0.010619  0.000465
1025  0.004605  0.005986  0.000057
1026  -0.033143  0.011813  0.001238
1027  -0.017908  0.037943  0.001760
1028  0.010707  0.003626  0.000128
1029  0.008182  -0.006529  0.000110
1030  -0.005874  0.023299  0.000577
1031  0.002855  0.005420  0.000038
1032  0.009014  0.007435  0.000137
1033  0.012068  -0.019055  0.000509
1034  -0.009078  0.007776  0.000143
1035  -0.028166  0.006020  0.000830
1036  -0.018366  -0.005078  0.000363
1037  -0.009639  0.019147  0.000459
1038  -0.062636  0.008056  0.003988
1039  0.037643  -0.035044  0.002645
1040  -0.007090  0.043795  0.001968
1041  -0.014007  -0.011512  0.000329
1042  0.017004  0.035288  0.001534
1043  0.009125  0.006041  0.000120
1044  0.005355  0.057245  0.003306
1045  -0.012532  -0.014816  0.000377
1046  -0.016256  -0.010256  0.000369
1047  0.006626  0.004527  0.000064
1048  -0.037638  0.017437  0.001721
1049  0.026844  -0.007509  0.000777
1050  -0.010937  -0.017553  0.000428
1051  -0.006576  0.013999  0.000239
1052  -0.049732  -0.025817  0.003140
1053  -0.008272  -0.018721  0.000419
1054  0.024445  0.014635  0.000812
1055  0.000197  0.004893  0.000024
1056  -0.003156  -0.002194  0.000015
1057  -0.008491  -0.031892  0.001089
1058  -0.047028  0.024709  0.002822
1059  0.014764  -0.002325  0.000223
1060  -0.012084  0.018259  0.000479
1061  0.002888  -0.015954  0.000263
1062  -0.010991  -0.002223  0.000126
1063  0.004956  0.036513  0.001358
1064  -0.004369  -0.002383  0.000025
1065  -0.034445  0.003482  0.001199
1066  -0.031636  0.010231  0.001105
1067  0.005808  0.035195  0.001272
1068  -0.024593  -0.005382  0.000634
1069  -0.000430  -0.007667  0.000059
1070  -0.012300  -0.000631  0.000152
1071  -0.033415  -0.021412  0.001575
1072  0.047255  -0.020337  0.002647
1073  -0.018239  0.032204  0.001370
1074  -0.017191  -0.016232  0.000559
1075  0.016800  -0.017583  0.000591
1076  0.006437  -0.025896  0.000712
1077  -0.004795  0.018594  0.000369
1078  -0.039558  0.017394  0.001867
1079  0.000863  -0.005603  0.000032
1080  0.012796  0.017067  0.000455
1081  0.005266  -0.008224  0.000095
1082  0.020276  -0.050582  0.002970
1083  -0.002637  0.002082  0.000011
1084  -0.000223  0.017804  0.000317
1085  -0.071213  -0.004421  0.005091
1086  -0.024433  -0.017581  0.000906
1087  -0.002679  0.020287  0.000419
1088  -0.021431  -0.016653  0.000737
1089  -0.023065  -0.002505  0.000538
1090  0.016839  -0.001299  0.000285
1091  0.000465  0.003508  0.000013
1092  -0.022283  0.023536  0.001051
1093  0.006022  0.001011  0.000037
1094  -0.012188  0.002671  0.000156
1095  -0.022316  0.036347  0.001819
1096  -0.048867  -0.036911  0.003750
1097  0.021464  -0.007578  0.000518
1098  0.007234  -0.024233  0.000640
1099  -0.018679  -0.028522  0.001162
1100  -0.030221  0.005453  0.000943
1101  -0.036076  0.050841  0.003886
1102  0.019704  0.031079  0.001354
1103  0.006763  0.015013  0.000271
1104  -0.002489  0.039421  0.001560
1105  -0.023696  -0.019963  0.000960
1106  -0.009117  0.041362  0.001794
1107  -0.012691  -0.000781  0.000162
1108  0.026226  -0.045922  0.002797
1109  0.009692  -0.036521  0.001428
1110  0.004366  -0.008924  0.000099
1111  0.005513  -0.014840  0.000251
1112  0.017817  0.007652  0.000376
1113  -0.014470  -0.035393  0.001462
1114  0.011108  -0.021207  0.000573
1115  -0.005432  -0.007709  0.000089
1116  -0.076724  0.002544  0.005893
1117  -0.013276  0.019705  0.000565
1118  0.008801  0.028975  0.000917
1119  -0.004736  -0.011410  0.000153
1120  0.003953  -0.006754  0.000061
1121  -0.001518  0.048485  0.002353
1122  0.009684  -0.044015  0.002031
1123  -0.016667  0.030245  0.001193
1124  0.009383  -0.013801  0.000278
1125  0.016613  -0.007171  0.000327
1126  0.001877  0.030255  0.000919
1127  0.042486  -0.014287  0.002009
1128  0.004986  0.006937  0.000073
1129  0.055660  0.013742  0.003287
1130  0.016250  0.002646  0.000271
1131  -0.064070  0.008564  0.004178
1132  -0.010895  0.012498  0.000275
1133  -0.012088  -0.026395  0.000843
1134  0.035432  0.018848  0.001611
1135  -0.011787  -0.010955  0.000259
1136  -0.042488  -0.014434  0.002014
1137  -0.024009  0.024911  0.001197
1138  -0.000583  0.034395  0.001183
1139  -0.028036  0.036774  0.002138
1140  0.012859  0.059079  0.003656
1141  -0.011254  -0.006624  0.000171
1142  0.005117  0.015608  0.000270
1143  -0.007839  0.021120  0.000508
1144  0.000557  0.010662  0.000114
1145  0.026126  0.007095  0.000733
1146  0.002819  -0.001924  0.000012
1147  0.005683  -0.003032  0.000041
1148  0.028080  0.022296  0.001286
1149  0.003753  0.041326  0.001722
1150  -0.014304  -0.029767  0.001091
1151  -0.028733  0.027360  0.001574
1152  -0.032095  0.018579  0.001375
1153  0.041289  0.012800  0.001869
1154  0.036150  -0.019152  0.001674
1155  -0.028645  0.029288  0.001678
1156  0.009909  0.007474  0.000154
1157  -0.004938  0.005908  0.000059
1158  -0.031831  -0.003367  0.001025
1159  -0.004208  0.018553  0.000362
1160  -0.015911  0.039423  0.001807
1161  -0.040254  -0.001758  0.001623
1162  0.043819  -0.049820  0.004402
1163  -0.023736  -0.009186  0.000648
1164  -0.008414  0.017513  0.000377
1165  -0.011811  -0.001378  0.000141
1166  0.024609  0.004756  0.000628
1167  0.027944  -0.016161  0.001042
1168  0.027230  0.002159  0.000746
1169  -0.034984  -0.004865  0.001248
1170  0.004488  -0.012305  0.000172
1171  0.019619  0.027300  0.001130
1172  -0.001160  0.032486  0.001057
1173  -0.023702  0.004375  0.000581
1174  -0.069147  -0.022102  0.005270
1175  -0.009395  0.036947  0.001453
1176  -0.048710  0.051121  0.004986
1177  -0.040807  0.014099  0.001864
1178  -0.017034  0.034464  0.001478
1179  -0.043259  -0.008363  0.001941
1180  -0.030826  0.004111  0.000967
1181  0.013858  -0.017822  0.000510
1182  -0.001664  0.003104  0.000012
1183  -0.044587  -0.006145  0.002026
1184  -0.024821  0.063675  0.004671
1185  -0.014986  -0.001156  0.000226
1186  -0.009020  0.030946  0.001039
1187  0.010348  -0.026260  0.000797
1188  0.040142  -0.035189  0.002850
1189  0.019837  0.054059  0.003316
1190  -0.018079  0.006982  0.000376
1191  -0.034967  -0.024812  0.001838
1192  0.024383  -0.007055  0.000644
1193  -0.013187  0.034193  0.001343
1194  -0.022945  -0.012453  0.000682
1195  0.056392  -0.031486  0.004171
1196  -0.018470  -0.008489  0.000413
1197  -0.035163  -0.020327  0.001650
1198  0.051925  0.006571  0.002739
1199  -0.012969  0.016990  0.000457
1200  -0.033900  0.004270  0.001167
1201  0.010365  -0.001215  0.000109
1202  0.001846  -0.022925  0.000529
1203  0.027342  -0.034454  0.001935
1204  0.036070  0.002928  0.001310
1205  -0.031244  -0.004630  0.000998
1206  -0.019347  0.020528  0.000796
1207  -0.023629  0.036411  0.001884
1208  -0.015038  -0.007643  0.000285
1209  -0.035462  0.053938  0.004167
1210  0.035469  0.033531  0.002382
1211  -0.029547  -0.028983  0.001713
1212  -0.033976  -0.013323  0.001332
1213  0.015572  0.004434  0.000262
1214  0.029127  0.000403  0.000849
1215  -0.043596  -0.007935  0.001964
1216  0.028649  0.020023  0.001222
1217  0.037311  0.010707  0.001507
1218  -0.027736  -0.006306  0.000809
1219  0.020776  0.018081  0.000759
1220  0.038360  0.017244  0.001769
1221  0.001951  0.002789  0.000012
1222  -0.001189  0.035103  0.001234
1223  -0.029744  -0.011408  0.001015
1224  0.005400  0.038099  0.001481
1225  -0.049381  0.032295  0.003482
1226  -0.006525  -0.013201  0.000217
1227  -0.010562  0.032722  0.001182
1228  -0.002113  0.018005  0.000329
1229  0.022692  0.003890  0.000530
1230  0.011058  -0.001975  0.000126
1231  0.021829  0.009795  0.000572
1232  0.016353  0.023663  0.000827
1233  -0.056567  -0.068839  0.007939
1234  -0.008300  0.022994  0.000598
1235  -0.022722  -0.027142  0.001253
1236  -0.036557  -0.019798  0.001728
1237  -0.004135  -0.014950  0.000241
1238  0.018572  0.021434  0.000804
1239  0.032870  0.016501  0.001353
1240  -0.024175  -0.008432  0.000656
1241  0.005271  -0.003153  0.000038
1242  0.007176  -0.007755  0.000112
1243  -0.018839  -0.015875  0.000607
1244  -0.015011  -0.027992  0.001009
1245  0.074150  -0.082114  0.012241
1246  -0.011456  0.003173  0.000141
1247  0.006632  0.044397  0.002015
1248  -0.033499  0.023448  0.001672
1249  0.008757  0.021060  0.000520
1250  -0.012285  0.027273  0.000895
1251  0.030734  0.028473  0.001755
1252  0.033071  0.034863  0.002309
1253  -0.041764  -0.013613  0.001930
1254  -0.036054  -0.025499  0.001950
1255  0.058171  -0.005760  0.003417
1256  -0.040731  -0.072934  0.006978
1257  -0.013421  -0.040499  0.001820
1258  -0.020869  -0.006914  0.000483
1259  0.017462  0.039675  0.001879
1260  -0.002626  -0.007426  0.000062
1261  0.042955  -0.016066  0.002103
1262  0.043793  0.047233  0.004149
1263  -0.020299  0.005978  0.000448
1264  0.010047  0.011769  0.000239
1265  -0.022144  -0.001967  0.000494
1266  0.020362  0.051295  0.003046
1267  0.007914  -0.000424  0.000063
1268  0.003472  0.032718  0.001083
1269  0.067749  -0.030350  0.005511
1270  0.020233  0.009118  0.000493
1271  -0.006636  -0.011204  0.000170
1272  0.028092  -0.004542  0.000810
1273  -0.006440  0.019702  0.000430
1274  -0.022515  -0.018079  0.000834
1275  0.010741  -0.012240  0.000265
1276  0.043654  0.002744  0.001913
1277  -0.011107  -0.012023  0.000268
1278  -0.058587  0.035840  0.004717
1279  -0.026569  0.013589  0.000891
1280  -0.051377  0.075334  0.008315
1281  -0.025428  -0.007429  0.000702
1282  -0.021838  0.048145  0.002795
1283  -0.038324  0.069700  0.006327
1284  -0.020219  0.037730  0.001832
1285  0.009475  -0.009813  0.000186
1286  -0.008487  0.048212  0.002396
1287  0.021342  0.046229  0.002593
1288  0.000984  0.025684  0.000661
1289  -0.008923  0.011243  0.000206
1290  0.004480  0.016493  0.000292
1291  0.006970  -0.065127  0.004290
1292  0.016265  0.020317  0.000677
1293  -0.013767  0.001426  0.000192
1294  -0.023973  0.000909  0.000576
1295  0.027000  0.030298  0.001647
1296  -0.081698  0.025842  0.007342
1297  -0.023406  0.005344  0.000576
1298  0.004517  0.006438  0.000062
1299  -0.017702  -0.009894  0.000411
1300  -0.000954  0.050392  0.002540
1301  -0.072069  -0.023829  0.005762
1302  0.017451  -0.002868  0.000313
1303  0.046115  -0.022255  0.002622
1304  -0.014487  0.022401  0.000712
1305  0.031890  -0.023170  0.001554
1306  -0.021498  0.060222  0.004089
1307  -0.056960  0.067939  0.007860
1308  0.033637  -0.055820  0.004247
1309  0.023201  -0.037664  0.001957
1310  0.052271  0.033955  0.003885
1311  -0.059158  0.060551  0.007166
1312  0.038479  -0.013320  0.001658
1313  -0.025512  0.012155  0.000799
1314  0.010480  0.000258  0.000110
1315  -0.007865  -0.031685  0.001066
1316  -0.053578  0.042630  0.004688
1317  -0.002469  0.043496  0.001898
1318  -0.023297  0.018302  0.000878
1319  -0.036406  -0.017083  0.001617
1320  0.016589  -0.008126  0.000341
1321  -0.006652  0.006232  0.000083
1322  -0.047100  -0.029897  0.003112
1323  0.021045  -0.038662  0.001938
1324  0.021722  -0.019800  0.000864
1325  -0.041186  0.032589  0.002758
1326  -0.050379  -0.005046  0.002563
1327  0.002021  -0.046966  0.002210
1328  -0.009490  -0.016462  0.000361
1329  0.030369  0.016728  0.001202
1330  -0.009066  0.057506  0.003389
1331  -0.033351  0.042536  0.002922
1332  0.009399  0.009775  0.000184
1333  0.004466  0.006647  0.000064
1334  0.056879  -0.026738  0.003950
1335  -0.051128  0.002230  0.002619
1336  -0.053396  -0.009335  0.002938
1337  -0.076638  -0.042436  0.007674
1338  -0.005304  -0.041163  0.001722
1339  0.023679  -0.039931  0.002155
1340  0.011392  0.003098  0.000139
1341  0.051024  0.010566  0.002715
1342  -0.030971  0.065913  0.005304
1343  0.065024  -0.026167  0.004913
1344  0.014568  0.000840  0.000213
1345  -0.092984  0.026461  0.009346
1346  -0.023170  -0.012022  0.000681
1347  0.029179  0.031992  0.001875
1348  0.016497  0.010589  0.000384
1349  0.040878  0.066525  0.006097
1350  -0.020633  0.019760  0.000816
1351  -0.100087  -0.033281  0.011125
1352  0.001132  -0.006645  0.000045
1353  0.003755  -0.009692  0.000108
1354  0.021456  0.093691  0.009238
1355  0.043654  0.052953  0.004710
1356  -0.078866  0.051448  0.008867
1357  0.024756  0.015576  0.000855
1358  0.023762  0.028354  0.001369
1359  -0.097215  0.003867  0.009466
1360  -0.108940  0.023898  0.012439
1361  -0.015212  -0.023820  0.000799
1362  0.080743  -0.004847  0.006543
1363  -0.002755  -0.035662  0.001279
1364  0.073384  0.012965  0.005553
1365  -0.030695  -0.009291  0.001029
1366  0.076421  -0.033680  0.006974
1367  0.029328  0.050530  0.003413
1368  -0.003893  -0.002627  0.000022
1369  -0.059228  -0.065780  0.007835
1370  -0.081860  0.028837  0.007533
1371  -0.000624  0.045652  0.002085
1372  -0.056395  -0.069559  0.008019
1373  -0.037904  -0.010981  0.001557
1374  0.034172  0.016065  0.001426
1375  -0.058743  -0.011201  0.003576
1376  0.006051  0.006179  0.000075
1377  0.027336  -0.011265  0.000874
1378  0.029405  0.069631  0.005713
1379  -0.042766  0.069276  0.006628
1380  -0.030018  -0.031854  0.001916
1381  -0.009456  0.008007  0.000154
1382  0.031954  0.055379  0.004088
1383  0.058788  0.009065  0.003538
1384  -0.026488  0.027219  0.001442
1385  -0.011266  -0.012073  0.000273
1386  -0.019022  -0.017081  0.000654
1387  0.033046  -0.030747  0.002037
1388  0.024351  0.034627  0.001792
1389  0.061483  0.071533  0.008897
1390  -0.026604  0.028716  0.001532
1391  0.031927  0.047789  0.003303
1392  -0.121777  0.035178  0.016067
1393  -0.047228  0.035467  0.003488
1394  0.046282  0.026402  0.002839
1395  -0.017620  -0.003853  0.000325
1396  0.045234  -0.007796  0.002107
1397  -0.034250  0.120151  0.015609
1398  0.014160  0.053034  0.003013
1399  -0.002658  0.012666  0.000167
1400  -0.031056  0.024996  0.001589
1401  -0.002374  0.033528  0.001130
1402  0.102494  -0.011938  0.010647
1403  -0.076334  -0.034133  0.006992
1404  0.030914  0.155126  0.025020
1405  0.015795  0.091611  0.008642
1406  0.037687  0.017049  0.001711
1407  -0.010376  0.000125  0.000108
1408  -0.049425  0.009239  0.002528
1409  -0.044568  0.144867  0.022973
1410  0.073079  -0.015265  0.005574
1411  -0.003938  -0.003777  0.000030
1412  0.039724  -0.096523  0.010895
1413  0.073026  -0.022096  0.005821
1414  0.038840  -0.008778  0.001586
1415  0.027187  -0.039881  0.002330
1416  0.019393  0.104971  0.011395
1417  -0.025701  0.044503  0.002641
1418  0.068367  0.071585  0.009798
1419  -0.060296  -0.063945  0.007725
1420  -0.036600  0.073364  0.006722
1421  -0.003833  -0.133469  0.017829
1422  0.087036  0.068759  0.012303
1423  -0.031867  0.052242  0.003745
1424  -0.028299  -0.020499  0.001221
1425  -0.029387  0.002626  0.000871
1426  0.035581  0.121509  0.016030
1427  -0.083302  -0.072056  0.012131
1428  0.008258  0.208023  0.043342
1429  0.001715  -0.046025  0.002121
1430  0.035430  -0.033918  0.002406
1431  -0.069342  0.084840  0.012006
1432  -0.007611  -0.023858  0.000627
1433  0.012545  -0.005273  0.000185
1434  -0.116534  -0.003536  0.013593
1435  -0.052485  0.040535  0.004398
1436  -0.102958  -0.122166  0.025525
1437  0.022168  0.182435  0.033774
1438  -0.106468  0.008739  0.011412
1439  0.033656  -0.196078  0.039579
1440  0.042584  0.100096  0.011833
1441  0.023735  -0.058974  0.004041
1442  0.087720  0.019116  0.008060
1443  0.003090  -0.083824  0.007036
1444  0.031335  0.046186  0.003115
1445  0.081365  -0.056971  0.009866
1446  0.033701  -0.105076  0.012177
1447  0.013419  -0.137850  0.019183
1448  -0.029444  -0.015159  0.001097
1449  0.040885  0.142559  0.021995
1450  0.083666  -0.000210  0.007000
1451  0.144039  0.327154  0.127777
1452  0.024135  -0.014376  0.000789
1453  0.049187  0.024706  0.003030
1454  -0.021411  0.254090  0.065020
1455  0.101312  0.072835  0.015569
1456  -0.055438  0.033445  0.004192
1457  0.000799  0.007737  0.000060
1458  0.011915  -0.045882  0.002247
1459  0.014387  0.099879  0.010183
1460  -0.025155  0.157897  0.025564
1461  -0.182818  0.074175  0.038924
1462  0.140024  -0.067852  0.024211
1463  -0.020131  0.022374  0.000906
1464  -0.042383  -0.140380  0.021503
1465  0.074292  0.110594  0.017750
1466  -0.131747  -0.085235  0.024622
1467  0.131554  -0.008751  0.017383
1468  -0.157079  -0.015841  0.024925
1469  -0.136139  -0.072531  0.023795
1470  -0.021549  -0.007270  0.000517
1471  0.096798  -0.022277  0.009866
1472  0.064609  -0.011374  0.004304
1473  0.216455  -0.081622  0.053515
1474  0.132082  0.193804  0.055006
1475  -0.244642  0.086260  0.067290
1476  -0.057978  0.085061  0.010597
1477  -0.077849  -0.140842  0.025897
1478  -0.056194  0.091287  0.011491
1479  -0.045750  0.116137  0.015581
1480  -0.069529  -0.024476  0.005433
1481  -0.076629  0.200372  0.046021
1482  -0.013254  0.096363  0.009462
1483  -0.085364  0.037673  0.008706
1484  0.227252  0.157331  0.076396
1485  -0.156936  0.022567  0.025138
1486  0.055766  0.022707  0.003625
1487  0.134510  -0.085773  0.025450
1488  0.067075  0.213762  0.050193
1489  -0.152360  0.021815  0.023689
1490  -0.026329  0.088746  0.008569
1491  -0.067030  0.042728  0.006319
1492  -0.040029  0.027191  0.002342
1493  -0.063571  -0.180181  0.036507
1494  -0.015081  -0.028488  0.001039
1495  0.104385  0.198823  0.050427
1496  -0.083587  0.058335  0.010390
1497  0.153916  0.184609  0.057770
1498  -0.170702  0.070469  0.034105
1499  0.224416  0.054302  0.053311
1500  -0.086653  0.167151  0.035448
1501  0.204560  0.111821  0.054349
1502  -0.199706  0.021519  0.040345
1503  -0.021544  -0.085547  0.007782
1504  0.110763  -0.041918  0.014026
1505  0.030804  -0.103964  0.011757
1506  0.180541  0.398154  0.191122
1507  0.161503  0.189672  0.062059
1508  -0.057126  0.090133  0.011387
1509  -0.077105  -0.097910  0.015531
1510  -0.080052  0.329419  0.114925
1511  0.039132  0.116919  0.015201
1512  0.087111  0.091128  0.015893
1513  0.063372  0.088602  0.011866
1514  -0.277746  -0.302288  0.168521
1515  0.369451  0.121599  0.151280
1516  0.027799  0.103422  0.011469
1517  -0.127962  0.000867  0.016375
1518  0.069491  -0.072818  0.010132
1519  -0.050007  -0.060809  0.006198
1520  0.389039  0.123212  0.166532
1521  -0.343788  0.161988  0.144430
1522  -0.226997  -0.449570  0.253641
1523  0.156866  0.057516  0.027915
1524  0.187475  0.056051  0.038289
1525  0.042355  -0.158029  0.026767
1526  -0.201409  0.118165  0.054529
1527  0.129250  -0.043425  0.018591
1528  0.294562  0.203506  0.128181
1529  -0.128348  -0.028151  0.017266
1530  0.217063  0.152990  0.070522
1531  0.208875  0.031796  0.044640
1532  0.092812  0.495483  0.254117
1533  -0.486960  0.350603  0.360052
1534  0.036718  0.252849  0.065281
1535  -0.038865  0.082219  0.008270
1536  0.162365  -0.040496  0.028002
1537  -0.225611  -0.025094  0.051530
1538  -0.137906  0.048932  0.021413
1539  0.062890  0.116068  0.017427
1540  0.203813  -0.338138  0.155877
1541  0.167061  0.277779  0.105071
1542  -0.044626  0.144413  0.022847
1543  0.062965  0.178495  0.035825
1544  0.311015  -0.031312  0.097711
1545  0.044187  -0.156063  0.026308
1546  -0.148898  0.063762  0.026236
1547  0.022850  0.048888  0.002912
1548  0.309598  0.027778  0.096623
1549  0.305909  0.021804  0.094056
1550  -0.145460  0.566203  0.341744
1551  0.343082  0.191228  0.154273
1552  0.098012  0.195459  0.047811
1553  -0.160595  -0.227289  0.077451
1554  0.310773  0.133958  0.114525
1555  0.017705  0.414412  0.172050
1556  0.037420  -0.029028  0.002243
1557  0.063760  0.529833  0.284789
1558  -0.662761  -0.046327  0.441399
1559  0.158416  0.097296  0.034562
1560  -0.102553  0.109990  0.022615
1561  -0.134269  -0.168045  0.046267
1562  0.257566  -0.063168  0.070331
1563  0.078874  0.668120  0.452606
1564  0.098113  -0.350616  0.132558
1565  -0.342848  0.563919  0.435550
1566  0.033540  0.255981  0.066651
1567  -0.018077  -0.418160  0.175185
1568  0.037926  0.417426  0.175683
1569  -0.253402  0.369526  0.200762
1570  -0.222861  0.219057  0.097653
1571  -0.428237  0.058759  0.186840
1572  0.241485  -0.086611  0.065817
1573  0.553841  0.121106  0.321406
1574  0.090357  -0.084075  0.015233
1575  0.017618  -0.015147  0.000540
1576  0.092874  0.414856  0.180731
1577  -0.124963  0.385160  0.163964
1578  -0.752775  -0.477275  0.794462
1579  0.166699  -0.251808  0.091196
1580  0.262301  -0.480539  0.299720
1581  0.205728  0.132145  0.059786
1582  0.431503  -0.251507  0.249451
1583  0.173083  -0.119356  0.044204
1584  0.144496  -0.420983  0.198105
1585  -0.265735  -0.280966  0.149557
1586  0.145928  -0.015084  0.021523
1587  -0.242811  0.429687  0.243588
1588  -0.496325  -0.232208  0.300259
1589  -0.334004  0.364791  0.244631
1590  -0.233847  -0.369439  0.191169
1591  0.364066  -0.213002  0.177914
1592  0.260165  0.149234  0.089956
1593  -0.240906  0.325385  0.163911
1594  -0.453700  -0.576230  0.537884
1595  -0.775054  -0.019109  0.601073
1596  0.496961  0.361941  0.377972
1597  -0.494123  0.302051  0.335392
1598  0.393872  -0.376486  0.296877
1599  0.491694  0.024830  0.242380
1600  0.217328  0.508743  0.306050
1601  -0.024582  0.599209  0.359656
1602  0.148604  0.183824  0.055875
1603  0.119064  0.067095  0.018678
1604  0.035224  0.064055  0.005344
1605  0.150101  -0.341137  0.138905
1606  -0.311923  0.139631  0.116793
1607  -0.357842  0.571224  0.454348
1608  -0.290546  -0.020269  0.084828
1609  0.178748  -0.241210  0.090133
1610  0.325979  0.853085  0.834016
1611  0.083340  -0.217002  0.054035
1612  -0.725556  -0.465844  0.743442
1613  0.119196  0.074643  0.019779
1614  -0.023393  -0.347161  0.121068
1615  0.177961  0.348746  0.153294
1616  0.430509  -0.070313  0.190282
1617  0.039493  0.322461  0.105541
1618  -0.751913  -0.405512  0.729814
1619  0.122114  -0.254682  0.079775
1620  0.181280  0.489886  0.272851
1621  -0.625067  0.191298  0.427304
1622  -0.145780  -0.302059  0.112492
1623  -0.368145  -0.116447  0.149091
1624  -0.079815  0.650095  0.428994
1625  -0.329897  -0.135156  0.127100
1626  0.165587  0.757955  0.601915
1627  -0.274068  -0.276202  0.151401
1628  -0.774104  0.299636  0.689019
1629  0.743330  -0.048348  0.554877
1630  0.037908  -0.193694  0.038954
1631  -0.463557  0.183142  0.248426
1632  0.104861  -0.307246  0.105396
1633  -0.247814  -0.367981  0.196822
1634  -0.310290  -0.048075  0.098591
1635  -0.380921  -0.452022  0.349425
1636  -0.327467  0.404078  0.270514
1637  0.197447  -0.998252  1.035493
1638  -0.140016  0.573137  0.348091
1639  -0.737156  0.512518  0.806074
1640  -0.145483  -0.021112  0.021611
1641  -0.113350  -0.073446  0.018243
1642  -0.354437  0.054541  0.128600
1643  -0.344592  0.120010  0.133146
1644  0.002570  -0.311579  0.097088
1645  0.671808  -0.556062  0.760531
1646  -0.009696  -0.207808  0.043278
1647  0.034861  -0.578848  0.336280
1648  0.172678  0.144311  0.050643
1649  -0.822662  0.382140  0.822803
1650  0.205923  0.309246  0.138038
1651  -0.666296  0.390834  0.596701
1652  0.335152  0.430328  0.297509
1653  -0.461095  0.199161  0.252274
1654  -0.572809  -0.657757  0.760755
1655  -0.359671  0.232941  0.183625
1656  0.364899  0.351741  0.256873
1657  -0.846947  0.331132  0.826967
1658  -0.595997  -0.660068  0.790902
1659  0.569979  -0.649853  0.747185
1660  -0.013841  1.250369  1.563614
1661  -0.193570  -0.033497  0.038591
1662  -0.947352  0.138271  0.916595
1663  0.630932  -0.308806  0.493436
1664  -0.023651  -0.078512  0.006724
1665  -0.348354  0.243205  0.180499
1666  0.261888  -0.040491  0.070225
1667  0.805293  0.045412  0.650559
1668  0.698275  0.020153  0.487994
1669  0.978182  0.469954  1.177696
1670  -0.317450  0.330693  0.210132
1671  -0.960813  0.007025  0.923212
1672  -0.058636  -0.281794  0.082846
1673  0.108651  0.457670  0.221267
1674  -0.131303  -0.143298  0.037775
1675  -0.473776  0.020037  0.224866
1676  -0.089753  -0.505201  0.263284
1677  -0.274075  -0.478050  0.303648
1678  0.132616  0.210980  0.062100
1679  0.525391  -0.475238  0.501887
1680  -0.565752  -0.127996  0.336459
1681  -0.009767  -0.265883  0.070789
1682  -0.712668  0.168240  0.536200
1683  -0.435477  -0.378850  0.333168
1684  -0.073219  0.079897  0.011745
1685  -0.081669  -0.073677  0.012098
1686  -0.060755  -0.567133  0.325331
1687  0.201744  -0.512521  0.303378
1688  -0.008622  0.259724  0.067531
1689  0.854863  0.153757  0.754433
1690  -0.125769  -0.772295  0.612258
1691  0.290150  -0.212374  0.129290
1692  -1.045191  -0.022531  1.092932
1693  0.275527  -0.968540  1.013985
1694  0.465257  -0.252395  0.280167
1695  -0.261065  0.437290  0.259378
1696  -0.592619  -0.523432  0.625178
1697  -0.475902  0.099626  0.236408
1698  0.191267  0.727896  0.566415
1699  -0.517139  -0.056654  0.270643
1700  0.519932  0.032295  0.271373
1701  -0.123286  0.199002  0.054801
1702  0.184854  0.013998  0.034367
1703  -0.382276  0.213491  0.191714
1704  -0.311013  0.197688  0.135809
1705  -0.484735  0.436574  0.425565
1706  0.028373  0.218743  0.048653
1707  0.709474  0.083785  0.510374
1708  -0.373568  0.071090  0.144607
1709  0.673815  0.884654  1.236640
1710  0.119645  0.339101  0.129305
1711  -0.559021  -0.056086  0.315650
1712  -0.679771  0.425947  0.643520
1713  0.523915  0.180753  0.307159
1714  0.248581  0.202544  0.102817
1715  -0.585433  -0.522496  0.615734
1716  0.110138  0.494723  0.256882
1717  -0.210778  -0.327899  0.151945
1718  -0.199401  -0.070281  0.044700
1719  0.266317  0.214447  0.116912
1720  0.538973  -0.321698  0.393981
1721  0.328480  -1.115588  1.352437
1722  -0.010196  -0.092105  0.008587
1723  -0.213408  0.165679  0.072993
1724  0.032094  -0.121762  0.015856
1725  -1.086330  0.362132  1.311253
1726  0.186295  -0.720453  0.553759
1727  0.010690  -0.147750  0.021944
1728  1.698808  0.467215  3.104240
1729  -0.157210  -0.517653  0.292680
1730  0.417142  0.403567  0.336874
1731  -0.218823  0.225263  0.098627
1732  0.673039  0.318063  0.554145
1733  0.401070  -0.515604  0.426704
1734  -0.444785  0.140333  0.217527
1735  0.379160  -0.213654  0.189410
1736  -0.183517  0.159453  0.059104
1737  -0.060138  0.061126  0.007353
1738  0.015672  0.328941  0.108448
1739  -0.040872  0.190938  0.038128
1740  -0.091857  -0.177815  0.040056
1741  -0.573275  -0.370491  0.465908
1742  0.209062  -0.191931  0.080544
1743  -0.139189  0.884094  0.800996
1744  0.698802  -0.649429  0.910082
1745  0.775976  0.165475  0.629521
1746  -0.052820  0.309979  0.098877
1747  -0.150453  -0.050646  0.025201
1748  0.066166  -0.291769  0.089507
1749  0.820611  0.017319  0.673702
1750  0.595119  0.054831  0.357173
1751  -0.339300  -0.405486  0.279543
1752  0.036156  0.293354  0.087364
1753  0.239197  -0.322184  0.161018
1754  -0.461498  0.688873  0.687527
1755  0.690651  -0.080552  0.483488
1756  -0.149949  -0.022156  0.022976
1757  0.559316  0.227287  0.364493
1758  -0.453894  -0.283094  0.286162
1759  0.168203  0.124195  0.043717
1760  0.116311  0.323462  0.118156
1761  0.538500  0.545424  0.587469
1762  -0.290609  0.076094  0.090244
1763  0.168431  0.460496  0.240426
1764  0.454131  0.000001  0.206235
1765  -0.130978  0.584270  0.358527
1766  0.177292  -0.314547  0.130373
1767  -0.140417  -1.023564  1.067400
1768  -0.525689  0.307110  0.370666
1769  0.428823  0.216159  0.230614
1770  0.008314  0.207345  0.043061
1771  0.180881  -0.607715  0.402035
1772  -0.363300  1.305121  1.835327
1773  -0.328815  -0.156315  0.132554
1774  -0.179185  0.269345  0.104654
1775  0.477470  0.491853  0.469897
1776  -0.734164  -0.815326  1.203753
1777  -0.087599  0.750574  0.571035
1778  -0.097565  0.103604  0.020253
1779  0.185163  0.038114  0.035738
1780  -0.015620  0.664296  0.441533
1781  0.080211  0.146608  0.027928
1782  0.446286  -0.043949  0.201103
1783  0.361371  0.620632  0.515773
1784  0.281396  -0.556336  0.388694
1785  -0.567691  0.452149  0.526711
1786  0.119031  -0.171188  0.043474
1787  -0.385342  -0.474069  0.373230
1788  -0.419166  0.881824  0.953314
1789  0.772252  0.146390  0.617804
1790  0.930969  -0.227212  0.918328
1791  0.351393  -0.124384  0.138948
1792  0.071464  -0.095114  0.014154
1793  -0.066794  0.222471  0.053955
1794  0.536091  -0.180780  0.320075
1795  0.120092  -0.597669  0.371630
1796  0.261011  0.292692  0.153795
1797  -0.323951  -0.497686  0.352636
1798  0.282735  0.412898  0.250423
1799  0.510029  -0.165390  0.287484
1800  0.202121  0.177738  0.072444
1801  0.403637  -0.642822  0.576143
1802  -0.470467  0.491902  0.463306
1803  0.351423  -0.128052  0.139896
1804  -0.232571  0.614171  0.431295
1805  0.390577  0.141408  0.172546
1806  0.402867  -0.438461  0.354550
1807  0.156094  0.066724  0.028817
1808  0.360026  0.129232  0.146320
1809  0.097219  -0.030162  0.010361
1810  0.156910  0.225676  0.075550
1811  0.253199  -0.033799  0.065252
1812  -0.253112  -0.009581  0.064157
1813  -0.228863  -0.091204  0.060696
1814  0.210925  -0.197287  0.083411
1815  0.080119  0.218272  0.054061
1816  -0.115852  -0.187941  0.048744
1817  0.515521  0.321941  0.369408
1818  0.226522  -0.206593  0.093993
1819  -0.193217  -0.908604  0.862893
1820  -0.323614  -0.238617  0.161664
1821  0.301534  -0.032685  0.091991
1822  0.055320  -0.289879  0.087090
1823  -0.478010  0.309806  0.324473
1824  -0.616983  0.412697  0.550987
1825  -0.022009  0.164403  0.027513
1826  0.128882  -0.030210  0.017523
1827  0.003114  0.169166  0.028627
1828  -0.292256  -0.066366  0.089818
1829  -0.111739  0.135394  0.030817
1830  0.101237  0.068702  0.014969
1831  -0.224289  -0.629385  0.446431
1832  -0.104844  -0.077348  0.016975
1833  -0.327259  0.180221  0.139578
1834  0.522920  -0.570476  0.598888
1835  -0.597421  0.123499  0.372164
1836  0.397608  -0.295069  0.245158
1837  -0.169699  0.190888  0.065236
1838  -0.207673  -0.040373  0.044758
1839  -0.351867  -0.270185  0.196810
1840  0.074811  -0.038282  0.007062
1841  0.061739  0.072400  0.009053
1842  -0.073701  -0.119387  0.019685
1843  -0.194209  -0.151784  0.060755
1844  0.166769  -0.083050  0.034709
1845  -0.108966  -0.200573  0.052103
1846  0.310974  0.286043  0.178525
1847  -0.167948  -0.197742  0.067309
1848  -0.087353  0.049619  0.010093
1849  0.474645  -0.153995  0.249002
1850  0.218354  -0.344102  0.166085
1851  0.012560  0.153402  0.023690
1852  -0.016639  0.184620  0.034361
1853  -0.076963  -0.060422  0.009574
1854  -0.017453  -0.148464  0.022346
1855  -0.164273  -0.295511  0.114312
1856  -0.144893  0.002339  0.020999
1857  0.089693  -0.190614  0.044379
1858  -0.089433  0.146111  0.029347
1859  0.032557  -0.112513  0.013719
1860  -0.077787  -0.154608  0.029954
1861  -0.027771  0.009954  0.000870
1862  0.045600  -0.398685  0.161029
1863  0.126183  -0.438399  0.208116
1864  -0.011491  0.044145  0.002081
1865  0.027354  -0.021866  0.001226
1866  0.054981  -0.072239  0.008241
1867  -0.063779  -0.390282  0.156387
1868  -0.063677  0.199394  0.043813
1869  -0.370647  0.009222  0.137464
1870  -0.085928  0.211913  0.052291
1871  -0.100516  -0.142316  0.030357
1872  0.065298  -0.038727  0.005764
1873  -0.242400  0.169499  0.087488
1874  0.450833  -0.085477  0.210557
1875  0.172458  -0.136316  0.048324
1876  0.226055  -0.316704  0.151402
1877  0.005714  0.053641  0.002910
1878  -0.096554  -0.278050  0.086634
1879  -0.031124  0.253274  0.065116
1880  -0.241171  0.235024  0.113400
1881  0.325795  -0.245379  0.166353
1882  0.058613  -0.065289  0.007698
1883  0.123741  0.149889  0.037779
1884  0.224611  -0.126667  0.066495
1885  0.066617  -0.106927  0.015871
1886  0.055226  0.071694  0.008190
1887  -0.004459  -0.229822  0.052838
1888  0.124166  0.040957  0.017095
1889  0.341643  -0.390902  0.269525
1890  -0.340755  -0.327488  0.223362
1891  0.043749  0.020514  0.002335
1892  0.087926  -0.020455  0.008149
1893  -0.073864  -0.108616  0.017253
1894  -0.043893  0.158972  0.027199
1895  0.145537  -0.028801  0.022011
1896  0.094170  -0.430666  0.194341
1897  0.076783  0.035213  0.007135
1898  0.227948  0.222483  0.101459
1899  0.009165  0.261997  0.068726
1900  0.076822  -0.059394  0.009429
1901  -0.076243  -0.019738  0.006203
1902  0.216733  -0.237766  0.103506
1903  0.126854  -0.105336  0.027188
1904  -0.095760  -0.115232  0.022448
1905  -0.067618  -0.124156  0.019987
1906  0.126311  -0.209188  0.059714
1907  -0.132384  -0.065248  0.021783
1908  -0.103123  -0.124383  0.026105
1909  0.221257  -0.177837  0.080581
1910  -0.156078  -0.033200  0.025463
1911  0.039258  -0.097446  0.011037
1912  0.040886  -0.025735  0.002334
1913  -0.086187  -0.011826  0.007568
1914  -0.040633  -0.279324  0.079673
1915  -0.130285  -0.029696  0.017856
1916  -0.023153  -0.090653  0.008754
1917  -0.073424  -0.012665  0.005552
1918  0.189382  -0.167058  0.063774
1919  -0.101360  -0.111690  0.022748
1920  0.026504  -0.004722  0.000725
1921  -0.241165  -0.230346  0.111220
1922  -0.044608  0.002238  0.001995
1923  0.057123  0.097674  0.012803
1924  -0.013468  -0.037054  0.001554
1925  -0.089011  0.100339  0.017991
1926  0.006905  0.114938  0.013258
1927  0.041435  -0.051315  0.004350
1928  0.132911  -0.109228  0.029596
1929  0.166778  -0.077513  0.033823
1930  -0.163387  -0.091883  0.035138
1931  0.031285  -0.046335  0.003126
1932  0.070736  -0.050549  0.007559
1933  -0.058712  -0.103232  0.014104
1934  0.086373  0.130766  0.024560
1935  0.107803  0.027474  0.012376
1936  0.106339  -0.012326  0.011460
1937  -0.162338  -0.139581  0.045836
1938  0.043284  -0.074772  0.007464
1939  0.047004  -0.006135  0.002247
1940  0.080787  -0.034471  0.007715
1941  -0.100445  -0.057147  0.013355
1942  0.047008  0.119537  0.016499
1943  -0.023345  -0.113024  0.013319
1944  -0.065065  -0.013986  0.004429
1945  0.033878  -0.110806  0.013426
1946  0.029768  0.061057  0.004614
1947  -0.036943  -0.095788  0.010540
1948  -0.039924  -0.201524  0.042206
1949  -0.160212  0.054856  0.028677
1950  -0.101654  -0.070751  0.015339
1951  0.038610  0.045996  0.003606
1952  0.094253  -0.033749  0.010023
1953  -0.148036  -0.009525  0.022005
1954  -0.062690  -0.072995  0.009258
1955  -0.054460  -0.080624  0.009466
1956  -0.033863  -0.099549  0.011057
1957  0.015009  0.074126  0.005720
1958  -0.115963  -0.071500  0.018560
1959  0.092909  -0.109609  0.020646
1960  -0.035007  -0.041913  0.002982
1961  -0.058414  -0.068788  0.008144
1962  -0.031092  0.026100  0.001648
1963  0.013771  0.021977  0.000673
1964  -0.095404  -0.042840  0.010937
1965  -0.016338  -0.036090  0.001569
1966  -0.114944  -0.121581  0.027994
1967  -0.118826  -0.073807  0.019567
1968  -0.017955  -0.102446  0.010818
1969  -0.017346  0.086869  0.007847
1970  -0.066785  0.046708  0.006642
1971  0.051455  -0.093026  0.011301
1972  0.004464  0.003533  0.000032
1973  0.051420  -0.060104  0.006257
1974  -0.086661  0.079284  0.013796
1975  -0.096272  -0.117684  0.023118
1976  0.043457  0.045723  0.003979
1977  -0.014272  0.052587  0.002969
1978  -0.044015  -0.011586  0.002072
1979  0.055146  -0.102770  0.013603
1980  0.002888  -0.021167  0.000456
1981  0.057391  -0.010375  0.003401
1982  0.006966  0.124423  0.015530
1983  -0.034157  0.000538  0.001167
1984  0.020617  0.074951  0.006043
1985  -0.018646  -0.104225  0.011210
1986  -0.078422  -0.066822  0.010615
1987  0.025350  0.117704  0.014497
1988  -0.002790  -0.009318  0.000095
1989  -0.081891  -0.054310  0.009656
1990  -0.023795  0.011878  0.000707
1991  0.086601  0.017438  0.007804
1992  -0.090350  0.002334  0.008169
1993  0.022188  -0.088467  0.008319
1994  -0.064663  -0.039195  0.005718
1995  -0.117873  0.073504  0.019297
1996  0.098644  0.069268  0.014529
1997  0.114866  0.008100  0.013260
1998  -0.133636  -0.004237  0.017876
1999  0.056847  -0.026801  0.003950
2000  0.014502  -0.060967  0.003927
2001  0.069221  0.064799  0.008990
2002  0.058007  -0.040215  0.004982
2003  -0.045153  -0.013792  0.002229
2004  0.100369  0.028168  0.010867
2005  -0.012758  -0.000129  0.000163
2006  -0.086007  -0.110626  0.019635
2007  -0.064740  0.074657  0.009765
2008  0.008056  -0.046733  0.002249
2009  0.004985  0.023179  0.000562
2010  -0.001848  -0.078749  0.006205
2011  0.021729  -0.047530  0.002731
2012  -0.037367  0.029814  0.002285
2013  -0.032884  0.004236  0.001099
2014  -0.088412  -0.015431  0.008055
2015  -0.025651  -0.020754  0.001089
2016  -0.091259  0.062501  0.012235
2017  0.026150  -0.030357  0.001605
2018  0.037206  -0.075480  0.007082
2019  -0.010223  -0.090877  0.008363
2020  -0.087107  -0.056767  0.010810
2021  0.020701  0.000743  0.000429
2022  -0.085992  0.023682  0.007955
2023  -0.081102  0.024405  0.007173
2024  -0.036054  0.031148  0.002270
2025  0.030178  -0.067276  0.005437
2026  -0.071063  -0.044882  0.007064
2027  -0.012562  0.024463  0.000756
2028  -0.047936  0.023476  0.002849
2029  0.032675  -0.075629  0.006787
2030  -0.028110  0.063877  0.004870
2031  0.059266  -0.003250  0.003523
2032  -0.002396  0.041337  0.001714
2033  0.003255  -0.069874  0.004893
2034  -0.094094  -0.011963  0.008997
2035  -0.031674  0.050406  0.003544
2036  0.020059  -0.017757  0.000718
2037  -0.080484  -0.034453  0.007665
2038  -0.045782  -0.021627  0.002564
2039  0.075937  0.065429  0.010047
2040  0.048303  -0.002884  0.002341
2041  -0.097810  0.025622  0.010223
2042  0.025368  0.039877  0.002234
2043  -0.025178  0.028065  0.001422
2044  0.059948  0.068588  0.008298
2045  0.039502  -0.023104  0.002094
2046  0.025509  0.031904  0.001669
2047  -0.013738  -0.029880  0.001082
