0  0.003441  0.026804  0.000730
1  0.022766  -0.007621  0.000576
2  -0.016037  0.011326  0.000385
3  0.006953  -0.019092  0.000413
4  -0.018003  0.020778  0.000756
5  -0.040395  0.025874  0.002301
6  -0.016309  0.004303  0.000285
7  -0.057925  -0.003158  0.003365
8  -0.013695  0.038386  0.001661
9  0.015637  0.005256  0.000272
10  0.037253  -0.045798  0.003485
11  -0.011679  -0.010417  0.000245
12  0.028817  -0.012839  0.000995
13  -0.003051  0.017401  0.000312
14  0.001977  -0.002769  0.000012
15  0.011364  -0.008812  0.000207
16  -0.001283  0.030104  0.000908
17  -0.000802  0.011165  0.000125
18  0.027542  -0.019688  0.001146
19  -0.000021  0.023730  0.000563
20  -0.014109  0.000080  0.000199
21  0.008814  0.008910  0.000157
22  0.021177  -0.026546  0.001153
23  0.026946  0.070414  0.005684
24  -0.035163  0.024919  0.001857
25  0.010208  0.034535  0.001297
26  0.010656  0.030431  0.001040
27  -0.045454  0.024516  0.002667
28  0.033478  0.013077  0.001292
29  -0.011622  -0.004353  0.000154
30  -0.012058  -0.033255  0.001251
31  -0.009607  0.060320  0.003731
32  -0.000370  0.001137  0.000001
33  -0.047395  -0.003513  0.002259
34  -0.012708  -0.050744  0.002736
35  0.014477  0.007467  0.000265
36  0.009093  -0.005610  0.000114
37  -0.049232  0.017340  0.002725
38  0.004472  0.027514  0.000777
39  0.034054  0.022537  0.001668
40  -0.010447  0.042680  0.001931
41  -0.047455  -0.004802  0.002275
42  0.016122  -0.015399  0.000497
43  -0.020565  0.012029  0.000568
44  -0.068014  -0.016680  0.004904
45  0.017538  0.084204  0.007398
46  0.023123  -0.011295  0.000662
47  0.035244  0.039320  0.002788
48  -0.025516  -0.036192  0.001961
49  0.042185  -0.009760  0.001875
50  -0.006014  0.040364  0.001665
51  -0.022919  0.007728  0.000585
52  -0.034296  0.025794  0.001842
53  0.016046  -0.036821  0.001613
54  0.043081  -0.004696  0.001878
55  0.006700  0.009093  0.000128
56  -0.006189  -0.009981  0.000138
57  -0.048220  0.036082  0.003627
58  -0.025096  -0.011068  0.000752
59  -0.028109  0.051316  0.003423
60  -0.018105  0.017591  0.000637
61  0.010602  0.013530  0.000295
62  -0.028605  -0.028876  0.001652
63  -0.049926  -0.046632  0.004667
64  0.008512  -0.006941  0.000121
65  -0.014787  0.002978  0.000228
66  -0.044786  -0.005811  0.002040
67  0.012344  -0.016589  0.000428
68  0.026207  -0.031933  0.001707
69  -0.019891  0.005571  0.000427
70  -0.032661  -0.000273  0.001067
71  0.039966  0.013508  0.001780
72  -0.019068  0.038733  0.001864
73  -0.057958  0.006637  0.003403
74  -0.013186  -0.071556  0.005294
75  -0.003768  -0.009461  0.000104
76  -0.053583  0.016918  0.003157
77  0.020327  0.062461  0.004314
78  0.034459  -0.002388  0.001193
79  -0.037151  -0.037121  0.002758
80  -0.024247  -0.025565  0.001241
81  0.016306  0.001495  0.000268
82  -0.003624  -0.038472  0.001493
83  0.005724  -0.015819  0.000283
84  -0.031908  -0.004009  0.001034
85  -0.013981  -0.011372  0.000325
86  -0.006330  0.011208  0.000166
87  0.020141  0.008178  0.000473
88  0.016669  0.028572  0.001094
89  0.009578  0.002877  0.000100
90  -0.014450  -0.004108  0.000226
91  0.030755  0.001925  0.000950
92  0.012197  -0.025507  0.000799
93  -0.000062  0.009650  0.000093
94  -0.034170  0.042012  0.002933
95  0.034344  -0.016867  0.001464
96  -0.009546  0.041218  0.001790
97  -0.011383  0.038763  0.001632
98  0.010568  0.009891  0.000210
99  0.024238  -0.028421  0.001395
100  -0.012083  -0.002224  0.000151
101  -0.002338  0.076684  0.005886
102  -0.012037  -0.022701  0.000660
103  -0.019831  0.020209  0.000802
104  -0.036602  0.022896  0.001864
105  0.001386  0.041964  0.001763
106  0.005729  0.005656  0.000065
107  0.038550  0.004405  0.001506
108  0.025902  0.034537  0.001864
109  -0.021369  0.044456  0.002433
110  0.024795  0.051133  0.003229
111  -0.041504  0.007680  0.001782
112  0.069697  0.012654  0.005018
113  0.025371  0.023486  0.001195
114  -0.001614  0.010186  0.000106
115  0.001694  -0.031430  0.000991
116  -0.006416  -0.013519  0.000224
117  0.003543  -0.008603  0.000087
118  -0.030623  0.038295  0.002404
119  -0.021426  0.017233  0.000756
120  0.023302  -0.024216  0.001129
121  0.011005  0.013557  0.000305
122  -0.011887  -0.037145  0.001521
123  -0.027788  -0.026363  0.001467
124  0.062015  0.014267  0.004049
125  0.008836  0.001569  0.000081
126  -0.019677  0.024783  0.001001
127  0.008333  0.005856  0.000104
128  0.014012  0.037961  0.001637
129  0.010313  0.008564  0.000180
130  -0.056869  0.083079  0.010136
131  0.015927  0.017434  0.000558
132  0.018482  0.045310  0.002395
133  -0.027375  0.024201  0.001335
134  -0.001903  -0.035406  0.001257
135  -0.047367  -0.021461  0.002704
136  0.016651  0.008749  0.000354
137  0.066865  -0.018541  0.004815
138  -0.020415  0.006864  0.000464
139  0.056583  0.031565  0.004198
140  -0.002651  0.026766  0.000723
141  -0.040489  0.016990  0.001928
142  -0.037974  -0.015404  0.001679
143  0.000360  -0.004373  0.000019
144  -0.013015  0.022131  0.000659
145  -0.032379  -0.000929  0.001049
146  -0.014147  -0.000327  0.000200
147  -0.006856  -0.033627  0.001178
148  -0.009292  0.023521  0.000640
149  -0.010262  0.018353  0.000442
150  -0.026661  0.032534  0.001769
151  -0.013556  -0.028456  0.000994
152  -0.003431  0.079175  0.006280
153  0.039897  -0.069280  0.006392
154  0.001165  0.009001  0.000082
155  -0.034855  -0.085585  0.008540
156  -0.004009  0.011209  0.000142
157  0.014598  0.000535  0.000213
158  0.002831  0.012719  0.000170
159  -0.008843  0.009791  0.000174
160  0.002979  0.063017  0.003980
161  0.011814  -0.022669  0.000653
162  0.006675  -0.027394  0.000795
163  0.014304  0.042898  0.002045
164  -0.045536  0.016026  0.002330
165  -0.055075  0.063676  0.007088
166  0.054178  -0.040303  0.004560
167  0.028504  0.040654  0.002465
168  -0.014770  -0.005078  0.000244
169  -0.026017  -0.044149  0.002626
170  0.039942  -0.002658  0.001602
171  -0.001338  -0.033176  0.001102
172  -0.002510  -0.033346  0.001118
173  -0.046108  -0.063043  0.006100
174  0.036524  0.029725  0.002218
175  -0.001666  -0.023126  0.000538
176  -0.016224  0.046564  0.002431
177  -0.068281  0.019659  0.005049
178  -0.006222  0.007238  0.000091
179  0.001228  0.016663  0.000279
180  -0.069451  0.004487  0.004844
181  -0.018736  -0.003805  0.000366
182  0.030238  -0.035202  0.002154
183  -0.009118  0.029742  0.000968
184  -0.032299  0.010768  0.001159
185  0.059706  -0.015883  0.003817
186  -0.017750  0.001099  0.000316
187  -0.005038  0.016980  0.000314
188  0.004032  0.014179  0.000217
189  0.033617  0.008355  0.001200
190  -0.002920  0.064814  0.004209
191  0.030494  0.048221  0.003255
192  0.011804  0.025276  0.000778
193  -0.016004  0.000409  0.000256
194  0.024171  -0.013604  0.000769
195  0.004395  -0.018018  0.000344
196  0.021135  -0.017899  0.000767
197  0.029396  0.009966  0.000963
198  0.000588  0.061841  0.003825
199  -0.013549  0.018653  0.000532
200  0.031488  -0.014446  0.001200
201  0.004492  0.007364  0.000074
202  -0.008836  -0.012119  0.000225
203  -0.075572  -0.014746  0.005929
204  -0.045990  -0.030956  0.003073
205  -0.017493  0.064266  0.004436
206  -0.005479  0.029544  0.000903
207  -0.045178  -0.018598  0.002387
208  -0.030570  0.025938  0.001607
209  -0.049839  0.022797  0.003004
210  -0.063750  -0.053149  0.006889
211  0.013320  0.001561  0.000180
212  0.025162  0.003660  0.000647
213  -0.010834  0.041431  0.001834
214  0.033105  0.024353  0.001689
215  0.000098  -0.011037  0.000122
216  -0.011204  0.020637  0.000551
217  -0.023009  -0.007637  0.000588
218  -0.005624  0.019276  0.000403
219  0.005806  0.047920  0.002330
220  -0.002729  0.059297  0.003524
221  -0.051729  0.059922  0.006267
222  0.014604  -0.011725  0.000351
223  0.018802  -0.031082  0.001320
224  -0.018020  -0.000417  0.000325
225  -0.011676  0.014788  0.000355
226  -0.029638  -0.022217  0.001372
227  0.028225  0.013469  0.000978
228  0.008403  0.022546  0.000579
229  -0.060479  -0.019350  0.004032
230  0.005154  0.046964  0.002232
231  0.057648  0.012028  0.003468
232  0.028991  0.052378  0.003584
233  0.014259  0.020888  0.000640
234  -0.016016  -0.016911  0.000542
235  -0.066116  0.004439  0.004391
236  -0.004104  -0.052167  0.002738
237  -0.049826  0.009698  0.002577
238  -0.014417  0.023779  0.000773
239  0.033536  0.027126  0.001860
240  0.032675  -0.000326  0.001068
241  0.038502  0.014314  0.001687
242  0.022815  -0.018264  0.000854
243  0.001526  -0.023529  0.000556
244  -0.051632  -0.033657  0.003799
245  0.032504  0.012467  0.001212
246  0.006858  0.038178  0.001505
247  0.067736  -0.037780  0.006016
248  -0.006411  0.011089  0.000164
249  0.001005  0.051183  0.002621
250  -0.047248  0.000475  0.002233
251  -0.038636  0.021316  0.001947
252  -0.002426  0.054113  0.002934
253  -0.007763  -0.031996  0.001084
254  0.040962  -0.058203  0.005066
255  -0.012991  -0.011224  0.000295
256  -0.036995  -0.057805  0.004710
257  -0.000116  0.023443  0.000550
258  -0.014212  0.052209  0.002928
259  0.044794  0.014494  0.002217
260  0.020122  0.007016  0.000454
261  0.041992  0.018086  0.002090
262  0.066317  -0.031810  0.005410
263  0.058755  0.029048  0.004296
264  -0.020048  0.006770  0.000448
265  -0.027762  0.003698  0.000784
266  0.006506  -0.028235  0.000840
267  -0.036385  0.038466  0.002803
268  0.008360  0.013964  0.000265
269  -0.036467  0.019348  0.001704
270  0.027371  -0.000690  0.000750
271  0.002583  -0.019037  0.000369
272  0.006726  0.028493  0.000857
273  0.031582  -0.023381  0.001544
274  0.029465  0.016197  0.001131
275  -0.002892  -0.003493  0.000021
276  -0.003331  -0.004651  0.000033
277  0.008262  0.010220  0.000173
278  -0.003698  0.000625  0.000014
279  0.009442  0.028605  0.000907
280  0.036572  0.033280  0.002445
281  -0.005053  0.023462  0.000576
282  -0.054925  -0.026149  0.003701
283  0.043542  -0.018703  0.002246
284  -0.016016  0.004670  0.000278
285  -0.039659  0.003464  0.001585
286  0.000568  -0.005251  0.000028
287  0.007003  -0.007144  0.000100
288  0.017580  -0.039399  0.001861
289  -0.023524  0.017992  0.000877
290  0.065573  0.011565  0.004434
291  -0.005338  0.012785  0.000192
292  -0.029504  -0.078156  0.006979
293  -0.037353  0.020080  0.001798
294  0.008760  -0.000811  0.000077
295  -0.054069  -0.053236  0.005757
296  -0.060921  -0.076147  0.009510
297  0.070631  0.019305  0.005361
298  0.004098  0.054605  0.002998
299  -0.001163  0.004567  0.000022
300  -0.047610  0.044867  0.004280
301  -0.009109  -0.010938  0.000203
302  0.009910  0.038697  0.001596
303  0.009179  -0.010339  0.000191
304  0.002035  -0.032421  0.001055
305  -0.005685  0.059634  0.003589
306  -0.033079  -0.022469  0.001599
307  0.003047  0.006748  0.000055
308  0.035495  -0.041396  0.002973
309  -0.004740  -0.010448  0.000132
310  0.023127  0.023134  0.001070
311  0.014560  0.010822  0.000329
312  0.002031  0.028312  0.000806
313  0.005093  0.031477  0.001017
314  0.021272  0.034761  0.001661
315  -0.016537  -0.002241  0.000278
316  0.009788  0.091372  0.008445
317  0.011067  0.044124  0.002069
318  0.002140  0.012858  0.000170
319  0.052572  0.003788  0.002778
320  -0.022847  0.044558  0.002507
321  -0.049771  -0.002101  0.002482
322  -0.031377  0.039909  0.002577
323  0.028538  0.010256  0.000920
324  -0.000505  0.024929  0.000622
325  -0.017250  0.079010  0.006540
326  0.078298  0.010446  0.006240
327  0.038134  0.009626  0.001547
328  -0.026594  0.040128  0.002318
329  0.028765  0.013678  0.001015
330  0.034981  0.013360  0.001402
331  -0.006380  0.041989  0.001804
332  -0.012357  0.031097  0.001120
333  -0.095528  0.090237  0.017268
334  -0.039488  0.025348  0.002202
335  0.019870  -0.035138  0.001630
336  0.091834  0.034032  0.009592
337  0.021328  0.024508  0.001056
338  -0.035351  -0.038128  0.002703
339  0.037677  0.016286  0.001685
340  0.041122  0.019901  0.002087
341  0.029504  0.020006  0.001271
342  -0.051254  0.003071  0.002636
343  -0.075759  -0.024122  0.006321
344  0.003069  0.012281  0.000160
345  -0.009967  0.011175  0.000224
346  -0.036299  -0.009714  0.001412
347  0.054998  0.056800  0.006251
348  0.028839  0.010597  0.000944
349  -0.039460  0.069771  0.006425
350  0.016013  -0.002472  0.000263
351  0.037791  0.004117  0.001445
352  -0.015777  0.038170  0.001706
353  -0.028516  0.075550  0.006521
354  0.028627  0.019840  0.001213
355  0.000290  0.040401  0.001632
356  0.015613  0.058059  0.003615
357  0.000715  0.012318  0.000152
358  0.042250  0.048077  0.004096
359  -0.015113  -0.001669  0.000231
360  -0.010997  -0.025811  0.000787
361  0.009722  0.081788  0.006784
362  -0.042338  -0.017521  0.002099
363  -0.026097  0.079549  0.007009
364  -0.046023  -0.025947  0.002791
365  0.005117  -0.025452  0.000674
366  0.058509  -0.001761  0.003426
367  0.006139  -0.017238  0.000335
368  0.010850  -0.024019  0.000695
369  0.000814  0.006397  0.000042
370  -0.018828  0.015510  0.000595
371  0.003706  0.063041  0.003988
372  -0.018111  -0.011155  0.000452
373  -0.008799  -0.021137  0.000524
374  -0.011747  0.029472  0.001007
375  0.009514  0.006227  0.000129
376  -0.003487  0.030253  0.000927
377  -0.018491  -0.005303  0.000370
378  -0.016625  -0.011706  0.000413
379  0.037239  -0.025534  0.002039
380  -0.005662  0.001566  0.000035
381  -0.030871  0.014447  0.001162
382  0.014092  0.013929  0.000393
383  0.008320  -0.011841  0.000209
384  0.020056  0.055387  0.003470
385  0.021297  -0.060582  0.004124
386  0.028353  0.003707  0.000818
387  0.086043  0.040551  0.009048
388  -0.009977  -0.043701  0.002009
389  -0.064933  -0.014355  0.004422
390  -0.032276  -0.008205  0.001109
391  -0.039029  0.071152  0.006586
392  0.001076  0.030910  0.000957
393  0.063069  0.020606  0.004402
394  -0.003449  -0.034538  0.001205
395  -0.015229  -0.011082  0.000355
396  0.010250  0.067025  0.004597
397  -0.036289  0.015110  0.001545
398  -0.028988  -0.016507  0.001113
399  0.028336  0.071848  0.005965
400  -0.020388  0.035584  0.001682
401  0.008921  -0.001624  0.000082
402  0.000565  0.042797  0.001832
403  -0.053879  -0.034826  0.004116
404  -0.030245  0.098684  0.010653
405  -0.018844  0.002411  0.000361
406  0.068203  0.104100  0.015488
407  0.008664  -0.036523  0.001409
408  0.002088  0.014755  0.000222
409  0.015512  0.013947  0.000435
410  0.085312  -0.044425  0.009252
411  -0.018232  0.028547  0.001147
412  -0.005367  0.036336  0.001349
413  0.014567  0.009680  0.000306
414  -0.032122  0.023892  0.001603
415  -0.028387  0.083499  0.007778
416  0.049696  -0.014935  0.002693
417  -0.053815  0.034103  0.004059
418  -0.002785  0.003714  0.000022
419  0.007504  0.066211  0.004440
420  0.071380  0.013263  0.005271
421  0.019582  -0.039191  0.001919
422  0.034148  0.043574  0.003065
423  0.099803  0.024187  0.010546
424  -0.034643  -0.029025  0.002043
425  0.030489  -0.017691  0.001243
426  0.015749  -0.002876  0.000256
427  0.008556  -0.005925  0.000108
428  0.034152  0.013247  0.001342
429  -0.010209  -0.028906  0.000940
430  -0.060453  -0.021856  0.004132
431  -0.018896  0.009976  0.000457
432  0.001773  -0.000008  0.000003
433  -0.027455  0.030935  0.001711
434  0.005484  0.026696  0.000743
435  -0.012392  -0.011069  0.000276
436  -0.050526  -0.066074  0.006919
437  0.009307  0.020482  0.000506
438  -0.045591  0.086689  0.009594
439  -0.057472  0.003730  0.003317
440  -0.008659  0.021395  0.000533
441  0.005341  0.058495  0.003450
442  0.062083  0.033863  0.005001
443  0.000417  0.049158  0.002417
444  0.014279  0.048310  0.002538
445  -0.050171  -0.001656  0.002520
446  -0.009145  -0.001654  0.000086
447  0.001909  -0.033348  0.001116
448  0.002159  0.003984  0.000021
449  -0.008114  0.035201  0.001305
450  -0.004748  -0.019206  0.000391
451  -0.009108  -0.028685  0.000906
452  -0.006200  0.003761  0.000053
453  -0.061482  0.029638  0.004658
454  0.018085  -0.007846  0.000389
455  0.033478  0.006508  0.001163
456  0.042484  0.030165  0.002715
457  -0.039826  0.014665  0.001801
458  -0.046231  0.015652  0.002382
459  0.046452  -0.000362  0.002158
460  -0.010218  -0.018722  0.000455
461  0.005473  -0.000953  0.000031
462  0.065843  0.020823  0.004769
463  0.032131  -0.048521  0.003387
464  -0.086043  0.043720  0.009315
465  0.005752  -0.070840  0.005051
466  -0.052871  0.047269  0.005030
467  -0.019504  -0.011338  0.000509
468  0.047269  0.009475  0.002324
469  -0.020905  -0.019271  0.000808
470  -0.030906  -0.074766  0.006545
471  -0.033780  0.065255  0.005399
472  -0.053921  0.095896  0.012104
473  0.005024  -0.009121  0.000108
474  -0.073176  -0.017841  0.005673
475  -0.050895  -0.003523  0.002603
476  0.011199  0.092123  0.008612
477  0.004909  0.025237  0.000661
478  0.023432  0.035180  0.001787
479  -0.129061  -0.038157  0.018113
480  -0.017365  0.045014  0.002328
481  0.016637  -0.015847  0.000528
482  -0.063793  -0.052649  0.006842
483  -0.015477  -0.012961  0.000408
484  -0.000118  -0.051718  0.002675
485  -0.029646  0.017465  0.001184
486  -0.040317  0.055494  0.004705
487  0.035181  -0.056328  0.004411
488  0.031321  0.079572  0.007313
489  0.046302  -0.091863  0.010583
490  0.013845  -0.032013  0.001216
491  0.054797  0.034547  0.004196
492  -0.034864  -0.012668  0.001376
493  0.022795  -0.046789  0.002709
494  0.008641  0.025780  0.000739
495  0.095087  -0.108993  0.020921
496  0.006017  0.029841  0.000927
497  -0.026066  0.023587  0.001236
498  -0.071318  0.024528  0.005688
499  0.016812  -0.099958  0.010274
500  -0.055284  0.010721  0.003171
501  0.034607  0.033852  0.002344
502  0.008173  -0.017646  0.000378
503  0.019467  0.060550  0.004045
504  -0.102596  0.022460  0.011030
505  0.015623  -0.012773  0.000407
506  0.047474  -0.007840  0.002315
507  0.023729  0.070167  0.005486
508  -0.023620  -0.001658  0.000561
509  0.031808  0.038433  0.002489
510  -0.012784  -0.027216  0.000904
511  0.001337  0.040979  0.001681
512  0.018184  0.012582  0.000489
513  0.032379  -0.018031  0.001374
514  -0.030863  -0.025752  0.001616
515  -0.041747  0.063488  0.005774
516  -0.048057  0.002331  0.002315
517  0.090275  0.050425  0.010692
518  -0.099134  0.024677  0.010436
519  0.005418  -0.005549  0.000060
520  -0.001321  -0.032529  0.001060
521  -0.094385  0.060348  0.012550
522  0.020073  -0.063964  0.004494
523  -0.076894  0.057916  0.009267
524  -0.002321  -0.009988  0.000105
525  0.047184  -0.047716  0.004503
526  0.029617  0.020699  0.001306
527  0.014211  0.018240  0.000535
528  -0.048480  0.120793  0.016941
529  -0.000570  0.072086  0.005197
530  0.011321  0.046256  0.002268
531  -0.009479  -0.037284  0.001480
532  -0.002268  0.012812  0.000169
533  0.026092  -0.010358  0.000788
534  0.067204  0.022628  0.005028
535  -0.055536  -0.059306  0.006601
536  0.046699  0.006066  0.002218
537  -0.059374  0.058807  0.006983
538  -0.050436  -0.029733  0.003428
539  -0.032412  0.048748  0.003427
540  -0.024788  0.025164  0.001248
541  0.073300  0.021799  0.005848
542  -0.010489  0.038376  0.001583
543  0.016396  0.051319  0.002902
544  0.054892  -0.013270  0.003189
545  -0.036893  -0.011817  0.001501
546  -0.023251  0.008380  0.000611
547  0.020384  0.022469  0.000920
548  0.038869  0.028632  0.002331
549  0.119566  -0.062037  0.018144
550  -0.010151  0.017596  0.000413
551  0.021222  0.039834  0.002037
552  -0.033405  0.031195  0.002089
553  0.044793  0.028600  0.002824
554  -0.022486  0.038835  0.002014
555  -0.000173  0.010720  0.000115
556  0.097744  0.004139  0.009571
557  0.051680  0.010108  0.002773
558  0.055732  -0.153581  0.026693
559  0.100438  -0.006971  0.010136
560  -0.029995  0.093800  0.009698
561  0.084294  0.024440  0.007703
562  0.025336  0.047000  0.002851
563  0.031054  0.029755  0.001850
564  0.013514  -0.060873  0.003888
565  0.046684  0.014634  0.002394
566  0.012051  0.056165  0.003300
567  0.053598  0.010115  0.002975
568  0.030221  -0.120711  0.015484
569  -0.086278  -0.055635  0.010539
570  -0.009693  0.067957  0.004712
571  0.037473  -0.012416  0.001558
572  0.044185  -0.027084  0.002686
573  -0.021521  0.003622  0.000476
574  0.047477  -0.102703  0.012802
575  0.053507  0.065203  0.007114
576  0.001811  0.095618  0.009146
577  0.026415  0.030053  0.001601
578  -0.029988  -0.046543  0.003065
579  -0.001191  -0.037921  0.001439
580  -0.055685  0.085313  0.010379
581  -0.037481  0.061182  0.005148
582  -0.016021  0.031765  0.001266
583  -0.021170  0.018644  0.000796
584  -0.018223  -0.026918  0.001057
585  -0.068840  0.022711  0.005255
586  -0.043442  0.010696  0.002002
587  0.055629  -0.036272  0.004410
588  -0.050865  -0.011777  0.002726
589  -0.035764  0.107516  0.012839
590  -0.060515  0.038882  0.005174
591  -0.122563  -0.079059  0.021272
592  -0.020450  -0.032635  0.001483
593  0.087590  -0.032954  0.008758
594  0.032924  0.046980  0.003291
595  -0.011251  -0.050623  0.002689
596  0.005726  -0.040295  0.001656
597  0.078310  -0.043498  0.008025
598  0.007908  0.037310  0.001455
599  -0.046972  -0.032890  0.003288
600  0.120335  0.015198  0.014711
601  0.033303  0.064093  0.005217
602  -0.041274  -0.037210  0.003088
603  -0.105877  0.031726  0.012216
604  0.012131  -0.065575  0.004447
605  -0.004013  0.028382  0.000822
606  0.080310  0.021459  0.006910
607  -0.027924  0.060647  0.004458
608  -0.005089  -0.000678  0.000026
609  -0.058270  -0.025034  0.004022
610  -0.027537  0.047706  0.003034
611  -0.050853  0.068363  0.007260
612  0.015760  -0.020495  0.000668
613  0.073529  -0.084479  0.012543
614  -0.035635  0.082983  0.008156
615  0.074264  -0.062736  0.009451
616  0.036978  0.021870  0.001846
617  -0.091006  -0.035327  0.009530
618  0.017224  -0.035352  0.001546
619  0.055145  -0.052114  0.005757
620  -0.055865  -0.014415  0.003329
621  0.082887  -0.090424  0.015047
622  -0.003453  0.009751  0.000107
623  -0.013332  0.035147  0.001413
624  -0.076867  0.058426  0.009322
625  -0.077701  0.036200  0.007348
626  -0.079841  -0.119998  0.020774
627  0.011381  0.050208  0.002650
628  -0.009566  -0.006357  0.000132
629  -0.034635  0.007860  0.001261
630  0.038022  -0.015076  0.001673
631  0.066577  -0.145750  0.025676
632  -0.051064  0.089590  0.010634
633  -0.032375  -0.016019  0.001305
634  0.059779  0.035530  0.004836
635  0.035330  0.117651  0.015090
636  -0.093077  -0.029055  0.009507
637  0.032097  0.021207  0.001480
638  -0.021086  0.002099  0.000449
639  0.023469  -0.046130  0.002679
640  0.002760  0.058386  0.003417
641  -0.025214  -0.010829  0.000753
642  -0.090284  -0.081718  0.014829
643  0.031646  0.128746  0.017577
644  -0.015192  0.201516  0.040839
645  -0.109493  -0.113278  0.024821
646  0.003044  0.112073  0.012570
647  0.009021  0.051985  0.002784
648  -0.120884  0.130342  0.031602
649  0.056583  0.010018  0.003302
650  -0.058455  0.017936  0.003739
651  -0.013523  -0.074412  0.005720
652  0.000776  -0.103929  0.010802
653  0.076709  -0.008793  0.005962
654  0.123651  -0.008906  0.015369
655  0.011850  -0.012610  0.000299
656  -0.011883  0.134121  0.018130
657  -0.020769  -0.027108  0.001166
658  0.088266  0.034267  0.008965
659  -0.000130  -0.032599  0.001063
660  -0.026995  0.082314  0.007504
661  -0.042336  0.090890  0.010053
662  -0.198016  -0.051260  0.041838
663  0.025659  0.005487  0.000688
664  0.130382  0.049760  0.019476
665  -0.036814  0.098995  0.011155
666  -0.014511  0.162327  0.026561
667  -0.142067  0.030994  0.021144
668  -0.035925  -0.009116  0.001374
669  -0.134733  0.125941  0.034014
670  0.077942  0.047266  0.008309
671  0.056322  -0.062321  0.007056
672  0.054725  -0.160566  0.028776
673  0.069286  0.032139  0.005833
674  -0.062520  -0.051591  0.006570
675  0.040475  -0.131211  0.018855
676  -0.040852  -0.111809  0.014170
677  0.058669  -0.035789  0.004723
678  -0.147135  0.028914  0.022485
679  0.003130  -0.035548  0.001273
680  0.108406  0.073188  0.017108
681  -0.087044  -0.016168  0.007838
682  0.060627  -0.071985  0.008857
683  -0.064889  0.098509  0.013915
684  -0.000602  -0.187984  0.035338
685  0.050212  0.004214  0.002539
686  0.000172  -0.005204  0.000027
687  -0.002209  0.207332  0.042991
688  0.104140  -0.140532  0.030594
689  0.061398  -0.030758  0.004716
690  -0.091862  0.015417  0.008676
691  0.156347  -0.129805  0.041294
692  0.009417  -0.039057  0.001614
693  0.042084  0.050217  0.004293
694  -0.099822  0.110321  0.022135
695  0.034794  0.115149  0.014470
696  -0.068100  0.045061  0.006668
697  0.010975  -0.077430  0.006116
698  0.159890  0.057528  0.028874
699  -0.085949  0.148481  0.029434
700  -0.167944  0.132263  0.045699
701  0.170640  0.029544  0.029991
702  0.146777  0.034707  0.022748
703  -0.004858  0.072663  0.005303
704  0.042381  -0.033661  0.002929
705  -0.035442  0.066900  0.005732
706  0.063906  0.166660  0.031860
707  -0.066201  0.162952  0.030936
708  -0.169432  0.040339  0.030334
709  0.030171  -0.086952  0.008471
710  -0.096854  -0.005739  0.009414
711  -0.242643  0.023322  0.059420
712  -0.104245  0.014988  0.011092
713  -0.065280  0.060897  0.007970
714  -0.098117  0.082325  0.016404
715  0.176161  0.148544  0.053098
716  0.007743  -0.022535  0.000568
717  0.044705  0.062260  0.005875
718  -0.190884  0.167535  0.064504
719  -0.002186  -0.062924  0.003964
720  0.000052  0.057715  0.003331
721  0.002765  0.019499  0.000388
722  0.058855  -0.133784  0.021362
723  -0.190416  0.185643  0.070721
724  -0.041001  0.116304  0.015208
725  0.042350  0.034395  0.002977
726  0.154512  -0.120040  0.038284
727  0.122544  0.139289  0.034419
728  -0.090931  0.085739  0.015620
729  0.170716  0.101333  0.039412
730  0.033425  -0.201850  0.041861
731  0.071244  0.003082  0.005085
732  -0.119989  0.124927  0.030004
733  -0.010876  0.206107  0.042598
734  -0.038431  -0.010626  0.001590
735  -0.056548  -0.075239  0.008859
736  -0.130022  -0.072998  0.022234
737  -0.014870  0.052017  0.002927
738  -0.111053  0.106654  0.023708
739  -0.053046  0.011791  0.002953
740  -0.056474  -0.093419  0.011916
741  0.063994  -0.113523  0.016983
742  0.033488  -0.049699  0.003591
743  -0.026330  0.061803  0.004513
744  -0.043320  0.129119  0.018548
745  0.143492  0.050065  0.023097
746  -0.097361  -0.082187  0.016234
747  -0.007336  0.077946  0.006129
748  -0.123293  -0.055366  0.018267
749  -0.076214  0.048407  0.008152
750  0.034481  0.009233  0.001274
751  0.045667  0.093249  0.010781
752  -0.136488  -0.082780  0.025481
753  0.018367  0.137304  0.019190
754  -0.050363  -0.102413  0.013025
755  -0.254643  0.323688  0.169617
756  -0.124138  0.174465  0.045848
757  0.079627  -0.036480  0.007671
758  0.280191  -0.073967  0.083978
759  -0.061729  -0.066663  0.008254
760  0.315815  -0.234986  0.154957
761  0.152141  0.085144  0.030396
762  -0.161203  0.052876  0.028782
763  -0.168619  -0.191064  0.064938
764  0.170015  -0.437198  0.220047
765  0.302389  -0.163420  0.118145
766  -0.066628  0.052046  0.007148
767  0.242507  -0.049841  0.061294
768  -0.105790  0.236238  0.067000
769  0.215918  0.054432  0.049583
770  0.045561  0.246854  0.063013
771  0.201739  0.263280  0.110015
772  0.037381  -0.016141  0.001658
773  -0.263135  0.173460  0.099329
774  0.022161  0.061874  0.004319
775  0.013400  0.048478  0.002530
776  0.219590  0.017145  0.048514
777  -0.095532  0.003803  0.009141
778  -0.082626  -0.054432  0.009790
779  0.085720  -0.006058  0.007385
780  -0.070851  0.044377  0.006989
781  -0.000168  0.070549  0.004977
782  -0.056474  -0.032450  0.004242
783  -0.070924  0.151666  0.028033
784  -0.148164  -0.040323  0.023578
785  0.007312  -0.269147  0.072494
786  -0.010184  -0.056931  0.003345
787  0.244074  -0.061874  0.063401
788  -0.254496  0.012200  0.064917
789  0.012170  -0.232674  0.054285
790  -0.034968  -0.162250  0.027548
791  0.060716  0.063000  0.007655
792  -0.238382  0.150976  0.079620
793  -0.161916  0.205703  0.068530
794  0.116181  0.181991  0.046619
795  -0.127941  -0.116210  0.029874
796  -0.092684  -0.538618  0.298700
797  0.066786  -0.246282  0.065115
798  -0.057836  0.121874  0.018198
799  0.377406  0.039225  0.143974
800  -0.226838  -0.161066  0.077398
801  -0.314844  0.150319  0.121723
802  -0.070900  0.076716  0.010912
803  0.325803  -0.031937  0.107168
804  0.009625  0.105581  0.011240
805  0.229453  0.194827  0.090606
806  -0.104138  0.045171  0.012885
807  0.116964  0.068767  0.018409
808  0.263276  0.337648  0.183320
809  0.000742  -0.202077  0.040836
810  -0.280351  -0.113053  0.091378
811  0.049981  -0.251397  0.065699
812  0.108713  -0.018379  0.012156
813  0.204306  0.238086  0.098426
814  -0.069126  -0.126219  0.020710
815  0.331347  0.119176  0.123994
816  -0.020282  0.072060  0.005604
817  -0.029881  0.315829  0.100641
818  -0.041625  0.209491  0.045619
819  0.132223  -0.062087  0.021338
820  0.176020  -0.064833  0.035186
821  0.402160  0.218263  0.209372
822  -0.407482  -0.161031  0.191973
823  -0.028532  0.127533  0.017079
824  -0.056737  -0.084959  0.010437
825  0.236292  0.085068  0.063071
826  0.115557  0.086544  0.020843
827  -0.070683  0.187232  0.040052
828  0.083496  0.265267  0.077338
829  -0.091340  0.122978  0.023466
830  0.130436  0.083963  0.024063
831  0.358084  0.043697  0.130134
832  0.041187  -0.107641  0.013283
833  0.386631  0.178110  0.181206
834  0.124279  -0.266717  0.086583
835  -0.049179  0.113286  0.015252
836  0.049891  -0.118011  0.016416
837  -0.120265  -0.002121  0.014468
838  -0.246805  -0.029963  0.061811
839  -0.533091  0.102497  0.294692
840  -0.249127  -0.034744  0.063271
841  0.308288  0.102224  0.105491
842  -0.131512  0.037553  0.018706
843  -0.178460  0.303338  0.123861
844  0.240014  0.256171  0.123230
845  0.204375  0.034462  0.042957
846  0.176451  0.104523  0.042060
847  -0.268550  0.046174  0.074251
848  0.276789  0.056718  0.079829
849  -0.310993  -0.093288  0.105419
850  0.075016  0.010893  0.005746
851  -0.007689  -0.024308  0.000650
852  -0.044456  0.077377  0.007963
853  0.194594  -0.176671  0.069080
854  0.075448  -0.114255  0.018746
855  0.224285  0.113370  0.063157
856  -0.290001  0.000782  0.084101
857  0.188051  0.186725  0.070229
858  0.035767  0.021249  0.001731
859  -0.076828  0.310353  0.102221
860  -0.105796  0.296218  0.098938
861  -0.399997  0.126201  0.175924
862  -0.213039  -0.042625  0.047202
863  0.322737  -0.134607  0.122278
864  0.018013  0.268512  0.072423
865  0.282834  -0.223349  0.129880
866  0.279949  0.286840  0.160648
867  -0.033431  -0.049595  0.003577
868  0.256079  -0.243372  0.124807
869  0.088036  -0.288284  0.090858
870  0.337665  0.128370  0.130496
871  -0.119535  -0.018853  0.014644
872  -0.201507  -0.172350  0.070310
873  0.027764  0.357512  0.128586
874  0.158757  -0.525819  0.301690
875  0.280797  -0.145541  0.100029
876  -0.241191  0.211647  0.102967
877  0.014282  -0.054483  0.003172
878  -0.387994  -0.161326  0.176566
879  0.514317  -0.442482  0.460312
880  0.326741  -0.134165  0.124760
881  -0.489247  -0.041254  0.241065
882  0.282814  0.148870  0.102146
883  0.270199  -0.043908  0.074935
884  0.483560  0.505654  0.489516
885  0.426932  0.246897  0.243229
886  -0.138413  -0.221706  0.068312
887  -0.088952  0.047804  0.010198
888  0.257476  0.044269  0.068254
889  -0.204484  -0.084907  0.049023
890  0.066164  -0.111867  0.016892
891  -0.485940  -0.069165  0.240921
892  0.186567  -0.176773  0.066056
893  0.560685  -0.350285  0.437068
894  0.033228  0.080486  0.007582
895  0.144073  0.258642  0.087653
896  0.375590  -0.328123  0.248732
897  0.028466  0.134237  0.018830
898  -0.267914  0.252462  0.135515
899  0.084202  0.152038  0.030206
900  -0.185273  -0.149556  0.056693
901  0.067953  -0.476448  0.231620
902  -0.070907  0.274545  0.080403
903  0.422343  -0.115303  0.191669
904  0.194563  -0.298802  0.127137
905  -0.274875  -0.281348  0.154713
906  0.303544  0.171592  0.121583
907  -0.045724  -0.343206  0.119881
908  -0.295651  -0.105460  0.098531
909  -0.191301  0.207723  0.079745
910  0.000281  0.166021  0.027563
911  0.393013  0.234186  0.209303
912  -0.118773  0.455179  0.221294
913  0.312432  0.088389  0.105426
914  -0.070841  0.152589  0.028302
915  -0.270494  0.307393  0.167657
916  0.203017  0.048816  0.043599
917  0.030086  -0.296106  0.088584
918  -0.360482  0.279033  0.207806
919  0.255677  -0.634438  0.467883
920  -0.123750  0.137442  0.034204
921  -0.099391  0.174061  0.040176
922  0.059048  -0.110549  0.015708
923  -0.183084  0.056335  0.036693
924  -0.175294  0.383083  0.177481
925  -0.480280  0.369719  0.367360
926  -0.473696  0.437340  0.415654
927  0.067517  0.350119  0.127142
928  0.148964  -0.264465  0.092132
929  -0.119613  -0.609178  0.385405
930  -0.029905  -0.314159  0.099590
931  -0.022920  -0.235876  0.056163
932  0.063694  -0.148627  0.026147
933  -0.150165  -0.108201  0.034257
934  -0.282142  0.098827  0.089371
935  0.217188  -0.239958  0.104750
936  -0.235214  -0.172153  0.084962
937  -0.027779  -0.335665  0.113442
938  -0.193519  0.171705  0.066932
939  0.014160  -0.486402  0.236788
940  0.493812  0.217592  0.291197
941  0.191252  0.086191  0.044006
942  0.183104  -0.446575  0.232957
943  0.386797  0.381453  0.295118
944  0.088932  -0.167068  0.035821
945  0.227905  -0.208008  0.095208
946  0.087710  -0.319019  0.109466
947  -0.701610  0.241790  0.550719
948  0.327532  -0.426921  0.289538
949  0.106645  0.242379  0.070120
950  0.214978  0.388212  0.196924
951  -0.145820  -0.089765  0.029321
952  0.372544  0.214604  0.184844
953  0.089196  0.126152  0.023870
954  -0.292148  -0.154859  0.109332
955  -0.181912  0.209100  0.076815
956  -0.140756  -0.258550  0.086660
957  -0.276423  -0.408804  0.243531
958  0.010082  0.568943  0.323797
959  -0.021777  -0.293744  0.086760
960  0.544078  -0.238321  0.352817
961  0.143655  0.178062  0.052343
962  -0.364375  -0.081791  0.139459
963  0.090673  -0.324592  0.113581
964  -0.181600  -0.259750  0.100449
965  0.605477  -0.176029  0.397589
966  -0.282997  -0.601908  0.442380
967  0.223242  -0.075398  0.055522
968  0.214059  0.390871  0.198601
969  -0.524789  -0.209697  0.319377
970  0.113662  -0.343472  0.130892
971  0.046060  0.087888  0.009846
972  0.448883  0.105537  0.212634
973  0.014836  0.430483  0.185535
974  -0.306088  0.070551  0.098667
975  -0.201722  -0.362482  0.172085
976  0.216556  0.564691  0.365772
977  0.192152  0.159254  0.062284
978  0.060078  0.079425  0.009918
979  0.080071  -0.228170  0.058473
980  -0.141697  -0.454748  0.226874
981  0.297268  -0.295029  0.175410
982  -0.150824  0.062899  0.026704
983  0.009139  0.154198  0.023861
984  -0.390470  -0.135333  0.170782
985  0.337071  0.094113  0.122474
986  -0.209201  0.212867  0.089077
987  0.477576  0.371950  0.366426
988  0.068437  -0.814221  0.667640
989  0.476841  0.376235  0.368931
990  -0.034386  0.082857  0.008048
991  -0.222039  -0.033414  0.050418
992  -0.066431  0.119350  0.018658
993  0.236106  0.175638  0.086595
994  0.497581  0.270562  0.320791
995  -0.091245  0.117295  0.022084
996  -0.108114  -0.039776  0.013271
997  -0.002427  -0.051867  0.002696
998  0.447879  -0.037037  0.201967
999  -0.119840  0.975830  0.966605
1000  -0.004074  0.281383  0.079193
1001  0.571746  -0.169694  0.355690
1002  -0.240736  0.210077  0.102086
1003  -0.383655  0.578220  0.481530
1004  0.105510  -0.525229  0.286998
1005  -0.323754  -0.305132  0.197923
1006  0.391947  -0.037070  0.154997
1007  0.047359  -0.194433  0.040047
1008  -0.569813  -0.347578  0.445497
1009  -0.256119  0.438293  0.257698
1010  0.138747  0.189004  0.054973
1011  0.546558  -0.268439  0.370785
1012  -0.251506  0.199087  0.102891
1013  0.713674  -0.083932  0.516375
1014  -0.260994  -0.201222  0.108608
1015  -0.175256  -0.215120  0.076991
1016  0.495029  -0.153826  0.268716
1017  -0.625736  0.031959  0.392567
1018  -0.016836  -0.623938  0.389581
1019  -0.104525  0.232622  0.065038
1020  -0.545795  -0.176099  0.328903
1021  -0.168862  -0.228295  0.080633
1022  -0.214575  0.433604  0.234055
1023  -0.376104  -0.085805  0.148817
1024  0.091204  -0.027429  0.009071
1025  0.086180  -0.380286  0.152045
1026  0.512214  -0.507817  0.520240
1027  0.237679  -0.042909  0.058332
1028  0.168566  0.110187  0.040556
1029  0.387216  -0.028461  0.150746
1030  0.554589  0.979670  1.267322
1031  0.024697  -0.094248  0.009493
1032  0.207879  -0.336907  0.156720
1033  -0.508090  0.104656  0.269108
1034  0.373671  -0.536047  0.426977
1035  0.055365  0.017236  0.003362
1036  -0.062013  0.333383  0.114990
1037  -0.129053  0.390701  0.169302
1038  0.321835  -0.051581  0.106238
1039  -0.132300  -0.733248  0.555155
1040  0.349432  -0.804501  0.769324
1041  0.643581  -0.396028  0.571035
1042  0.057073  0.432184  0.190040
1043  0.165724  0.316456  0.127609
1044  0.556236  -0.163435  0.336110
1045  -0.631268  0.212038  0.443460
1046  -0.159303  0.319801  0.127650
1047  0.133157  0.209395  0.061577
1048  0.150385  0.531812  0.305439
1049  0.031979  -0.249216  0.063131
1050  0.360070  0.159852  0.155203
1051  0.267270  0.104004  0.082250
1052  -0.379711  -0.418793  0.319568
1053  -0.247825  -0.168585  0.089838
1054  0.261042  0.393748  0.223180
1055  -0.413332  0.092066  0.179319
1056  0.122027  -0.123023  0.030025
1057  1.037640  -0.001495  1.076698
1058  0.238546  0.362889  0.188593
1059  0.135481  -0.650285  0.441226
1060  -0.646884  0.026839  0.419180
1061  -0.141215  0.033539  0.021067
1062  -0.221125  0.456486  0.257275
1063  0.002955  -0.145976  0.021318
1064  -0.571028  0.134303  0.344110
1065  -0.354894  0.586636  0.470092
1066  -0.158360  0.356708  0.152319
1067  0.267388  -0.268694  0.143693
1068  0.196495  0.152500  0.061867
1069  0.098730  -0.397597  0.167831
1070  0.565858  -0.595636  0.674978
1071  -0.107574  -0.193400  0.048976
1072  -0.221077  0.288896  0.132336
1073  -0.174208  -0.454754  0.237150
1074  -0.169881  -0.031830  0.029873
1075  0.851545  0.488966  0.964216
1076  0.046291  0.231613  0.055788
1077  -0.233126  -0.307238  0.148743
1078  0.249194  0.528476  0.341384
1079  -0.335429  0.017889  0.112833
1080  -0.111272  -0.298039  0.101208
1081  -0.486081  -0.064312  0.240410
1082  -0.168094  0.031815  0.029268
1083  0.146696  -0.002912  0.021528
1084  0.625794  0.335578  0.504231
1085  -0.053179  -0.094142  0.011691
1086  -0.302480  -0.261831  0.160050
1087  -0.023516  -0.100520  0.010657
1088  0.644328  0.043839  0.417080
1089  -0.183099  -0.287665  0.116276
1090  -0.313397  0.138858  0.117499
1091  -0.172310  -0.222335  0.079123
1092  -0.380576  0.289610  0.228712
1093  0.409013  0.345967  0.286985
1094  -0.342290  -0.993153  1.103515
1095  0.163432  -0.036675  0.028055
1096  -0.395812  1.346277  1.969130
1097  -0.314640  -0.166194  0.126618
1098  0.516815  -0.375192  0.407867
1099  0.392927  -0.181819  0.187449
1100  -0.149260  -0.000697  0.022279
1101  -0.219226  0.157577  0.072891
1102  0.198675  -0.291745  0.124587
1103  0.080279  0.087982  0.014185
1104  0.517088  -0.183483  0.301046
1105  0.414273  -1.210388  1.636661
1106  -0.496545  -0.456108  0.454591
1107  -0.571100  0.324882  0.431704
1108  0.141605  0.258319  0.086781
1109  -0.107858  0.016040  0.011891
1110  0.691007  0.845926  1.193081
1111  -0.313834  -0.384743  0.246519
1112  -0.469798  -0.418888  0.396177
1113  -0.544558  0.376337  0.438173
1114  -0.324657  0.167581  0.133485
1115  0.485483  0.221274  0.284655
1116  -0.203253  -0.305502  0.134644
1117  0.499329  -0.115556  0.262683
1118  -0.899460  0.624787  1.199387
1119  0.165775  -0.105622  0.038637
1120  -0.088770  0.606487  0.375706
1121  0.293680  0.245840  0.146685
1122  -0.569630  0.729233  0.856260
1123  -0.134584  0.112719  0.030819
1124  -0.039805  0.087191  0.009187
1125  -0.274411  -0.167903  0.103493
1126  0.747796  -0.274779  0.634702
1127  -0.393072  0.366460  0.288798
1128  0.546724  0.098003  0.308512
1129  -0.031245  -0.400423  0.161315
1130  0.181185  -0.530139  0.313876
1131  -0.255182  -0.522973  0.338619
1132  -0.083225  0.208099  0.050232
1133  0.460371  -0.337571  0.325896
1134  -0.004082  -0.054117  0.002945
1135  0.444247  0.062489  0.201260
1136  0.088339  0.192676  0.044928
1137  0.380781  0.163593  0.171757
1138  -0.170303  -0.135207  0.047284
1139  -0.707391  -0.439587  0.693639
1140  -0.181769  -0.269117  0.105464
1141  0.015089  0.072345  0.005461
1142  0.154161  0.498295  0.272064
1143  0.183117  -0.286087  0.115377
1144  -0.213692  -0.221929  0.094917
1145  -0.162349  0.014226  0.026560
1146  0.386444  -0.134042  0.167306
1147  -0.690535  -0.301519  0.567752
1148  0.114299  -0.033192  0.014166
1149  0.454513  0.384687  0.354565
1150  -0.400269  0.235257  0.215561
1151  0.034573  -0.176110  0.032210
1152  -0.146624  -0.045263  0.023547
1153  0.100886  -0.047540  0.012438
1154  0.226562  0.492987  0.294366
1155  -0.059680  -0.574420  0.333520
1156  -0.312074  -0.334826  0.209498
1157  0.038703  0.655647  0.431371
1158  -0.339091  0.457048  0.323875
1159  0.261138  -0.586710  0.412422
1160  -0.540572  -0.196427  0.330802
1161  -0.601986  -0.170518  0.391464
1162  -0.272428  0.538831  0.364556
1163  -0.513666  0.139758  0.283385
1164  0.219765  0.259209  0.115486
1165  0.072547  0.288161  0.088300
1166  0.160033  -0.228686  0.077908
1167  0.120002  0.289574  0.098254
1168  -0.041746  -0.204290  0.043477
1169  0.351587  0.003792  0.123628
1170  -0.304538  0.714944  0.603889
1171  -0.089947  0.548169  0.308580
1172  0.362268  0.313584  0.229573
1173  0.066370  0.155432  0.028564
1174  0.365235  0.111677  0.145868
1175  -0.336214  0.303939  0.205419
1176  -0.169732  0.022670  0.029323
1177  0.403650  0.519505  0.432819
1178  -0.179104  0.092612  0.040655
1179  -0.471199  0.222639  0.271597
1180  -0.346645  0.403048  0.282610
1181  0.408797  0.100715  0.177258
1182  0.339300  -0.121096  0.129789
1183  0.185276  -0.304298  0.126925
1184  -0.010527  -0.106388  0.011429
1185  0.406974  -0.127521  0.181889
1186  -0.070079  0.005096  0.004937
1187  -0.427562  -0.481470  0.414622
1188  0.496620  -0.071369  0.251725
1189  0.203378  0.362317  0.172636
1190  -0.205280  -0.206294  0.084697
1191  -0.138819  0.081296  0.025880
1192  -0.269812  -0.273368  0.147528
1193  0.398506  0.306705  0.252875
1194  -0.038267  0.030201  0.002376
1195  0.153859  0.224737  0.074179
1196  0.084800  0.294727  0.094055
1197  0.390167  -0.019753  0.152620
1198  0.100654  0.092796  0.018742
1199  0.347043  -0.182055  0.153583
1200  -0.535017  0.042422  0.288043
1201  0.218110  -0.134026  0.065535
1202  -0.309927  -0.855271  0.827543
1203  0.653430  0.235374  0.482371
1204  0.161749  0.319950  0.128530
1205  0.376031  0.083790  0.148420
1206  -0.566334  0.111048  0.333066
1207  0.616454  -0.096892  0.389404
1208  -0.032578  -0.247735  0.062434
1209  0.310137  -0.014107  0.096384
1210  -0.377787  0.521665  0.414857
1211  0.140068  0.063735  0.023681
1212  0.188242  -0.068930  0.040186
1213  -0.025944  0.083618  0.007665
1214  0.221830  -0.330384  0.158363
1215  -0.320897  -0.128299  0.119436
1216  -0.062499  0.353850  0.129116
1217  0.088773  0.195236  0.045998
1218  0.213977  -0.403396  0.208514
1219  0.094249  0.535687  0.295844
1220  -0.048906  -0.274115  0.077531
1221  -0.245538  0.268547  0.132407
1222  -0.053410  0.015762  0.003101
1223  -0.578269  0.119379  0.348646
1224  -0.262419  0.177599  0.100405
1225  -0.043263  0.352680  0.126255
1226  -0.094769  -0.137877  0.027991
1227  0.611288  0.157645  0.398526
1228  -0.336045  0.091197  0.121243
1229  -0.040618  0.087862  0.009370
1230  -0.043138  0.157136  0.026552
1231  -0.095994  -0.281250  0.088316
1232  -0.383308  -0.056537  0.150122
1233  0.229782  0.106801  0.064206
1234  0.254658  0.664807  0.506820
1235  -0.466415  -0.185967  0.252127
1236  -0.448319  -0.102208  0.211436
1237  0.141301  0.062419  0.023862
1238  0.601627  -0.466328  0.579417
1239  -0.562021  -0.168426  0.344235
1240  -0.163417  0.330754  0.136103
1241  0.280286  -0.392988  0.233000
1242  -0.023779  -0.060911  0.004276
1243  -0.433000  0.224622  0.237944
1244  -0.426384  -0.647712  0.601334
1245  0.256387  0.359593  0.195041
1246  0.286360  -0.425758  0.263271
1247  -0.047867  0.052580  0.005056
1248  -0.229385  -0.060558  0.056285
1249  0.127400  -0.284366  0.097095
1250  0.069443  -0.167180  0.032772
1251  0.304250  -0.089467  0.100572
1252  -0.156107  -0.327582  0.131680
1253  0.206759  0.069342  0.047558
1254  -0.200373  -0.126923  0.056259
1255  0.220963  -0.059171  0.052326
1256  0.073349  -0.077578  0.011398
1257  -0.439323  -0.235526  0.248477
1258  -0.176901  -0.156357  0.055742
1259  0.153652  -0.032396  0.024658
1260  0.259678  -0.619327  0.450999
1261  -0.105979  0.443211  0.207667
1262  -0.092154  0.127183  0.024668
1263  -0.158773  0.397073  0.182876
1264  -0.125104  -0.269167  0.088102
1265  0.200767  0.182641  0.073665
1266  0.063917  0.197555  0.043113
1267  -0.127985  0.333333  0.127491
1268  -0.278110  -0.041485  0.079066
1269  0.185926  -0.189812  0.070597
1270  0.024905  0.064101  0.004729
1271  -0.240970  0.114372  0.071147
1272  0.027651  0.167133  0.028698
1273  0.033208  0.276678  0.077653
1274  -0.123423  -0.057289  0.018515
1275  0.182996  -0.076494  0.039339
1276  -0.022675  -0.169468  0.029234
1277  0.323861  0.027135  0.105622
1278  -0.061755  0.021058  0.004257
1279  0.010716  -0.175935  0.031068
1280  -0.128896  0.030607  0.017551
1281  0.082376  0.197383  0.045746
1282  0.169425  -0.118753  0.042807
1283  0.340171  -0.003941  0.115732
1284  0.163316  0.065247  0.030929
1285  0.036819  -0.043186  0.003221
1286  0.044255  -0.152714  0.025280
1287  -0.276807  0.200270  0.116730
1288  0.081280  -0.037619  0.008022
1289  -0.123809  0.066165  0.019706
1290  -0.136440  0.137086  0.037408
1291  -0.016103  0.146752  0.021795
1292  0.048032  -0.020795  0.002740
1293  0.271134  0.012721  0.073676
1294  0.131472  -0.379417  0.161242
1295  0.250871  -0.180120  0.095379
1296  0.050178  -0.388886  0.153751
1297  0.014649  -0.047077  0.002431
1298  -0.201567  0.162286  0.066966
1299  0.410955  0.355936  0.295575
1300  -0.313109  -0.141552  0.118075
1301  -0.041983  0.245281  0.061926
1302  -0.322122  -0.281507  0.183008
1303  0.210276  0.142850  0.064622
1304  0.142514  0.090754  0.028546
1305  -0.144940  -0.119895  0.035382
1306  -0.161716  -0.216473  0.073013
1307  0.161826  0.187684  0.061413
1308  0.260462  -0.104204  0.078699
1309  0.137585  0.138113  0.038005
1310  0.135283  0.102522  0.028812
1311  -0.099419  -0.090418  0.018060
1312  -0.131781  0.045236  0.019413
1313  -0.112726  0.125408  0.028434
1314  -0.059271  0.152533  0.026779
1315  -0.166896  0.001859  0.027858
1316  -0.001405  0.005815  0.000036
1317  -0.231393  -0.007896  0.053605
1318  0.126861  0.136219  0.034649
1319  -0.279787  0.262660  0.147271
1320  -0.077339  -0.010663  0.006095
1321  -0.046110  -0.109053  0.014019
1322  -0.066050  0.087962  0.012100
1323  -0.181793  0.004478  0.033069
1324  0.104329  -0.134876  0.029076
1325  0.004702  0.012984  0.000191
1326  0.240323  0.174553  0.088224
1327  0.035078  -0.182783  0.034640
1328  -0.129690  0.293439  0.102926
1329  0.267484  0.016895  0.071833
1330  0.026432  0.191714  0.037453
1331  0.161977  -0.164972  0.053452
1332  -0.133694  0.296947  0.106052
1333  0.039126  -0.075793  0.007275
1334  0.128503  -0.151969  0.039608
1335  -0.002503  -0.223558  0.049985
1336  0.103592  -0.159026  0.036021
1337  0.022063  -0.203626  0.041950
1338  0.285647  0.126967  0.097715
1339  0.294104  -0.064582  0.090668
1340  0.118207  -0.173849  0.044196
1341  -0.249922  0.187782  0.097723
1342  -0.190985  -0.079166  0.042742
1343  0.172702  -0.108495  0.041597
1344  0.015876  -0.047146  0.002475
1345  -0.251991  -0.102390  0.073983
1346  -0.053655  0.145263  0.023980
1347  0.023942  -0.094424  0.009489
1348  -0.337017  -0.110610  0.125815
1349  -0.261779  -0.068023  0.073155
1350  0.232627  -0.039903  0.055708
1351  -0.165854  0.153504  0.051071
1352  -0.095916  -0.074782  0.014792
1353  0.056376  -0.095414  0.012282
1354  0.041666  -0.172947  0.031647
1355  0.028234  -0.072715  0.006085
1356  0.125385  0.126545  0.031735
1357  -0.129340  -0.072859  0.022037
1358  -0.133020  -0.062074  0.021548
1359  0.009280  0.093751  0.008875
1360  -0.193327  0.057978  0.040737
1361  -0.099846  0.268346  0.081979
1362  0.223580  -0.172033  0.079583
1363  0.064998  -0.162997  0.030793
1364  -0.106647  0.079408  0.017679
1365  -0.113700  -0.083726  0.019938
1366  -0.068066  -0.009410  0.004722
1367  0.031958  0.007271  0.001074
1368  0.133939  -0.074445  0.023482
1369  -0.344062  -0.153300  0.141880
1370  -0.254917  0.080097  0.071398
1371  0.078536  -0.144103  0.026934
1372  0.176323  0.223207  0.080911
1373  0.150119  -0.149705  0.044947
1374  0.078747  0.109187  0.018123
1375  -0.001254  0.217896  0.047480
1376  0.258240  -0.119745  0.081027
1377  0.027576  0.046717  0.002943
1378  -0.085657  -0.125158  0.023002
1379  -0.109805  0.045442  0.014122
1380  0.040217  -0.149154  0.023864
1381  0.041628  0.107632  0.013318
1382  0.007415  0.123233  0.015241
1383  0.163697  0.003081  0.026806
1384  -0.035499  -0.060669  0.004941
1385  0.042191  -0.052168  0.004502
1386  0.093009  0.043912  0.010579
1387  -0.124407  0.056732  0.018696
1388  -0.186110  -0.109150  0.046551
1389  0.139698  -0.038762  0.021018
1390  0.102908  -0.090169  0.018721
1391  -0.145005  0.026366  0.021722
1392  -0.206421  -0.025369  0.043253
1393  -0.125192  -0.148625  0.037762
1394  -0.187924  0.015666  0.035561
1395  -0.004469  -0.038958  0.001538
1396  0.094322  0.070265  0.013834
1397  -0.037566  0.153297  0.024911
1398  0.041426  0.008343  0.001786
1399  -0.048063  0.109371  0.014272
1400  0.070163  -0.020940  0.005361
1401  -0.001692  -0.086333  0.007456
1402  0.009109  0.185981  0.034672
1403  -0.074419  -0.157970  0.030493
1404  -0.059613  0.018211  0.003885
1405  -0.186205  0.033828  0.035817
1406  -0.007311  -0.226284  0.051258
1407  0.124035  -0.185937  0.049957
1408  0.082140  -0.062514  0.010655
1409  -0.060541  0.116311  0.017193
1410  -0.064935  -0.176624  0.035413
1411  -0.028704  0.021174  0.001272
1412  -0.027759  0.117114  0.014486
1413  -0.267072  -0.098721  0.081073
1414  -0.021634  -0.096458  0.009772
1415  -0.048112  0.443392  0.198911
1416  0.133763  0.096435  0.027192
1417  0.143244  -0.110372  0.032701
1418  -0.055952  -0.020836  0.003565
1419  0.251933  -0.110276  0.075631
1420  -0.168314  -0.125327  0.044036
1421  0.057924  0.113450  0.016226
1422  0.076289  0.185681  0.040298
1423  0.120487  -0.014922  0.014740
1424  0.028496  0.017203  0.001108
1425  0.101797  -0.069108  0.015139
1426  -0.061561  0.005978  0.003825
1427  0.017749  0.071500  0.005427
1428  0.023661  0.173251  0.030576
1429  0.045403  -0.102992  0.012669
1430  -0.005259  -0.095971  0.009238
1431  0.024565  -0.054797  0.003606
1432  -0.102596  -0.137692  0.029485
1433  -0.112975  -0.181683  0.045772
1434  0.007643  0.095325  0.009145
1435  -0.052784  -0.038354  0.004257
1436  0.119877  0.129576  0.031160
1437  0.213728  0.158488  0.070798
1438  0.087458  -0.152661  0.030954
1439  0.072807  -0.124977  0.020920
1440  -0.084253  0.111477  0.019526
1441  -0.012082  -0.097258  0.009605
1442  0.071214  -0.013984  0.005267
1443  0.105947  -0.062792  0.015168
1444  -0.015549  0.004685  0.000264
1445  0.074670  0.036457  0.006905
1446  0.061989  0.077514  0.009851
1447  0.105389  0.060965  0.014824
1448  0.056932  -0.031354  0.004224
1449  -0.123848  0.001304  0.015340
1450  0.064558  0.017493  0.004474
1451  0.023067  -0.006513  0.000575
1452  -0.012326  0.052554  0.002914
1453  0.077736  -0.001017  0.006044
1454  0.071957  0.192283  0.042151
1455  0.115039  -0.148752  0.035361
1456  0.018318  0.045992  0.002451
1457  -0.129589  -0.088541  0.024633
1458  -0.080665  0.133019  0.024201
1459  0.093163  0.075920  0.014443
1460  0.029256  0.008266  0.000924
1461  -0.069956  0.041746  0.006637
1462  0.049725  0.115533  0.015820
1463  0.010259  -0.118522  0.014153
1464  -0.033143  0.033008  0.002188
1465  0.123182  -0.020970  0.015613
1466  -0.175515  -0.101813  0.041171
1467  0.008437  -0.050776  0.002649
1468  0.064762  -0.004288  0.004212
1469  -0.129581  -0.027525  0.017549
1470  -0.013211  0.003019  0.000184
1471  -0.054885  0.072316  0.008242
1472  0.006914  -0.092840  0.008667
1473  -0.029594  0.061904  0.004708
1474  -0.066009  0.053053  0.007172
1475  -0.010542  -0.086186  0.007539
1476  0.098441  0.012073  0.009836
1477  -0.092145  -0.102016  0.018898
1478  -0.083506  -0.060209  0.010598
1479  0.015121  0.079860  0.006606
1480  -0.008599  0.049739  0.002548
1481  -0.060238  0.054209  0.006567
1482  -0.047729  -0.002661  0.002285
1483  -0.030559  -0.031042  0.001897
1484  -0.057921  -0.004629  0.003376
1485  -0.041379  0.139851  0.021271
1486  0.110876  0.010747  0.012409
1487  0.014337  -0.041913  0.001962
1488  0.066027  -0.010076  0.004461
1489  -0.026562  -0.018960  0.001065
1490  -0.027798  0.043534  0.002668
1491  -0.077087  -0.063196  0.009936
1492  -0.038593  -0.001257  0.001491
1493  0.022036  0.030709  0.001429
1494  -0.029704  -0.018355  0.001219
1495  0.020263  0.091303  0.008747
1496  -0.055181  -0.050400  0.005585
1497  0.001038  0.086079  0.007411
1498  -0.090804  0.068149  0.012890
1499  0.056801  0.049960  0.005722
1500  0.097664  0.135244  0.027829
1501  -0.090270  -0.004313  0.008167
1502  -0.121253  0.051784  0.017384
1503  0.037511  -0.071906  0.006578
1504  0.081386  -0.073970  0.012095
1505  0.047844  0.037191  0.003672
1506  0.020092  0.045509  0.002475
1507  -0.067689  0.074362  0.010111
1508  0.001440  0.025644  0.000660
1509  -0.004737  -0.004471  0.000042
1510  -0.070075  0.055283  0.007967
1511  -0.050724  0.006222  0.002612
1512  -0.085159  -0.035718  0.008528
1513  0.058918  0.005876  0.003506
1514  -0.071550  -0.054269  0.008065
1515  -0.100744  0.021872  0.010628
1516  -0.057577  0.015773  0.003564
1517  -0.103281  -0.068661  0.015381
1518  -0.038787  0.106122  0.012766
1519  -0.041000  -0.071834  0.006841
1520  0.006281  0.034072  0.001200
1521  -0.049624  -0.120423  0.016964
1522  -0.029827  -0.008308  0.000959
1523  -0.138043  -0.006954  0.019104
1524  -0.002838  -0.050302  0.002538
1525  -0.010016  -0.037509  0.001507
1526  -0.058554  0.005722  0.003461
1527  0.069714  0.000575  0.004860
1528  0.046913  -0.015250  0.002433
1529  0.036293  0.053543  0.004184
1530  -0.003109  -0.010477  0.000119
1531  -0.052879  -0.075861  0.008551
1532  -0.000747  0.001812  0.000004
1533  -0.018787  -0.031453  0.001342
1534  0.017895  0.053004  0.003130
1535  -0.018780  -0.004762  0.000375
1536  -0.036245  0.004381  0.001333
1537  -0.081418  -0.037867  0.008063
1538  -0.053995  -0.006607  0.002959
1539  0.064168  0.048062  0.006427
1540  -0.055269  -0.024776  0.003669
1541  -0.071036  -0.020445  0.005464
1542  -0.037066  0.062671  0.005301
1543  0.007273  0.010254  0.000158
1544  0.007642  0.045774  0.002154
1545  -0.017887  0.012728  0.000482
1546  -0.076699  -0.003834  0.005897
1547  0.050838  0.100679  0.012721
1548  -0.056205  -0.051912  0.005854
1549  -0.060491  -0.016479  0.003931
1550  -0.053052  -0.060221  0.006441
1551  -0.033351  0.036414  0.002438
1552  -0.012600  0.060394  0.003806
1553  -0.012549  0.048321  0.002492
1554  0.057653  -0.011978  0.003467
1555  0.020553  0.035408  0.001676
1556  -0.003527  0.041559  0.001740
1557  0.018836  -0.093156  0.009033
1558  0.007006  0.072921  0.005367
1559  0.003212  -0.087068  0.007591
1560  -0.065080  -0.010030  0.004336
1561  -0.071760  0.029963  0.006047
1562  -0.075652  -0.016491  0.005995
1563  0.043051  0.032733  0.002925
1564  -0.039014  0.019997  0.001922
1565  -0.097209  0.049905  0.011940
1566  -0.068756  0.076672  0.010606
1567  0.059983  -0.001307  0.003600
1568  -0.025568  -0.013264  0.000830
1569  -0.061286  -0.037408  0.005155
1570  0.009635  -0.004150  0.000110
1571  -0.050416  0.027223  0.003283
1572  -0.007080  0.099280  0.009907
1573  -0.054415  -0.011884  0.003102
1574  -0.023144  -0.043523  0.002430
1575  0.072742  0.060324  0.008930
1576  -0.025910  -0.014269  0.000875
1577  -0.037725  0.051319  0.004057
1578  0.046061  0.070387  0.007076
1579  0.066818  0.017119  0.004758
1580  0.034096  -0.067686  0.005744
1581  -0.042529  0.025935  0.002481
1582  -0.012941  0.018040  0.000493
1583  0.059434  -0.018026  0.003857
1584  -0.048839  -0.004213  0.002403
1585  -0.055369  0.000210  0.003066
1586  -0.019990  -0.006289  0.000439
1587  -0.020044  -0.008954  0.000482
1588  -0.013047  0.039811  0.001755
1589  0.067330  0.031222  0.005508
1590  0.061060  0.008081  0.003794
1591  -0.003271  -0.122410  0.014995
1592  -0.045370  0.016331  0.002325
1593  -0.108033  -0.008827  0.011749
1594  0.011235  -0.021318  0.000581
1595  0.050275  -0.028248  0.003326
1596  -0.009073  -0.094238  0.008963
1597  -0.025467  -0.002028  0.000653
1598  -0.062629  0.005956  0.003958
1599  0.027333  -0.000030  0.000747
1600  -0.039317  0.002112  0.001550
1601  -0.012385  0.014289  0.000358
1602  -0.006387  -0.024060  0.000620
1603  -0.003362  -0.026258  0.000701
1604  -0.054363  0.089557  0.010976
1605  -0.010486  0.042717  0.001935
1606  -0.013661  0.022224  0.000681
1607  -0.010355  -0.032082  0.001137
1608  -0.030344  0.000816  0.000921
1609  -0.002864  0.031146  0.000978
1610  -0.011566  0.061088  0.003866
1611  -0.011321  0.056831  0.003358
1612  -0.055250  -0.002494  0.003059
1613  -0.032677  -0.023062  0.001600
1614  -0.007667  -0.015467  0.000298
1615  -0.000764  0.006693  0.000045
1616  0.020143  0.023699  0.000967
1617  0.046652  0.082271  0.008945
1618  -0.045827  -0.058623  0.005537
1619  -0.005329  0.019682  0.000416
1620  -0.029478  -0.039738  0.002448
1621  -0.052303  -0.021501  0.003198
1622  -0.027815  0.000735  0.000774
1623  -0.003672  0.041294  0.001719
1624  -0.002076  0.004271  0.000023
1625  0.019013  0.023321  0.000905
1626  0.015417  -0.012421  0.000392
1627  0.018356  0.066561  0.004767
1628  0.041513  0.057285  0.005005
1629  0.011394  0.004555  0.000151
1630  -0.017868  -0.019160  0.000686
1631  -0.027422  0.064296  0.004886
1632  -0.054887  0.036262  0.004327
1633  -0.152623  -0.044930  0.025312
1634  0.054231  0.007958  0.003004
1635  -0.038555  0.069311  0.006291
1636  -0.000391  0.004543  0.000021
1637  -0.058343  0.048532  0.005759
1638  0.009101  -0.002377  0.000088
1639  -0.024245  0.033752  0.001727
1640  -0.032532  0.027029  0.001789
1641  0.042802  0.017706  0.002146
1642  -0.050791  0.067616  0.007152
1643  0.045059  0.046590  0.004201
1644  -0.052321  -0.023609  0.003295
1645  -0.006678  -0.005897  0.000079
1646  0.008796  -0.036268  0.001393
1647  -0.036763  -0.021244  0.001803
1648  0.058856  0.020358  0.003879
1649  0.014203  0.028684  0.001024
1650  0.021593  -0.023259  0.001007
1651  -0.012584  0.007515  0.000215
1652  -0.011868  -0.017491  0.000447
1653  0.020028  0.003038  0.000410
1654  0.017809  -0.005613  0.000349
1655  -0.009630  0.055054  0.003124
1656  0.057555  0.004813  0.003336
1657  -0.032454  -0.001727  0.001056
1658  -0.032495  0.020547  0.001478
1659  -0.043482  0.032680  0.002959
1660  0.004462  -0.012460  0.000175
1661  -0.050122  0.030002  0.003412
1662  -0.068757  -0.037005  0.006097
1663  0.007186  -0.005321  0.000080
1664  0.004647  0.032844  0.001100
1665  -0.011514  -0.065708  0.004450
1666  -0.026328  0.008486  0.000765
1667  -0.000679  -0.003291  0.000011
1668  0.001705  -0.002721  0.000010
1669  -0.006878  0.083013  0.006938
1670  0.005184  0.021206  0.000477
1671  -0.039634  0.042605  0.003386
1672  -0.049082  0.036675  0.003754
1673  0.010615  0.029538  0.000985
1674  0.016563  -0.063021  0.004246
1675  -0.014980  0.036519  0.001558
1676  0.025594  0.034032  0.001813
1677  0.023270  -0.012051  0.000687
1678  0.005175  -0.026790  0.000745
1679  -0.040323  0.068308  0.006292
1680  -0.056133  -0.009218  0.003236
1681  0.005870  -0.010370  0.000142
1682  -0.064355  -0.068479  0.008831
1683  0.012696  0.016302  0.000427
1684  0.055560  0.077971  0.009166
1685  -0.046582  0.000144  0.002170
1686  -0.000093  -0.099970  0.009994
1687  -0.032185  0.070168  0.005959
1688  0.000157  -0.015589  0.000243
1689  -0.001277  -0.065309  0.004267
1690  -0.044765  -0.045153  0.004043
1691  -0.050726  0.025547  0.003226
1692  -0.005699  0.020752  0.000463
1693  -0.030196  0.039127  0.002443
1694  -0.019985  0.033462  0.001519
1695  -0.005410  0.040082  0.001636
1696  -0.006559  -0.100917  0.010227
1697  -0.037951  0.021048  0.001883
1698  0.034390  0.028200  0.001978
1699  -0.022446  0.022048  0.000990
1700  -0.055124  -0.066094  0.007407
1701  -0.032157  -0.053415  0.003887
1702  -0.052560  -0.037956  0.004203
1703  -0.011011  0.010113  0.000224
1704  -0.021968  0.039060  0.002008
1705  -0.025838  -0.054524  0.003640
1706  0.028146  0.022918  0.001317
1707  0.080538  0.077528  0.012497
1708  0.045389  -0.010418  0.002169
1709  0.019707  0.006998  0.000437
1710  -0.040013  -0.046462  0.003760
1711  -0.009653  -0.053310  0.002935
1712  -0.021966  0.052191  0.003206
1713  -0.063041  0.043320  0.005851
1714  -0.021870  -0.035383  0.001730
1715  -0.083783  0.035003  0.008245
1716  -0.008167  0.071486  0.005177
1717  0.025412  0.065131  0.004888
1718  0.003513  0.020727  0.000442
1719  0.073380  -0.113993  0.018379
1720  0.068419  0.042227  0.006464
1721  0.019361  0.033944  0.001527
1722  -0.091553  -0.044503  0.010362
1723  0.012550  0.052757  0.002941
1724  -0.009566  0.030170  0.001002
1725  -0.043522  -0.030945  0.002852
1726  0.007858  0.003464  0.000074
1727  -0.014972  0.021086  0.000669
1728  -0.020009  0.025434  0.001047
1729  0.004835  -0.018352  0.000360
1730  0.003518  -0.015112  0.000241
1731  -0.002766  -0.001296  0.000009
1732  0.046926  0.022832  0.002723
1733  0.048667  0.006688  0.002413
1734  -0.057154  0.001998  0.003271
1735  0.016200  0.040270  0.001884
1736  0.057772  -0.055987  0.006472
1737  -0.034866  -0.011705  0.001353
1738  0.016300  0.014931  0.000489
1739  0.024330  0.002621  0.000599
1740  -0.005717  0.004234  0.000051
1741  -0.033639  0.015067  0.001359
1742  0.083112  -0.012633  0.007067
1743  -0.081041  0.035093  0.007799
1744  -0.021248  -0.029062  0.001296
1745  0.010037  -0.011137  0.000225
1746  -0.017590  -0.020525  0.000731
1747  -0.022598  0.033215  0.001614
1748  -0.056055  0.061692  0.006948
1749  0.025369  0.037833  0.002075
1750  -0.013509  0.020727  0.000612
1751  0.040358  0.022525  0.002136
1752  -0.046112  -0.038592  0.003616
1753  -0.009169  0.022415  0.000586
1754  -0.060190  0.000963  0.003624
1755  -0.028996  0.041859  0.002593
1756  -0.013892  -0.018114  0.000521
1757  0.012539  0.067328  0.004690
1758  -0.081729  0.026827  0.007399
1759  0.040401  0.002410  0.001638
1760  -0.057568  -0.074825  0.008913
1761  -0.039336  -0.003379  0.001559
1762  -0.011550  0.015127  0.000362
1763  0.046149  0.032517  0.003187
1764  0.050041  0.025336  0.003146
1765  -0.029777  0.022239  0.001381
1766  -0.015046  -0.012130  0.000374
1767  0.035473  -0.044863  0.003271
1768  0.001665  0.005842  0.000037
1769  0.003082  0.034490  0.001199
1770  0.023287  -0.057349  0.003831
1771  -0.022484  0.004054  0.000522
1772  -0.020524  0.044127  0.002368
1773  -0.088707  -0.061267  0.011623
1774  -0.019073  -0.034665  0.001565
1775  -0.021438  0.035108  0.001692
1776  -0.010555  -0.000256  0.000111
1777  -0.047573  0.040832  0.003930
1778  0.027436  0.053691  0.003636
1779  -0.013385  -0.004416  0.000199
1780  -0.021025  0.034685  0.001645
1781  -0.029152  0.017772  0.001166
1782  0.000527  0.005481  0.000030
1783  -0.023638  0.037587  0.001972
1784  -0.000504  0.070612  0.004986
1785  0.007196  0.008271  0.000120
1786  0.007704  0.004105  0.000076
1787  0.016210  0.043015  0.002113
1788  -0.025964  0.065026  0.004902
1789  -0.055464  -0.034770  0.004285
1790  0.007461  0.020956  0.000495
1791  0.051011  0.015476  0.002842
1792  0.052580  -0.005408  0.002794
1793  -0.050544  -0.028028  0.003340
1794  -0.023078  -0.007359  0.000587
1795  -0.032100  0.053320  0.003873
1796  0.022176  0.039784  0.002075
1797  0.066782  0.020424  0.004877
1798  0.059335  0.061784  0.007338
1799  0.017685  -0.035394  0.001566
1800  -0.029234  0.050247  0.003379
1801  0.006683  0.084798  0.007235
1802  0.043321  0.012612  0.002036
1803  0.035227  -0.014844  0.001461
1804  0.020705  0.005190  0.000456
1805  -0.001279  -0.019009  0.000363
1806  0.036583  0.002133  0.001343
1807  0.044419  -0.002014  0.001977
1808  -0.006496  0.020715  0.000471
1809  -0.014969  0.040222  0.001842
1810  -0.026207  -0.021646  0.001155
1811  0.036350  -0.022802  0.001841
1812  -0.025730  0.045024  0.002689
1813  0.000186  0.074470  0.005546
1814  -0.068601  0.041031  0.006390
1815  -0.036551  -0.021157  0.001784
1816  0.016375  0.071759  0.005418
1817  -0.033447  0.056871  0.004353
1818  -0.056627  -0.041199  0.004904
1819  -0.058557  0.025853  0.004097
1820  -0.027537  0.024528  0.001360
1821  0.006948  0.031770  0.001058
1822  0.029521  -0.030855  0.001824
1823  0.004386  0.035964  0.001313
1824  -0.014642  -0.063977  0.004307
1825  -0.027558  0.015175  0.000990
1826  0.022324  0.043535  0.002394
1827  0.051173  -0.045615  0.004699
1828  -0.053839  -0.003149  0.002909
1829  0.001528  -0.030324  0.000922
1830  0.022400  0.022254  0.000997
1831  -0.030482  -0.029857  0.001821
1832  -0.042226  0.037390  0.003181
1833  -0.008127  -0.018496  0.000408
1834  0.024532  0.010143  0.000705
1835  -0.047731  -0.005160  0.002305
1836  0.043330  -0.067661  0.006456
1837  0.001028  0.004717  0.000023
1838  0.025551  -0.045716  0.002743
1839  0.035252  0.031343  0.002225
1840  0.024622  0.058764  0.004059
1841  0.002869  0.004311  0.000027
1842  0.038461  -0.037370  0.002876
1843  -0.043492  0.064819  0.006093
1844  -0.025244  -0.012500  0.000793
1845  -0.035548  -0.027429  0.002016
1846  0.023277  -0.011811  0.000681
1847  0.043282  0.015521  0.002114
1848  -0.023641  0.004377  0.000578
1849  0.019268  -0.038088  0.001822
1850  -0.077280  0.003632  0.005985
1851  -0.043627  0.018555  0.002248
1852  0.011982  0.030721  0.001087
1853  -0.015698  -0.004936  0.000271
1854  -0.057736  -0.018047  0.003659
1855  0.008230  0.009157  0.000152
1856  0.022329  -0.002591  0.000505
1857  -0.014514  0.003453  0.000223
1858  0.023806  0.003071  0.000576
1859  -0.045844  -0.036469  0.003432
1860  -0.034749  -0.010340  0.001314
1861  -0.019298  0.012026  0.000517
1862  0.026214  -0.025077  0.001316
1863  -0.004406  -0.006573  0.000063
1864  -0.051680  0.026051  0.003349
1865  -0.052101  0.055964  0.005846
1866  -0.025958  0.031364  0.001657
1867  -0.018405  -0.006511  0.000381
1868  0.005935  0.058630  0.003473
1869  0.005040  -0.029098  0.000872
1870  -0.054842  -0.013635  0.003194
1871  -0.042150  -0.039662  0.003350
1872  -0.042436  0.006539  0.001844
1873  0.007638  0.014683  0.000274
1874  0.026393  -0.033366  0.001810
1875  0.038526  0.017853  0.001803
1876  -0.011537  0.009432  0.000222
1877  0.035398  0.007596  0.001311
1878  0.020334  0.046304  0.002557
1879  0.038538  -0.001643  0.001488
1880  0.017369  -0.032469  0.001356
1881  -0.015668  0.006292  0.000285
1882  0.056304  -0.013445  0.003351
1883  -0.025254  -0.018999  0.000999
1884  -0.009416  0.017090  0.000381
1885  -0.046556  0.026343  0.002861
1886  0.005340  0.022898  0.000553
1887  0.000956  -0.000150  0.000001
1888  -0.003062  0.009383  0.000097
1889  -0.038006  0.008594  0.001518
1890  0.020356  0.038902  0.001928
1891  -0.009701  0.030778  0.001041
1892  -0.069768  -0.028865  0.005701
1893  -0.022235  -0.012420  0.000649
1894  0.015753  0.010863  0.000366
1895  -0.026926  0.033593  0.001854
1896  0.003909  0.015661  0.000261
1897  -0.009000  -0.037934  0.001520
1898  -0.035163  0.019134  0.001603
1899  0.001457  0.007565  0.000059
1900  0.016143  0.001632  0.000263
1901  -0.013377  0.040880  0.001850
1902  -0.013197  0.049463  0.002621
1903  0.012643  -0.005744  0.000193
1904  -0.035972  -0.052650  0.004066
1905  -0.002859  -0.009419  0.000097
1906  -0.037712  0.038977  0.002941
1907  -0.025915  -0.018415  0.001011
1908  -0.010785  0.025635  0.000773
1909  0.034562  -0.032381  0.002243
1910  -0.012101  -0.014420  0.000354
1911  0.008603  -0.022176  0.000566
1912  -0.002899  0.002221  0.000013
1913  0.024001  -0.025048  0.001203
1914  -0.005764  -0.013950  0.000228
1915  -0.023041  -0.033472  0.001651
1916  -0.056315  0.032087  0.004201
1917  -0.010028  -0.001800  0.000104
1918  0.022313  0.022125  0.000987
1919  0.024735  0.003325  0.000623
1920  0.030134  0.031341  0.001890
1921  -0.003507  -0.063656  0.004064
1922  0.004488  -0.009621  0.000113
1923  -0.011928  -0.023409  0.000690
1924  -0.016263  -0.027500  0.001021
1925  -0.059368  0.013385  0.003704
1926  -0.016239  -0.028343  0.001067
1927  -0.029515  0.033516  0.001994
1928  -0.031069  -0.036329  0.002285
1929  0.059259  -0.015398  0.003749
1930  0.076532  0.040934  0.007533
1931  0.022225  0.008500  0.000566
1932  0.024160  -0.052928  0.003385
1933  -0.009603  -0.062117  0.003951
1934  0.001915  0.032263  0.001045
1935  -0.031806  -0.030117  0.001919
1936  -0.039542  0.018850  0.001919
1937  -0.052388  0.006943  0.002793
1938  0.008660  0.019993  0.000475
1939  0.050012  0.020443  0.002919
1940  -0.007034  0.018872  0.000406
1941  -0.016720  0.029918  0.001175
1942  -0.016170  -0.014019  0.000458
1943  -0.005446  -0.065268  0.004290
1944  0.045405  -0.002267  0.002067
1945  -0.006388  -0.066451  0.004457
1946  -0.069684  0.026481  0.005557
1947  -0.009883  0.016771  0.000379
1948  -0.003652  0.031105  0.000981
1949  0.002494  0.012748  0.000169
1950  0.006532  0.030219  0.000956
1951  0.024236  0.029579  0.001462
1952  0.018400  -0.016471  0.000610
1953  -0.004975  0.034368  0.001206
1954  0.030559  0.029055  0.001778
1955  0.026763  -0.037922  0.002154
1956  0.028249  -0.006552  0.000841
1957  0.054718  -0.003071  0.003004
1958  0.048765  0.014972  0.002602
1959  0.038730  0.029772  0.002386
1960  -0.027674  -0.008309  0.000835
1961  -0.067573  -0.007925  0.004629
1962  -0.075003  -0.037445  0.007028
1963  0.019817  0.007790  0.000453
1964  0.026768  -0.050866  0.003304
1965  -0.019587  0.043014  0.002234
1966  0.022389  -0.004381  0.000520
1967  -0.062596  0.012262  0.004069
1968  -0.031177  -0.021657  0.001441
1969  -0.029517  0.002949  0.000880
1970  -0.002720  -0.058346  0.003412
1971  -0.025843  0.052104  0.003383
1972  0.027495  0.041242  0.002457
1973  -0.010456  0.059374  0.003635
1974  -0.063414  0.005201  0.004048
1975  0.008388  0.010057  0.000172
1976  -0.013472  0.014091  0.000380
1977  -0.018953  -0.049510  0.002810
1978  0.009862  -0.018503  0.000440
1979  0.025295  0.022911  0.001165
1980  0.028489  0.040658  0.002465
1981  -0.011230  0.001106  0.000127
1982  0.047419  0.024499  0.002849
1983  0.021511  0.032286  0.001505
1984  0.049209  -0.000593  0.002422
1985  -0.052670  0.062030  0.006622
1986  -0.004016  -0.004816  0.000039
1987  0.007290  0.011084  0.000176
1988  -0.027098  -0.005669  0.000766
1989  0.000153  0.030174  0.000911
1990  0.003756  0.019080  0.000378
1991  -0.051497  -0.023571  0.003207
1992  -0.009716  0.000324  0.000095
1993  -0.008027  0.004653  0.000086
1994  0.009972  0.014319  0.000304
1995  -0.028785  0.047322  0.003068
1996  -0.042310  -0.036363  0.003112
1997  -0.066787  0.004298  0.004479
1998  0.001362  -0.005224  0.000029
1999  0.026633  -0.027709  0.001477
2000  0.040073  0.020562  0.002029
2001  -0.076870  -0.007342  0.005963
2002  -0.050477  0.000322  0.002548
2003  -0.009369  -0.019982  0.000487
2004  -0.060598  -0.012528  0.003829
2005  0.005420  0.014398  0.000237
2006  -0.005571  0.031214  0.001005
2007  0.002973  0.041707  0.001748
2008  -0.002310  0.043938  0.001936
2009  0.005712  0.018172  0.000363
2010  -0.031794  0.024426  0.001608
2011  0.011611  -0.027383  0.000885
2012  -0.007907  0.032624  0.001127
2013  -0.012327  0.056218  0.003312
2014  -0.003751  0.008378  0.000084
2015  0.035043  0.031014  0.002190
2016  -0.026668  -0.007404  0.000766
2017  -0.086643  0.030931  0.008464
2018  -0.054773  0.009663  0.003093
2019  0.027485  0.026410  0.001453
2020  -0.010525  -0.005797  0.000144
2021  -0.014250  -0.009007  0.000284
2022  0.015028  0.008781  0.000303
2023  0.007142  0.006227  0.000090
2024  0.035056  0.057175  0.004498
2025  0.020311  0.012870  0.000578
2026  0.002206  -0.070133  0.004923
2027  0.050890  -0.006428  0.002631
2028  -0.000371  -0.002187  0.000005
2029  -0.014569  0.036105  0.001516
2030  0.036274  -0.023212  0.001855
2031  -0.041088  0.027360  0.002437
2032  0.023745  0.009077  0.000646
2033  0.030675  -0.032610  0.002004
2034  0.006871  -0.012628  0.000207
2035  0.091175  0.029882  0.009206
2036  0.027150  0.004800  0.000760
2037  0.027532  0.082411  0.007550
2038  0.023759  0.050151  0.003080
2039  -0.031422  0.028043  0.001774
2040  -0.010696  -0.003431  0.000126
2041  -0.013989  0.051279  0.002825
2042  0.040088  -0.042179  0.003386
2043  -0.028617  -0.027736  0.001588
2044  0.035641  -0.018901  0.001628
2045  -0.027432  0.010593  0.000865
2046  -0.023255  0.008418  0.000612
2047  -0.030030  0.065112  0.005141
