0  0.621139  0.721103  0.905804
1  -0.862655  0.161070  0.770117
2  0.146559  -0.245016  0.081512
3  -0.171083  0.325776  0.135399
4  -0.041562  0.803886  0.647961
5  -0.001393  0.735371  0.540772
6  -0.418158  -0.600490  0.535444
7  -0.826762  -0.353824  0.808726
8  -0.448779  0.437156  0.392508
9  0.262858  -0.236776  0.125157
10  -0.179243  0.371645  0.170248
11  -0.492973  0.078531  0.249189
12  0.070300  -0.251314  0.068101
13  -0.225465  0.506381  0.307257
14  0.393021  0.227278  0.206121
15  0.382065  0.760508  0.724346
16  0.489413  -0.062267  0.243402
17  0.233787  0.231891  0.108430
18  -0.100511  0.043576  0.012001
19  -0.249468  0.080855  0.068772
20  -0.505029  0.246707  0.315919
21  0.076616  -0.275097  0.081548
22  0.819563  0.384044  0.819173
23  -0.063266  -0.498597  0.252601
24  0.121254  -0.737272  0.558273
25  -0.039344  0.455181  0.208738
26  -0.940823  0.113387  0.898005
27  -0.214270  0.167984  0.074130
28  0.284357  -0.049601  0.083319
29  0.140573  0.860043  0.759434
30  0.191826  -0.273788  0.111757
31  0.116841  -0.098874  0.023428
32  0.014308  -0.920704  0.847901
33  -0.388305  -0.118745  0.164881
34  0.071497  -0.779222  0.612299
35  -0.160591  0.370874  0.163337
36  0.573171  0.230246  0.381538
37  0.353939  0.145796  0.146530
38  -0.033915  -0.751466  0.565851
39  -0.221659  0.263374  0.118499
40  0.205793  -0.257093  0.108448
41  0.143384  0.186717  0.055422
42  -0.064149  0.378867  0.147655
43  0.261165  0.363979  0.200688
44  0.691623  -0.379819  0.622605
45  -0.036087  -0.055010  0.004328
46  -0.217860  0.423114  0.226489
47  -0.286342  -0.005014  0.082017
48  0.341738  -0.388271  0.267539
49  -0.114532  -0.276112  0.089356
50  0.614297  -0.533564  0.662051
51  0.032577  -0.348120  0.122249
52  0.172660  -0.022174  0.030303
53  -0.406591  -0.186141  0.199965
54  0.397391  -0.143889  0.178623
55  -0.108144  0.311372  0.108648
56  0.063728  0.081902  0.010769
57  -0.564606  0.317866  0.419818
58  -0.313335  0.172077  0.127789
59  0.232378  0.092657  0.062585
60  0.375074  0.415483  0.313306
61  -0.268772  0.012177  0.072387
62  -0.167791  -0.508348  0.286571
63  0.056624  0.377611  0.145797
64  -0.308488  0.292332  0.180623
65  -0.409604  0.759659  0.744858
66  0.116802  -0.232190  0.067555
67  0.652250  -0.098560  0.435144
68  0.565418  0.173839  0.349917
69  0.293176  -0.563482  0.403464
70  0.464700  -0.233340  0.270393
71  0.531485  -0.249711  0.344832
72  0.518805  -0.159119  0.294477
73  0.178197  0.274445  0.107074
74  -0.130281  -0.321036  0.120037
75  0.096729  -0.131881  0.026749
76  0.258608  -0.129064  0.083536
77  0.142607  -0.600876  0.381389
78  0.094685  -0.081997  0.015689
79  0.498751  0.091855  0.257190
80  -0.103943  0.618146  0.392909
81  0.365336  0.257053  0.199546
82  0.045754  -0.389048  0.153452
83  0.406778  -0.143217  0.185980
84  -0.629164  -0.215400  0.442245
85  -0.780649  -0.334375  0.721220
86  0.464881  -0.233246  0.270518
87  -0.166729  0.253633  0.092128
88  -0.232420  0.000326  0.054019
89  -0.280094  0.375394  0.219373
90  0.563808  -0.137302  0.336732
91  0.414277  0.030972  0.172585
92  -0.320915  -0.320116  0.205460
93  -0.107834  0.355668  0.138128
94  0.300944  -0.162297  0.116908
95  0.056007  0.033055  0.004229
96  -0.173610  -0.310072  0.126285
97  0.067563  0.163178  0.031192
98  -0.254935  0.372900  0.204046
99  0.006287  -0.230228  0.053045
100  -0.144557  0.111716  0.033377
101  -0.023115  -0.079085  0.006789
102  0.306335  0.619948  0.478177
103  0.564254  0.014042  0.318579
104  -0.184215  0.149838  0.056387
105  -0.185524  -0.151838  0.057474
106  0.160031  0.567745  0.347944
107  -0.050870  0.073737  0.008025
108  0.134134  0.287726  0.100778
109  -0.016573  -0.076645  0.006149
110  0.079678  -0.128714  0.022916
111  0.126571  0.004624  0.016042
112  0.211986  -0.235902  0.100588
113  0.171081  0.077273  0.035240
114  -0.363204  0.118134  0.145873
115  -0.125412  -0.417139  0.189733
116  0.104735  -0.370293  0.148087
117  0.306614  0.046880  0.096210
118  0.173279  -0.479309  0.259763
119  -0.005468  -0.590021  0.348154
120  -0.193237  0.468046  0.256408
121  0.150226  -0.138269  0.041686
122  -0.096198  -0.106307  0.020555
123  -0.004294  0.004496  0.000039
124  0.223601  0.232527  0.104066
125  0.036203  -0.226588  0.052653
126  0.294516  -0.088180  0.094515
127  0.001968  0.507716  0.257779
128  0.448304  -0.410753  0.369694
129  -0.232011  0.224342  0.104158
130  0.219987  0.082430  0.055189
131  0.070991  0.180199  0.037511
132  -0.266063  -0.108182  0.082493
133  -0.364900  0.403404  0.295887
134  0.183242  -0.127680  0.049880
135  0.176811  0.026039  0.031940
136  -0.186637  0.012521  0.034990
137  -0.399308  -0.135408  0.177782
138  0.406274  0.061164  0.168799
139  0.020154  -0.073236  0.005770
140  -0.263938  -0.272490  0.143914
141  -0.066778  0.228301  0.056581
142  -0.256395  0.170078  0.094665
143  0.028352  -0.181003  0.033566
144  0.137229  0.113083  0.031620
145  0.145684  0.075716  0.026957
146  0.244297  0.028770  0.060509
147  -0.537759  -0.036373  0.290508
148  -0.069424  -0.187783  0.040082
149  -0.243107  -0.267524  0.130670
150  0.034168  -0.086531  0.008655
151  0.264911  -0.028016  0.070963
152  0.182248  -0.073264  0.038582
153  -0.436336  -0.063092  0.194370
154  0.230716  0.071349  0.058321
155  -0.051462  0.079689  0.008999
156  -0.010201  0.080340  0.006559
157  -0.193003  0.308042  0.132140
158  0.045607  -0.111125  0.014429
159  0.076886  -0.035331  0.007160
160  -0.092444  -0.100947  0.018736
161  0.197952  0.256855  0.105159
162  -0.244680  -0.084696  0.067042
163  0.103915  0.401821  0.172258
164  -0.043842  -0.020290  0.002334
165  0.269574  0.279926  0.151028
166  -0.016027  0.049254  0.002683
167  0.024216  0.319958  0.102959
168  0.330348  -0.370370  0.246304
169  0.008076  -0.030874  0.001018
170  0.087303  0.114031  0.020625
171  -0.146187  -0.013812  0.021561
172  -0.120998  -0.108121  0.026331
173  -0.006281  -0.198874  0.039590
174  0.099061  -0.022977  0.010341
175  0.074972  -0.157170  0.030323
176  -0.119186  0.124909  0.029808
177  0.293152  -0.128393  0.102423
178  0.145237  -0.130398  0.038097
179  0.145786  -0.160268  0.046939
180  -0.280556  0.025184  0.079346
181  -0.285617  0.030021  0.082479
182  0.398758  0.219207  0.207059
183  -0.015143  -0.071754  0.005378
184  -0.004339  0.057294  0.003301
185  0.197256  0.024071  0.039489
186  -0.075498  -0.516766  0.272747
187  0.020949  0.009963  0.000538
188  0.057872  0.121365  0.018078
189  0.189333  0.280185  0.114351
190  0.085633  -0.055667  0.010432
191  -0.083871  -0.050181  0.009552
192  -0.110069  -0.051943  0.014813
193  0.113657  -0.027020  0.013648
194  -0.014408  0.074338  0.005734
195  -0.094267  -0.045894  0.010993
196  -0.052148  -0.051341  0.005355
197  -0.068625  0.167588  0.032795
198  0.130607  -0.072559  0.022323
199  0.024457  -0.128745  0.017173
200  0.021717  -0.271937  0.074422
201  -0.068816  -0.087712  0.012429
202  -0.149076  -0.094041  0.031067
203  0.032517  0.266501  0.072080
204  -0.067716  -0.068800  0.009319
205  0.027883  0.164191  0.027736
206  -0.104387  -0.023514  0.011450
207  -0.024951  -0.082498  0.007428
208  -0.031943  0.200548  0.041240
209  -0.122736  0.142456  0.035358
210  -0.042039  0.117774  0.015638
211  -0.047711  -0.042409  0.004075
212  -0.056398  -0.026192  0.003867
213  -0.076526  0.032023  0.006882
214  -0.017619  -0.007924  0.000373
215  -0.037946  0.072452  0.006689
216  0.080804  -0.016160  0.006790
217  0.036050  -0.132540  0.018866
218  0.026676  0.061839  0.004536
219  -0.020190  -0.106384  0.011725
220  -0.263901  -0.053061  0.072459
221  0.063328  0.011338  0.004139
222  0.138496  0.010988  0.019302
223  0.014009  -0.178980  0.032230
224  0.021651  -0.032184  0.001505
225  0.022703  -0.078679  0.006706
226  -0.072983  -0.080437  0.011797
227  -0.001948  0.068103  0.004642
228  -0.098031  0.098245  0.019262
229  0.126454  -0.145394  0.037130
230  -0.012989  -0.243809  0.059612
231  0.192603  0.022440  0.037600
232  -0.049424  -0.170217  0.031416
233  -0.072335  -0.110634  0.017472
234  0.050970  0.092927  0.011233
235  -0.121862  -0.009934  0.014949
236  -0.034365  -0.069528  0.006015
237  -0.160605  0.064244  0.029921
238  -0.179450  0.066984  0.036689
239  0.107256  0.009109  0.011587
240  0.026334  -0.036018  0.001991
241  -0.059444  -0.088861  0.011430
242  -0.168204  0.038865  0.029803
243  0.006486  0.137089  0.018836
244  0.112133  -0.052194  0.015298
245  0.109829  0.045503  0.014133
246  -0.012260  -0.014641  0.000365
247  -0.095514  0.041357  0.010833
248  -0.141202  0.132347  0.037454
249  0.052658  0.120700  0.017341
250  -0.022566  0.052483  0.003264
251  0.053634  0.007320  0.002930
252  -0.028721  -0.002613  0.000832
253  0.044864  -0.203257  0.043326
254  -0.145549  0.210729  0.065591
255  0.094915  -0.079568  0.015340
256  -0.026395  0.052403  0.003443
257  0.145887  -0.037337  0.022677
258  0.031735  -0.083161  0.007923
259  0.025033  -0.034537  0.001819
260  -0.068960  0.009756  0.004851
261  0.216944  -0.060680  0.050747
262  0.187345  -0.074765  0.040688
263  0.078519  0.019836  0.006559
264  0.079462  0.007429  0.006369
265  -0.081781  -0.053084  0.009506
266  -0.066059  -0.008143  0.004430
267  0.098888  -0.003857  0.009794
268  0.157332  0.005261  0.024781
269  -0.006954  -0.033003  0.001138
270  -0.059027  -0.006235  0.003523
271  0.040891  0.010325  0.001779
272  -0.064944  0.041150  0.005911
273  0.032700  -0.012817  0.001234
274  -0.025382  -0.105618  0.011799
275  0.052229  -0.110866  0.015019
276  -0.041860  -0.053368  0.004600
277  -0.056717  -0.018450  0.003557
278  -0.000311  -0.010607  0.000113
279  -0.070272  -0.050191  0.007457
280  0.030139  -0.091299  0.009244
281  -0.062157  0.031657  0.004866
282  0.000471  -0.034665  0.001202
283  -0.000635  0.019558  0.000383
284  0.086199  0.093241  0.016124
285  0.017344  -0.093129  0.008974
286  0.007586  0.064409  0.004206
287  0.074557  -0.010078  0.005660
288  0.003976  -0.119166  0.014216
289  0.056955  0.014008  0.003440
290  -0.036528  -0.054508  0.004305
291  0.014566  -0.011534  0.000345
292  0.023819  0.025139  0.001199
293  -0.056169  -0.069836  0.008032
294  0.048159  -0.017534  0.002627
295  0.144678  -0.072956  0.026254
296  -0.150445  -0.080143  0.029057
297  -0.079343  -0.105264  0.017376
298  -0.047575  0.085826  0.009630
299  0.041845  -0.035938  0.003043
300  -0.046710  -0.043223  0.004050
301  0.015700  -0.054788  0.003248
302  0.053599  -0.162404  0.029248
303  -0.002429  -0.020950  0.000445
304  0.052003  0.061562  0.006494
305  -0.003150  0.017821  0.000328
306  -0.051653  -0.020621  0.003093
307  -0.101172  -0.022777  0.010755
308  0.076198  -0.066098  0.010175
309  0.041433  -0.044844  0.003728
310  0.001811  -0.031881  0.001020
311  -0.073314  -0.005654  0.005407
312  -0.020363  -0.009718  0.000509
313  -0.036456  0.081346  0.007946
314  -0.039717  0.066210  0.005961
315  0.034577  -0.049006  0.003597
316  0.072212  0.010597  0.005327
317  0.016000  0.070422  0.005215
318  0.027925  -0.095765  0.009951
319  0.046422  0.074953  0.007773
320  0.003133  0.026261  0.000699
321  -0.014356  -0.040998  0.001887
322  0.007656  0.019279  0.000430
323  -0.047984  -0.062727  0.006237
324  -0.000784  0.067763  0.004592
325  0.003028  0.017486  0.000315
326  -0.023935  -0.019116  0.000938
327  0.126167  0.059345  0.019440
328  -0.041654  0.026259  0.002425
329  -0.024953  -0.044792  0.002629
330  0.068723  -0.031656  0.005725
331  0.024751  -0.027802  0.001386
332  0.028755  0.008026  0.000891
333  0.049426  -0.095397  0.011543
334  -0.033648  0.012483  0.001288
335  -0.026207  0.000817  0.000687
336  -0.022238  0.021999  0.000978
337  0.019708  -0.038551  0.001875
338  -0.067343  0.016149  0.004796
339  -0.054881  0.033648  0.004144
340  0.035338  -0.065444  0.005532
341  -0.014021  -0.019777  0.000588
342  0.022169  0.009190  0.000576
343  0.004304  -0.067091  0.004520
344  -0.004639  0.002556  0.000028
345  0.013581  -0.008432  0.000256
346  -0.053112  -0.080746  0.009341
347  0.027871  -0.023233  0.001317
348  0.013730  0.019217  0.000558
349  0.003251  -0.041796  0.001757
350  0.102561  -0.000023  0.010519
351  0.012092  -0.026831  0.000866
352  0.035006  -0.029729  0.002109
353  -0.022960  -0.042634  0.002345
354  0.084991  -0.041694  0.008962
355  -0.042457  -0.058084  0.005176
356  -0.033024  0.012321  0.001242
357  -0.012368  -0.019827  0.000546
358  0.013100  0.011334  0.000300
359  -0.060307  -0.017638  0.003948
360  -0.043969  -0.070852  0.006953
361  -0.062878  -0.005762  0.003987
362  0.049238  -0.030516  0.003356
363  -0.039316  -0.029447  0.002413
364  0.017464  0.014840  0.000525
365  -0.035799  -0.013147  0.001454
366  0.010357  -0.020367  0.000522
367  -0.003089  0.031195  0.000983
368  0.015340  -0.018165  0.000565
369  -0.020352  -0.098484  0.010113
370  -0.069989  -0.026392  0.005595
371  0.066558  -0.052571  0.007194
372  -0.038113  0.012001  0.001597
373  0.009423  -0.002522  0.000095
374  -0.000547  -0.026196  0.000687
375  -0.002129  -0.028345  0.000808
376  -0.025644  0.071924  0.005831
377  0.069756  -0.005163  0.004893
378  0.018851  0.047242  0.002587
379  -0.019537  -0.028185  0.001176
380  -0.031576  0.021979  0.001480
381  -0.022251  -0.043031  0.002347
382  0.003163  0.003645  0.000023
383  0.005695  -0.009099  0.000115
384  0.053265  -0.077282  0.008810
385  0.009030  0.086935  0.007639
386  0.069092  -0.024051  0.005352
387  0.018624  -0.036521  0.001681
388  0.036899  0.018958  0.001721
389  0.003482  -0.063606  0.004058
390  0.004791  -0.068237  0.004679
391  -0.021118  -0.045677  0.002532
392  0.019719  0.006306  0.000429
393  0.034760  -0.004388  0.001228
394  0.028221  0.005874  0.000831
395  0.040869  -0.087896  0.009396
396  -0.024393  -0.035868  0.001882
397  0.050451  -0.049673  0.005013
398  0.023297  -0.066180  0.004923
399  0.010600  -0.083744  0.007125
400  0.040021  -0.043017  0.003452
401  -0.007535  -0.005538  0.000087
402  0.040611  -0.036931  0.003013
403  0.019264  0.003144  0.000381
404  -0.011967  -0.054038  0.003063
405  0.019956  -0.050896  0.002989
406  -0.043520  0.006124  0.001931
407  0.063312  -0.086577  0.011504
408  0.011672  -0.010765  0.000252
409  -0.068594  0.045795  0.006802
410  -0.001337  -0.012190  0.000150
411  0.005258  0.011425  0.000158
412  -0.023062  -0.017442  0.000836
413  0.010323  0.006966  0.000155
414  -0.036716  0.011887  0.001489
415  -0.001041  -0.019266  0.000372
416  0.001521  -0.023582  0.000558
417  0.027707  0.019772  0.001159
418  -0.016098  -0.006294  0.000299
419  0.016056  0.006645  0.000302
420  0.003960  -0.036415  0.001342
421  0.037230  -0.027508  0.002143
422  -0.049023  0.005456  0.002433
423  0.024587  -0.016203  0.000867
424  -0.026680  0.033167  0.001812
425  0.025518  -0.018337  0.000987
426  0.049066  -0.053036  0.005220
427  0.011690  -0.058985  0.003616
428  -0.029649  0.049333  0.003313
429  0.016875  -0.015960  0.000540
430  -0.060294  -0.028883  0.004470
431  -0.029525  -0.019677  0.001259
432  0.004824  -0.025283  0.000663
433  -0.025026  -0.028240  0.001424
434  -0.017565  -0.036945  0.001673
435  -0.036362  0.057056  0.004578
436  0.032765  0.048266  0.003403
437  -0.027791  -0.000554  0.000773
438  0.034253  -0.046357  0.003322
439  0.001973  -0.032385  0.001053
440  0.038956  0.016294  0.001783
441  0.049582  0.023374  0.003005
442  0.001766  -0.016529  0.000276
443  0.012062  -0.024553  0.000748
444  -0.007626  -0.048106  0.002372
445  0.035940  0.016383  0.001560
446  0.028021  0.007576  0.000843
447  0.006583  0.056642  0.003252
448  0.018240  -0.031966  0.001355
449  0.000385  -0.040650  0.001653
450  0.001065  0.011722  0.000139
451  0.017471  -0.003177  0.000315
452  0.065217  -0.046958  0.006458
453  0.021741  0.015536  0.000714
454  -0.000556  -0.023196  0.000538
455  -0.003086  -0.003987  0.000025
456  -0.017467  -0.018605  0.000651
457  0.024834  -0.000216  0.000617
458  0.000702  0.014311  0.000205
459  -0.041362  -0.016204  0.001973
460  0.021181  -0.013543  0.000632
461  0.002142  -0.038473  0.001485
462  0.010946  -0.070929  0.005151
463  -0.007559  -0.017397  0.000360
464  -0.038366  0.000604  0.001472
465  -0.004128  0.002922  0.000026
466  -0.016286  -0.018019  0.000590
467  0.019985  0.028634  0.001219
468  0.002345  0.024762  0.000619
469  -0.023893  -0.026711  0.001284
470  -0.016464  -0.015054  0.000498
471  -0.015709  -0.008762  0.000324
472  0.019184  0.010881  0.000486
473  -0.001834  0.017197  0.000299
474  -0.022268  -0.019292  0.000868
475  -0.055426  -0.066367  0.007477
476  0.035717  -0.004317  0.001294
477  0.018906  0.012069  0.000503
478  -0.003053  -0.053304  0.002851
479  -0.004210  -0.010918  0.000137
480  -0.011392  -0.029896  0.001024
481  -0.006586  -0.027328  0.000790
482  -0.020234  0.012429  0.000564
483  -0.010505  -0.060477  0.003768
484  -0.005170  -0.067527  0.004587
485  -0.017315  0.024228  0.000887
486  -0.010574  -0.008554  0.000185
487  -0.001361  -0.000327  0.000002
488  -0.022081  -0.027261  0.001231
489  0.023691  -0.068445  0.005246
490  0.004383  -0.036084  0.001321
491  0.002943  -0.051781  0.002690
492  -0.015043  -0.015861  0.000478
493  -0.062967  0.036063  0.005265
494  -0.011456  0.006756  0.000177
495  -0.000522  -0.005545  0.000031
496  0.023347  0.002161  0.000550
497  -0.033884  -0.024055  0.001727
498  -0.011460  0.001498  0.000134
499  0.058186  -0.001523  0.003388
500  0.015295  -0.003969  0.000250
501  -0.022346  -0.011150  0.000624
502  -0.042626  -0.002526  0.001823
503  0.003673  0.003469  0.000026
504  -0.019399  -0.016873  0.000661
505  0.026025  -0.014853  0.000898
506  0.020002  -0.030606  0.001337
507  0.042843  -0.013755  0.002025
508  0.033867  -0.026512  0.001850
509  -0.033882  0.015873  0.001400
510  0.022516  -0.026380  0.001203
511  0.004191  -0.036599  0.001357
512  -0.022375  0.045466  0.002568
513  0.009378  -0.046700  0.002269
514  0.004505  0.038757  0.001522
515  0.033643  -0.056250  0.004296
516  -0.011895  -0.017037  0.000432
517  0.023018  -0.028626  0.001349
518  0.032657  0.019422  0.001444
519  0.042386  -0.004903  0.001821
520  0.006730  -0.036041  0.001344
521  -0.008168  -0.000311  0.000067
522  -0.041057  -0.048494  0.004037
523  0.015441  0.005138  0.000265
524  -0.021185  0.033889  0.001597
525  0.010740  -0.041139  0.001808
526  -0.032920  0.010707  0.001198
527  -0.044730  0.003771  0.002015
528  0.063814  -0.015945  0.004326
529  -0.026418  -0.055914  0.003824
530  0.012313  -0.013971  0.000347
531  0.012041  0.033874  0.001292
532  0.018276  -0.069398  0.005150
533  -0.011676  -0.023551  0.000691
534  0.028475  -0.029887  0.001704
535  0.039551  -0.042908  0.003405
536  0.001219  -0.041999  0.001765
537  0.004226  -0.007301  0.000071
538  -0.067696  0.033189  0.005684
539  0.028690  -0.054265  0.003768
540  -0.026424  0.032588  0.001760
541  0.002165  -0.010205  0.000109
542  0.010390  -0.025836  0.000775
543  0.031660  -0.014820  0.001222
544  -0.011852  -0.025381  0.000785
545  -0.061584  -0.017717  0.004107
546  -0.021692  -0.013928  0.000665
547  0.041596  -0.051989  0.004433
548  0.015224  -0.007408  0.000287
549  0.008221  0.043598  0.001968
550  0.010216  -0.027535  0.000863
551  0.006663  -0.011664  0.000180
552  -0.019600  0.064115  0.004495
553  0.007653  0.038608  0.001549
554  0.009815  -0.019782  0.000488
555  0.042546  -0.019646  0.002196
556  0.030613  -0.036984  0.002305
557  0.019958  0.002262  0.000403
558  -0.018446  -0.043703  0.002250
559  0.012235  0.018080  0.000477
560  -0.029552  -0.019464  0.001252
561  -0.010967  -0.057922  0.003475
562  0.058232  -0.018754  0.003743
563  -0.020613  -0.022884  0.000949
564  -0.025618  -0.005368  0.000685
565  -0.011633  0.002881  0.000144
566  -0.021885  0.068277  0.005141
567  0.055831  -0.027655  0.003882
568  0.044848  0.002220  0.002016
569  0.003250  -0.027010  0.000740
570  0.018355  -0.021482  0.000798
571  -0.009198  -0.041884  0.001839
572  -0.004808  -0.054369  0.002979
573  0.024590  0.039576  0.002171
574  -0.009409  -0.020276  0.000500
575  0.020344  0.033005  0.001503
576  0.025238  -0.039340  0.002185
577  0.003552  -0.027616  0.000775
578  0.004459  -0.042405  0.001818
579  -0.055223  -0.025427  0.003696
580  0.039653  0.007031  0.001622
581  0.008291  0.012725  0.000231
582  -0.000767  0.051847  0.002689
583  -0.017092  -0.032117  0.001324
584  -0.006380  0.033918  0.001191
585  -0.023044  -0.060273  0.004164
586  -0.015829  0.002790  0.000258
587  -0.045898  -0.063189  0.006099
588  0.014750  -0.007757  0.000278
589  -0.007205  -0.008957  0.000132
590  0.005036  -0.018018  0.000350
591  -0.044176  -0.010479  0.002061
592  0.022742  -0.018172  0.000847
593  -0.005942  -0.018936  0.000394
594  0.011384  -0.010619  0.000242
595  0.031038  0.000015  0.000963
596  -0.038873  0.003915  0.001526
597  0.002842  -0.068396  0.004686
598  -0.007668  -0.010680  0.000173
599  -0.017620  -0.019382  0.000686
600  -0.027976  -0.003976  0.000798
601  -0.027428  0.057415  0.004049
602  -0.014856  -0.011259  0.000347
603  -0.021198  0.018381  0.000787
604  0.023570  0.001064  0.000557
605  -0.084141  -0.014296  0.007284
606  -0.015945  -0.050389  0.002793
607  -0.024378  0.047076  0.002810
608  0.003996  -0.000726  0.000016
609  -0.038469  0.009740  0.001575
610  0.029707  -0.019861  0.001277
611  -0.013795  -0.031124  0.001159
612  0.014549  0.021689  0.000682
613  -0.001381  0.022859  0.000524
614  -0.011476  -0.039148  0.001664
615  -0.002745  -0.027393  0.000758
616  0.003798  -0.027900  0.000793
617  0.007403  -0.009487  0.000145
618  -0.023391  -0.017241  0.000844
619  0.029551  0.021243  0.001325
620  0.002258  0.010483  0.000115
621  0.023580  0.004242  0.000574
622  -0.022096  -0.000745  0.000489
623  -0.021647  0.004686  0.000491
624  0.012458  -0.007567  0.000212
625  -0.019286  -0.001782  0.000375
626  -0.007983  -0.019425  0.000441
627  0.018649  0.021322  0.000802
628  -0.002200  -0.007998  0.000069
629  -0.021570  0.004203  0.000483
630  -0.029123  0.004785  0.000871
631  -0.028312  0.019163  0.001169
632  -0.026536  -0.007579  0.000762
633  0.024901  0.005144  0.000647
634  0.015179  -0.031470  0.001221
635  0.023636  0.011022  0.000680
636  0.013340  -0.025781  0.000843
637  -0.030267  -0.009160  0.001000
638  -0.023630  -0.028441  0.001367
639  -0.000616  -0.014702  0.000217
640  -0.043240  0.014049  0.002067
641  -0.003632  -0.034027  0.001171
642  0.006187  0.029866  0.000930
643  -0.001426  -0.009845  0.000099
644  0.025280  0.026329  0.001332
645  0.035331  -0.026934  0.001974
646  -0.015297  -0.004479  0.000254
647  0.023243  0.034585  0.001736
648  0.024650  -0.011899  0.000749
649  -0.016737  -0.007164  0.000331
650  0.000000  0.034057  0.001160
651  0.060566  0.003170  0.003678
652  -0.010503  -0.007340  0.000164
653  -0.019688  -0.035259  0.001631
654  0.005640  -0.005703  0.000064
655  0.030816  0.007049  0.000999
656  -0.025153  -0.011851  0.000773
657  0.008184  -0.059614  0.003621
658  0.052219  -0.037651  0.004144
659  0.016976  0.039720  0.001866
660  -0.049519  -0.007467  0.002508
661  -0.022123  0.013086  0.000661
662  -0.027356  0.004272  0.000767
663  -0.032792  0.004903  0.001099
664  0.017545  -0.045334  0.002363
665  0.012269  -0.025449  0.000798
666  -0.021684  -0.011921  0.000612
667  -0.014515  -0.041270  0.001914
668  -0.009861  0.024943  0.000719
669  -0.010769  -0.005369  0.000145
670  0.010069  0.026792  0.000819
671  0.002050  0.017209  0.000300
672  0.003160  -0.002787  0.000018
673  0.005737  -0.013162  0.000206
674  0.010756  0.048560  0.002474
675  0.020491  -0.004756  0.000442
676  -0.037600  0.003570  0.001426
677  -0.017458  -0.023910  0.000876
678  0.017579  -0.056250  0.003473
679  0.014086  0.000443  0.000199
680  -0.018678  0.024299  0.000939
681  -0.051191  -0.018708  0.002971
682  0.018783  -0.023701  0.000915
683  -0.003006  0.024050  0.000587
684  -0.048866  0.014485  0.002598
685  0.069299  -0.008588  0.004876
686  0.010069  0.001925  0.000105
687  -0.004078  -0.004925  0.000041
688  0.022965  -0.025987  0.001203
689  -0.007324  -0.007490  0.000110
690  -0.017966  -0.002950  0.000331
691  -0.020691  0.001486  0.000430
692  -0.013302  -0.016509  0.000449
693  -0.017646  0.004243  0.000329
694  0.010476  0.013113  0.000282
695  -0.030120  0.038216  0.002368
696  0.019658  0.001033  0.000387
697  0.032328  -0.008034  0.001110
698  0.032381  0.034967  0.002271
699  0.035647  0.025315  0.001912
700  0.029762  -0.034101  0.002049
701  0.034541  -0.050979  0.003792
702  0.036560  -0.004211  0.001354
703  -0.010913  -0.002787  0.000127
704  0.007080  -0.033431  0.001168
705  0.008575  0.009114  0.000157
706  0.008775  -0.055317  0.003137
707  -0.002340  0.018906  0.000363
708  -0.009283  -0.040371  0.001716
709  0.005486  0.003569  0.000043
710  0.000698  -0.006813  0.000047
711  0.013256  -0.012283  0.000327
712  -0.008782  -0.041885  0.001832
713  -0.009144  -0.025406  0.000729
714  0.025846  -0.027594  0.001429
715  -0.011805  -0.037335  0.001533
716  0.010344  -0.018072  0.000434
717  -0.002560  -0.000816  0.000007
718  -0.003320  -0.000550  0.000011
719  0.002638  -0.028475  0.000818
720  0.007869  -0.009264  0.000148
721  0.010235  0.021073  0.000549
722  -0.019344  -0.025544  0.001027
723  0.029188  -0.019412  0.001229
724  0.031985  -0.006291  0.001063
725  0.026628  0.024027  0.001286
726  -0.005005  -0.025104  0.000655
727  -0.003584  0.015990  0.000269
728  0.039074  -0.036161  0.002834
729  -0.037418  -0.002928  0.001409
730  -0.002029  -0.022672  0.000518
731  -0.025890  0.017145  0.000964
732  -0.019860  -0.021023  0.000836
733  -0.007532  0.021361  0.000513
734  0.009510  -0.018614  0.000437
735  -0.031488  -0.016091  0.001250
736  0.003151  -0.005021  0.000035
737  -0.021118  -0.013166  0.000619
738  -0.015303  -0.003065  0.000244
739  -0.010272  -0.000055  0.000106
740  0.027085  -0.056714  0.003950
741  0.022130  -0.031252  0.001466
742  -0.008147  -0.020574  0.000490
743  -0.014313  -0.002946  0.000214
744  0.002388  -0.002848  0.000014
745  -0.006367  -0.005952  0.000076
746  0.020899  0.022653  0.000950
747  0.011749  0.011218  0.000264
748  -0.003703  -0.007284  0.000067
749  -0.009838  -0.017371  0.000399
750  -0.028926  -0.036468  0.002167
751  0.005834  0.005078  0.000060
752  0.030152  -0.037532  0.002318
753  -0.019636  -0.015367  0.000622
754  0.010319  -0.001316  0.000108
755  -0.001934  0.011263  0.000131
756  0.001269  -0.026375  0.000697
757  -0.023896  0.013451  0.000752
758  0.021068  -0.011048  0.000566
759  0.028300  0.011647  0.000937
760  0.001705  -0.012087  0.000149
761  -0.030438  0.012874  0.001092
762  0.000247  0.036413  0.001326
763  0.000227  0.008273  0.000068
764  0.002058  -0.022671  0.000518
765  -0.017289  -0.028708  0.001123
766  -0.031421  -0.009620  0.001080
767  0.012724  0.005985  0.000198
768  0.005026  -0.015860  0.000277
769  0.043434  0.058937  0.005360
770  0.001281  -0.001275  0.000003
771  -0.007521  0.000377  0.000057
772  0.026744  0.002597  0.000722
773  -0.013415  -0.030790  0.001128
774  -0.000456  -0.040281  0.001623
775  -0.025558  -0.046846  0.002848
776  -0.013040  0.008520  0.000243
777  0.017915  0.036901  0.001683
778  0.019355  -0.012107  0.000521
779  0.029466  -0.001949  0.000872
780  -0.009288  -0.019809  0.000479
781  -0.034923  -0.055556  0.004306
782  0.008096  -0.037211  0.001450
783  -0.000693  -0.010349  0.000108
784  0.024576  -0.051946  0.003302
785  0.022355  -0.028951  0.001338
786  -0.022798  -0.014697  0.000736
787  0.008711  -0.000417  0.000076
788  -0.006475  -0.005664  0.000074
789  -0.005112  0.029729  0.000910
790  0.022916  -0.004524  0.000546
791  0.007661  0.046626  0.002233
792  -0.028344  0.003269  0.000814
793  -0.024436  -0.018264  0.000931
794  -0.005243  0.012338  0.000180
795  -0.014793  -0.012358  0.000372
796  -0.023088  -0.012910  0.000700
797  0.017626  0.030311  0.001229
798  0.012961  0.006285  0.000207
799  -0.008254  0.015062  0.000295
800  -0.014927  -0.017984  0.000546
801  -0.018288  -0.010651  0.000448
802  0.032701  -0.014973  0.001294
803  0.023618  -0.004021  0.000574
804  -0.021991  -0.034745  0.001691
805  -0.029834  -0.026479  0.001591
806  0.010077  -0.005474  0.000132
807  0.027780  -0.021912  0.001252
808  0.027041  -0.008471  0.000803
809  -0.034724  0.000237  0.001206
810  0.000728  0.019804  0.000393
811  0.029804  0.018485  0.001230
812  -0.015099  -0.012858  0.000393
813  0.017187  -0.033137  0.001393
814  0.003253  -0.007856  0.000072
815  0.018706  -0.012051  0.000495
816  0.023331  -0.008419  0.000615
817  -0.017220  -0.002598  0.000303
818  -0.000761  0.003660  0.000014
819  -0.018613  -0.001727  0.000349
820  0.032982  -0.037063  0.002461
821  -0.028652  -0.026158  0.001505
822  0.019419  -0.017846  0.000696
823  0.022427  -0.031409  0.001490
824  0.013952  0.010170  0.000298
825  0.005651  -0.052775  0.002817
826  -0.015812  -0.008847  0.000328
827  -0.046398  -0.045569  0.004229
828  -0.049458  -0.021955  0.002928
829  0.010186  -0.006342  0.000144
830  0.009013  0.004846  0.000105
831  0.018164  -0.013788  0.000520
832  0.016552  -0.000448  0.000274
833  -0.030335  -0.007370  0.000975
834  -0.004642  0.007508  0.000078
835  -0.043165  0.012871  0.002029
836  0.002165  -0.031871  0.001020
837  0.007150  0.015504  0.000292
838  0.001494  -0.015435  0.000240
839  0.007072  0.000644  0.000050
840  -0.029173  -0.015686  0.001097
841  0.024535  0.008159  0.000669
842  -0.008579  0.007026  0.000123
843  -0.000883  -0.018566  0.000345
844  0.013576  0.007116  0.000235
845  -0.000347  -0.006388  0.000041
846  -0.029560  -0.008844  0.000952
847  -0.007072  0.013477  0.000232
848  -0.036421  0.020037  0.001728
849  -0.018105  -0.013603  0.000513
850  0.016763  -0.008588  0.000355
851  0.018290  -0.032604  0.001398
852  -0.009254  -0.026290  0.000777
853  -0.038366  -0.021740  0.001945
854  0.007871  0.050240  0.002586
855  0.005895  -0.018420  0.000374
856  -0.011733  -0.001214  0.000139
857  -0.000625  -0.005719  0.000033
858  0.013986  0.038747  0.001697
859  0.032709  0.012630  0.001229
860  -0.036580  0.011915  0.001480
861  -0.014924  -0.001348  0.000225
862  -0.014277  0.020613  0.000629
863  0.064355  -0.009641  0.004235
864  0.011742  -0.016054  0.000396
865  -0.006967  -0.014028  0.000245
866  0.000833  0.000250  0.000001
867  0.000427  -0.011847  0.000141
868  -0.023817  -0.026438  0.001266
869  0.013502  -0.008335  0.000252
870  -0.020021  -0.020088  0.000804
871  -0.002130  -0.029132  0.000853
872  -0.028537  0.021271  0.001267
873  -0.017717  -0.032684  0.001382
874  -0.014823  0.013779  0.000410
875  -0.004825  -0.004349  0.000042
876  0.008625  0.006197  0.000113
877  0.036079  -0.016826  0.001585
878  -0.007869  0.019083  0.000426
879  -0.002876  0.000807  0.000009
880  0.020106  -0.007779  0.000465
881  -0.014702  0.010685  0.000330
882  -0.041067  0.016276  0.001951
883  0.028741  0.008925  0.000906
884  -0.033739  -0.010587  0.001250
885  0.023883  -0.002170  0.000575
886  -0.009874  -0.014415  0.000305
887  -0.030314  -0.036698  0.002266
888  -0.031077  0.013999  0.001162
889  -0.017990  -0.026275  0.001014
890  -0.017725  0.020338  0.000728
891  -0.035721  -0.013405  0.001456
892  0.003351  -0.018077  0.000338
893  0.021680  0.018740  0.000821
894  0.003535  0.056490  0.003204
895  -0.021204  0.001141  0.000451
896  -0.002430  -0.019445  0.000384
897  -0.020239  0.020864  0.000845
898  0.034426  0.035481  0.002444
899  -0.003481  -0.060035  0.003616
900  -0.013438  -0.013235  0.000356
901  -0.007827  -0.005280  0.000089
902  -0.002197  0.019331  0.000379
903  -0.011371  0.006345  0.000170
904  0.001673  -0.025933  0.000675
905  -0.030322  -0.016726  0.001199
906  0.028713  -0.032794  0.001900
907  0.032368  -0.009768  0.001143
908  0.021708  -0.039348  0.002019
909  -0.006262  0.015122  0.000268
910  0.037883  -0.035024  0.002662
911  -0.024979  -0.025817  0.001290
912  -0.011950  -0.006038  0.000179
913  0.002759  -0.001504  0.000010
914  0.029011  -0.013197  0.001016
915  -0.036048  -0.036702  0.002646
916  -0.000421  -0.049824  0.002483
917  0.006884  0.039708  0.001624
918  0.010114  -0.032312  0.001146
919  -0.009860  0.033501  0.001220
920  0.016299  -0.026546  0.000970
921  0.014630  -0.016873  0.000499
922  -0.000802  -0.028502  0.000813
923  -0.014792  -0.013589  0.000403
924  0.025409  -0.023164  0.001182
925  0.010016  -0.036656  0.001444
926  0.055355  0.024696  0.003674
927  0.025115  0.026588  0.001338
928  0.009834  0.020366  0.000511
929  -0.005060  -0.016689  0.000304
930  0.013357  -0.018938  0.000537
931  -0.035842  0.011379  0.001414
932  0.014805  0.013425  0.000399
933  -0.003400  -0.042457  0.001814
934  0.008470  0.016446  0.000342
935  -0.005039  0.007729  0.000085
936  -0.015613  0.016183  0.000506
937  -0.013309  0.024349  0.000770
938  -0.008739  -0.005461  0.000106
939  0.004818  0.000631  0.000024
940  -0.024866  0.009407  0.000707
941  -0.030400  0.004985  0.000949
942  0.010049  0.029397  0.000965
943  0.014747  0.027959  0.000999
944  0.012025  -0.038309  0.001612
945  -0.045840  0.025511  0.002752
946  0.002793  -0.019098  0.000373
947  0.004385  -0.028441  0.000828
948  -0.026644  -0.001023  0.000711
949  0.025054  -0.003129  0.000638
950  -0.005079  0.028179  0.000820
951  -0.000819  -0.026212  0.000688
952  0.006307  -0.016851  0.000324
953  -0.019828  0.039525  0.001955
954  0.007264  0.012523  0.000210
955  0.005438  0.015909  0.000283
956  0.012175  -0.002898  0.000157
957  0.006212  0.016652  0.000316
958  0.037538  0.003201  0.001419
959  0.037253  -0.051413  0.004031
960  -0.041891  -0.020819  0.002188
961  -0.002628  0.040790  0.001671
962  -0.062281  -0.044052  0.005819
963  0.011309  -0.019650  0.000514
964  -0.050668  0.013481  0.002749
965  -0.010596  0.024806  0.000728
966  -0.014162  -0.033593  0.001329
967  -0.001311  -0.024303  0.000592
968  -0.001133  0.007142  0.000052
969  -0.016279  -0.015424  0.000503
970  -0.007144  -0.009305  0.000138
971  -0.001691  -0.000370  0.000003
972  0.013653  0.002495  0.000193
973  0.009758  0.033174  0.001196
974  -0.061860  -0.015927  0.004080
975  -0.033742  0.023619  0.001696
976  0.011010  0.007242  0.000174
977  -0.022278  0.007976  0.000560
978  0.010068  -0.009033  0.000183
979  0.031700  0.012690  0.001166
980  -0.010444  -0.008231  0.000177
981  0.025275  0.011957  0.000782
982  -0.005481  0.006740  0.000075
983  -0.043226  -0.047180  0.004094
984  -0.022621  -0.000407  0.000512
985  0.004649  -0.006125  0.000059
986  0.017692  0.007337  0.000367
987  0.008368  0.011840  0.000210
988  -0.002078  -0.003869  0.000019
989  -0.023030  -0.009947  0.000629
990  0.002598  -0.024764  0.000620
991  0.000518  0.008376  0.000070
992  0.006359  0.005613  0.000072
993  -0.002429  0.017708  0.000319
994  0.012880  -0.025233  0.000803
995  0.015165  0.020419  0.000647
996  0.046112  0.004490  0.002147
997  0.037963  -0.032219  0.002479
998  0.002358  -0.021256  0.000457
999  -0.012837  -0.010634  0.000278
1000  -0.002463  -0.032674  0.001074
1001  0.027979  -0.003982  0.000799
1002  0.010497  0.007239  0.000163
1003  -0.004260  0.032454  0.001071
1004  0.004048  -0.029880  0.000909
1005  -0.009586  -0.040229  0.001710
1006  0.004020  0.010144  0.000119
1007  -0.001688  0.025276  0.000642
1008  0.001441  0.010152  0.000105
1009  -0.018739  -0.014846  0.000572
1010  -0.017388  0.038440  0.001780
1011  -0.000832  0.039842  0.001588
1012  -0.024455  0.022545  0.001106
1013  -0.013377  -0.015444  0.000417
1014  -0.015353  -0.021324  0.000690
1015  0.009270  -0.008266  0.000154
1016  0.014327  -0.015255  0.000438
1017  -0.006202  0.020188  0.000446
1018  -0.033670  0.019513  0.001514
1019  0.016829  0.021086  0.000728
1020  -0.021387  -0.025377  0.001101
1021  -0.018770  -0.023341  0.000897
1022  -0.013480  0.021437  0.000641
1023  0.023298  -0.010020  0.000643
1024  -0.010131  0.004030  0.000119
1025  -0.025250  -0.001532  0.000640
1026  0.003242  -0.019624  0.000396
1027  -0.031267  -0.019069  0.001341
1028  -0.039180  -0.033505  0.002658
1029  -0.008786  -0.033591  0.001206
1030  0.013310  -0.000527  0.000177
1031  -0.015034  0.020257  0.000636
1032  -0.033883  -0.013110  0.001320
1033  -0.039283  0.003038  0.001552
1034  -0.016819  -0.025670  0.000942
1035  0.003357  -0.002169  0.000016
1036  0.026722  -0.025171  0.001348
1037  -0.034918  0.006187  0.001258
1038  0.036223  -0.017028  0.001602
1039  0.011180  -0.037350  0.001520
1040  -0.040585  0.008957  0.001727
1041  -0.014172  0.029265  0.001057
1042  0.027829  -0.008072  0.000840
1043  0.017075  0.028797  0.001121
1044  0.008767  -0.030199  0.000989
1045  -0.023938  -0.032966  0.001660
1046  0.015445  -0.005885  0.000273
1047  -0.001771  0.003782  0.000017
1048  -0.015730  0.003788  0.000262
1049  -0.022963  0.063934  0.004615
1050  -0.002355  -0.000721  0.000006
1051  0.019596  -0.010344  0.000491
1052  -0.010059  -0.011787  0.000240
1053  -0.004692  0.047502  0.002278
1054  0.015827  -0.005361  0.000279
1055  0.012477  0.010903  0.000275
1056  0.009637  0.022233  0.000587
1057  0.000126  0.014752  0.000218
1058  -0.021752  0.022625  0.000985
1059  -0.014955  -0.004506  0.000244
1060  0.012675  -0.059434  0.003693
1061  -0.003583  -0.033320  0.001123
1062  -0.011525  0.006731  0.000178
1063  -0.008454  0.007215  0.000124
1064  -0.015886  0.001065  0.000254
1065  -0.000585  -0.038509  0.001483
1066  0.008790  0.001835  0.000081
1067  0.009536  0.008872  0.000170
1068  -0.028141  -0.002469  0.000798
1069  0.003774  -0.009439  0.000103
1070  -0.017320  0.012177  0.000448
1071  -0.011297  0.050823  0.002711
1072  -0.014754  0.020600  0.000642
1073  -0.017688  -0.009151  0.000397
1074  0.000651  -0.027978  0.000783
1075  -0.012221  -0.037457  0.001552
1076  -0.005685  -0.003564  0.000045
1077  0.012161  0.009334  0.000235
1078  -0.008959  0.010243  0.000185
1079  0.000230  0.001360  0.000002
1080  -0.008509  0.027403  0.000823
1081  0.050099  0.008842  0.002588
1082  0.005481  0.001194  0.000031
1083  0.032990  0.013426  0.001269
1084  0.034463  0.007094  0.001238
1085  0.002387  -0.013856  0.000198
1086  0.019978  0.004781  0.000422
1087  0.052236  -0.014281  0.002933
1088  -0.005536  -0.004474  0.000051
1089  -0.003826  0.011830  0.000155
1090  -0.014751  0.002505  0.000224
1091  -0.047448  -0.005640  0.002283
1092  0.036668  0.008772  0.001422
1093  0.001559  -0.009547  0.000094
1094  -0.018536  0.011571  0.000477
1095  0.001884  -0.021669  0.000473
1096  -0.029034  -0.004374  0.000862
1097  -0.010805  -0.028004  0.000901
1098  -0.024223  0.001958  0.000591
1099  0.004143  -0.054774  0.003017
1100  -0.042694  0.019341  0.002197
1101  -0.004865  -0.005374  0.000053
1102  -0.043966  0.025202  0.002568
1103  0.014615  -0.043969  0.002147
1104  0.000768  -0.029084  0.000846
1105  -0.000829  -0.016675  0.000279
1106  -0.014526  -0.014012  0.000407
1107  0.020699  -0.022596  0.000939
1108  0.040965  -0.009077  0.001761
1109  -0.043424  -0.021105  0.002331
1110  -0.041805  0.011078  0.001870
1111  -0.005086  -0.031940  0.001046
1112  0.014467  -0.045925  0.002318
1113  -0.012378  -0.014330  0.000359
1114  -0.026233  -0.030601  0.001625
1115  -0.017240  -0.004017  0.000313
1116  -0.006636  0.027900  0.000822
1117  -0.017131  -0.028372  0.001098
1118  0.027898  0.006280  0.000818
1119  0.017690  0.003873  0.000328
1120  -0.021699  0.011596  0.000605
1121  -0.003902  -0.026531  0.000719
1122  -0.019937  -0.041871  0.002151
1123  -0.001714  -0.003799  0.000017
1124  -0.022112  0.009490  0.000579
1125  -0.015127  -0.008343  0.000298
1126  -0.036255  -0.002772  0.001322
1127  -0.015453  -0.000890  0.000240
1128  -0.052294  0.015247  0.002967
1129  -0.014642  -0.023973  0.000789
1130  -0.001445  -0.023543  0.000556
1131  -0.026159  -0.012287  0.000835
1132  0.020047  0.024382  0.000996
1133  -0.022146  -0.019406  0.000867
1134  0.022721  -0.025947  0.001189
1135  0.011467  0.013742  0.000320
1136  -0.038643  0.008804  0.001571
1137  0.029274  -0.023463  0.001407
1138  -0.005905  -0.031855  0.001050
1139  0.010772  -0.004628  0.000137
1140  0.022179  -0.010793  0.000608
1141  -0.033844  -0.020697  0.001574
1142  -0.012630  0.020672  0.000587
1143  -0.045271  -0.014195  0.002251
1144  0.013663  0.016576  0.000461
1145  0.014612  -0.016819  0.000496
1146  0.000012  0.013321  0.000177
1147  -0.013249  -0.009034  0.000257
1148  -0.001447  -0.016144  0.000263
1149  -0.019678  -0.005195  0.000414
1150  0.020143  0.017984  0.000729
1151  -0.003595  -0.026067  0.000692
1152  -0.007512  0.004873  0.000080
1153  0.058003  -0.016315  0.003631
1154  -0.053726  -0.018079  0.003213
1155  -0.003132  0.008159  0.000076
1156  0.009372  -0.017673  0.000400
1157  0.017754  -0.051015  0.002918
1158  -0.024294  0.030572  0.001525
1159  0.013523  0.024442  0.000780
1160  -0.027747  -0.020148  0.001176
1161  0.002607  -0.016636  0.000284
1162  0.014136  0.001297  0.000202
1163  0.016989  -0.003560  0.000301
1164  -0.043926  0.005707  0.001962
1165  0.011827  -0.010722  0.000255
1166  -0.019492  -0.019187  0.000748
1167  -0.016238  0.043873  0.002189
1168  -0.011850  -0.006251  0.000179
1169  0.005118  0.020431  0.000444
1170  -0.002076  -0.045373  0.002063
1171  0.024564  0.004068  0.000620
1172  0.015348  0.016068  0.000494
1173  -0.013512  0.023481  0.000734
1174  -0.038190  0.007178  0.001510
1175  -0.002596  -0.049383  0.002445
1176  -0.003102  0.017056  0.000301
1177  0.017623  0.053713  0.003196
1178  -0.010725  0.030343  0.001036
1179  -0.010665  -0.038206  0.001573
1180  -0.003879  0.002743  0.000023
1181  -0.050658  0.033430  0.003684
1182  0.019948  0.036597  0.001737
1183  -0.035787  0.009402  0.001369
1184  0.009208  -0.024829  0.000701
1185  0.018236  -0.016234  0.000596
1186  -0.027862  -0.009730  0.000871
1187  -0.002845  0.016491  0.000280
1188  -0.008496  -0.038615  0.001563
1189  -0.009257  -0.021242  0.000537
1190  -0.033695  -0.000984  0.001136
1191  0.016228  0.018281  0.000598
1192  -0.021668  -0.005255  0.000497
1193  0.016585  0.003592  0.000288
1194  -0.018828  0.013817  0.000545
1195  0.018559  -0.028537  0.001159
1196  0.021860  -0.013803  0.000668
1197  0.010399  -0.005274  0.000136
1198  0.012968  -0.000727  0.000169
1199  -0.010089  0.006088  0.000139
1200  -0.028630  -0.015404  0.001057
1201  0.006826  -0.020379  0.000462
1202  0.003855  -0.017427  0.000319
1203  0.001764  0.003272  0.000014
1204  0.023395  -0.000941  0.000548
1205  -0.025019  0.004337  0.000645
1206  0.004785  -0.029866  0.000915
1207  0.001040  -0.008429  0.000072
1208  0.024566  -0.002863  0.000612
1209  0.013429  -0.019506  0.000561
1210  -0.012432  -0.016456  0.000425
1211  -0.014162  -0.008615  0.000275
1212  -0.013509  0.009566  0.000274
1213  0.008709  0.003746  0.000090
1214  -0.014483  0.001916  0.000213
1215  0.013759  0.011519  0.000322
1216  0.016993  -0.018425  0.000628
1217  -0.018775  -0.039050  0.001877
1218  -0.049962  -0.010312  0.002603
1219  0.016773  0.016805  0.000564
1220  -0.029312  0.005658  0.000891
1221  -0.032957  -0.008038  0.001151
1222  0.036803  -0.028806  0.002184
1223  -0.002305  0.005603  0.000037
1224  0.003333  0.015789  0.000260
1225  -0.016372  -0.033391  0.001383
1226  0.003628  0.031287  0.000992
1227  0.007142  0.005718  0.000084
1228  -0.003746  -0.016096  0.000273
1229  -0.009831  -0.030164  0.001006
1230  0.010622  -0.027696  0.000880
1231  -0.007606  -0.020116  0.000462
1232  -0.078472  0.002356  0.006163
1233  -0.052263  -0.026885  0.003454
1234  0.015592  0.005017  0.000268
1235  0.034872  -0.049790  0.003695
1236  -0.035949  -0.036566  0.002629
1237  -0.005896  0.045816  0.002134
1238  0.045822  -0.024019  0.002677
1239  -0.015263  -0.002831  0.000241
1240  -0.039076  -0.023972  0.002102
1241  -0.028267  0.016914  0.001085
1242  -0.005188  -0.016591  0.000302
1243  0.032825  -0.015907  0.001331
1244  -0.007476  -0.044409  0.002028
1245  -0.008499  0.011950  0.000215
1246  -0.007247  0.015480  0.000292
1247  -0.004900  -0.043504  0.001917
1248  0.031358  0.018787  0.001336
1249  -0.011701  -0.007645  0.000195
1250  -0.021694  0.007547  0.000528
1251  0.041523  -0.001135  0.001725
1252  -0.025423  0.029021  0.001489
1253  0.001627  0.028159  0.000796
1254  0.018888  0.024190  0.000942
1255  0.014290  -0.001552  0.000207
1256  -0.047603  -0.007134  0.002317
1257  -0.000211  0.004851  0.000024
1258  -0.010969  0.000043  0.000120
1259  -0.006768  -0.015811  0.000296
1260  -0.025166  0.005130  0.000660
1261  -0.001153  0.007924  0.000064
1262  0.018837  -0.051581  0.003015
1263  0.022891  -0.011090  0.000647
1264  -0.014590  0.026150  0.000897
1265  -0.035601  -0.014289  0.001472
1266  0.005872  -0.032779  0.001109
1267  0.002817  -0.007034  0.000057
1268  -0.008080  0.021897  0.000545
1269  -0.019107  0.016004  0.000621
1270  0.021485  -0.017037  0.000752
1271  -0.003214  -0.000572  0.000011
1272  -0.002474  -0.018941  0.000365
1273  -0.002386  -0.010974  0.000126
1274  -0.042989  -0.010933  0.001968
1275  -0.018135  -0.029390  0.001193
1276  -0.037642  0.046997  0.003626
1277  -0.015260  -0.001848  0.000236
1278  -0.001539  0.024347  0.000595
1279  -0.016093  0.007194  0.000311
1280  -0.009537  0.021543  0.000555
1281  -0.003508  0.004752  0.000035
1282  -0.020199  -0.041464  0.002127
1283  0.004225  0.063744  0.004081
1284  0.012823  0.002236  0.000169
1285  -0.013234  -0.003426  0.000187
1286  -0.018412  0.005697  0.000371
1287  0.017245  -0.037162  0.001678
1288  -0.020573  -0.056463  0.003611
1289  0.012224  0.005936  0.000185
1290  -0.039585  -0.003213  0.001577
1291  -0.061597  0.001116  0.003795
1292  0.000526  0.022698  0.000515
1293  -0.000377  -0.013255  0.000176
1294  0.024911  -0.026945  0.001347
1295  -0.037972  0.025899  0.002113
1296  -0.006059  -0.008465  0.000108
1297  -0.022463  -0.020161  0.000911
1298  0.023248  0.018176  0.000871
1299  -0.018673  0.033334  0.001460
1300  -0.004208  0.018584  0.000363
1301  -0.041437  -0.031986  0.002740
1302  0.008957  0.021037  0.000523
1303  -0.018805  -0.029012  0.001195
1304  0.022250  0.017759  0.000810
1305  0.006496  -0.008318  0.000111
1306  -0.019312  0.012755  0.000536
1307  0.010037  -0.018345  0.000437
1308  -0.016842  -0.019839  0.000677
1309  0.020952  0.003184  0.000449
1310  -0.071017  -0.047835  0.007332
1311  0.002281  0.003637  0.000018
1312  -0.045948  0.024082  0.002691
1313  0.004919  0.032313  0.001068
1314  -0.026428  -0.051999  0.003402
1315  -0.015722  -0.027018  0.000977
1316  -0.002396  -0.008006  0.000070
1317  -0.018606  0.026381  0.001042
1318  -0.022782  0.002147  0.000524
1319  -0.057624  0.023462  0.003871
1320  -0.017538  -0.030194  0.001219
1321  -0.009987  -0.000620  0.000100
1322  0.006063  -0.006368  0.000077
1323  -0.008073  0.035854  0.001351
1324  0.004690  -0.020673  0.000449
1325  0.051382  -0.019925  0.003037
1326  0.026778  0.043549  0.002614
1327  -0.000680  -0.037439  0.001402
1328  0.002291  0.025360  0.000648
1329  -0.014647  0.001307  0.000216
1330  0.020217  -0.020855  0.000844
1331  0.013783  0.009147  0.000274
1332  -0.001279  -0.026057  0.000681
1333  -0.037251  0.025496  0.002038
1334  -0.000370  -0.013982  0.000196
1335  0.016806  0.009426  0.000371
1336  -0.008890  -0.011508  0.000211
1337  -0.011367  -0.013298  0.000306
1338  -0.016343  -0.010632  0.000380
1339  -0.005514  -0.027541  0.000789
1340  0.010060  -0.024215  0.000688
1341  -0.063019  0.018074  0.004298
1342  -0.026237  0.040756  0.002349
1343  0.034962  -0.018262  0.001556
1344  0.000892  0.001364  0.000003
1345  -0.006429  0.023298  0.000584
1346  0.025780  -0.008527  0.000737
1347  -0.069126  0.038405  0.006253
1348  0.012399  -0.004025  0.000170
1349  0.004647  0.013082  0.000193
1350  0.004213  0.004235  0.000036
1351  -0.032773  0.023894  0.001645
1352  0.027942  -0.010658  0.000894
1353  -0.030954  0.000372  0.000958
1354  0.005949  0.020978  0.000475
1355  -0.012114  -0.009235  0.000232
1356  0.010010  0.010300  0.000206
1357  -0.004621  -0.025469  0.000670
1358  -0.006566  -0.017268  0.000341
1359  -0.051968  0.027079  0.003434
1360  0.036170  -0.021162  0.001756
1361  0.032154  0.030586  0.001969
1362  -0.014637  -0.028352  0.001018
1363  -0.007350  -0.042256  0.001840
1364  -0.001712  -0.021082  0.000447
1365  -0.031022  0.012433  0.001117
1366  0.002753  0.007902  0.000070
1367  0.012716  0.007774  0.000222
1368  -0.010653  0.003320  0.000125
1369  0.001583  0.029873  0.000895
1370  -0.007831  -0.012795  0.000225
1371  -0.025196  0.016065  0.000893
1372  -0.004266  0.063479  0.004048
1373  0.012000  0.020961  0.000583
1374  0.060974  0.017710  0.004031
1375  0.007300  -0.022622  0.000565
1376  -0.038336  0.004116  0.001487
1377  -0.001509  0.002183  0.000007
1378  -0.018112  -0.010280  0.000434
1379  0.037288  0.034767  0.002599
1380  -0.004422  0.012227  0.000169
1381  0.065816  0.056412  0.007514
1382  -0.030738  0.048057  0.003254
1383  -0.014230  -0.005999  0.000238
1384  0.019735  -0.017843  0.000708
1385  0.009954  0.022430  0.000602
1386  -0.004571  -0.007455  0.000076
1387  -0.038488  -0.058053  0.004851
1388  0.025208  -0.056652  0.003845
1389  -0.003954  0.001467  0.000018
1390  0.002709  -0.003632  0.000021
1391  -0.049094  -0.056030  0.005550
1392  0.018335  0.021018  0.000778
1393  0.023025  -0.029664  0.001410
1394  0.013889  -0.015643  0.000438
1395  -0.006880  -0.030136  0.000955
1396  0.009049  -0.013489  0.000264
1397  -0.002071  0.017872  0.000324
1398  0.005998  0.015124  0.000265
1399  0.001313  -0.035864  0.001288
1400  -0.041008  -0.012837  0.001846
1401  0.040921  -0.021326  0.002129
1402  0.024459  0.013656  0.000785
1403  -0.014297  -0.011523  0.000337
1404  -0.003289  0.007980  0.000074
1405  -0.017853  -0.021676  0.000789
1406  -0.029755  -0.025070  0.001514
1407  -0.052465  -0.022273  0.003249
1408  0.016081  -0.038043  0.001706
1409  -0.011958  -0.031853  0.001158
1410  0.026566  -0.001509  0.000708
1411  -0.012721  0.006990  0.000211
1412  -0.019688  0.034532  0.001580
1413  -0.002244  -0.001533  0.000007
1414  0.012798  -0.023851  0.000733
1415  0.001928  -0.008438  0.000075
1416  0.028677  0.005870  0.000857
1417  -0.000146  -0.021737  0.000473
1418  -0.022893  0.015115  0.000753
1419  -0.007161  0.008857  0.000130
1420  -0.035964  -0.021763  0.001767
1421  0.019343  0.023238  0.000914
1422  0.044300  -0.048633  0.004328
1423  0.009914  -0.022420  0.000601
1424  -0.001151  -0.013681  0.000188
1425  -0.037163  -0.043553  0.003278
1426  0.003096  -0.020986  0.000450
1427  -0.010222  0.022666  0.000618
1428  0.060327  0.029655  0.004519
1429  0.008582  0.000155  0.000074
1430  -0.011288  -0.024347  0.000720
1431  0.011095  -0.004300  0.000142
1432  0.010171  0.006628  0.000147
1433  0.028813  0.010132  0.000933
1434  0.041608  -0.014229  0.001934
1435  -0.017257  -0.021677  0.000768
1436  -0.026623  -0.038667  0.002204
1437  -0.001136  0.011407  0.000131
1438  -0.015923  -0.011962  0.000397
1439  -0.040402  0.013980  0.001828
1440  0.028420  -0.071722  0.005952
1441  -0.002966  -0.004718  0.000031
1442  0.068902  -0.001346  0.004749
1443  -0.035545  -0.057289  0.004546
1444  -0.006367  -0.067541  0.004602
1445  0.032164  -0.037664  0.002453
1446  -0.014607  -0.023064  0.000745
1447  -0.027841  -0.005483  0.000805
1448  0.005665  -0.002384  0.000038
1449  0.002790  -0.004073  0.000024
1450  -0.005397  0.019085  0.000393
1451  0.010235  -0.007324  0.000158
1452  -0.022164  -0.007593  0.000549
1453  -0.038762  0.033461  0.002622
1454  -0.030461  -0.017455  0.001233
1455  -0.028458  0.012514  0.000966
1456  -0.031443  -0.062575  0.004904
1457  0.017415  -0.011349  0.000432
1458  0.017753  -0.053392  0.003166
1459  -0.022087  0.029495  0.001358
1460  0.011810  0.022061  0.000626
1461  0.004761  -0.029928  0.000918
1462  -0.000485  -0.019584  0.000384
1463  -0.004789  0.000143  0.000023
1464  -0.027270  -0.040562  0.002389
1465  0.003348  0.000962  0.000012
1466  -0.000379  -0.003494  0.000012
1467  0.017334  -0.045502  0.002371
1468  -0.001772  0.075093  0.005642
1469  -0.056655  -0.003939  0.003225
1470  -0.015161  -0.012644  0.000390
1471  -0.034576  -0.056136  0.004347
1472  -0.023663  -0.002798  0.000568
1473  -0.027695  0.007856  0.000829
1474  0.012396  0.025771  0.000818
1475  0.025483  -0.012278  0.000800
1476  -0.080626  -0.022851  0.007023
1477  0.006382  0.005177  0.000068
1478  0.008663  -0.002666  0.000082
1479  -0.009013  0.009965  0.000181
1480  -0.022987  -0.011118  0.000652
1481  0.015348  0.012354  0.000388
1482  -0.004756  -0.036541  0.001358
1483  0.000433  -0.043561  0.001898
1484  -0.000425  -0.035336  0.001249
1485  0.009582  0.011485  0.000224
1486  -0.010282  -0.003831  0.000120
1487  -0.010310  0.013771  0.000296
1488  0.000816  -0.017594  0.000310
1489  -0.023952  0.046754  0.002760
1490  -0.014884  -0.015741  0.000469
1491  0.008227  0.014165  0.000268
1492  -0.045745  0.002389  0.002098
1493  0.024206  0.033034  0.001677
1494  -0.037238  0.003632  0.001400
1495  -0.021113  -0.028560  0.001261
1496  0.015561  0.011287  0.000370
1497  -0.039042  0.011045  0.001646
1498  0.018050  -0.002027  0.000330
1499  -0.001907  -0.034514  0.001195
1500  0.024703  0.001484  0.000612
1501  -0.038706  -0.037525  0.002906
1502  -0.003772  0.009261  0.000100
1503  -0.050492  -0.045667  0.004635
1504  -0.031108  -0.053653  0.003846
1505  0.034995  0.000926  0.001225
1506  0.024989  0.044312  0.002588
1507  -0.035617  0.002254  0.001274
1508  -0.021509  0.012925  0.000630
1509  -0.009718  -0.049546  0.002549
1510  -0.052330  -0.059345  0.006260
1511  -0.006295  -0.013738  0.000228
1512  0.005287  0.007067  0.000078
1513  0.003712  -0.043044  0.001867
1514  -0.021231  -0.022553  0.000959
1515  -0.039343  -0.093360  0.010264
1516  -0.060732  0.003350  0.003700
1517  -0.000550  -0.031448  0.000989
1518  0.020968  -0.035775  0.001720
1519  -0.011165  0.042363  0.001919
1520  -0.019363  0.037947  0.001815
1521  -0.035584  -0.009191  0.001351
1522  -0.059697  0.033668  0.004697
1523  -0.074585  -0.056232  0.008725
1524  0.027301  0.011805  0.000885
1525  0.013170  -0.001328  0.000175
1526  -0.066691  0.005680  0.004480
1527  0.019035  -0.026087  0.001043
1528  0.007126  0.061832  0.003874
1529  0.009314  -0.021673  0.000556
1530  -0.046183  -0.026706  0.002846
1531  0.000103  -0.009123  0.000083
1532  0.007305  0.000134  0.000053
1533  -0.001913  -0.006635  0.000048
1534  0.035571  0.025432  0.001912
1535  -0.014002  -0.003970  0.000212
1536  -0.044384  -0.034587  0.003166
1537  -0.017352  -0.011037  0.000423
1538  -0.015559  -0.056874  0.003477
1539  0.015842  -0.007383  0.000305
1540  -0.044062  -0.011568  0.002075
1541  -0.009182  -0.052421  0.002832
1542  -0.021805  -0.047073  0.002691
1543  0.001057  -0.016075  0.000260
1544  -0.048951  0.022163  0.002887
1545  -0.024398  -0.042932  0.002438
1546  0.010826  -0.022371  0.000618
1547  0.017681  -0.007081  0.000363
1548  -0.043132  0.010711  0.001975
1549  -0.039741  -0.022889  0.002103
1550  -0.026102  0.001580  0.000684
1551  -0.043059  -0.096663  0.011198
1552  -0.019538  -0.011294  0.000509
1553  -0.005756  -0.052276  0.002766
1554  -0.032309  0.024377  0.001638
1555  -0.012733  -0.005850  0.000196
1556  -0.011196  -0.009791  0.000221
1557  0.003247  -0.008279  0.000079
1558  -0.004322  -0.003845  0.000033
1559  0.020285  -0.022137  0.000902
1560  0.012215  -0.009214  0.000234
1561  0.036766  0.013981  0.001547
1562  -0.074962  0.039619  0.007189
1563  0.025261  -0.044204  0.002592
1564  0.059601  -0.012974  0.003721
1565  0.025650  0.045379  0.002717
1566  0.006676  0.068297  0.004709
1567  0.005607  0.012818  0.000196
1568  0.066679  0.030262  0.005362
1569  0.015132  0.025210  0.000865
1570  -0.033137  0.003939  0.001114
1571  -0.009205  0.025107  0.000715
1572  0.013305  -0.007899  0.000239
1573  -0.070707  0.028402  0.005806
1574  -0.010936  0.052870  0.002915
1575  -0.020479  -0.023185  0.000957
1576  0.004257  -0.068986  0.004777
1577  -0.018854  -0.011920  0.000498
1578  -0.068979  0.033792  0.005900
1579  0.074953  0.017393  0.005920
1580  -0.074843  -0.037496  0.007007
1581  -0.039302  -0.020130  0.001950
1582  -0.009685  0.019567  0.000477
1583  -0.006930  -0.009696  0.000142
1584  -0.045030  0.066568  0.006459
1585  -0.021320  -0.008197  0.000522
1586  -0.042918  0.023504  0.002394
1587  -0.068374  0.020769  0.005106
1588  -0.044081  0.014677  0.002159
1589  -0.041227  0.004188  0.001717
1590  -0.025332  -0.000255  0.000642
1591  0.011727  -0.015129  0.000366
1592  -0.019399  0.043576  0.002275
1593  -0.026154  -0.053522  0.003549
1594  0.026791  0.007663  0.000777
1595  -0.017220  -0.009405  0.000385
1596  -0.026398  0.018390  0.001035
1597  -0.037734  -0.050309  0.003955
1598  0.003081  -0.009441  0.000099
1599  -0.036525  0.007573  0.001391
1600  0.019344  -0.039022  0.001897
1601  0.054282  -0.013741  0.003135
1602  0.004276  -0.007404  0.000073
1603  -0.060309  0.043291  0.005511
1604  -0.033777  0.027072  0.001874
1605  -0.071564  0.005310  0.005150
1606  0.002419  0.050948  0.002602
1607  0.007974  0.005841  0.000098
1608  -0.048592  0.033849  0.003507
1609  -0.048115  -0.017368  0.002617
1610  0.048446  -0.011508  0.002479
1611  0.008507  -0.029884  0.000965
1612  0.004803  -0.115279  0.013312
1613  0.066706  -0.012747  0.004612
1614  0.020823  -0.010289  0.000539
1615  -0.043917  0.038548  0.003415
1616  0.027476  -0.016250  0.001019
1617  -0.020961  0.004476  0.000459
1618  -0.016658  -0.031741  0.001285
1619  -0.024614  -0.009406  0.000694
1620  -0.000161  -0.069547  0.004837
1621  0.001130  -0.018764  0.000353
1622  0.038110  -0.064894  0.005664
1623  0.009748  0.014949  0.000319
1624  0.070062  0.037751  0.006334
1625  -0.056408  -0.004583  0.003203
1626  0.011499  0.026140  0.000816
1627  0.015272  0.029576  0.001108
1628  -0.020035  0.008752  0.000478
1629  0.009329  0.024166  0.000671
1630  -0.071672  -0.020850  0.005572
1631  -0.047836  -0.059516  0.005830
1632  0.010513  -0.037793  0.001539
1633  0.116774  0.029591  0.014512
1634  -0.012263  -0.029954  0.001048
1635  -0.092531  -0.036979  0.009929
1636  0.068345  0.029272  0.005528
1637  -0.022300  0.021082  0.000942
1638  0.073350  -0.012374  0.005533
1639  0.053402  -0.010967  0.002972
1640  0.059472  0.031459  0.004527
1641  -0.035844  0.106872  0.012706
1642  0.011370  0.100505  0.010230
1643  -0.048033  -0.038017  0.003752
1644  -0.042142  -0.046456  0.003934
1645  0.035470  -0.077555  0.007273
1646  -0.043529  0.043676  0.003802
1647  -0.042958  0.018394  0.002184
1648  -0.035035  -0.065087  0.005464
1649  0.037031  -0.060375  0.005016
1650  -0.012111  0.055796  0.003260
1651  0.028370  0.133815  0.018711
1652  -0.038641  0.025015  0.002119
1653  0.057389  0.017935  0.003615
1654  -0.012560  0.042109  0.001931
1655  -0.022873  0.008860  0.000602
1656  0.039678  -0.001311  0.001576
1657  -0.040129  0.022196  0.002103
1658  -0.074724  0.077150  0.011536
1659  0.040643  -0.104084  0.012485
1660  0.015783  0.012792  0.000413
1661  0.080133  -0.022501  0.006928
1662  0.074899  -0.057496  0.008916
1663  -0.058070  0.139913  0.022948
1664  0.059325  0.004224  0.003537
1665  0.091980  0.091737  0.016876
1666  -0.034503  0.018853  0.001546
1667  0.023529  -0.013215  0.000728
1668  0.075292  -0.025854  0.006337
1669  -0.038950  -0.007932  0.001580
1670  0.031398  0.056302  0.004156
1671  0.048921  0.147824  0.024245
1672  0.000531  0.056016  0.003138
1673  0.037075  -0.018155  0.001704
1674  -0.041264  -0.007441  0.001758
1675  -0.070001  -0.062774  0.008841
1676  0.091373  0.100706  0.018491
1677  -0.057158  0.030150  0.004176
1678  -0.031111  -0.045726  0.003059
1679  -0.017758  0.065904  0.004659
1680  0.025590  0.001792  0.000658
1681  -0.046269  0.072852  0.007448
1682  0.089769  0.010460  0.008168
1683  -0.082014  -0.052846  0.009519
1684  0.024904  -0.023767  0.001185
1685  -0.049616  -0.023657  0.003021
1686  -0.000157  -0.000702  0.000001
1687  -0.058071  0.072238  0.008591
1688  -0.080159  0.022754  0.006943
1689  -0.068696  0.016946  0.005006
1690  -0.112473  -0.038357  0.014121
1691  0.024106  -0.034960  0.001803
1692  -0.004196  -0.051767  0.002697
1693  -0.002638  -0.009268  0.000093
1694  -0.032746  -0.060097  0.004684
1695  0.062692  -0.000009  0.003930
1696  0.138726  -0.002846  0.019253
1697  0.097174  0.151689  0.032452
1698  0.020805  -0.055310  0.003492
1699  -0.112041  0.041879  0.014307
1700  0.035582  -0.007921  0.001329
1701  0.081625  0.090252  0.014808
1702  0.086233  -0.036992  0.008805
1703  -0.102659  -0.035852  0.011824
1704  0.081492  -0.171329  0.035995
1705  -0.025100  -0.053889  0.003534
1706  -0.045461  -0.046165  0.004198
1707  0.091896  -0.100870  0.018620
1708  -0.026120  0.022832  0.001204
1709  -0.073490  0.047555  0.007662
1710  -0.014606  0.039388  0.001765
1711  0.106133  0.009669  0.011358
1712  -0.034904  0.007972  0.001282
1713  -0.051563  0.014622  0.002873
1714  -0.085309  -0.096379  0.016567
1715  -0.000883  0.040990  0.001681
1716  0.081717  0.007746  0.006738
1717  -0.066599  0.083488  0.011406
1718  0.014529  -0.060560  0.003879
1719  -0.197695  0.065369  0.043357
1720  0.027402  0.023005  0.001280
1721  -0.030541  0.088010  0.008679
1722  -0.127541  -0.195303  0.054410
1723  -0.071693  -0.163859  0.031990
1724  0.031019  0.055639  0.004058
1725  0.019583  -0.054565  0.003361
1726  0.128638  0.044685  0.018544
1727  0.092142  -0.091386  0.016841
1728  -0.088513  0.158028  0.032807
1729  -0.224522  0.083239  0.057339
1730  -0.013260  -0.107427  0.011716
1731  0.089287  0.020603  0.008397
1732  -0.043589  0.101701  0.012243
1733  0.059940  0.067061  0.008090
1734  -0.062384  -0.005301  0.003920
1735  0.015501  0.032787  0.001315
1736  0.178326  -0.038163  0.033257
1737  0.046337  0.001996  0.002151
1738  -0.175576  -0.038292  0.032293
1739  0.091872  -0.053721  0.011326
1740  -0.060706  0.047561  0.005947
1741  0.019413  -0.055703  0.003480
1742  -0.239477  0.074180  0.062852
1743  0.051212  -0.018606  0.002969
1744  0.008480  -0.032408  0.001122
1745  -0.019307  -0.176033  0.031360
1746  0.049763  0.016874  0.002761
1747  -0.076568  0.122106  0.020773
1748  -0.061094  -0.016711  0.004012
1749  -0.128003  -0.006551  0.016428
1750  0.087002  -0.083267  0.014503
1751  -0.057200  0.244657  0.063129
1752  -0.159210  0.059481  0.028886
1753  -0.008440  0.020601  0.000496
1754  0.239215  -0.183722  0.090978
1755  0.083892  -0.032279  0.008080
1756  -0.230966  -0.032893  0.054427
1757  -0.093800  -0.096736  0.018156
1758  -0.345321  0.033051  0.120339
1759  -0.066379  0.079526  0.010731
1760  0.006001  0.053042  0.002849
1761  0.143687  -0.295603  0.108027
1762  0.008732  0.161412  0.026130
1763  0.000099  0.155556  0.024198
1764  -0.101651  -0.101154  0.020565
1765  -0.012263  -0.006413  0.000191
1766  0.004490  0.153743  0.023657
1767  -0.317547  -0.124586  0.116358
1768  -0.276205  -0.121425  0.091033
1769  -0.101941  -0.097295  0.019858
1770  0.119747  -0.196904  0.053111
1771  0.126647  0.011111  0.016163
1772  -0.010472  0.078672  0.006299
1773  0.022823  -0.144603  0.021431
1774  0.141954  0.008145  0.020217
1775  -0.184716  0.012178  0.034268
1776  0.184134  -0.291911  0.119117
1777  0.187569  0.043446  0.037070
1778  -0.215251  -0.098957  0.056125
1779  0.129223  -0.001644  0.016701
1780  -0.265662  0.304133  0.163073
1781  -0.226825  -0.055435  0.054523
1782  0.016691  0.001414  0.000281
1783  0.037767  0.100088  0.011444
1784  0.086338  0.032709  0.008524
1785  -0.001005  0.040654  0.001654
1786  -0.139716  0.056214  0.022681
1787  0.103024  -0.012500  0.010770
1788  -0.102934  0.150564  0.033265
1789  -0.091303  0.052409  0.011083
1790  0.298202  -0.006395  0.088965
1791  0.012227  0.235977  0.055835
1792  0.058612  0.189116  0.039200
1793  -0.009186  -0.261962  0.068709
1794  0.033633  -0.066504  0.005554
1795  -0.146719  0.196380  0.060091
1796  0.056895  0.053202  0.006068
1797  0.188422  -0.407082  0.201219
1798  -0.051390  -0.031748  0.003649
1799  0.041379  0.140115  0.021345
1800  -0.100346  -0.387078  0.159899
1801  -0.032633  -0.281720  0.080431
1802  0.249606  -0.094051  0.071149
1803  -0.025730  -0.122646  0.015704
1804  -0.023598  0.432063  0.187235
1805  0.097472  -0.025694  0.010161
1806  -0.083931  0.178767  0.039002
1807  -0.018500  0.037628  0.001758
1808  -0.234264  -0.200329  0.095012
1809  0.064034  -0.019801  0.004492
1810  0.187653  -0.271095  0.108706
1811  -0.168434  0.241477  0.086681
1812  -0.236544  -0.217697  0.103345
1813  0.122323  -0.201064  0.055390
1814  0.378700  -0.109369  0.155376
1815  0.111442  0.029618  0.013297
1816  -0.473227  0.088581  0.231791
1817  0.032641  -0.055726  0.004171
1818  0.311652  -0.012684  0.097288
1819  0.106663  0.077538  0.017389
1820  0.063735  -0.249855  0.066489
1821  -0.286160  -0.017078  0.082179
1822  -0.209732  -0.228682  0.096283
1823  -0.207834  -0.326086  0.149527
1824  0.108152  -0.164517  0.038763
1825  -0.097579  0.173087  0.039481
1826  -0.251413  -0.079153  0.069474
1827  -0.062496  -0.325985  0.110172
1828  0.093428  -0.142289  0.028975
1829  -0.300656  0.349152  0.212301
1830  -0.073405  0.402256  0.167198
1831  -0.135156  0.021303  0.018721
1832  0.051871  0.103599  0.013423
1833  -0.105039  -0.043521  0.012927
1834  0.033083  -0.193340  0.038475
1835  0.098980  -0.246008  0.070317
1836  -0.044347  -0.153514  0.025533
1837  -0.206016  -0.033867  0.043590
1838  0.461163  0.332221  0.323042
1839  -0.010869  0.224593  0.050560
1840  -0.223939  -0.290176  0.134351
1841  -0.304959  -0.042239  0.094784
1842  0.003613  0.187866  0.035307
1843  0.047609  0.175951  0.033225
1844  -0.697935  0.107788  0.498732
1845  0.046146  -0.099960  0.012122
1846  -0.196113  -0.069246  0.043255
1847  -0.110459  -0.017398  0.012504
1848  -0.387225  -0.003285  0.149954
1849  0.069689  -0.113974  0.017847
1850  0.240469  0.122218  0.072763
1851  0.419460  -0.221494  0.225007
1852  0.309095  -0.009563  0.095631
1853  -0.028938  0.104678  0.011795
1854  -0.137139  0.162230  0.045126
1855  -0.214436  0.182821  0.079406
1856  -0.344739  -0.230113  0.171797
1857  0.660195  0.177203  0.467258
1858  0.140752  -0.214925  0.066004
1859  -0.478161  -0.044762  0.230641
1860  0.078405  0.296222  0.093895
1861  -0.110657  0.461136  0.224892
1862  -0.011668  0.241943  0.058672
1863  -0.145733  -0.046319  0.023383
1864  -0.001766  0.354108  0.125395
1865  0.334010  0.262032  0.180223
1866  -0.099502  0.193129  0.047200
1867  -0.522757  0.031449  0.274264
1868  0.082124  -0.240135  0.064409
1869  0.167648  0.064097  0.032214
1870  -0.289032  -0.247207  0.144651
1871  -0.086137  -0.530489  0.288839
1872  -0.038146  -0.118957  0.015606
1873  0.061306  0.030517  0.004690
1874  -0.069312  -0.395356  0.161111
1875  0.274329  0.088151  0.083027
1876  -0.343654  0.313935  0.216653
1877  -0.112404  -0.175685  0.043500
1878  -0.022095  -0.420887  0.177634
1879  0.200256  0.061821  0.043924
1880  -0.345914  0.620880  0.505149
1881  -0.568840  -0.410409  0.492015
1882  -0.116447  -0.300502  0.103862
1883  -0.342246  0.016912  0.117418
1884  -0.030606  -0.368075  0.136416
1885  0.236477  0.038346  0.057392
1886  0.416566  0.204788  0.215465
1887  -0.039631  0.333623  0.112875
1888  0.109675  0.161170  0.038004
1889  -0.289958  0.540764  0.376501
1890  -0.241024  -0.498351  0.306446
1891  0.110000  -0.517499  0.279905
1892  0.193808  -0.148117  0.059500
1893  -0.078456  0.124712  0.021708
1894  0.172627  0.129427  0.046552
1895  -0.265114  -0.127388  0.086513
1896  -0.388895  0.215150  0.197529
1897  0.062575  0.080528  0.010400
1898  0.283042  -0.113018  0.092886
1899  -0.328198  -0.362500  0.239120
1900  -0.080883  -0.172776  0.036394
1901  0.022892  -0.067203  0.005040
1902  0.096950  0.422254  0.187697
1903  0.391632  0.128464  0.169879
1904  0.358904  0.204928  0.170808
1905  -0.254154  0.144029  0.085339
1906  -0.484749  0.272415  0.309191
1907  0.139347  -0.013492  0.019600
1908  0.121858  0.027725  0.015618
1909  -0.026498  0.094482  0.009629
1910  -0.330176  -0.206658  0.151724
1911  -0.086910  -0.304077  0.100016
1912  -0.035393  -0.281549  0.080522
1913  0.060548  -0.598317  0.361650
1914  -0.137380  0.038842  0.020382
1915  -0.480474  -0.188527  0.266397
1916  -0.071461  0.483936  0.239301
1917  0.065209  0.059230  0.007760
1918  -0.253370  0.186583  0.099010
1919  -0.129166  -0.185125  0.050955
1920  -0.534062  -0.294841  0.372153
1921  -0.536459  -0.184277  0.321747
1922  0.335079  -0.053066  0.115094
1923  -0.058499  0.250866  0.066356
1924  -0.439746  0.267677  0.265028
1925  0.424358  -0.216745  0.227058
1926  -0.729489  0.450883  0.735449
1927  0.490083  -0.632327  0.640019
1928  0.274184  0.219038  0.123154
1929  -0.825725  0.480522  0.912724
1930  0.047122  -0.224536  0.052637
1931  -0.406211  0.152510  0.188267
1932  -0.190820  0.337619  0.150399
1933  -0.132308  0.358331  0.145906
1934  -0.125478  0.396603  0.173038
1935  0.179256  -0.076428  0.037974
1936  -0.086694  -0.107446  0.019061
1937  -0.067049  -0.104591  0.015435
1938  0.502910  -0.514506  0.517635
1939  -0.144560  -0.414861  0.193007
1940  0.158752  -0.443157  0.221591
1941  0.276696  -0.299154  0.166053
1942  -0.114327  0.088752  0.020947
1943  -0.251229  0.112251  0.075716
1944  -0.316517  0.005632  0.100215
1945  0.012542  -0.036619  0.001498
1946  -0.226792  0.249411  0.113640
1947  -0.649441  -0.155340  0.445903
1948  0.136454  0.306471  0.112544
1949  0.259074  0.085694  0.074463
1950  -0.055245  1.354253  1.837053
1951  0.597135  0.027046  0.357301
1952  0.016288  -0.223148  0.050060
1953  -0.217392  0.247954  0.108741
1954  0.089403  0.534654  0.293847
1955  0.354155  -0.124825  0.141007
1956  0.416960  -0.201144  0.214315
1957  -0.594086  0.024144  0.353521
1958  -0.306560  0.277579  0.171029
1959  0.174493  -0.813138  0.691641
1960  -0.782619  0.116693  0.626109
1961  0.177737  -0.464001  0.246887
1962  -0.498603  0.189205  0.284404
1963  -0.219871  -0.461853  0.261651
1964  0.120256  0.153782  0.038111
1965  0.320194  -0.627677  0.496502
1966  0.538235  0.163708  0.316498
1967  0.144715  -0.801065  0.662648
1968  0.503406  -0.500430  0.503848
1969  -0.359273  -0.132180  0.146548
1970  -0.897215  -0.611627  1.179082
1971  0.202028  0.132631  0.058406
1972  -0.411426  0.080175  0.175700
1973  -0.055829  -0.194253  0.040851
1974  0.043486  0.220246  0.050400
1975  -0.008327  0.796067  0.633793
1976  0.489551  -0.271340  0.313286
1977  -0.129750  0.364735  0.149867
1978  -0.554531  -0.069857  0.312385
1979  0.012329  0.066118  0.004524
1980  -0.472211  0.337769  0.337071
1981  0.141739  0.451794  0.224208
1982  -0.827670  -0.202030  0.725853
1983  0.192779  0.888429  0.826469
1984  0.202699  0.191380  0.077713
1985  -0.470401  0.033729  0.222415
1986  0.603314  -0.179529  0.396219
1987  0.027563  0.348420  0.122156
1988  0.567740  -0.043566  0.324227
1989  0.354070  -0.038521  0.126849
1990  0.594419  0.884068  1.134910
1991  0.036041  -0.542127  0.295200
1992  -0.279584  -0.279480  0.156276
1993  0.006430  1.193801  1.425202
1994  -0.471410  -0.172220  0.251887
1995  0.435879  -0.351603  0.313615
1996  0.448247  -0.199098  0.240565
1997  0.211479  0.151695  0.067735
1998  -0.523372  -0.035103  0.275150
1999  0.396598  1.046960  1.253415
2000  -0.091938  0.417836  0.183039
2001  -0.969801  0.292528  1.026087
2002  -0.229767  0.261152  0.120993
2003  0.157322  -0.096046  0.033975
2004  0.564610  0.135421  0.337123
2005  -0.169826  -0.025369  0.029485
2006  0.653375  -0.043638  0.428804
2007  0.539866  -0.091841  0.299890
2008  0.079694  0.312270  0.103864
2009  -0.492069  -0.364612  0.375073
2010  -0.243096  0.129266  0.075805
2011  -0.473101  -0.466174  0.441143
2012  -0.277014  -0.383902  0.224118
2013  -0.480041  0.184986  0.264660
2014  -0.322903  -0.685489  0.574161
2015  -0.160376  0.345503  0.145093
2016  -0.169362  -0.295441  0.115969
2017  -0.246728  0.449574  0.262991
2018  -0.528501  -0.792241  0.906958
2019  0.190621  -0.317877  0.137382
2020  -0.133607  -0.130595  0.034906
2021  0.218584  0.208386  0.091204
2022  0.615202  0.260700  0.446437
2023  -1.076562  -0.699003  1.647591
2024  -0.010613  -0.356468  0.127182
2025  0.228336  0.158797  0.077354
2026  0.546716  1.076238  1.457186
2027  0.330132  0.139640  0.128487
2028  0.572540  0.202487  0.368804
2029  0.645497  0.012490  0.416822
2030  -0.573454  0.010245  0.328955
2031  -0.011108  0.478173  0.228773
2032  -0.043395  0.347337  0.122526
2033  0.023641  -0.041963  0.002320
2034  -0.022507  -0.063146  0.004494
2035  -0.132078  0.565766  0.337536
2036  -0.148367  0.037873  0.023447
2037  -0.510149  -0.387309  0.410260
2038  0.237852  0.393524  0.211435
2039  1.214962  1.096589  2.678641
2040  0.308156  -0.487188  0.332312
2041  0.768106  0.132376  0.607510
2042  -0.481059  -0.301997  0.322620
2043  0.189472  0.128700  0.052463
2044  -0.187012  0.368487  0.170756
2045  -0.872853  0.567395  1.083809
2046  1.277153  -0.707001  2.130971
2047  0.333619  0.255309  0.176484
