0  -0.346523  0.205042  0.162120
1  0.055879  0.079219  0.009398
2  0.401392  0.305891  0.254685
3  -0.095343  0.240395  0.066880
4  -0.006464  -0.095168  0.009099
5  -0.280542  0.430892  0.264371
6  0.244436  -0.244580  0.119568
7  -0.281566  -0.114092  0.092297
8  0.344084  0.039183  0.119929
9  0.211767  0.231040  0.098225
10  -0.191071  -0.015429  0.036746
11  0.039190  0.118260  0.015521
12  -0.198593  0.342481  0.156732
13  -0.093211  0.266782  0.079861
14  -0.453351  0.045371  0.207586
15  0.183082  -0.261877  0.102099
16  0.079701  -0.266033  0.077126
17  -0.217689  -0.408405  0.214183
18  0.136724  0.120694  0.033261
19  0.462963  -0.008983  0.214416
20  0.021423  -0.104801  0.011442
21  -0.251675  0.521967  0.335790
22  0.098356  -0.516750  0.276705
23  0.342417  0.631123  0.515566
24  -0.338503  -0.229492  0.167251
25  -0.209085  -0.348480  0.165155
26  0.083807  -0.246338  0.067706
27  -0.462791  -0.158812  0.239397
28  0.204974  -0.443925  0.239084
29  0.200090  0.168730  0.068506
30  0.429149  0.360246  0.313945
31  -0.184380  -0.206008  0.076435
32  0.232369  -0.067000  0.058485
33  -0.311091  0.048741  0.099154
34  0.268430  0.063632  0.076104
35  -0.536794  0.227401  0.339859
36  -0.023100  -0.225243  0.051268
37  -0.296560  -0.362825  0.219590
38  0.210875  0.137744  0.063442
39  -0.280842  0.343756  0.197041
40  0.085325  0.836828  0.707561
41  -0.065226  0.062549  0.008167
42  0.056590  -0.266636  0.074297
43  -0.067631  0.252713  0.068438
44  0.008751  -0.353645  0.125141
45  -0.072152  0.345727  0.124733
46  -0.100601  -0.093405  0.018845
47  -0.195213  0.504145  0.292270
48  0.133678  -0.516549  0.284692
49  -0.027934  -0.616995  0.381464
50  0.392085  -0.196756  0.192443
51  0.475855  0.242484  0.285236
52  0.307333  0.371480  0.232451
53  -0.610146  0.057511  0.375586
54  0.043037  -0.091158  0.010162
55  0.357384  -0.495531  0.373274
56  0.072371  -0.253623  0.069562
57  0.190419  0.553573  0.342702
58  -0.052828  0.438019  0.194652
59  -0.238673  0.129323  0.073689
60  0.735873  -0.000649  0.541509
61  0.092558  0.402199  0.170331
62  0.145736  -0.083156  0.028154
63  0.026710  -0.033791  0.001855
64  -0.111872  0.034707  0.013720
65  0.073941  0.133511  0.023292
66  -0.613011  0.839921  1.081250
67  -0.308518  -0.406350  0.260303
68  -0.077439  -0.051713  0.008671
69  0.674892  -0.401425  0.616621
70  0.177599  0.160659  0.057353
71  0.205853  -0.352582  0.166689
72  0.181063  0.373294  0.172132
73  0.161684  -0.107979  0.037801
74  0.248968  0.134492  0.080073
75  -0.584375  -0.610210  0.713851
76  0.137480  0.483121  0.252307
77  0.006617  0.077151  0.005996
78  0.491633  -0.048200  0.244026
79  -0.551022  0.336901  0.417128
80  -0.296686  -0.770259  0.681322
81  0.042071  0.170222  0.030745
82  -0.510578  -0.238768  0.317700
83  0.191310  0.537700  0.325721
84  -0.202130  0.721562  0.561508
85  -0.291970  -0.350411  0.208035
86  0.119978  0.499164  0.263559
87  -0.626426  0.602779  0.755752
88  0.173813  0.467335  0.248613
89  0.434159  -0.646207  0.606078
90  0.001126  -0.645082  0.416132
91  0.297888  -0.092158  0.097231
92  0.123611  0.047244  0.017512
93  0.108568  0.330700  0.121149
94  -0.385544  0.339571  0.263953
95  -0.169955  0.500035  0.278920
96  0.804225  -0.005863  0.646812
97  -0.462457  0.079323  0.220159
98  -0.255443  0.058657  0.068692
99  0.017602  0.731148  0.534887
100  -0.040497  0.757713  0.575770
101  -0.145821  -0.194726  0.059182
102  -0.078407  0.649739  0.428309
103  -0.458894  0.423900  0.390275
104  -0.221036  0.340542  0.164826
105  0.230962  0.586473  0.397294
106  0.073721  -0.082327  0.012213
107  0.023997  -0.114781  0.013751
108  0.136258  0.372077  0.157008
109  -0.409927  0.270611  0.241270
110  -1.231877  0.342797  1.635032
111  -0.415056  0.570378  0.497603
112  -0.276553  -0.494749  0.321259
113  0.524318  -0.319197  0.376796
114  -0.301428  0.388734  0.241973
115  -0.491734  0.416412  0.415201
116  0.401040  0.026674  0.161545
117  0.245138  -0.521211  0.331753
118  0.174591  0.317534  0.131310
119  0.281155  0.597721  0.436319
120  -0.120994  0.300824  0.105135
121  0.296335  0.241890  0.146325
122  -0.325792  -0.628836  0.501575
123  -0.607437  0.586544  0.713013
124  -0.194967  -0.179844  0.070356
125  -0.076088  -0.180458  0.038355
126  0.485459  0.151106  0.258503
127  -0.282325  -0.257644  0.146088
128  0.616911  0.411331  0.549772
129  0.040870  -0.063075  0.005649
130  -0.422888  0.172463  0.208578
131  0.228928  -0.604527  0.417861
132  0.234533  -0.030256  0.055921
133  0.835239  0.543421  0.992931
134  0.856532  0.357674  0.861578
135  -0.142103  -0.411635  0.189637
136  -0.441660  0.537347  0.483805
137  -0.371656  -0.592218  0.488850
138  0.089001  -0.379413  0.151876
139  0.261968  -0.005511  0.068658
140  -0.486084  -0.684219  0.704433
141  0.799064  0.590627  0.987344
142  0.475633  0.804397  0.873282
143  0.224187  -0.460780  0.262578
144  0.202569  0.403136  0.203553
145  0.398196  -0.085038  0.165791
146  -0.124636  0.229894  0.068386
147  0.763834  -0.152465  0.606688
148  0.086977  -0.415142  0.179908
149  -0.559871  -0.495697  0.559171
150  -0.619293  -1.003433  1.390403
151  0.357420  -0.145800  0.149007
152  0.173323  0.394841  0.185940
153  -0.173680  0.582111  0.369018
154  0.352893  -0.531676  0.407212
155  -0.715292  0.092722  0.520241
156  -0.013979  -1.096844  1.203262
157  0.386156  0.123735  0.164426
158  0.083819  -0.485944  0.243167
159  0.343348  -0.170311  0.146894
160  0.310239  0.291441  0.181186
161  0.902178  0.925368  1.670231
162  0.001451  -0.097184  0.009447
163  0.346007  0.035893  0.121009
164  0.397401  -0.026277  0.158618
165  -0.021799  0.248295  0.062125
166  -0.518988  -0.332764  0.380081
167  -0.293619  0.246193  0.146823
168  -0.506525  0.444000  0.453704
169  0.241036  -0.312943  0.156031
170  0.650651  -0.211403  0.468038
171  0.144655  0.348025  0.142046
172  0.011819  -0.369688  0.136809
173  0.017245  -0.387793  0.150680
174  -0.409743  0.496055  0.413960
175  0.320971  0.163518  0.129760
176  0.104107  0.427789  0.193841
177  0.176137  0.154970  0.055040
178  -0.169742  -0.545046  0.325888
179  -0.012239  -0.099308  0.010012
180  -0.369439  -0.453959  0.342564
181  0.029357  0.669789  0.449480
182  -1.105505  -0.579194  1.557607
183  1.003369  -0.315116  1.106048
184  -0.120662  0.597281  0.371304
185  -0.062570  -0.117996  0.017838
186  0.033790  0.160435  0.026881
187  -0.713931  0.279169  0.587632
188  -0.372311  -0.121745  0.153437
189  -0.663345  0.331717  0.550063
190  -0.100471  0.298227  0.099034
191  -0.493655  -0.280660  0.322466
192  0.457114  -0.915272  1.046675
193  -0.177047  -0.467038  0.249470
194  -0.810726  -0.274470  0.732610
195  0.145577  0.239014  0.078320
196  -0.310396  -0.495898  0.342261
197  -0.490286  0.249259  0.302510
198  -0.382556  0.022234  0.146844
199  -0.083251  0.199100  0.046572
200  -0.027537  -0.060236  0.004387
201  -0.888944  -0.222981  0.839942
202  0.076412  0.245603  0.066159
203  0.601719  0.460877  0.574474
204  0.092102  -0.032949  0.009568
205  0.649770  0.148922  0.444379
206  -0.419965  0.144188  0.197161
207  -0.478275  -0.634459  0.631285
208  0.080474  0.135911  0.024948
209  -0.118447  0.188660  0.049622
210  -0.640891  0.840979  1.117986
211  -0.260218  -0.343123  0.185447
212  0.507461  -0.159670  0.283011
213  -0.229895  0.113293  0.065687
214  -0.418175  -0.267099  0.246212
215  -0.240711  -0.023895  0.058513
216  0.189684  0.169081  0.064568
217  0.819520  0.765983  1.258343
218  0.286301  -0.188026  0.117322
219  0.127703  -0.523207  0.290053
220  -0.321498  -0.379685  0.247521
221  -0.155125  0.862291  0.767609
222  0.163075  0.342784  0.144094
223  0.231101  0.216237  0.100166
224  -0.073901  0.165474  0.032843
225  0.015732  0.124592  0.015771
226  -0.271851  0.295055  0.160960
227  0.379446  -0.185905  0.178540
228  -0.495850  0.236333  0.301720
229  -0.147640  -0.339732  0.137215
230  0.667269  0.235208  0.500571
231  0.435215  -0.083966  0.196463
232  0.636074  -0.198837  0.444126
233  -0.537938  -0.669463  0.737558
234  -0.290787  0.249610  0.146862
235  -0.838781  0.291859  0.788736
236  0.010481  0.164787  0.027265
237  -0.637328  0.198685  0.445663
238  0.115171  0.301778  0.104335
239  -0.194694  -0.318241  0.139183
240  -0.012030  0.152119  0.023285
241  0.314316  -0.172076  0.128405
242  0.228847  0.416318  0.225691
243  0.318714  0.662214  0.540106
244  0.123273  -0.318909  0.116899
245  0.583523  0.302118  0.431774
246  -0.075076  -0.167579  0.033719
247  -0.298075  -0.577223  0.422035
248  -0.610138  -0.195231  0.410383
249  0.038050  -0.377143  0.143685
250  -0.185891  0.021502  0.035018
251  -0.342350  -0.260032  0.184820
252  -0.251950  -0.171816  0.092999
253  -0.356645  -0.311082  0.223968
254  -0.031631  0.040790  0.002664
255  0.129743  0.507028  0.273911
256  -0.064900  -0.134128  0.022202
257  0.125495  0.157368  0.040514
258  0.382650  -0.401217  0.307396
259  -0.212083  -0.309692  0.140889
260  -0.224701  0.092828  0.059108
261  -0.041281  -0.093197  0.010390
262  0.259266  -0.042762  0.069048
263  -0.121540  -0.169489  0.043498
264  -0.080135  -0.174203  0.036768
265  -0.279412  -0.423104  0.257088
266  0.214507  0.269992  0.118909
267  0.080523  -0.312499  0.104140
268  0.352319  0.450803  0.327352
269  0.257155  0.418401  0.241188
270  0.285075  -0.128021  0.097657
271  -0.114816  -0.805131  0.661418
272  0.070693  0.672372  0.457081
273  -0.184763  0.600040  0.394185
274  -0.058517  0.167201  0.031381
275  0.224179  -0.208842  0.093871
276  -0.066059  0.240299  0.062107
277  0.307278  0.031178  0.095392
278  -0.176398  -0.224366  0.081456
279  0.245030  -0.494088  0.304162
280  0.027580  -0.178671  0.032684
281  -0.399565  -0.456075  0.367657
282  -0.014312  0.153386  0.023732
283  -0.154908  0.266113  0.094813
284  0.377611  -0.440612  0.336728
285  -0.115957  0.160986  0.039363
286  -0.300273  -0.048091  0.092477
287  -0.500280  0.041340  0.251989
288  -0.927705  0.342854  0.978186
289  0.033217  0.079822  0.007475
290  0.055635  -0.008704  0.003171
291  -0.069774  -0.534270  0.290313
292  -0.220917  -0.028118  0.049595
293  0.192410  0.237850  0.093594
294  0.152281  0.142261  0.043427
295  0.319601  -0.388568  0.253130
296  0.137468  0.217627  0.066259
297  0.124047  -0.070026  0.020291
298  -0.108091  0.406735  0.177117
299  -0.268155  0.346530  0.191990
300  0.156145  -0.107954  0.036035
301  -0.058851  -0.023992  0.004039
302  -0.302022  -0.123968  0.106586
303  0.060278  -0.404858  0.167543
304  -0.381965  0.259742  0.213363
305  0.358712  -0.079374  0.134974
306  0.258832  -0.152441  0.090232
307  0.217330  0.111593  0.059685
308  0.134494  0.215870  0.064688
309  -0.227128  -0.130136  0.068522
310  -0.142752  0.101430  0.030666
311  0.136784  0.004881  0.018734
312  0.078915  -0.263609  0.075717
313  0.368805  0.081128  0.142599
314  0.114965  -0.285203  0.094558
315  -0.573967  -0.211992  0.374379
316  -0.021888  0.196931  0.039261
317  0.070511  0.067667  0.009551
318  0.181432  0.392532  0.186999
319  0.487044  -0.125485  0.252959
320  0.403486  -0.024081  0.163380
321  -0.144828  -0.145663  0.042193
322  0.023659  -0.207829  0.043753
323  0.295584  -0.433652  0.275424
324  0.282285  -0.303415  0.171746
325  0.128946  0.174291  0.047005
326  0.178473  -0.175818  0.062765
327  0.007759  0.105881  0.011271
328  0.100174  -0.083188  0.016955
329  -0.601644  -0.546434  0.660566
330  -0.112223  -0.406676  0.177979
331  -0.235443  0.163697  0.082230
332  0.209311  0.011748  0.043949
333  0.021262  0.254484  0.065214
334  -0.194130  0.120378  0.052177
335  0.000114  -0.417256  0.174102
336  -0.319518  0.254467  0.166845
337  0.018762  0.260314  0.068115
338  -0.435189  0.292471  0.274929
339  -0.208128  0.159701  0.068822
340  0.231984  0.092199  0.062317
341  -0.088001  -0.143244  0.028263
342  0.194569  0.608839  0.408542
343  0.479853  0.059227  0.233767
344  -0.194550  0.026389  0.038546
345  0.139676  -0.009363  0.019597
346  -0.051036  0.069837  0.007482
347  0.181313  -0.155976  0.057203
348  0.020270  0.094502  0.009342
349  0.002840  0.054529  0.002981
350  0.148288  -0.106749  0.033385
351  -0.148272  0.066904  0.026461
352  -0.135687  -0.179586  0.050662
353  0.092378  0.308829  0.103909
354  0.123551  -0.250842  0.078187
355  -0.102565  -0.191705  0.047270
356  -0.014944  -0.144492  0.021101
357  -0.005975  -0.182850  0.033470
358  -0.091361  0.070201  0.013275
359  -0.087109  -0.042999  0.009437
360  -0.078211  0.194405  0.043910
361  0.059363  0.152603  0.026812
362  0.102273  -0.344946  0.129447
363  -0.479159  0.084135  0.236672
364  0.100243  0.089462  0.018052
365  -0.184160  -0.412499  0.204071
366  0.183099  0.059694  0.037089
367  0.282320  -0.140984  0.099581
368  0.137978  -0.197924  0.058212
369  -0.130180  0.092455  0.025495
370  0.146812  0.115775  0.034958
371  -0.089232  -0.120925  0.022585
372  -0.018156  -0.024797  0.000945
373  -0.041461  -0.167631  0.029819
374  0.023396  -0.102812  0.011118
375  0.076681  0.099997  0.015879
376  -0.078497  -0.135837  0.024613
377  0.070972  -0.009715  0.005131
378  0.086323  0.015626  0.007696
379  -0.018153  -0.209666  0.044289
380  0.041833  -0.296973  0.089943
381  -0.026968  -0.153651  0.024336
382  -0.190856  -0.099569  0.046340
383  -0.191952  0.045841  0.038947
384  -0.062423  0.238786  0.060915
385  0.022431  0.042874  0.002341
386  0.279191  0.149019  0.100154
387  -0.008077  0.147860  0.021928
388  0.096127  -0.085098  0.016482
389  0.197676  0.233969  0.093817
390  -0.093869  0.068418  0.013492
391  -0.026391  -0.029887  0.001590
392  0.067430  -0.050067  0.007053
393  0.152941  0.133711  0.041269
394  -0.188330  -0.170611  0.064576
395  -0.230610  -0.036533  0.054516
396  0.005424  -0.005536  0.000060
397  0.074539  0.010949  0.005676
398  -0.143347  -0.007874  0.020610
399  -0.094276  0.076429  0.014729
400  0.027360  0.027262  0.001492
401  0.255960  0.045680  0.067602
402  0.021032  0.053642  0.003320
403  -0.034385  0.020529  0.001604
404  -0.081894  -0.187012  0.041680
405  -0.008105  -0.150153  0.022612
406  -0.034679  -0.135794  0.019643
407  -0.230657  -0.101315  0.063468
408  0.012556  -0.092532  0.008720
409  0.033368  -0.119412  0.015373
410  -0.024127  0.080457  0.007055
411  -0.030423  0.104468  0.011839
412  0.042051  -0.099870  0.011742
413  0.076424  -0.015603  0.006084
414  -0.071525  0.050694  0.007686
415  0.021140  -0.082262  0.007214
416  0.192173  -0.126315  0.052886
417  -0.097968  0.136728  0.028292
418  0.070553  0.270217  0.077995
419  -0.021251  0.049634  0.002915
420  0.278050  0.124718  0.092866
421  -0.079525  -0.020646  0.006751
422  -0.071453  -0.173199  0.035103
423  -0.016439  -0.085367  0.007558
424  0.027385  -0.087793  0.008458
425  0.036157  -0.251229  0.064423
426  -0.077611  -0.111025  0.018350
427  0.104769  0.085428  0.018275
428  -0.008523  -0.030884  0.001026
429  0.171363  0.023097  0.029899
430  -0.086329  -0.126424  0.023436
431  -0.150701  -0.137661  0.041661
432  -0.024561  -0.132671  0.018205
433  0.049973  -0.119660  0.016816
434  0.019484  -0.044410  0.002352
435  0.047830  0.069231  0.007081
436  -0.060192  0.140642  0.023403
437  0.052469  0.054021  0.005671
438  -0.027649  -0.093470  0.009501
439  -0.150481  -0.056569  0.025845
440  0.050601  -0.033071  0.003654
441  0.010752  -0.046107  0.002241
442  -0.055120  -0.060073  0.006647
443  -0.118229  -0.078256  0.020102
444  -0.097686  -0.095988  0.018756
445  -0.144580  0.045163  0.022943
446  -0.029523  0.013871  0.001064
447  0.009117  0.018586  0.000429
448  -0.101055  -0.020925  0.010650
449  -0.010211  -0.008626  0.000179
450  -0.108818  -0.063403  0.015861
451  -0.036068  -0.079551  0.007629
452  0.128807  0.018943  0.016950
453  0.102436  -0.020371  0.010908
454  0.063529  -0.110547  0.016257
455  -0.019816  -0.056638  0.003600
456  -0.125821  -0.074628  0.021400
457  -0.064196  -0.069199  0.008910
458  -0.082993  -0.013810  0.007079
459  -0.151488  -0.008657  0.023024
460  -0.054537  0.039302  0.004519
461  0.052650  0.017473  0.003077
462  -0.055469  -0.107101  0.014547
463  -0.097883  0.007319  0.009635
464  -0.038780  -0.128525  0.018023
465  -0.040035  0.090602  0.009812
466  -0.041533  0.033321  0.002835
467  0.045191  0.059852  0.005624
468  -0.054497  -0.006629  0.003014
469  -0.045838  -0.063850  0.006178
470  0.155779  -0.051238  0.026892
471  0.045144  -0.037209  0.003423
472  -0.026059  -0.061711  0.004487
473  0.045037  -0.103375  0.012715
474  -0.049583  -0.025498  0.003109
475  0.012756  -0.015622  0.000407
476  0.056635  -0.015175  0.003438
477  -0.204230  0.045321  0.043764
478  0.019179  -0.084952  0.007585
479  0.006773  -0.081087  0.006621
480  -0.182185  0.046927  0.035393
481  -0.014130  0.051618  0.002864
482  0.039296  -0.054021  0.004462
483  0.029996  0.022724  0.001416
484  0.090404  -0.051336  0.010808
485  0.019563  0.036835  0.001740
486  0.086978  -0.015358  0.007801
487  -0.037859  0.032366  0.002481
488  0.032126  -0.096643  0.010372
489  0.092405  -0.052073  0.011250
490  -0.116436  0.043020  0.015408
491  0.037358  0.032968  0.002483
492  0.025831  0.077711  0.006706
493  0.064231  -0.065219  0.008379
494  -0.025309  -0.023650  0.001200
495  -0.051253  0.054323  0.005578
496  -0.087128  -0.060812  0.011289
497  0.045621  -0.065962  0.006432
498  0.004805  -0.093250  0.008719
499  -0.026186  -0.072047  0.005876
500  -0.042067  0.072306  0.006998
501  -0.101926  -0.115160  0.023651
502  -0.045168  -0.062664  0.005967
503  0.033882  0.009351  0.001235
504  -0.055725  0.006112  0.003143
505  -0.046062  0.066366  0.006526
506  0.004376  -0.031749  0.001027
507  -0.044217  -0.047407  0.004203
508  -0.030364  -0.039250  0.002463
509  0.030498  0.081261  0.007533
510  -0.056514  0.053290  0.006034
511  -0.021289  -0.023039  0.000984
512  -0.060349  -0.084530  0.010787
513  -0.032251  -0.045991  0.003155
514  -0.113455  0.010921  0.012991
515  -0.035598  -0.011158  0.001392
516  -0.059932  -0.037801  0.005021
517  0.048765  -0.052652  0.005150
518  0.037386  -0.064126  0.005510
519  -0.018237  -0.063730  0.004394
520  0.038206  -0.025048  0.002087
521  0.047096  0.018859  0.002574
522  -0.013392  0.015017  0.000405
523  -0.090378  -0.045142  0.010206
524  -0.025752  0.070121  0.005580
525  -0.005100  -0.041628  0.001759
526  0.034323  0.038422  0.002654
527  0.032987  -0.039559  0.002653
528  -0.066467  -0.060810  0.008116
529  -0.008507  -0.017304  0.000372
530  -0.016089  -0.012356  0.000412
531  -0.009170  -0.059700  0.003648
532  -0.023122  -0.005262  0.000562
533  0.002663  -0.066153  0.004383
534  -0.035875  0.081788  0.007976
535  0.018480  0.051316  0.002975
536  -0.042959  -0.038433  0.003323
537  -0.069426  0.060760  0.008512
538  0.006838  -0.015310  0.000281
539  -0.048700  0.073716  0.007806
540  -0.020837  -0.015245  0.000667
541  -0.135769  0.039257  0.019974
542  0.025706  0.008174  0.000728
543  -0.048359  0.029027  0.003181
544  0.009662  0.030870  0.001046
545  0.046237  0.049467  0.004585
546  0.037174  -0.019453  0.001760
547  -0.079392  -0.066404  0.010713
548  -0.074225  0.040727  0.007168
549  -0.071235  0.035300  0.006321
550  -0.048645  0.105049  0.013402
551  -0.036623  0.021740  0.001814
552  -0.017407  -0.017414  0.000606
553  -0.070212  0.007696  0.004989
554  -0.030191  0.037424  0.002312
555  0.044547  -0.011311  0.002112
556  -0.053132  0.044095  0.004767
557  -0.037461  -0.025428  0.002050
558  0.003676  -0.009729  0.000108
559  -0.113531  0.020322  0.013302
560  -0.035525  -0.021939  0.001743
561  -0.003335  0.002877  0.000019
562  -0.012193  -0.000776  0.000149
563  -0.006658  -0.081034  0.006611
564  0.033412  -0.025067  0.001745
565  0.002882  0.026571  0.000714
566  -0.065315  0.010271  0.004372
567  -0.096431  0.059818  0.012877
568  0.032519  0.009312  0.001144
569  0.003271  -0.021991  0.000494
570  0.049866  0.007403  0.002541
571  -0.004756  -0.005452  0.000052
572  -0.008344  -0.078620  0.006251
573  -0.077071  0.062991  0.009908
574  0.033132  0.053138  0.003921
575  0.031672  -0.046264  0.003144
576  -0.032612  0.070008  0.005965
577  -0.052520  0.007649  0.002817
578  -0.004570  0.043924  0.001950
579  -0.022144  -0.004346  0.000509
580  -0.070765  0.003522  0.005020
581  0.003041  -0.029934  0.000905
582  -0.033797  0.031670  0.002145
583  -0.033744  0.014246  0.001342
584  0.015568  0.043294  0.002117
585  -0.062071  -0.059136  0.007350
586  0.023205  -0.001332  0.000540
587  0.056097  0.014967  0.003371
588  -0.045981  -0.031271  0.003092
589  0.030323  -0.030807  0.001869
590  -0.030507  -0.028422  0.001739
591  -0.028690  -0.018033  0.001148
592  -0.069103  -0.051027  0.007379
593  -0.042696  -0.014417  0.002031
594  0.024069  -0.051785  0.003261
595  -0.019302  0.001923  0.000376
596  -0.023884  -0.095401  0.009672
597  0.018577  0.012066  0.000491
598  -0.002090  0.017371  0.000306
599  0.007867  -0.002357  0.000067
600  0.021218  0.012518  0.000607
601  -0.041590  0.030025  0.002631
602  -0.046290  -0.007058  0.002193
603  0.005226  -0.033853  0.001173
604  -0.018434  0.064545  0.004506
605  -0.000390  -0.061506  0.003783
606  -0.040781  -0.010695  0.001777
607  0.000531  -0.003249  0.000011
608  -0.005936  -0.030202  0.000947
609  -0.028459  0.010957  0.000930
610  0.041360  0.019672  0.002098
611  -0.058698  -0.057517  0.006754
612  -0.030248  0.009294  0.001001
613  0.014537  0.026502  0.000914
614  0.038545  -0.020789  0.001918
615  -0.024882  -0.049714  0.003091
616  -0.063988  -0.031478  0.005085
617  -0.022162  0.096163  0.009738
618  -0.002086  0.034814  0.001216
619  -0.030681  0.058207  0.004329
620  -0.062471  -0.027111  0.004638
621  -0.028635  0.000981  0.000821
622  0.063342  0.013668  0.004199
623  0.034588  0.032222  0.002235
624  0.015331  -0.058057  0.003606
625  -0.002523  -0.044690  0.002004
626  0.025125  0.026476  0.001332
627  -0.018200  -0.009449  0.000421
628  -0.007815  0.027750  0.000831
629  -0.006540  0.014041  0.000240
630  0.019259  -0.059583  0.003921
631  -0.010555  0.020938  0.000550
632  0.036493  -0.016275  0.001597
633  0.016434  -0.026396  0.000967
634  0.025090  -0.038424  0.002106
635  0.006099  -0.018785  0.000390
636  -0.023254  -0.005596  0.000572
637  -0.028897  0.012962  0.001003
638  -0.053129  0.033789  0.003964
639  0.016536  0.008613  0.000348
640  -0.012777  0.025064  0.000791
641  -0.023480  -0.024425  0.001148
642  -0.006531  -0.034819  0.001255
643  -0.007818  0.016230  0.000325
644  -0.000248  -0.006495  0.000042
645  -0.065485  -0.031950  0.005309
646  -0.008694  0.001078  0.000077
647  0.033162  0.002039  0.001104
648  -0.047655  -0.011056  0.002393
649  0.030391  -0.046795  0.003113
650  -0.001864  -0.018832  0.000358
651  -0.000215  0.005822  0.000034
652  -0.024093  -0.049641  0.003045
653  -0.041744  -0.006141  0.001780
654  -0.014429  0.001485  0.000210
655  0.020839  -0.049304  0.002865
656  0.044663  0.015897  0.002248
657  -0.043479  0.016358  0.002158
658  0.046156  -0.049905  0.004621
659  0.025742  -0.046078  0.002786
660  -0.025897  0.010302  0.000777
661  0.040672  -0.017475  0.001960
662  -0.027423  0.007382  0.000807
663  0.026956  -0.019041  0.001089
664  0.062087  -0.015900  0.004108
665  0.034681  -0.069041  0.005969
666  -0.051824  0.002002  0.002690
667  -0.033199  0.021637  0.001570
668  -0.026674  0.037358  0.002107
669  -0.026139  0.024768  0.001297
670  -0.020112  -0.011573  0.000538
671  0.012597  0.012728  0.000321
672  -0.055193  -0.063402  0.007066
673  -0.013395  0.023916  0.000751
674  -0.013225  -0.038658  0.001669
675  -0.035595  0.011002  0.001388
676  0.037040  -0.006272  0.001411
677  0.000341  0.002807  0.000008
678  -0.035393  -0.034593  0.002449
679  -0.015508  -0.009353  0.000328
680  0.027773  0.040147  0.002383
681  -0.023313  -0.055836  0.003661
682  0.002817  -0.035632  0.001278
683  -0.023393  0.012920  0.000714
684  -0.025342  0.019630  0.001028
685  0.017958  -0.052771  0.003107
686  -0.027715  0.063207  0.004763
687  -0.000649  -0.029531  0.000872
688  0.048960  0.070081  0.007308
689  0.023655  -0.013120  0.000732
690  -0.037431  -0.024048  0.001979
691  0.009084  -0.028558  0.000898
692  -0.011583  -0.014862  0.000355
693  -0.055214  -0.006300  0.003088
694  -0.053458  0.001244  0.002859
695  0.023813  -0.058479  0.003987
696  -0.003431  -0.020148  0.000418
697  -0.000260  0.018067  0.000326
698  -0.030906  -0.020230  0.001364
699  -0.032680  0.049358  0.003504
700  0.070535  -0.000563  0.004975
701  0.036299  -0.026667  0.002029
702  0.000296  -0.024258  0.000589
703  0.039615  -0.053568  0.004439
704  -0.013828  0.010564  0.000303
705  0.032164  -0.038724  0.002534
706  -0.030243  -0.048409  0.003258
707  -0.040924  -0.008142  0.001741
708  0.038087  -0.016604  0.001726
709  0.016549  0.024325  0.000866
710  -0.013067  -0.019716  0.000559
711  0.004208  -0.015965  0.000273
712  -0.017822  -0.025908  0.000989
713  0.038823  -0.042296  0.003296
714  0.068249  0.078721  0.010855
715  0.010638  -0.029433  0.000979
716  0.016755  -0.034545  0.001474
717  -0.005334  0.015575  0.000271
718  -0.009687  0.002030  0.000098
719  -0.011608  -0.038873  0.001646
720  -0.013188  0.019389  0.000550
721  0.022204  0.023592  0.001050
722  -0.014604  0.046635  0.002388
723  0.008014  -0.006894  0.000112
724  -0.022570  -0.065317  0.004776
725  -0.040433  -0.013041  0.001805
726  -0.029313  -0.027258  0.001602
727  0.003568  -0.027807  0.000786
728  -0.032501  0.036155  0.002363
729  0.004148  -0.026967  0.000744
730  -0.000223  0.045264  0.002049
731  0.031529  -0.063590  0.005038
732  -0.069502  -0.046168  0.006962
733  -0.007068  -0.025587  0.000705
734  0.017853  -0.012449  0.000474
735  0.010512  -0.028401  0.000917
736  -0.019204  0.009643  0.000462
737  0.016749  0.016011  0.000537
738  -0.006094  0.012609  0.000196
739  -0.007727  0.000325  0.000060
740  -0.023274  -0.024996  0.001166
741  -0.034048  -0.038011  0.002604
742  0.021138  0.031909  0.001465
743  0.015348  -0.059806  0.003812
744  -0.037226  -0.003638  0.001399
745  -0.003350  0.037505  0.001418
746  0.054980  0.016747  0.003303
747  0.000309  -0.024726  0.000611
748  -0.003840  -0.012138  0.000162
749  -0.010907  -0.024046  0.000697
750  0.007748  -0.038652  0.001554
751  0.016675  0.034708  0.001483
752  -0.006226  0.001206  0.000040
753  -0.020529  -0.004256  0.000440
754  -0.042170  0.000394  0.001778
755  0.032548  0.001425  0.001061
756  -0.029669  -0.010741  0.000996
757  0.040509  -0.012842  0.001806
758  -0.006158  -0.007583  0.000095
759  -0.014264  -0.033070  0.001297
760  0.017233  -0.018128  0.000626
761  0.005076  0.003440  0.000038
762  -0.035337  -0.009792  0.001345
763  -0.009075  -0.015327  0.000317
764  -0.015452  0.024160  0.000822
765  -0.051993  0.029433  0.003570
766  -0.028165  0.025857  0.001462
767  -0.007001  -0.036737  0.001399
768  0.017284  -0.006145  0.000336
769  -0.016738  0.030860  0.001233
770  -0.025244  0.023776  0.001203
771  -0.025523  0.008712  0.000727
772  -0.017402  0.044496  0.002283
773  -0.001048  -0.005781  0.000035
774  0.002967  0.045159  0.002048
775  -0.021409  0.001459  0.000460
776  0.007012  0.014004  0.000245
777  0.037559  0.005273  0.001438
778  0.020375  -0.020235  0.000825
779  -0.045850  -0.005819  0.002136
780  -0.007077  -0.059069  0.003539
781  -0.021364  -0.018561  0.000801
782  0.014956  -0.029422  0.001089
783  -0.013436  -0.003097  0.000190
784  0.004527  0.024021  0.000598
785  -0.005880  -0.007281  0.000088
786  0.016574  0.011575  0.000409
787  0.017188  -0.005412  0.000325
788  -0.015916  0.022625  0.000765
789  0.015145  -0.018984  0.000590
790  -0.029881  0.008422  0.000964
791  -0.031878  0.025790  0.001681
792  -0.046826  0.002933  0.002201
793  -0.022019  0.024335  0.001077
794  -0.042340  0.030050  0.002696
795  -0.018850  0.005547  0.000386
796  -0.041397  0.040669  0.003368
797  -0.010779  0.036522  0.001450
798  -0.035227  0.042799  0.003073
799  -0.027777  -0.032104  0.001802
800  0.010832  0.029699  0.000999
801  -0.052508  0.016072  0.003015
802  0.022024  -0.001250  0.000487
803  -0.004594  -0.022555  0.000530
804  -0.024557  -0.009408  0.000692
805  0.036033  0.019782  0.001690
806  -0.013479  -0.015837  0.000432
807  -0.003300  -0.009172  0.000095
808  0.026927  -0.022866  0.001248
809  0.007525  -0.014165  0.000257
810  -0.001709  0.023721  0.000566
811  0.030968  -0.011835  0.001099
812  -0.045608  -0.019097  0.002445
813  -0.059674  -0.010230  0.003666
814  0.027944  0.029912  0.001676
815  -0.042902  0.007160  0.001892
816  -0.002261  -0.014239  0.000208
817  -0.018027  -0.027503  0.001081
818  -0.028867  0.023942  0.001407
819  -0.016730  0.031990  0.001303
820  0.007428  0.045006  0.002081
821  0.029076  0.015530  0.001087
822  0.036589  -0.029391  0.002203
823  -0.029401  0.011047  0.000986
824  0.026706  -0.073145  0.006063
825  -0.038486  -0.040032  0.003084
826  -0.033746  -0.006198  0.001177
827  -0.030173  -0.032241  0.001950
828  -0.023880  -0.015271  0.000803
829  -0.033609  0.004618  0.001151
830  -0.013729  -0.022353  0.000688
831  -0.055519  -0.006145  0.003120
832  -0.021383  -0.017500  0.000763
833  -0.008259  -0.015392  0.000305
834  -0.010472  0.000695  0.000110
835  -0.052757  -0.005716  0.002816
836  -0.058037  -0.001403  0.003370
837  -0.041100  0.011737  0.001827
838  -0.039955  0.037486  0.003002
839  -0.010583  -0.027342  0.000860
840  -0.005797  -0.001263  0.000035
841  -0.006509  -0.002765  0.000050
842  0.010902  0.004296  0.000137
843  -0.028878  0.009282  0.000920
844  0.012067  0.012105  0.000292
845  0.021425  0.035964  0.001752
846  -0.027314  -0.009711  0.000840
847  -0.000549  -0.039208  0.001538
848  0.011617  0.012923  0.000302
849  -0.043605  0.017525  0.002209
850  -0.017816  0.045853  0.002420
851  -0.042022  -0.015181  0.001996
852  -0.021203  -0.010537  0.000561
853  -0.007042  -0.009848  0.000147
854  -0.011282  0.002337  0.000133
855  -0.000515  -0.000882  0.000001
856  -0.011900  0.001610  0.000144
857  -0.024752  -0.053353  0.003459
858  0.006334  0.036981  0.001408
859  -0.010322  0.039761  0.001687
860  0.007928  -0.033793  0.001205
861  0.024385  -0.029311  0.001454
862  0.016786  -0.021637  0.000750
863  0.001103  0.003985  0.000017
864  -0.013194  -0.005161  0.000201
865  0.027629  0.024413  0.001359
866  0.024169  -0.005293  0.000612
867  0.004099  0.037794  0.001445
868  -0.007676  0.002780  0.000067
869  0.015134  0.005184  0.000256
870  -0.004547  -0.033863  0.001167
871  0.044179  -0.032720  0.003022
872  -0.010820  0.013680  0.000304
873  -0.001254  0.008444  0.000073
874  0.035488  0.009780  0.001355
875  -0.024152  -0.059603  0.004136
876  -0.014525  -0.027398  0.000962
877  -0.030130  0.002926  0.000916
878  -0.055145  0.006055  0.003078
879  -0.035070  0.018836  0.001585
880  -0.014229  -0.013779  0.000392
881  0.007176  -0.036375  0.001375
882  -0.008223  0.046855  0.002263
883  0.037090  -0.004256  0.001394
884  -0.008329  0.000399  0.000070
885  -0.014946  0.022335  0.000722
886  -0.000799  -0.010688  0.000115
887  0.009846  -0.028670  0.000919
888  -0.004924  -0.000048  0.000024
889  -0.029792  -0.001499  0.000890
890  0.027375  0.017712  0.001063
891  -0.049010  -0.032160  0.003436
892  -0.023672  0.030877  0.001514
893  -0.002563  0.034936  0.001227
894  -0.002144  -0.011816  0.000144
895  -0.006401  0.028816  0.000871
896  -0.019646  0.009529  0.000477
897  -0.018266  0.008724  0.000410
898  -0.004742  0.041490  0.001744
899  0.020982  0.006600  0.000484
900  -0.032012  -0.028177  0.001819
901  0.005587  0.032349  0.001078
902  -0.009899  -0.019462  0.000477
903  -0.010361  0.038458  0.001586
904  -0.044123  0.020498  0.002367
905  -0.010718  -0.014291  0.000319
906  -0.012297  0.019266  0.000522
907  -0.005093  0.007307  0.000079
908  0.016074  0.010859  0.000376
909  -0.034460  -0.046648  0.003363
910  -0.074566  -0.027219  0.006301
911  -0.031845  -0.004555  0.001035
912  0.000577  0.031266  0.000978
913  -0.001278  0.021857  0.000479
914  -0.016410  0.012419  0.000424
915  0.035765  0.003002  0.001288
916  0.010317  0.043950  0.002038
917  -0.000115  -0.011833  0.000140
918  -0.014652  0.006393  0.000256
919  -0.064664  -0.030732  0.005126
920  0.019155  -0.037413  0.001767
921  0.019632  -0.033181  0.001486
922  -0.012095  -0.003641  0.000160
923  -0.013194  -0.019621  0.000559
924  0.000584  -0.033435  0.001118
925  0.020541  -0.003341  0.000433
926  -0.013983  0.035076  0.001426
927  -0.028303  0.009924  0.000900
928  -0.024776  0.046604  0.002786
929  -0.003791  -0.034744  0.001222
930  0.000266  -0.003683  0.000014
931  -0.041191  -0.014366  0.001903
932  -0.020682  -0.003483  0.000440
933  -0.003730  0.022634  0.000526
934  -0.026248  0.034078  0.001850
935  -0.008731  0.025231  0.000713
936  -0.028412  0.012046  0.000952
937  -0.045971  0.033405  0.003229
938  -0.011047  0.036402  0.001447
939  0.028841  0.006043  0.000868
940  -0.035091  -0.035841  0.002516
941  -0.073835  -0.000593  0.005452
942  0.028539  0.047668  0.003087
943  -0.008009  0.023767  0.000629
944  -0.028098  0.006034  0.000826
945  -0.012976  -0.004070  0.000185
946  0.025867  0.019463  0.001048
947  0.004555  -0.023710  0.000583
948  -0.007726  0.005809  0.000093
949  -0.021054  -0.006737  0.000489
950  -0.001563  0.033031  0.001093
951  0.001102  -0.038625  0.001493
952  0.015428  0.036726  0.001587
953  -0.037822  0.037600  0.002844
954  -0.005342  0.001780  0.000032
955  0.027153  0.024187  0.001322
956  0.037902  -0.003164  0.001447
957  0.010432  -0.008338  0.000178
958  0.022305  0.008710  0.000573
959  0.050338  0.001297  0.002536
960  -0.013560  -0.037875  0.001618
961  0.002886  -0.010567  0.000120
962  0.022975  0.019303  0.000900
963  -0.013273  0.002565  0.000183
964  0.026435  -0.012455  0.000854
965  0.036355  0.034246  0.002495
966  -0.034992  -0.017696  0.001538
967  -0.022075  -0.017946  0.000809
968  0.004698  0.009070  0.000104
969  0.012006  0.003513  0.000156
970  0.016771  -0.024465  0.000880
971  -0.039433  -0.006058  0.001592
972  0.007040  -0.018021  0.000374
973  -0.006040  -0.069628  0.004885
974  -0.018682  -0.018492  0.000691
975  0.000546  0.019025  0.000362
976  -0.034184  0.001820  0.001172
977  -0.036392  0.009422  0.001413
978  0.000288  0.008708  0.000076
979  0.009336  -0.000262  0.000087
980  0.039832  -0.019105  0.001952
981  -0.014457  -0.065040  0.004439
982  -0.020309  0.000259  0.000413
983  -0.002740  -0.018483  0.000349
984  -0.035898  -0.027010  0.002018
985  0.001830  0.021443  0.000463
986  -0.043554  -0.001512  0.001899
987  -0.006939  0.000816  0.000049
988  0.035001  -0.011247  0.001352
989  -0.022368  0.051597  0.003163
990  -0.024602  -0.020811  0.001038
991  -0.032264  0.006333  0.001081
992  0.009061  0.028141  0.000874
993  -0.021463  -0.018736  0.000812
994  -0.023569  -0.008385  0.000626
995  -0.023689  0.022645  0.001074
996  0.024845  0.017010  0.000907
997  0.017362  -0.007075  0.000352
998  -0.007997  -0.008541  0.000137
999  -0.009343  0.002523  0.000094
1000  -0.004723  -0.013734  0.000211
1001  0.016446  0.010023  0.000371
1002  -0.033632  -0.008628  0.001206
1003  -0.019755  0.011955  0.000533
1004  -0.003827  -0.010352  0.000122
1005  0.010032  0.010865  0.000219
1006  -0.012613  -0.019618  0.000544
1007  -0.024806  0.009054  0.000697
1008  -0.002803  0.023346  0.000553
1009  0.026942  0.011666  0.000862
1010  -0.011385  -0.021998  0.000614
1011  -0.016928  0.013113  0.000459
1012  -0.011002  -0.002364  0.000127
1013  -0.057917  -0.005097  0.003380
1014  -0.017686  -0.011178  0.000438
1015  -0.014358  0.001319  0.000208
1016  -0.002520  0.008736  0.000083
1017  -0.000387  -0.009224  0.000085
1018  -0.034210  0.003441  0.001182
1019  -0.005260  0.013707  0.000216
1020  -0.021133  0.018911  0.000804
1021  0.006027  -0.014391  0.000243
1022  -0.014425  0.058935  0.003681
1023  -0.018379  -0.014329  0.000543
1024  0.003043  0.017476  0.000315
1025  -0.019062  -0.029556  0.001237
1026  -0.026539  0.015988  0.000960
1027  0.000461  0.052590  0.002766
1028  -0.010110  -0.008419  0.000173
1029  -0.012888  0.003949  0.000182
1030  0.007278  0.021152  0.000500
1031  -0.002873  0.035014  0.001234
1032  -0.041944  0.003382  0.001771
1033  0.024494  -0.014696  0.000816
1034  -0.011306  -0.027435  0.000880
1035  0.012450  -0.021377  0.000612
1036  -0.016549  0.002624  0.000281
1037  -0.023746  -0.037809  0.001993
1038  -0.008070  0.002382  0.000071
1039  -0.008893  0.019068  0.000443
1040  -0.037952  0.002914  0.001449
1041  -0.006660  -0.019044  0.000407
1042  0.005434  -0.001770  0.000033
1043  -0.016743  0.036437  0.001608
1044  0.043634  0.008565  0.001977
1045  0.005816  -0.035418  0.001288
1046  0.001506  -0.002363  0.000008
1047  -0.014233  0.009161  0.000287
1048  -0.023959  -0.010119  0.000676
1049  -0.029994  -0.029101  0.001746
1050  -0.003610  -0.007145  0.000064
1051  0.003226  -0.023102  0.000544
1052  -0.002088  0.000650  0.000005
1053  0.010600  0.002963  0.000121
1054  0.000292  -0.019396  0.000376
1055  0.018489  -0.011431  0.000473
1056  -0.055868  0.020861  0.003556
1057  -0.019268  -0.003492  0.000383
1058  -0.032244  0.016079  0.001298
1059  -0.009561  -0.010523  0.000202
1060  0.035028  -0.011637  0.001362
1061  0.013666  -0.008623  0.000261
1062  -0.014712  -0.017232  0.000513
1063  -0.000876  -0.003612  0.000014
1064  -0.011078  0.017927  0.000444
1065  -0.011153  -0.029551  0.000998
1066  0.013228  0.023625  0.000733
1067  0.016242  -0.020593  0.000688
1068  -0.011175  0.008790  0.000202
1069  0.017416  0.016929  0.000590
1070  0.006423  -0.032543  0.001100
1071  -0.015654  -0.029665  0.001125
1072  0.029587  -0.013199  0.001050
1073  0.012144  -0.016216  0.000410
1074  0.049550  0.000639  0.002456
1075  0.027828  -0.038712  0.002273
1076  -0.009372  -0.009516  0.000178
1077  0.004913  0.024862  0.000642
1078  0.018483  -0.021725  0.000814
1079  0.009405  -0.015451  0.000327
1080  0.045624  0.016617  0.002358
1081  -0.024638  -0.017556  0.000915
1082  0.008346  -0.000252  0.000070
1083  -0.032082  -0.028415  0.001837
1084  -0.018139  -0.013096  0.000501
1085  -0.049738  -0.011399  0.002604
1086  -0.015215  -0.001557  0.000234
1087  -0.026435  0.036404  0.002024
1088  -0.034953  -0.047160  0.003446
1089  -0.046459  -0.038868  0.003669
1090  -0.028364  0.031975  0.001827
1091  -0.039464  0.001324  0.001559
1092  0.002181  0.021706  0.000476
1093  -0.002935  -0.012318  0.000160
1094  -0.057759  0.013118  0.003508
1095  -0.060000  0.044361  0.005568
1096  0.051473  0.001892  0.002653
1097  -0.002982  -0.000876  0.000010
1098  -0.035520  -0.025756  0.001925
1099  -0.000472  0.014558  0.000212
1100  0.003277  -0.001594  0.000013
1101  -0.004112  0.032842  0.001095
1102  -0.034980  0.015941  0.001478
1103  -0.002178  -0.012317  0.000156
1104  -0.018561  -0.017175  0.000639
1105  0.012795  0.016795  0.000446
1106  0.006630  -0.004470  0.000064
1107  0.014447  0.005183  0.000236
1108  -0.007792  -0.010884  0.000179
1109  -0.016400  -0.016666  0.000547
1110  0.043783  -0.025739  0.002579
1111  0.006910  0.014009  0.000244
1112  0.016295  0.005893  0.000300
1113  -0.010978  -0.048467  0.002470
1114  0.003048  0.035028  0.001236
1115  0.006867  -0.046890  0.002246
1116  -0.002288  -0.026289  0.000696
1117  -0.006718  0.001701  0.000048
1118  0.018107  0.017875  0.000647
1119  -0.051207  -0.005800  0.002656
1120  -0.034839  0.013364  0.001392
1121  -0.016876  0.003265  0.000295
1122  -0.013665  0.017214  0.000483
1123  -0.015136  0.015006  0.000454
1124  -0.006091  0.019405  0.000414
1125  -0.016147  -0.037345  0.001655
1126  -0.035776  0.010865  0.001398
1127  -0.020823  -0.020462  0.000852
1128  0.018350  -0.026378  0.001033
1129  0.032249  -0.020329  0.001453
1130  0.002219  -0.008419  0.000076
1131  0.020010  0.011552  0.000534
1132  -0.047593  -0.001041  0.002266
1133  -0.004235  -0.013423  0.000198
1134  -0.000205  0.012464  0.000155
1135  0.026314  -0.007266  0.000745
1136  -0.034160  -0.021735  0.001639
1137  -0.006571  0.030023  0.000945
1138  0.008784  0.019745  0.000467
1139  -0.031059  -0.013054  0.001135
1140  -0.009614  -0.043253  0.001963
1141  -0.013850  0.022384  0.000693
1142  0.003368  0.024649  0.000619
1143  0.035737  0.043679  0.003185
1144  0.046417  -0.014226  0.002357
1145  -0.014342  -0.010934  0.000325
1146  -0.012443  -0.015203  0.000386
1147  -0.018480  0.008229  0.000409
1148  -0.039099  0.003344  0.001540
1149  -0.000312  -0.012317  0.000152
1150  -0.053530  0.013450  0.003046
1151  0.017378  0.005170  0.000329
1152  0.035817  -0.006480  0.001325
1153  0.000502  0.014048  0.000198
1154  0.032538  0.013552  0.001242
1155  0.014796  0.001235  0.000220
1156  0.007339  0.015182  0.000284
1157  -0.030985  -0.000203  0.000960
1158  0.026966  -0.007231  0.000779
1159  -0.002100  0.017564  0.000313
1160  -0.008858  0.020300  0.000491
1161  0.008003  0.024294  0.000654
1162  -0.014225  0.009395  0.000291
1163  -0.013684  0.003897  0.000202
1164  0.018665  -0.016391  0.000617
1165  -0.036190  0.017220  0.001606
1166  0.016542  0.024236  0.000861
1167  -0.006044  -0.012181  0.000185
1168  0.013231  0.000607  0.000175
1169  -0.018013  0.031695  0.001329
1170  -0.004279  0.015308  0.000253
1171  -0.013469  -0.046172  0.002313
1172  0.034791  0.008439  0.001282
1173  -0.017034  0.007985  0.000354
1174  -0.021087  0.029352  0.001306
1175  -0.013431  -0.009739  0.000275
1176  -0.021052  0.017945  0.000765
1177  -0.022371  0.038834  0.002009
1178  -0.011805  -0.004052  0.000156
1179  -0.037345  0.021559  0.001859
1180  -0.028039  0.005049  0.000812
1181  -0.023845  -0.032512  0.001626
1182  0.024658  0.034552  0.001802
1183  0.005308  0.005359  0.000057
1184  0.011967  -0.009625  0.000236
1185  -0.011364  0.008217  0.000197
1186  0.007297  0.013757  0.000243
1187  -0.033261  -0.012300  0.001258
1188  -0.019815  0.010939  0.000512
1189  0.026231  0.001946  0.000692
1190  0.015521  -0.012241  0.000391
1191  0.015010  -0.007982  0.000289
1192  0.053380  -0.020761  0.003280
1193  0.011280  -0.015682  0.000373
1194  0.011834  -0.017940  0.000462
1195  0.005694  0.029038  0.000876
1196  -0.013534  0.034190  0.001352
1197  -0.002687  0.025290  0.000647
1198  -0.016731  -0.030503  0.001210
1199  -0.002287  0.013519  0.000188
1200  -0.033809  -0.017592  0.001453
1201  -0.012882  0.031467  0.001156
1202  -0.041462  -0.031374  0.002703
1203  0.055601  -0.014293  0.003296
1204  0.003154  0.009447  0.000099
1205  -0.033360  -0.002458  0.001119
1206  -0.021809  -0.001035  0.000477
1207  0.018644  0.020595  0.000772
1208  0.011615  -0.009139  0.000218
1209  -0.020465  0.027530  0.001177
1210  -0.002383  0.005439  0.000035
1211  0.006286  -0.044838  0.002050
1212  0.034117  0.001127  0.001165
1213  -0.029190  -0.004875  0.000876
1214  -0.031287  0.043323  0.002856
1215  0.003225  -0.020531  0.000432
1216  0.033339  0.017718  0.001425
1217  0.000061  -0.015896  0.000253
1218  -0.017231  -0.021200  0.000746
1219  0.001276  -0.011214  0.000127
1220  -0.010824  0.014393  0.000324
1221  -0.040580  -0.004088  0.001663
1222  -0.013325  0.027392  0.000928
1223  0.003493  -0.004433  0.000032
1224  0.003104  -0.004679  0.000032
1225  0.012127  0.004608  0.000168
1226  0.005979  0.015177  0.000266
1227  -0.033405  0.021530  0.001579
1228  0.015154  0.010726  0.000345
1229  -0.033209  -0.009114  0.001186
1230  -0.010265  0.008603  0.000179
1231  -0.031542  0.022360  0.001495
1232  -0.009910  0.013461  0.000279
1233  -0.054760  0.016127  0.003259
1234  0.009853  0.008839  0.000175
1235  0.001946  0.018621  0.000351
1236  -0.022812  0.009238  0.000606
1237  -0.027458  -0.041841  0.002505
1238  0.006925  -0.009374  0.000136
1239  -0.005215  -0.017521  0.000334
1240  0.011036  -0.024848  0.000739
1241  0.004312  0.019448  0.000397
1242  0.029338  -0.021818  0.001337
1243  -0.026538  -0.036397  0.002029
1244  -0.012806  0.004553  0.000185
1245  0.028717  -0.018866  0.001181
1246  0.027230  0.020160  0.001148
1247  0.019236  -0.008197  0.000437
1248  -0.003917  -0.001462  0.000017
1249  0.005093  -0.002788  0.000034
1250  -0.013697  -0.001499  0.000190
1251  -0.006273  0.022275  0.000536
1252  -0.010943  0.041429  0.001836
1253  -0.011876  -0.054524  0.003114
1254  -0.003341  0.028687  0.000834
1255  -0.018732  -0.024535  0.000953
1256  -0.017204  0.001219  0.000297
1257  0.011740  0.052885  0.002935
1258  0.032327  0.006813  0.001091
1259  -0.004682  0.000820  0.000023
1260  0.011858  -0.024702  0.000751
1261  0.017760  0.009366  0.000403
1262  0.007919  0.003286  0.000074
1263  0.000614  -0.022332  0.000499
1264  -0.034582  -0.016987  0.001484
1265  0.013135  -0.033888  0.001321
1266  -0.033287  0.008602  0.001182
1267  0.029114  0.024231  0.001435
1268  -0.017891  0.009746  0.000415
1269  -0.026937  -0.008118  0.000792
1270  -0.020927  0.015933  0.000692
1271  -0.011154  0.008819  0.000202
1272  -0.006901  0.010987  0.000168
1273  -0.005141  -0.024251  0.000615
1274  -0.034104  0.016544  0.001437
1275  0.021739  0.033918  0.001623
1276  -0.012616  0.023149  0.000695
1277  -0.030792  -0.008363  0.001018
1278  0.010772  0.025261  0.000754
1279  -0.041926  -0.011807  0.001897
1280  -0.001193  -0.012577  0.000160
1281  -0.012439  0.014786  0.000373
1282  0.023178  0.010246  0.000642
1283  0.014360  0.008041  0.000271
1284  -0.005984  -0.008857  0.000114
1285  -0.002916  0.018139  0.000338
1286  0.027984  -0.023715  0.001345
1287  0.017217  0.017954  0.000619
1288  0.012595  -0.002807  0.000167
1289  0.013833  0.022795  0.000711
1290  0.002383  -0.008689  0.000081
1291  -0.027207  0.010339  0.000847
1292  0.020193  0.008983  0.000488
1293  -0.000828  -0.004557  0.000021
1294  0.006584  0.065215  0.004296
1295  -0.013313  0.030143  0.001086
1296  -0.008244  0.033296  0.001177
1297  0.009405  0.033026  0.001179
1298  -0.075156  0.026797  0.006367
1299  -0.063654  0.002204  0.004057
1300  -0.017080  0.022818  0.000812
1301  -0.036652  -0.010564  0.001455
1302  0.017734  0.047417  0.002563
1303  -0.011068  0.012552  0.000280
1304  -0.034805  0.041563  0.002939
1305  0.011596  0.021623  0.000602
1306  -0.004795  0.020486  0.000443
1307  0.024359  0.056386  0.003773
1308  0.020987  -0.000575  0.000441
1309  0.021988  -0.016617  0.000760
1310  0.006051  -0.021843  0.000514
1311  -0.037679  0.030088  0.002325
1312  -0.014833  -0.008917  0.000300
1313  0.011803  0.057849  0.003486
1314  -0.005706  0.029060  0.000877
1315  -0.011974  0.000982  0.000144
1316  0.012508  -0.020106  0.000561
1317  0.010081  0.001265  0.000103
1318  0.020133  0.011788  0.000544
1319  -0.014877  -0.016310  0.000487
1320  0.013544  0.035341  0.001432
1321  -0.034799  0.021674  0.001681
1322  -0.017025  0.004062  0.000306
1323  -0.016835  0.000706  0.000284
1324  -0.002938  -0.029928  0.000904
1325  -0.030582  -0.023184  0.001473
1326  0.029736  0.017826  0.001202
1327  -0.000496  0.042520  0.001808
1328  -0.006839  0.026999  0.000776
1329  -0.005680  -0.003882  0.000047
1330  -0.009046  0.028779  0.000910
1331  -0.025587  0.007271  0.000708
1332  0.043335  0.005902  0.001913
1333  -0.006467  0.019128  0.000408
1334  0.011244  -0.035319  0.001374
1335  0.000448  -0.011833  0.000140
1336  -0.025054  0.025884  0.001298
1337  -0.028120  -0.000593  0.000791
1338  -0.032139  -0.022155  0.001524
1339  -0.001773  0.025278  0.000642
1340  -0.030473  -0.018888  0.001285
1341  -0.006443  0.052863  0.002836
1342  -0.031692  -0.012040  0.001149
1343  0.002538  0.023348  0.000552
1344  0.019619  -0.018679  0.000734
1345  -0.002873  0.021943  0.000490
1346  0.004818  -0.039379  0.001574
1347  -0.002772  0.007933  0.000071
1348  0.010834  -0.036157  0.001425
1349  -0.019407  0.033640  0.001508
1350  -0.006079  0.018048  0.000363
1351  0.002931  -0.048318  0.002343
1352  0.019434  -0.000187  0.000378
1353  -0.014731  0.009053  0.000299
1354  -0.011898  -0.005367  0.000170
1355  0.010614  0.023449  0.000663
1356  0.005994  0.017915  0.000357
1357  -0.050143  0.002820  0.002522
1358  -0.038214  -0.009616  0.001553
1359  -0.026133  0.029792  0.001570
1360  0.020775  0.034892  0.001649
1361  -0.028087  -0.008179  0.000856
1362  -0.032047  0.003165  0.001037
1363  -0.020632  -0.036664  0.001770
1364  -0.023029  -0.009846  0.000627
1365  0.019134  -0.034427  0.001551
1366  0.014138  -0.015109  0.000428
1367  -0.023741  0.016139  0.000824
1368  -0.024873  -0.037920  0.002057
1369  -0.028904  0.021315  0.001290
1370  0.021858  -0.000367  0.000478
1371  -0.018231  0.015696  0.000579
1372  -0.032004  -0.000081  0.001024
1373  0.021838  -0.005284  0.000505
1374  -0.018328  -0.015523  0.000577
1375  -0.026257  0.021359  0.001146
1376  -0.039718  -0.010722  0.001692
1377  -0.001218  0.030301  0.000920
1378  0.026064  -0.001750  0.000682
1379  0.000922  -0.002983  0.000010
1380  0.014094  -0.038036  0.001645
1381  -0.020203  -0.001512  0.000410
1382  -0.024697  0.007713  0.000669
1383  0.024316  0.020965  0.001031
1384  0.024918  0.003257  0.000632
1385  0.050323  -0.018846  0.002888
1386  0.010109  0.013761  0.000292
1387  -0.024378  -0.046106  0.002720
1388  -0.014979  -0.028930  0.001061
1389  0.005108  -0.007683  0.000085
1390  -0.018188  -0.038490  0.001812
1391  -0.023398  0.020107  0.000952
1392  0.029453  0.030856  0.001820
1393  0.038466  -0.007111  0.001530
1394  -0.029454  -0.014687  0.001083
1395  0.002993  0.004070  0.000026
1396  0.017942  0.035212  0.001562
1397  -0.012249  -0.013653  0.000336
1398  -0.011922  0.001444  0.000144
1399  0.001465  0.003446  0.000014
1400  -0.022229  0.033799  0.001637
1401  -0.020334  -0.027105  0.001148
1402  0.017411  -0.000289  0.000303
1403  -0.011704  0.035974  0.001431
1404  0.041047  0.022073  0.002172
1405  -0.013352  -0.042789  0.002009
1406  0.039494  -0.017127  0.001853
1407  -0.028329  -0.041203  0.002500
1408  -0.004863  -0.027919  0.000803
1409  -0.001468  -0.020140  0.000408
1410  -0.010381  -0.031688  0.001112
1411  -0.000936  -0.003882  0.000016
1412  -0.048145  0.006127  0.002355
1413  -0.038494  -0.033578  0.002609
1414  -0.024357  0.043597  0.002494
1415  0.020507  0.008614  0.000495
1416  -0.026150  0.029071  0.001529
1417  0.001154  0.011789  0.000140
1418  0.013419  0.000857  0.000181
1419  -0.013095  0.005711  0.000204
1420  -0.009873  -0.027021  0.000828
1421  -0.052227  0.001017  0.002729
1422  0.005320  -0.027248  0.000771
1423  0.023418  0.029582  0.001424
1424  0.010700  -0.020465  0.000533
1425  -0.052964  -0.043433  0.004692
1426  -0.010717  0.022643  0.000628
1427  -0.003247  0.010337  0.000117
1428  -0.009977  0.012678  0.000260
1429  -0.005702  0.045981  0.002147
1430  -0.007899  -0.026812  0.000781
1431  -0.035329  -0.005110  0.001274
1432  0.009575  -0.007767  0.000152
1433  -0.038915  0.045212  0.003558
1434  0.025307  -0.014188  0.000842
1435  -0.023397  0.011946  0.000690
1436  -0.022317  -0.011130  0.000622
1437  0.020233  -0.029209  0.001263
1438  0.008978  0.009359  0.000168
1439  -0.016370  -0.014713  0.000484
1440  -0.024880  -0.006949  0.000667
1441  -0.037200  0.008597  0.001458
1442  -0.000122  0.008615  0.000074
1443  0.007965  0.032344  0.001110
1444  -0.025498  0.025301  0.001290
1445  0.027635  -0.003230  0.000774
1446  0.005140  0.022429  0.000529
1447  0.003362  0.019022  0.000373
1448  -0.046278  -0.023400  0.002689
1449  -0.007901  0.023098  0.000596
1450  0.021478  0.010744  0.000577
1451  0.011818  -0.019566  0.000522
1452  -0.035722  -0.003452  0.001288
1453  -0.003991  -0.007581  0.000073
1454  0.019202  -0.004226  0.000387
1455  -0.057653  -0.031849  0.004338
1456  -0.039993  0.026515  0.002302
1457  0.040424  -0.017065  0.001925
1458  -0.048155  -0.016746  0.002599
1459  -0.037662  0.048082  0.003730
1460  0.029989  -0.027238  0.001641
1461  -0.042118  0.013544  0.001957
1462  -0.003207  0.019207  0.000379
1463  -0.028748  0.014249  0.001029
1464  -0.049925  -0.015867  0.002744
1465  0.046189  0.026055  0.002812
1466  0.004058  0.027092  0.000750
1467  -0.025360  -0.029968  0.001541
1468  0.016284  -0.006858  0.000312
1469  0.000522  0.017011  0.000290
1470  -0.017388  -0.003535  0.000315
1471  0.020166  -0.007218  0.000459
1472  -0.006226  -0.031281  0.001017
1473  -0.005043  0.001314  0.000027
1474  0.013952  -0.031905  0.001213
1475  -0.003755  0.030946  0.000972
1476  0.013906  0.025547  0.000846
1477  0.035538  0.025538  0.001915
1478  -0.028386  -0.000392  0.000806
1479  -0.031992  -0.009296  0.001110
1480  -0.021066  -0.007549  0.000501
1481  0.003642  0.028023  0.000799
1482  0.026785  -0.005382  0.000746
1483  0.014063  0.004146  0.000215
1484  -0.014891  -0.040295  0.001845
1485  -0.023761  0.031812  0.001577
1486  0.044724  -0.016258  0.002265
1487  -0.008718  -0.044288  0.002037
1488  0.063219  0.029568  0.004871
1489  -0.002249  0.022467  0.000510
1490  -0.000217  0.026628  0.000709
1491  -0.032139  -0.036155  0.002340
1492  -0.004706  -0.009784  0.000118
1493  -0.010637  0.003840  0.000128
1494  -0.044331  0.029513  0.002836
1495  -0.004565  -0.017425  0.000324
1496  0.013044  -0.002171  0.000175
1497  0.026694  0.002881  0.000721
1498  -0.004124  0.052570  0.002781
1499  0.050803  0.006832  0.002628
1500  0.060537  -0.003171  0.003675
1501  -0.011535  -0.004841  0.000156
1502  -0.002948  0.019168  0.000376
1503  -0.001037  0.003532  0.000014
1504  0.008907  0.010588  0.000191
1505  -0.004423  -0.007854  0.000081
1506  0.031098  0.033304  0.002076
1507  0.026717  0.015812  0.000964
1508  0.020684  0.007956  0.000491
1509  0.010060  0.040198  0.001717
1510  0.009133  0.011445  0.000214
1511  0.030643  0.004399  0.000958
1512  0.010178  0.030717  0.001047
1513  0.025599  -0.005247  0.000683
1514  0.007844  0.009150  0.000145
1515  -0.000245  -0.057470  0.003303
1516  0.011665  0.013070  0.000307
1517  -0.028343  -0.025320  0.001444
1518  0.008893  0.010658  0.000193
1519  -0.020013  -0.010479  0.000510
1520  -0.020406  -0.020527  0.000838
1521  0.048523  0.026095  0.003035
1522  -0.031614  0.001717  0.001002
1523  0.034663  -0.022440  0.001705
1524  0.002050  0.008034  0.000069
1525  -0.013490  0.024226  0.000769
1526  0.023824  -0.030037  0.001470
1527  0.039287  0.051171  0.004162
1528  -0.002532  0.040244  0.001626
1529  0.024408  -0.004001  0.000612
1530  0.002274  -0.004979  0.000030
1531  -0.030009  0.000832  0.000901
1532  -0.007542  0.044961  0.002078
1533  0.077750  0.025945  0.006718
1534  0.014297  -0.020944  0.000643
1535  0.018033  -0.043718  0.002236
1536  -0.000484  -0.003214  0.000011
1537  -0.026691  0.008075  0.000778
1538  0.005508  0.030475  0.000959
1539  -0.041958  0.041423  0.003476
1540  0.039153  -0.017182  0.001828
1541  -0.037427  0.011528  0.001534
1542  0.009623  0.014482  0.000302
1543  0.033919  -0.002440  0.001156
1544  -0.004219  -0.034078  0.001179
1545  0.032122  0.010344  0.001139
1546  -0.034826  0.007746  0.001273
1547  -0.048428  -0.018420  0.002685
1548  -0.004024  0.004325  0.000035
1549  0.018232  0.001697  0.000335
1550  -0.022046  -0.018757  0.000838
1551  0.018412  -0.027219  0.001080
1552  0.028919  0.025498  0.001486
1553  -0.025504  0.059829  0.004230
1554  0.003078  -0.026517  0.000713
1555  0.014682  0.005495  0.000246
1556  -0.023964  -0.018756  0.000926
1557  -0.009728  -0.015981  0.000350
1558  0.007714  0.054161  0.002993
1559  -0.007129  -0.016882  0.000336
1560  -0.013041  -0.001951  0.000174
1561  -0.045451  0.005375  0.002095
1562  -0.047195  0.026534  0.002931
1563  0.015308  0.045965  0.002347
1564  -0.024128  0.017470  0.000887
1565  -0.010149  0.013218  0.000278
1566  0.009544  0.004370  0.000110
1567  -0.017348  0.009602  0.000393
1568  -0.010983  0.018843  0.000476
1569  -0.021772  0.041743  0.002217
1570  0.034727  0.001791  0.001209
1571  -0.017390  0.017931  0.000624
1572  0.013292  0.026102  0.000858
1573  -0.012798  -0.015400  0.000401
1574  -0.048066  0.026646  0.003020
1575  -0.001534  0.017795  0.000319
1576  0.064483  0.028376  0.004963
1577  -0.038505  0.006689  0.001527
1578  -0.032596  -0.034483  0.002252
1579  -0.052172  -0.009398  0.002810
1580  -0.049040  0.023871  0.002975
1581  -0.028139  -0.026651  0.001502
1582  0.013450  -0.003793  0.000195
1583  0.031008  -0.017103  0.001254
1584  -0.004866  0.015895  0.000276
1585  -0.013840  0.004035  0.000208
1586  -0.003087  0.023140  0.000545
1587  -0.017328  0.027983  0.001083
1588  0.013197  0.010365  0.000282
1589  0.028121  0.016487  0.001063
1590  0.013717  -0.005374  0.000217
1591  -0.036398  -0.024745  0.001937
1592  -0.006532  0.027715  0.000811
1593  -0.028064  -0.008137  0.000854
1594  0.029304  0.001811  0.000862
1595  0.029920  0.036890  0.002256
1596  -0.000467  0.003411  0.000012
1597  -0.007105  -0.007604  0.000108
1598  -0.052518  0.038215  0.004219
1599  0.008271  0.010616  0.000181
1600  -0.017238  0.010892  0.000416
1601  0.021263  0.009214  0.000537
1602  0.043288  0.022443  0.002378
1603  0.029548  -0.031770  0.001882
1604  -0.063169  0.027068  0.004723
1605  -0.010587  0.022814  0.000633
1606  -0.000687  0.026858  0.000722
1607  0.006510  -0.007850  0.000104
1608  0.034123  -0.033808  0.002307
1609  0.012792  0.032642  0.001229
1610  -0.034108  -0.025672  0.001822
1611  0.010716  0.053856  0.003015
1612  -0.004716  0.062540  0.003934
1613  -0.009221  -0.003700  0.000099
1614  0.020283  -0.001719  0.000414
1615  0.006317  -0.020524  0.000461
1616  -0.012194  0.012263  0.000299
1617  0.057393  0.026988  0.004022
1618  -0.016692  -0.008774  0.000356
1619  -0.010578  -0.008528  0.000185
1620  -0.007645  -0.037297  0.001449
1621  -0.011883  0.047953  0.002441
1622  -0.017198  -0.003890  0.000311
1623  -0.001464  -0.012094  0.000148
1624  -0.030237  0.013867  0.001107
1625  0.000007  0.047338  0.002241
1626  0.010576  0.021394  0.000570
1627  0.027695  0.031072  0.001732
1628  0.001536  0.002647  0.000009
1629  -0.056720  -0.048249  0.005545
1630  -0.047253  -0.002762  0.002240
1631  0.004209  0.018959  0.000377
1632  -0.003727  -0.010604  0.000126
1633  -0.056622  0.034183  0.004375
1634  0.003445  0.033908  0.001162
1635  -0.005635  -0.011042  0.000154
1636  0.060786  -0.022757  0.004213
1637  -0.033177  0.024277  0.001690
1638  0.000605  -0.002489  0.000007
1639  -0.021727  -0.004748  0.000495
1640  -0.017188  0.011820  0.000435
1641  0.014418  0.050039  0.002712
1642  -0.006713  0.033977  0.001199
1643  -0.024571  -0.012351  0.000756
1644  -0.033699  -0.017839  0.001454
1645  0.005914  0.004600  0.000056
1646  -0.001118  -0.001718  0.000004
1647  -0.025709  -0.042969  0.002507
1648  -0.033522  0.007209  0.001176
1649  -0.005754  0.019523  0.000414
1650  -0.013937  -0.011179  0.000319
1651  0.025638  0.014775  0.000876
1652  0.009957  0.022422  0.000602
1653  -0.021838  0.010125  0.000579
1654  0.002798  0.011112  0.000131
1655  0.063114  0.031264  0.004961
1656  0.008588  0.014366  0.000280
1657  0.019914  0.024449  0.000994
1658  0.020782  -0.006878  0.000479
1659  0.003246  0.012584  0.000169
1660  0.025062  -0.039043  0.002152
1661  0.005175  -0.030749  0.000972
1662  -0.020434  0.046533  0.002583
1663  -0.017775  -0.011783  0.000455
1664  -0.014986  -0.032756  0.001298
1665  0.006708  0.031673  0.001048
1666  -0.041640  -0.016280  0.001999
1667  0.045266  0.029546  0.002922
1668  -0.082953  0.061834  0.010705
1669  -0.024418  -0.025194  0.001231
1670  -0.013333  0.007083  0.000228
1671  -0.035796  0.076779  0.007176
1672  -0.026981  0.013521  0.000911
1673  0.046350  0.012894  0.002315
1674  -0.035093  0.032778  0.002306
1675  -0.020692  0.029089  0.001274
1676  0.024559  0.051798  0.003286
1677  0.012290  0.005994  0.000187
1678  0.051194  -0.057923  0.005976
1679  -0.024525  -0.002531  0.000608
1680  -0.025788  0.084162  0.007748
1681  0.070453  0.061172  0.008706
1682  -0.037947  0.036379  0.002763
1683  0.014001  -0.021676  0.000666
1684  -0.047823  0.058028  0.005654
1685  0.011168  -0.021810  0.000600
1686  0.037925  -0.026542  0.002143
1687  -0.061459  0.043947  0.005709
1688  -0.022037  0.031107  0.001453
1689  -0.008152  0.007414  0.000121
1690  -0.051117  0.000360  0.002613
1691  -0.005044  -0.014468  0.000235
1692  -0.037947  0.024269  0.002029
1693  -0.053932  -0.017618  0.003219
1694  -0.021773  0.015897  0.000727
1695  -0.038075  0.009202  0.001534
1696  -0.029856  0.041690  0.002629
1697  0.034356  0.054789  0.004182
1698  0.031766  0.021881  0.001488
1699  -0.026028  -0.013810  0.000868
1700  -0.013006  0.003864  0.000184
1701  -0.017066  0.011310  0.000419
1702  -0.003068  -0.014176  0.000210
1703  -0.038097  -0.004936  0.001476
1704  -0.001957  -0.048668  0.002372
1705  0.038270  0.015441  0.001703
1706  -0.006114  -0.009511  0.000128
1707  -0.002875  0.001909  0.000012
1708  -0.001310  0.029457  0.000869
1709  -0.027850  0.042941  0.002619
1710  -0.043334  0.022653  0.002391
1711  0.011657  0.026212  0.000823
1712  0.033651  0.021582  0.001598
1713  -0.014984  -0.033246  0.001330
1714  -0.034215  -0.006605  0.001214
1715  -0.007232  0.048663  0.002420
1716  0.035407  -0.028541  0.002068
1717  0.016318  0.001409  0.000268
1718  0.025292  -0.042013  0.002405
1719  -0.009251  -0.013215  0.000260
1720  -0.044891  -0.088103  0.009777
1721  -0.056567  -0.007854  0.003261
1722  0.077432  -0.028246  0.006794
1723  0.029645  -0.008651  0.000954
1724  0.058520  -0.018482  0.003766
1725  -0.032304  0.008199  0.001111
1726  -0.018759  0.004377  0.000371
1727  -0.023166  -0.040947  0.002213
1728  -0.033876  -0.000148  0.001148
1729  -0.015067  0.000690  0.000227
1730  -0.012411  -0.068413  0.004834
1731  0.058053  0.015470  0.003609
1732  -0.040445  -0.025951  0.002309
1733  -0.071932  0.092002  0.013639
1734  -0.008374  0.006179  0.000108
1735  -0.023279  0.016443  0.000812
1736  0.012180  0.046960  0.002354
1737  0.033394  -0.035971  0.002409
1738  -0.025569  -0.018635  0.001001
1739  0.012087  0.045398  0.002207
1740  -0.009319  -0.001603  0.000089
1741  0.016109  -0.012217  0.000409
1742  -0.010468  0.019360  0.000484
1743  -0.028888  0.001732  0.000838
1744  0.035834  -0.004623  0.001305
1745  0.020084  0.017290  0.000702
1746  -0.011129  0.040830  0.001791
1747  0.055223  -0.013098  0.003221
1748  -0.019214  -0.003656  0.000383
1749  0.040115  -0.053924  0.004517
1750  0.074176  0.010731  0.005617
1751  0.015937  0.049979  0.002752
1752  -0.056478  0.004674  0.003212
1753  -0.014868  -0.000706  0.000222
1754  0.010838  0.039685  0.001692
1755  0.034559  -0.026394  0.001891
1756  -0.047031  0.010285  0.002318
1757  0.029367  -0.019911  0.001259
1758  -0.037794  -0.005046  0.001454
1759  -0.024932  0.032306  0.001665
1760  -0.021839  0.018156  0.000807
1761  -0.015134  -0.039598  0.001797
1762  -0.087929  0.027453  0.008485
1763  0.036354  0.021965  0.001804
1764  -0.024500  -0.050962  0.003197
1765  0.038626  0.005390  0.001521
1766  0.007306  0.030309  0.000972
1767  -0.021376  -0.012214  0.000606
1768  0.051723  0.062107  0.006533
1769  -0.025939  0.002525  0.000679
1770  0.028994  -0.010550  0.000952
1771  -0.017342  -0.011969  0.000444
1772  0.021456  0.008331  0.000530
1773  -0.067798  0.036830  0.005953
1774  -0.047455  0.033108  0.003348
1775  -0.031934  0.111243  0.013395
1776  -0.020586  0.096893  0.009812
1777  -0.029588  0.049257  0.003302
1778  0.042252  0.015138  0.002014
1779  -0.005384  -0.003670  0.000042
1780  0.003301  0.029234  0.000865
1781  0.022570  0.070244  0.005444
1782  -0.087212  0.025178  0.008240
1783  -0.038360  0.022100  0.001960
1784  -0.009160  0.006463  0.000126
1785  0.067866  0.053333  0.007450
1786  -0.059543  0.024065  0.004124
1787  0.004532  0.052464  0.002773
1788  -0.001111  0.017172  0.000296
1789  0.009790  -0.055681  0.003196
1790  0.007644  0.060918  0.003769
1791  0.044441  -0.023109  0.002509
1792  0.119828  0.042882  0.016198
1793  0.046411  -0.034580  0.003350
1794  -0.017039  -0.030498  0.001220
1795  -0.001333  -0.040202  0.001618
1796  -0.001274  0.030149  0.000911
1797  0.143855  0.012331  0.020846
1798  0.081448  0.011630  0.006769
1799  -0.042472  0.072685  0.007087
1800  -0.015507  0.007200  0.000292
1801  -0.134996  -0.007196  0.018276
1802  -0.020913  0.014411  0.000645
1803  -0.038479  0.056839  0.004711
1804  0.019435  0.020015  0.000778
1805  0.077477  0.026055  0.006681
1806  0.042310  0.013186  0.001964
1807  -0.088828  0.004746  0.007913
1808  0.011640  -0.080474  0.006612
1809  0.001008  -0.022547  0.000509
1810  0.011139  0.030006  0.001024
1811  -0.059312  -0.006648  0.003562
1812  -0.061049  -0.073734  0.009164
1813  -0.004614  0.042731  0.001847
1814  0.004109  0.001880  0.000020
1815  -0.040380  -0.110990  0.013949
1816  -0.019881  -0.046384  0.002547
1817  0.063020  0.042070  0.005741
1818  0.067290  -0.082096  0.011268
1819  -0.041396  0.031947  0.002734
1820  0.030873  0.020789  0.001385
1821  -0.054466  0.000599  0.002967
1822  -0.024522  -0.004376  0.000620
1823  -0.002597  -0.069389  0.004822
1824  -0.012637  -0.008712  0.000236
1825  -0.065422  0.020442  0.004698
1826  0.002818  0.039905  0.001600
1827  0.055811  -0.025737  0.003777
1828  0.019760  -0.042026  0.002157
1829  -0.054014  0.004741  0.002940
1830  -0.051736  0.085814  0.010041
1831  -0.007178  -0.081128  0.006633
1832  0.138412  0.079861  0.025536
1833  -0.030729  -0.160765  0.026790
1834  0.028273  0.029549  0.001673
1835  0.096503  -0.078104  0.015413
1836  -0.044654  -0.076117  0.007788
1837  -0.021053  -0.004221  0.000461
1838  -0.034063  0.043087  0.003017
1839  0.075673  0.076650  0.011602
1840  0.041614  -0.056916  0.004971
1841  0.048136  -0.050663  0.004884
1842  0.037202  -0.044505  0.003365
1843  -0.041970  -0.059884  0.005348
1844  -0.151450  -0.031738  0.023944
1845  0.007087  0.015588  0.000293
1846  -0.041547  0.040190  0.003341
1847  0.050668  -0.093483  0.011306
1848  0.012210  0.116017  0.013609
1849  0.022440  0.064635  0.004681
1850  0.050472  -0.010015  0.002648
1851  0.095446  0.039665  0.010683
1852  -0.024430  0.091852  0.009034
1853  -0.008054  0.064496  0.004225
1854  -0.062280  0.063000  0.007848
1855  -0.061827  0.058913  0.007293
1856  0.019737  -0.023779  0.000955
1857  -0.054233  0.126803  0.019020
1858  0.010803  0.005052  0.000142
1859  0.005369  0.025804  0.000695
1860  0.097367  -0.012034  0.009625
1861  -0.102075  -0.043676  0.012327
1862  -0.013242  0.065986  0.004529
1863  -0.093313  0.058360  0.012113
1864  0.020366  0.005272  0.000443
1865  -0.131380  0.139588  0.036745
1866  0.003640  -0.053553  0.002881
1867  0.033964  0.185708  0.035641
1868  0.073853  0.017686  0.005767
1869  0.044909  0.082158  0.008767
1870  0.011053  0.081354  0.006741
1871  0.103140  0.061494  0.014419
1872  -0.169309  0.162529  0.055081
1873  -0.132147  -0.002591  0.017469
1874  0.081067  -0.055151  0.009613
1875  -0.067959  -0.027634  0.005382
1876  -0.023957  0.110170  0.012711
1877  -0.000094  0.056590  0.003202
1878  -0.096780  0.064797  0.013565
1879  -0.114033  0.131243  0.030228
1880  -0.032028  0.204869  0.042997
1881  -0.017918  0.022031  0.000806
1882  -0.010749  0.023006  0.000645
1883  -0.007426  -0.019017  0.000417
1884  -0.068932  0.054086  0.007677
1885  -0.199457  0.041122  0.041474
1886  -0.011413  0.068949  0.004884
1887  -0.013561  0.062597  0.004102
1888  0.093669  0.160343  0.034484
1889  -0.036512  -0.028273  0.002132
1890  -0.249107  0.011062  0.062177
1891  0.112912  -0.019319  0.013122
1892  0.000383  0.020833  0.000434
1893  0.042043  -0.117615  0.015601
1894  0.061590  0.015934  0.004047
1895  -0.011287  0.103384  0.010816
1896  -0.002872  0.008213  0.000076
1897  0.052392  0.010872  0.002863
1898  0.031281  -0.021124  0.001425
1899  -0.016734  0.012874  0.000446
1900  0.088604  -0.083296  0.014789
1901  0.025112  0.073190  0.005987
1902  0.029509  -0.028839  0.001702
1903  0.102764  0.153952  0.034262
1904  -0.019896  0.055903  0.003521
1905  -0.016935  -0.004003  0.000303
1906  -0.057115  0.201674  0.043934
1907  -0.178806  0.062459  0.035873
1908  -0.012323  -0.051792  0.002834
1909  0.145729  -0.113077  0.034023
1910  0.019175  0.092748  0.008970
1911  0.064166  0.002880  0.004126
1912  0.144610  0.094542  0.029850
1913  0.186099  -0.003578  0.034646
1914  -0.082525  0.158622  0.031971
1915  -0.194840  0.013032  0.038132
1916  -0.035012  -0.019417  0.001603
1917  0.030837  -0.049054  0.003357
1918  -0.086120  -0.070400  0.012373
1919  0.030208  -0.147995  0.022815
1920  0.194454  0.059568  0.041361
1921  -0.041201  -0.063572  0.005739
1922  0.187106  0.106634  0.046379
1923  0.112150  0.030740  0.013522
1924  -0.065041  0.025092  0.004860
1925  0.026406  0.114748  0.013864
1926  -0.128055  0.066585  0.020832
1927  0.020084  -0.055024  0.003431
1928  -0.034305  -0.001088  0.001178
1929  -0.046168  0.079749  0.008491
1930  -0.128612  -0.063945  0.020630
1931  -0.037460  0.298752  0.090656
1932  0.023870  -0.103172  0.011214
1933  -0.036379  0.150323  0.023920
1934  -0.109169  -0.175350  0.042666
1935  -0.069005  0.236293  0.060596
1936  0.173217  0.092981  0.038650
1937  -0.227680  0.159962  0.077426
1938  -0.017612  0.013909  0.000504
1939  -0.040321  -0.110892  0.013923
1940  0.025151  -0.013530  0.000816
1941  0.275248  0.077910  0.081831
1942  -0.009296  -0.281510  0.079334
1943  -0.067437  0.122188  0.019478
1944  0.097644  -0.144976  0.030552
1945  0.122118  0.131483  0.032201
1946  -0.013789  -0.017784  0.000506
1947  0.293602  0.234181  0.141043
1948  0.062239  -0.018016  0.004198
1949  -0.215237  0.242197  0.104986
1950  0.044549  -0.027259  0.002728
1951  0.100860  0.060037  0.013777
1952  -0.100192  -0.069823  0.014914
1953  -0.013829  0.213687  0.045854
1954  -0.242816  0.031106  0.059927
1955  0.076234  -0.163274  0.032470
1956  0.143340  -0.041595  0.022276
1957  0.211064  -0.160523  0.070316
1958  0.150912  0.338626  0.137442
1959  0.013302  -0.059564  0.003725
1960  -0.060160  0.122086  0.018524
1961  0.048068  0.013158  0.002484
1962  0.014609  0.266864  0.071430
1963  0.071406  -0.053070  0.007915
1964  0.228439  0.134468  0.070266
1965  0.289556  -0.219184  0.131885
1966  0.219179  0.144691  0.068975
1967  -0.046650  -0.080528  0.008661
1968  -0.050364  0.103571  0.013263
1969  0.085830  -0.136101  0.025890
1970  -0.084735  0.074968  0.012800
1971  -0.364653  0.303070  0.224823
1972  0.080361  0.136070  0.024973
1973  -0.043860  -0.074910  0.007535
1974  -0.123810  0.109265  0.027268
1975  0.151469  0.328611  0.130928
1976  -0.151285  0.149400  0.045208
1977  0.110576  0.026183  0.012913
1978  -0.285068  -0.298804  0.170548
1979  -0.179168  0.083873  0.039136
1980  -0.065023  -0.364914  0.137390
1981  0.110567  -0.089280  0.020196
1982  -0.046750  -0.188634  0.037768
1983  -0.137517  0.113006  0.031681
1984  0.109182  -0.076999  0.017850
1985  -0.315651  -0.303549  0.191778
1986  0.153733  0.028926  0.024471
1987  0.107609  0.234530  0.066584
1988  0.033193  0.101391  0.011382
1989  0.124546  -0.078949  0.021745
1990  0.258273  -0.088148  0.074475
1991  0.349296  0.202552  0.163035
1992  -0.103714  -0.000370  0.010757
1993  -0.201120  -0.200786  0.080765
1994  0.126035  0.210171  0.060057
1995  0.063781  0.319752  0.106309
1996  -0.112170  -0.242161  0.071224
1997  -0.209612  0.297462  0.132421
1998  -0.094666  0.063524  0.012997
1999  -0.238189  0.103376  0.067420
2000  -0.295508  0.039726  0.088903
2001  -0.069923  0.180138  0.037339
2002  0.071434  0.168709  0.033565
2003  0.047275  0.043358  0.004115
2004  0.191543  0.564921  0.355825
2005  -0.116359  0.373187  0.152808
2006  -0.140704  -0.462931  0.234103
2007  0.292421  -0.068983  0.090268
2008  -0.298930  0.622772  0.477204
2009  -0.188478  0.065364  0.039796
2010  0.340280  -0.097729  0.125341
2011  -0.230553  -0.241723  0.111585
2012  0.049027  0.209638  0.046352
2013  0.011962  -0.118774  0.014250
2014  0.216240  0.043826  0.048680
2015  -0.020402  -0.001482  0.000418
2016  0.162743  -0.120254  0.040946
2017  0.282963  -0.129167  0.096752
2018  -0.083840  0.187852  0.042317
2019  -0.085958  0.213137  0.052816
2020  -0.093876  0.003682  0.008826
2021  -0.088693  -0.171230  0.037186
2022  -0.027547  -0.065030  0.004988
2023  0.121189  -0.101595  0.025008
2024  0.342579  0.023294  0.117903
2025  -0.088669  -0.095961  0.017071
2026  0.075095  -0.137873  0.024648
2027  -0.032600  -0.157133  0.025754
2028  0.262178  0.195306  0.106882
2029  0.316494  0.189976  0.136259
2030  0.159941  -0.086704  0.033099
2031  0.011181  0.749515  0.561897
2032  -0.072425  0.097014  0.014657
2033  0.085597  -0.173356  0.037379
2034  0.070218  -0.097033  0.014346
2035  -0.027131  0.162852  0.027257
2036  -0.404806  -0.061958  0.167707
2037  -0.233782  -0.060646  0.058332
2038  0.105656  0.226318  0.062383
2039  -0.426613  0.509782  0.441876
2040  0.121965  0.184896  0.049062
2041  0.395224  -0.086311  0.163652
2042  -0.063566  -0.130838  0.021159
2043  0.325317  -0.068635  0.110542
2044  -0.134409  -0.092529  0.026628
2045  0.135745  0.257240  0.084599
2046  -0.164572  -0.059431  0.030616
2047  0.030278  0.293767  0.087216
