0  -0.200891  0.127502  0.056614
1  0.115366  -0.203950  0.054905
2  -0.029519  0.052649  0.003643
3  0.224049  -0.090657  0.058417
4  -0.077858  0.029892  0.006955
5  -0.123584  -0.333490  0.126489
6  0.059834  -0.077484  0.009584
7  0.213050  0.098439  0.055081
8  0.223460  -0.046463  0.052093
9  -0.272089  0.281450  0.153247
10  -0.312714  0.019243  0.098160
11  -0.286752  0.158127  0.107231
12  -0.181280  0.005049  0.032888
13  0.011629  0.060380  0.003781
14  -0.172025  -0.287923  0.112492
15  -0.336796  -0.174258  0.143797
16  0.082866  -0.005533  0.006897
17  0.052459  0.182458  0.036043
18  -0.322174  -0.320444  0.206480
19  0.180593  -0.259637  0.100025
20  -0.099683  0.288905  0.093403
21  0.098408  -0.135231  0.027971
22  -0.320381  0.455560  0.310179
23  -0.398635  -0.097958  0.168505
24  0.145958  0.357912  0.149405
25  -0.405017  0.023924  0.164611
26  0.345568  0.090209  0.127555
27  -0.273372  0.090952  0.083005
28  0.215149  -0.106194  0.057566
29  -0.093020  0.413782  0.179869
30  0.039227  -0.144225  0.022339
31  -0.240193  0.582275  0.396737
32  -0.100089  0.119442  0.024284
33  -0.164758  -0.091451  0.035509
34  -0.189499  0.032297  0.036953
35  0.144987  -0.220315  0.069560
36  -0.219491  0.202737  0.089278
37  -0.141990  -0.447294  0.220233
38  -0.089156  -0.554404  0.315313
39  0.093322  -0.223638  0.058723
40  0.194530  0.246163  0.098438
41  -0.144782  0.182373  0.054222
42  -0.442887  -0.119684  0.210474
43  -0.196351  0.069910  0.043441
44  0.119369  0.399959  0.174216
45  -0.009480  0.031151  0.001060
46  -0.051701  -0.266944  0.073932
47  0.243067  -0.086092  0.066493
48  0.136587  0.459193  0.229514
49  0.199286  -0.113198  0.052529
50  0.102783  -0.217857  0.058026
51  0.226966  0.136440  0.070129
52  0.294677  -0.221211  0.135768
53  0.141242  -0.344444  0.138591
54  -0.011874  0.527705  0.278613
55  0.102602  -0.028855  0.011360
56  -0.111525  -0.038148  0.013893
57  0.118854  0.235586  0.069627
58  -0.145674  0.423756  0.200790
59  -0.181440  -0.170302  0.061923
60  -0.089020  -0.115091  0.021171
61  0.016267  -0.050132  0.002778
62  -0.011871  0.226544  0.051463
63  0.147044  0.328581  0.129587
64  -0.432845  0.160169  0.213008
65  0.271672  -0.082950  0.080687
66  -0.276249  -0.297904  0.165060
67  -0.377896  -0.190833  0.179222
68  -0.318155  -0.022848  0.101745
69  0.078932  0.298967  0.095612
70  -0.094689  -0.251581  0.072259
71  -0.081467  -0.276919  0.083321
72  0.304943  0.078768  0.099195
73  0.055241  0.122931  0.018164
74  -0.221366  -0.628037  0.443433
75  0.334543  -0.482286  0.344519
76  0.532498  0.233929  0.338277
77  -0.678354  0.055533  0.463248
78  -0.032903  0.228817  0.053440
79  -0.031676  -0.294861  0.087946
80  -0.273504  0.327457  0.182032
81  0.257072  0.295873  0.153627
82  -0.386464  0.284530  0.230312
83  -0.263196  -0.178072  0.100982
84  0.488820  -0.091360  0.247291
85  -0.061255  -0.172281  0.033433
86  0.623168  0.183825  0.422130
87  0.302589  -0.155218  0.115653
88  -0.780889  -0.001005  0.609789
89  -0.227989  -0.414355  0.223669
90  -0.249424  0.757098  0.635409
91  -0.072602  0.288416  0.088455
92  0.237893  -0.224144  0.106833
93  0.314411  -0.039029  0.100378
94  0.521116  0.029671  0.272443
95  0.252752  0.720780  0.583408
96  0.722569  0.035131  0.523340
97  0.029950  -0.111207  0.013264
98  0.191899  -0.110348  0.049002
99  -0.548571  0.057507  0.304238
100  -0.406862  0.016587  0.165812
101  -0.243197  0.012760  0.059308
102  -0.463863  -0.465050  0.431440
103  0.546365  -0.539060  0.589101
104  -0.036680  -0.339171  0.116382
105  0.499324  0.053457  0.252182
106  0.089765  0.141424  0.028059
107  -0.249855  0.102733  0.072982
108  -0.075738  0.296223  0.093484
109  -0.105637  -0.042206  0.012941
110  -0.532374  -0.467132  0.501634
111  -0.461059  -0.639654  0.621732
112  -0.004871  -0.678208  0.459990
113  0.218357  -0.225213  0.098401
114  0.263800  -0.055055  0.072621
115  0.133384  0.371004  0.155435
116  -0.528858  0.182109  0.312855
117  0.187638  -0.422628  0.213823
118  -0.226387  -0.090956  0.059524
119  0.780411  0.135950  0.627524
120  0.355889  -0.031396  0.127643
121  0.149594  0.300150  0.112468
122  -0.034493  -0.020796  0.001622
123  -0.160579  -0.138176  0.044878
124  -0.295257  -0.086185  0.094604
125  -0.296837  -0.049313  0.090544
126  -0.266749  -0.207323  0.114138
127  0.274505  -0.218238  0.122981
128  0.046783  -0.590439  0.350807
129  -0.199420  0.251724  0.103133
130  -0.088680  -0.372332  0.146495
131  0.579159  -0.454793  0.542261
132  -0.377763  -0.053489  0.145566
133  -0.079349  0.082579  0.013116
134  0.146570  -0.109381  0.033447
135  0.089906  -0.023533  0.008637
136  -0.607630  -0.158381  0.394299
137  -0.418933  0.259732  0.242965
138  0.262771  0.580857  0.406444
139  -0.531426  -0.574295  0.612228
140  0.228417  0.164965  0.079388
141  -0.128145  0.627776  0.410524
142  -0.485394  0.139744  0.255136
143  0.205290  0.502675  0.294826
144  0.395559  0.186804  0.191363
145  0.193128  -0.219119  0.085312
146  0.638102  -0.012766  0.407337
147  -0.228576  -0.539041  0.342812
148  0.086224  0.692806  0.487415
149  -0.409448  0.260673  0.235598
150  -0.641570  0.162336  0.437965
151  -0.030236  0.239045  0.058057
152  0.379802  -0.390788  0.296965
153  -0.118440  -0.330923  0.123538
154  -0.296653  -0.445968  0.286891
155  0.816391  0.093701  0.675275
156  -0.830771  0.131939  0.707588
157  0.117229  -0.354193  0.139195
158  0.116009  -0.035559  0.014723
159  0.346876  -0.472484  0.343564
160  0.407299  0.158363  0.190971
161  -0.848677  0.615369  1.098932
162  0.504213  -0.549213  0.555866
163  -0.464202  0.746379  0.772565
164  -0.204738  0.340826  0.158080
165  0.406849  0.034255  0.166699
166  0.547937  0.359878  0.429747
167  0.654659  -0.969904  1.369292
168  0.113274  0.039441  0.014387
169  -0.474120  -0.053234  0.227623
170  -0.273580  -0.896906  0.879286
171  0.142533  -0.416770  0.194013
172  0.065528  0.334290  0.116044
173  0.022028  0.377739  0.143172
174  -0.348828  0.312081  0.219076
175  0.306674  -0.301781  0.185121
176  -0.666621  0.501537  0.695922
177  -0.223683  -0.386933  0.199752
178  0.213432  0.104426  0.056458
179  0.274273  0.492309  0.317594
180  0.684926  0.133805  0.487027
181  0.219791  -0.384312  0.196004
182  -0.112615  0.356526  0.139793
183  -0.467320  0.164374  0.245407
184  0.093585  -0.044570  0.010745
185  0.451986  -0.334679  0.316302
186  -0.618427  -0.598340  0.740462
187  -0.302745  0.096760  0.101017
188  -0.166742  -0.246083  0.088360
189  0.297279  -0.625880  0.480100
190  -0.566178  -0.063235  0.324556
191  0.445386  -0.624133  0.587911
192  0.696556  -0.367068  0.619929
193  -0.512591  0.453045  0.467998
194  -0.025495  0.161450  0.026716
195  0.521216  -0.091663  0.280068
196  -0.026644  -0.488072  0.238924
197  -0.254288  0.776259  0.667240
198  -0.392655  -0.234738  0.209280
199  0.422931  -0.509175  0.438130
200  -0.185606  0.438596  0.226816
201  -0.343507  -0.000481  0.117997
202  -0.076767  -0.297949  0.094667
203  0.220286  0.516221  0.315010
204  -0.385637  -0.603559  0.512999
205  0.260655  -0.000918  0.067942
206  -0.679248  -0.381139  0.606644
207  -0.172665  0.269180  0.102271
208  0.309197  -0.349905  0.218036
209  -0.097333  1.127434  1.280580
210  -0.127930  -0.005160  0.016393
211  0.772763  0.169309  0.625827
212  -0.585419  -0.206522  0.385367
213  -0.163819  0.076341  0.032665
214  0.234965  -0.085913  0.062590
215  -0.774372  -0.063140  0.603639
216  -0.471922  -0.304560  0.315467
217  -0.440814  0.128049  0.210713
218  -0.113061  -0.151480  0.035729
219  0.350006  0.305970  0.216122
220  0.400444  0.059717  0.163922
221  -0.314296  0.021229  0.099233
222  -0.055891  0.899669  0.812528
223  0.000862  -0.784079  0.614780
224  -0.291981  0.056190  0.088410
225  0.046606  0.881920  0.779955
226  0.953735  -0.448742  1.110980
227  -0.079005  -0.290418  0.090584
228  0.425859  0.573483  0.510239
229  0.358271  0.552042  0.433108
230  0.254647  -0.359245  0.193902
231  0.185130  0.696355  0.519184
232  0.428812  -0.043757  0.185794
233  -0.231521  0.594950  0.407567
234  0.024093  0.482617  0.233500
235  -0.227606  -0.038382  0.053278
236  -0.222397  -0.314364  0.148285
237  -0.051507  -0.217779  0.050081
238  -0.103696  -0.398716  0.169727
239  -0.619171  0.103527  0.394091
240  -0.581859  -0.385565  0.487221
241  -0.132286  0.130021  0.034405
242  -0.311577  -0.002991  0.097089
243  0.228207  0.215060  0.098330
244  -0.194251  -0.142027  0.057905
245  -0.043516  -0.031419  0.002881
246  0.057957  -0.763622  0.586478
247  0.395523  -0.226819  0.207885
248  -0.243934  0.426149  0.241107
249  0.586658  0.153745  0.367805
250  -0.565491  0.238961  0.376883
251  1.024010  -0.070642  1.053586
252  -0.011571  -0.213437  0.045689
253  0.037024  -0.040837  0.003038
254  0.510075  0.120723  0.274751
255  0.032776  -0.121319  0.015792
256  0.826145  0.449363  0.884443
257  0.828906  -0.941762  1.574001
258  0.483315  0.140985  0.253470
259  -0.439800  -0.611715  0.567619
260  0.059644  -0.044424  0.005531
261  -0.191704  -0.188958  0.072455
262  -0.065324  0.127593  0.020547
263  0.126045  -0.094021  0.024727
264  0.241128  0.583397  0.398495
265  -0.367487  0.590633  0.483894
266  0.444033  0.079261  0.203448
267  -0.328409  -0.719281  0.625218
268  0.385227  -0.170548  0.177487
269  -0.111190  -0.222535  0.061885
270  -0.440692  -0.840030  0.899859
271  -0.199737  -0.161462  0.065965
272  0.095329  -0.143838  0.029777
273  -0.765616  0.093496  0.594910
274  -0.488684  -0.009952  0.238911
275  -0.828019  0.208653  0.729151
276  -0.376888  0.104448  0.152954
277  0.193948  0.230548  0.090768
278  0.799797  0.054431  0.642639
279  -0.518478  -0.610827  0.641929
280  -0.231506  -0.192293  0.090571
281  1.028647  -0.013260  1.058290
282  -0.185435  -0.135377  0.052713
283  -0.423380  0.216041  0.225924
284  -0.284936  -0.372052  0.219612
285  0.830088  0.625419  1.080194
286  -0.141816  -0.323228  0.124588
287  -0.338665  -0.199486  0.154488
288  -0.946609  -0.025134  0.896701
289  0.043104  0.295345  0.089086
290  -0.525902  -0.611835  0.650915
291  0.139313  0.215608  0.065895
292  0.449168  0.129616  0.218552
293  0.491994  0.620477  0.627049
294  0.144352  0.017513  0.021144
295  -0.160608  0.424663  0.206134
296  0.458410  -0.142932  0.230569
297  0.273048  0.449021  0.276175
298  0.020020  -0.159688  0.025901
299  -0.049686  -0.137743  0.021442
300  -0.447344  0.260447  0.267949
301  0.723731  0.091698  0.532196
302  -0.223495  -0.065901  0.054293
303  -0.303327  -0.009100  0.092090
304  -0.904288  0.092751  0.826340
305  -0.362348  0.468537  0.350823
306  0.070345  0.104787  0.015929
307  0.825116  -0.112313  0.693430
308  -0.286182  0.261637  0.150354
309  0.004513  0.402808  0.162274
310  0.306459  -0.349180  0.215844
311  -0.000306  0.659457  0.434883
312  -0.121116  0.386863  0.164332
313  -0.055970  0.406371  0.168270
314  -0.183416  -0.185810  0.068167
315  0.013147  0.215274  0.046516
316  -0.037153  -0.148493  0.023430
317  0.206177  0.313074  0.140524
318  0.356063  0.073157  0.132133
319  0.127616  -0.145050  0.037325
320  -0.149429  0.038782  0.023833
321  0.352981  -0.212639  0.169811
322  -0.554974  0.412534  0.478180
323  -0.037258  0.271774  0.075250
324  0.507222  0.234412  0.312223
325  -0.242173  -0.103819  0.069426
326  -0.239689  -0.299116  0.146921
327  -0.389529  -0.257220  0.217895
328  -0.125441  -0.284690  0.096784
329  0.209702  -0.222640  0.093543
330  0.280196  -0.292265  0.163929
331  -0.152856  0.336255  0.136432
332  0.063918  -0.191280  0.040674
333  -0.284639  -0.051487  0.083670
334  0.054727  0.054047  0.005916
335  -0.007298  0.210164  0.044222
336  0.079566  -0.085357  0.013617
337  0.035931  0.083447  0.008254
338  -0.127696  0.123800  0.031633
339  0.495658  -0.319928  0.348031
340  0.568486  0.326427  0.429732
341  0.229881  -0.166257  0.080486
342  -0.626825  0.339189  0.507959
343  0.130852  0.631981  0.416522
344  -0.440770  -0.091573  0.202664
345  0.029623  0.415945  0.173888
346  -0.213976  -0.314351  0.144602
347  -0.089965  0.482512  0.240912
348  0.052724  -0.189951  0.038861
349  0.016820  0.242630  0.059152
350  0.038225  0.000347  0.001461
351  -0.165318  -0.626203  0.419460
352  0.147205  0.046529  0.023834
353  0.366728  -0.487329  0.371979
354  -0.036260  -0.157779  0.026209
355  0.426830  -0.121688  0.196991
356  0.376996  0.219797  0.190437
357  0.153823  0.245713  0.084036
358  0.095316  0.223087  0.058853
359  -0.110444  0.341362  0.128726
360  -0.418318  0.048292  0.177322
361  -0.098760  0.234042  0.064529
362  0.168942  -0.364364  0.161303
363  0.452374  0.335766  0.317381
364  0.202625  -0.154928  0.065060
365  0.532582  0.049330  0.286077
366  -0.104207  0.000322  0.010859
367  0.619661  -0.012283  0.384131
368  -0.511664  0.012888  0.261967
369  -0.113416  0.183724  0.046618
370  -0.066406  -0.318583  0.105905
371  0.099217  0.167448  0.037883
372  0.499818  -0.042865  0.251655
373  0.147894  -0.002053  0.021877
374  0.006588  0.077853  0.006104
375  -0.178004  -0.099703  0.041626
376  0.015342  0.227076  0.051799
377  0.143232  -0.026796  0.021234
378  0.117110  0.271528  0.087442
379  0.199300  -0.231933  0.093514
380  -0.151002  0.059979  0.026399
381  -0.232323  -0.293671  0.140216
382  0.061524  -0.017116  0.004078
383  0.131873  0.046796  0.019580
384  -0.268864  -0.049266  0.074715
385  -0.138348  0.003520  0.019152
386  -0.337231  -0.028360  0.114529
387  0.354827  0.104071  0.136733
388  0.399184  0.076463  0.165194
389  0.323519  -0.341379  0.221204
390  -0.101983  -0.070205  0.015329
391  0.072185  0.191583  0.041914
392  0.127404  -0.109596  0.028243
393  0.016479  -0.075338  0.005947
394  -0.057360  0.206262  0.045834
395  -0.325403  -0.050171  0.108404
396  0.335726  0.086180  0.120139
397  0.164508  -0.372405  0.165748
398  -0.160547  -0.160970  0.051687
399  -0.201339  -0.178782  0.072500
400  0.120623  0.099159  0.024382
401  0.424411  0.009606  0.180217
402  0.040422  -0.055017  0.004661
403  -0.181005  -0.132980  0.050446
404  0.119405  0.196795  0.052986
405  0.270013  -0.222284  0.122317
406  0.130660  -0.169559  0.045822
407  0.056388  -0.154796  0.027142
408  0.136320  -0.291464  0.103535
409  -0.164677  0.274204  0.102306
410  0.155489  0.104634  0.035125
411  0.130257  -0.135915  0.035440
412  0.224171  -0.128544  0.066776
413  0.113938  -0.293948  0.099387
414  0.188603  0.018632  0.035918
415  0.212391  -0.049331  0.047543
416  -0.166193  -0.557391  0.338304
417  -0.102245  -0.149514  0.032809
418  -0.015486  -0.025892  0.000910
419  0.340283  -0.367022  0.250498
420  -0.034048  -0.242109  0.059776
421  0.214016  -0.031469  0.046793
422  -0.043937  0.308321  0.096993
423  0.112940  -0.153353  0.036272
424  -0.059967  0.070160  0.008518
425  0.085144  -0.082151  0.013998
426  0.007137  -0.150208  0.022613
427  -0.215811  0.017637  0.046885
428  -0.322456  -0.057100  0.107238
429  -0.342190  -0.175778  0.147992
430  0.042824  -0.052265  0.004566
431  -0.011672  0.044780  0.002141
432  -0.003415  0.131280  0.017246
433  -0.017724  0.229552  0.053008
434  0.202115  0.005545  0.040881
435  -0.040163  -0.023816  0.002180
436  0.135248  -0.066231  0.022679
437  -0.008947  0.121631  0.014874
438  -0.020572  0.078861  0.006642
439  0.069177  -0.072198  0.009998
440  -0.296323  -0.127414  0.104042
441  -0.030197  0.077567  0.006929
442  -0.114829  -0.015877  0.013438
443  -0.072850  0.096433  0.014607
444  -0.007193  0.024028  0.000629
445  0.031682  -0.194374  0.038785
446  -0.048889  -0.178492  0.034250
447  -0.202955  0.161538  0.067285
448  -0.114345  0.191286  0.049665
449  0.149577  0.114871  0.035569
450  -0.261223  -0.097117  0.077669
451  -0.088506  0.182541  0.041154
452  -0.071879  0.041912  0.006923
453  0.154040  0.085119  0.030974
454  -0.049699  -0.151492  0.025420
455  -0.056396  -0.204953  0.045186
456  -0.108677  0.058203  0.015198
457  -0.183231  0.059582  0.037124
458  -0.215677  0.048903  0.048908
459  0.101831  0.023510  0.010922
460  0.183853  0.180547  0.066399
461  -0.170710  -0.161019  0.055069
462  -0.001889  -0.051767  0.002683
463  0.114132  0.108333  0.024762
464  0.035097  -0.067392  0.005774
465  0.062515  -0.075049  0.009540
466  0.133078  0.123739  0.033021
467  0.048597  0.216965  0.049435
468  -0.030214  -0.081061  0.007484
469  -0.139448  0.056598  0.022649
470  -0.053276  -0.023997  0.003414
471  -0.004286  0.158863  0.025256
472  0.109089  0.009266  0.011986
473  -0.017979  -0.026413  0.001021
474  -0.061201  -0.090629  0.011959
475  -0.121349  0.064876  0.018935
476  -0.020348  0.000644  0.000414
477  0.127309  -0.055445  0.019282
478  0.058238  0.058387  0.006801
479  0.060367  -0.068391  0.008322
480  -0.021171  -0.023757  0.001013
481  0.011527  0.015152  0.000362
482  -0.161448  0.088447  0.033888
483  0.103317  0.158578  0.035822
484  -0.137240  0.004433  0.018855
485  -0.123346  -0.013389  0.015394
486  -0.010913  0.177430  0.031600
487  -0.070519  0.048715  0.007346
488  0.013374  -0.069002  0.004940
489  0.046196  -0.005793  0.002168
490  0.018908  0.014127  0.000557
491  -0.019518  -0.172966  0.030298
492  0.025983  -0.041294  0.002380
493  -0.107281  -0.166564  0.039253
494  0.101926  0.122057  0.025287
495  0.094796  0.019227  0.009356
496  -0.041996  0.062589  0.005681
497  0.092082  -0.036253  0.009793
498  -0.077879  0.086099  0.013478
499  -0.127580  -0.035059  0.017506
500  0.165214  -0.007442  0.027351
501  -0.141041  0.005099  0.019919
502  -0.008805  0.146069  0.021414
503  0.043920  0.047856  0.004219
504  0.086219  0.029071  0.008279
505  -0.038796  0.022529  0.002013
506  -0.009713  -0.088906  0.007999
507  -0.108701  0.001986  0.011820
508  0.060976  -0.029626  0.004596
509  -0.000847  0.009868  0.000098
510  -0.168494  0.075021  0.034018
511  0.021517  0.053618  0.003338
512  -0.084947  0.022870  0.007739
513  0.104089  0.154111  0.034585
514  0.028910  -0.030488  0.001765
515  0.034310  0.098672  0.010913
516  -0.005837  -0.042415  0.001833
517  0.037276  0.033175  0.002490
518  -0.004966  0.040769  0.001687
519  -0.049860  0.098515  0.012191
520  0.092671  -0.045558  0.010664
521  -0.024330  -0.023370  0.001138
522  -0.016737  0.093603  0.009042
523  0.057491  0.119208  0.017516
524  0.078571  0.005400  0.006203
525  0.066497  0.026482  0.005123
526  -0.024866  0.096796  0.009988
527  0.055009  0.082592  0.009847
528  0.092952  0.020681  0.009068
529  0.111361  -0.030070  0.013306
530  -0.136167  -0.002030  0.018546
531  0.007633  0.014500  0.000269
532  -0.053932  0.107035  0.014365
533  0.104925  0.045390  0.013070
534  0.036966  -0.040358  0.002995
535  -0.071497  -0.049326  0.007545
536  -0.055705  0.054124  0.006032
537  0.064825  0.023087  0.004735
538  0.009115  -0.034606  0.001281
539  0.022449  -0.150831  0.023254
540  0.027242  -0.008873  0.000821
541  0.101689  -0.072377  0.015579
542  0.082259  -0.059415  0.010297
543  -0.081831  -0.017424  0.007000
544  -0.022206  0.041445  0.002211
545  -0.074186  -0.063086  0.009483
546  -0.002367  -0.046767  0.002193
547  -0.070052  0.151622  0.027897
548  0.077635  -0.051284  0.008657
549  0.094776  -0.001000  0.008983
550  0.047287  -0.051632  0.004902
551  0.029922  -0.050794  0.003475
552  0.006733  -0.071382  0.005141
553  0.086122  -0.079141  0.013680
554  0.025219  0.043605  0.002537
555  0.055500  -0.065796  0.007409
556  -0.176478  -0.098891  0.040924
557  0.011733  -0.041240  0.001838
558  0.099999  0.093879  0.018813
559  -0.003846  -0.014897  0.000237
560  -0.039105  0.024654  0.002137
561  0.053431  0.027566  0.003615
562  0.035249  -0.035387  0.002495
563  -0.010738  -0.020052  0.000517
564  0.017039  0.036672  0.001635
565  0.002011  -0.070567  0.004984
566  0.069719  0.050407  0.007402
567  0.044549  -0.091399  0.010338
568  -0.009951  -0.013748  0.000288
569  -0.002651  -0.087865  0.007727
570  -0.064236  0.046548  0.006293
571  0.025302  0.043934  0.002570
572  0.054765  -0.023654  0.003559
573  -0.024679  -0.131514  0.017905
574  0.028977  -0.107734  0.012446
575  0.029694  -0.019745  0.001272
576  -0.078437  -0.121034  0.020802
577  -0.002121  -0.054406  0.002965
578  -0.076690  0.029761  0.006767
579  -0.035466  -0.063874  0.005338
580  0.009922  -0.048349  0.002436
581  0.021373  -0.011321  0.000585
582  0.042238  -0.036073  0.003085
583  -0.003410  0.004577  0.000033
584  0.009929  0.015438  0.000337
585  0.054084  0.012389  0.003079
586  -0.001053  0.019438  0.000379
587  0.014173  -0.023712  0.000763
588  0.041959  -0.061298  0.005518
589  -0.031662  0.093435  0.009733
590  0.109186  0.087633  0.019601
591  -0.071005  0.158821  0.030266
592  0.008355  0.026418  0.000768
593  0.046540  -0.019591  0.002550
594  -0.027619  0.008239  0.000831
595  0.045576  0.007905  0.002140
596  0.019768  0.008867  0.000469
597  -0.057962  -0.043938  0.005290
598  -0.077386  -0.050815  0.008571
599  -0.060411  0.012196  0.003798
600  -0.006770  -0.035104  0.001278
601  0.018705  0.016473  0.000621
602  0.070796  -0.023280  0.005554
603  0.040915  0.047811  0.003960
604  -0.028452  -0.090879  0.009069
605  -0.010503  -0.002766  0.000118
606  0.015200  0.027926  0.001011
607  -0.008370  -0.055862  0.003191
608  -0.017300  0.030040  0.001202
609  -0.048126  -0.000185  0.002316
610  -0.026195  0.049484  0.003135
611  -0.009191  0.029587  0.000960
612  -0.026217  -0.020329  0.001101
613  -0.053018  -0.041400  0.004525
614  0.012037  0.034621  0.001343
615  -0.027617  0.006862  0.000810
616  0.070237  0.078785  0.011140
617  -0.017903  0.036415  0.001647
618  -0.021089  0.016767  0.000726
619  -0.083876  -0.006767  0.007081
620  0.032030  0.101089  0.011245
621  0.017000  0.008068  0.000354
622  -0.026048  -0.038765  0.002181
623  -0.058869  -0.122982  0.018590
624  0.004768  0.067147  0.004532
625  0.010736  0.042182  0.001895
626  -0.072954  -0.048476  0.007672
627  0.047298  0.002400  0.002243
628  0.046621  0.026778  0.002891
629  0.027322  0.001064  0.000748
630  -0.094523  0.048065  0.011245
631  0.012381  0.046813  0.002345
632  0.001296  0.052809  0.002790
633  -0.010933  0.036769  0.001471
634  -0.056284  -0.047071  0.005384
635  -0.028155  -0.028857  0.001625
636  0.025833  -0.045202  0.002711
637  0.004137  -0.052298  0.002752
638  -0.019794  -0.070279  0.005331
639  -0.029629  -0.012394  0.001031
640  0.080214  0.025312  0.007075
641  0.022436  0.069168  0.005288
642  0.018999  -0.031474  0.001352
643  -0.053506  0.027153  0.003600
644  0.010442  -0.018231  0.000441
645  0.035214  0.002894  0.001248
646  -0.053340  0.050593  0.005405
647  0.015570  0.003023  0.000252
648  0.027582  -0.017140  0.001055
649  -0.037254  0.080206  0.007821
650  -0.023302  0.009992  0.000643
651  0.039857  -0.022476  0.002094
652  -0.018861  0.011915  0.000498
653  0.014843  0.007838  0.000282
654  -0.007291  -0.036065  0.001354
655  0.100222  -0.011368  0.010174
656  -0.037942  0.014799  0.001659
657  0.008266  -0.001716  0.000071
658  -0.019022  0.042062  0.002131
659  -0.031343  -0.016524  0.001255
660  -0.003517  -0.024990  0.000637
661  -0.050235  -0.050378  0.005061
662  0.033606  -0.003624  0.001142
663  -0.009590  -0.032923  0.001176
664  0.025796  0.096964  0.010067
665  -0.016303  0.044432  0.002240
666  0.003957  -0.008897  0.000095
667  -0.034324  -0.000152  0.001178
668  -0.024989  -0.064185  0.004744
669  0.026416  -0.004346  0.000717
670  0.037340  -0.000686  0.001395
671  -0.006077  0.011392  0.000167
672  0.011313  -0.037071  0.001502
673  -0.005689  -0.000639  0.000033
674  0.016567  0.003771  0.000289
675  0.021787  -0.030941  0.001432
676  -0.028856  0.049349  0.003268
677  0.013973  -0.024404  0.000791
678  0.049957  -0.033124  0.003593
679  -0.026918  0.034435  0.001910
680  0.029200  -0.056391  0.004033
681  0.026694  0.022772  0.001231
682  -0.005696  0.038603  0.001523
683  -0.023512  -0.022007  0.001037
684  0.004556  -0.006706  0.000066
685  -0.041609  0.004865  0.001755
686  -0.050788  -0.020256  0.002990
687  0.003450  0.046774  0.002200
688  0.005376  0.016147  0.000290
689  -0.003992  0.031069  0.000981
690  0.006806  0.033350  0.001159
691  0.008449  -0.011662  0.000207
692  -0.027887  0.016989  0.001066
693  0.047795  0.018042  0.002610
694  0.011246  -0.015950  0.000381
695  0.004962  0.026545  0.000729
696  -0.066740  0.014498  0.004664
697  -0.031807  -0.017721  0.001326
698  -0.044818  0.006431  0.002050
699  0.001922  -0.045376  0.002063
700  -0.028330  -0.045146  0.002841
701  0.033673  -0.000482  0.001134
702  -0.007652  -0.036970  0.001425
703  -0.007997  0.010669  0.000178
704  -0.021849  0.011374  0.000607
705  0.044519  0.066573  0.006414
706  -0.040838  -0.037868  0.003102
707  0.026356  -0.001080  0.000696
708  -0.029859  0.029650  0.001771
709  -0.040179  -0.008750  0.001691
710  0.006446  -0.019461  0.000420
711  0.022995  0.002180  0.000534
712  0.042459  -0.004422  0.001822
713  0.024172  0.034488  0.001774
714  -0.070834  -0.023559  0.005573
715  0.070589  0.035613  0.006251
716  0.017700  0.031394  0.001299
717  -0.061335  -0.035876  0.005049
718  0.000292  -0.050493  0.002550
719  -0.025806  0.020990  0.001107
720  -0.008785  -0.010444  0.000186
721  0.007913  -0.008762  0.000139
722  0.073492  -0.005491  0.005431
723  -0.013724  0.041977  0.001950
724  0.032495  -0.019560  0.001439
725  -0.031000  0.006465  0.001003
726  0.035304  -0.024722  0.001858
727  0.024446  -0.004556  0.000618
728  0.017486  -0.031919  0.001325
729  -0.013007  0.065558  0.004467
730  0.010052  -0.019681  0.000488
731  -0.000441  0.010570  0.000112
732  0.038194  0.009183  0.001543
733  -0.041184  0.049056  0.004103
734  0.034573  -0.027848  0.001971
735  0.041486  -0.001169  0.001722
736  -0.050099  -0.055898  0.005635
737  0.030862  -0.007078  0.001003
738  -0.054186  -0.047020  0.005147
739  -0.056936  -0.005461  0.003272
740  -0.021377  0.055714  0.003561
741  0.017942  0.001978  0.000326
742  -0.052204  -0.078761  0.008929
743  -0.033146  0.010075  0.001200
744  0.010814  -0.041217  0.001816
745  0.028608  0.008240  0.000886
746  0.025581  -0.043389  0.002537
747  -0.015595  0.011267  0.000370
748  0.003116  0.024099  0.000590
749  -0.011909  -0.032128  0.001174
750  -0.019323  0.027120  0.001109
751  -0.018798  -0.067453  0.004903
752  0.007496  -0.054031  0.002976
753  0.016583  0.042233  0.002059
754  -0.001026  0.036686  0.001347
755  0.014445  0.024705  0.000819
756  0.059303  0.044294  0.005479
757  -0.027449  0.006849  0.000800
758  0.006745  -0.032448  0.001098
759  0.024359  -0.025461  0.001242
760  0.027347  0.003521  0.000760
761  0.058785  0.020835  0.003890
762  0.034661  -0.013507  0.001384
763  -0.046165  0.045852  0.004234
764  0.006287  0.009606  0.000132
765  -0.020418  -0.018434  0.000757
766  0.032739  0.014571  0.001284
767  0.001930  0.039003  0.001525
768  0.030135  0.008694  0.000984
769  -0.008327  -0.048676  0.002439
770  -0.045286  0.024508  0.002651
771  0.055145  0.019694  0.003429
772  0.020141  -0.062056  0.004257
773  0.002326  -0.002735  0.000013
774  -0.049956  -0.012115  0.002642
775  -0.012789  -0.014139  0.000363
776  0.019412  -0.033780  0.001518
777  -0.058035  -0.023575  0.003924
778  0.014488  0.012913  0.000377
779  -0.024096  -0.023781  0.001146
780  -0.022669  -0.005169  0.000541
781  0.005740  -0.027127  0.000769
782  -0.022451  -0.024795  0.001119
783  0.004109  -0.018300  0.000352
784  -0.036334  -0.019536  0.001702
785  -0.037587  -0.036212  0.002724
786  -0.028997  -0.022114  0.001330
787  0.036660  0.025062  0.001972
788  0.040763  0.053269  0.004499
789  0.019572  0.004785  0.000406
790  0.016988  0.005217  0.000316
791  0.001349  0.006410  0.000043
792  0.004128  0.050812  0.002599
793  0.067110  -0.009611  0.004596
794  -0.017563  -0.051754  0.002987
795  -0.030253  0.004951  0.000940
796  0.019950  -0.031032  0.001361
797  0.022704  0.004401  0.000535
798  0.022792  0.010249  0.000625
799  0.020975  0.014842  0.000660
800  0.016477  0.004605  0.000293
801  0.016650  0.009643  0.000370
802  -0.014339  -0.000307  0.000206
803  -0.015172  0.020078  0.000633
804  0.006494  0.035782  0.001323
805  -0.022752  -0.024417  0.001114
806  -0.018081  -0.019943  0.000725
807  -0.008541  -0.020633  0.000499
808  0.013211  -0.023639  0.000733
809  -0.018566  -0.007156  0.000396
810  -0.023361  -0.005134  0.000572
811  0.005315  0.013486  0.000210
812  0.001158  -0.041431  0.001718
813  -0.026322  0.028549  0.001508
814  -0.027142  0.009579  0.000828
815  0.042540  0.015374  0.002046
816  -0.013932  0.010757  0.000310
817  0.016335  -0.002558  0.000273
818  0.008490  0.018900  0.000429
819  -0.026390  -0.025068  0.001325
820  0.012941  0.001124  0.000169
821  0.007364  -0.015220  0.000286
822  -0.052231  0.009555  0.002819
823  0.045806  -0.002551  0.002105
824  -0.048544  -0.032327  0.003402
825  0.020335  -0.013737  0.000602
826  0.030550  -0.017831  0.001251
827  0.057779  0.010329  0.003445
828  0.006449  -0.024508  0.000642
829  0.010974  -0.003665  0.000134
830  -0.033952  0.026163  0.001837
831  0.013984  0.007328  0.000249
832  0.015548  0.051459  0.002890
833  -0.022732  0.000306  0.000517
834  -0.060135  -0.010055  0.003717
835  0.004408  -0.036907  0.001382
836  0.023982  -0.004425  0.000595
837  0.038778  0.017901  0.001824
838  0.000839  -0.027256  0.000744
839  0.037844  0.008692  0.001508
840  -0.022274  -0.017683  0.000809
841  0.020451  -0.023154  0.000954
842  -0.038227  0.050225  0.003984
843  -0.023200  0.003435  0.000550
844  -0.000791  -0.021539  0.000465
845  0.003674  0.003897  0.000029
846  -0.001471  0.011469  0.000134
847  -0.009502  -0.036198  0.001401
848  0.032596  -0.006407  0.001104
849  -0.037821  -0.053251  0.004266
850  0.021310  -0.005455  0.000484
851  0.007958  -0.049200  0.002484
852  0.039271  0.012599  0.001701
853  0.014507  0.014757  0.000428
854  0.026031  -0.009151  0.000761
855  -0.041333  -0.033039  0.002800
856  -0.029699  0.040092  0.002489
857  0.022868  -0.011903  0.000665
858  -0.070704  0.007150  0.005050
859  0.007438  0.016308  0.000321
860  -0.022567  0.052199  0.003234
861  -0.005342  0.013551  0.000212
862  0.041239  0.007000  0.001750
863  0.019692  -0.017889  0.000708
864  -0.016857  -0.009893  0.000382
865  0.017389  -0.060362  0.003946
866  -0.009694  0.018513  0.000437
867  0.026031  -0.058459  0.004095
868  0.020773  0.022787  0.000951
869  -0.038974  -0.017841  0.001837
870  -0.031249  -0.029390  0.001840
871  0.018664  -0.002473  0.000354
872  0.005837  -0.018489  0.000376
873  -0.017639  0.010716  0.000426
874  0.014697  0.022683  0.000730
875  0.032377  0.006704  0.001093
876  0.002164  -0.040115  0.001614
877  0.007011  0.033262  0.001156
878  0.002138  -0.000403  0.000005
879  0.003757  -0.033074  0.001108
880  0.020350  -0.045233  0.002460
881  0.003194  0.010557  0.000122
882  -0.021555  -0.023563  0.001020
883  0.014987  -0.002264  0.000230
884  0.017625  0.018749  0.000662
885  -0.003004  -0.036852  0.001367
886  0.000227  0.023793  0.000566
887  0.003018  0.033373  0.001123
888  -0.021775  -0.039194  0.002010
889  -0.007282  0.042860  0.001890
890  -0.028127  -0.019648  0.001177
891  0.003074  0.012726  0.000171
892  -0.016315  -0.040256  0.001887
893  -0.037853  -0.042237  0.003217
894  0.023445  -0.009017  0.000631
895  -0.040189  0.028346  0.002419
896  -0.032132  -0.008921  0.001112
897  -0.021053  -0.012265  0.000594
898  -0.010554  -0.048782  0.002491
899  -0.036706  -0.000272  0.001347
900  0.036165  0.007924  0.001371
901  0.007507  0.005153  0.000083
902  -0.006387  0.009643  0.000134
903  -0.064279  0.010904  0.004251
904  -0.025360  -0.054871  0.003654
905  -0.023464  0.000450  0.000551
906  -0.019989  -0.018018  0.000724
907  -0.021976  -0.004028  0.000499
908  0.014260  0.039353  0.001752
909  0.025682  0.031300  0.001639
910  0.003406  0.016256  0.000276
911  0.045399  0.001176  0.002062
912  -0.020263  -0.019960  0.000809
913  -0.037333  -0.037624  0.002809
914  -0.006408  -0.058577  0.003472
915  -0.031149  0.002334  0.000976
916  -0.005472  -0.042086  0.001801
917  0.005396  -0.017270  0.000327
918  0.028272  0.010146  0.000902
919  0.025205  0.023700  0.001197
920  0.029437  0.041945  0.002626
921  -0.034580  0.011821  0.001336
922  -0.001101  0.010365  0.000109
923  0.043767  0.040130  0.003526
924  -0.002111  0.009504  0.000095
925  -0.007617  0.017967  0.000381
926  0.024580  -0.025018  0.001230
927  0.000992  0.014206  0.000203
928  0.011364  -0.010198  0.000233
929  -0.011458  0.033691  0.001266
930  -0.020135  0.038389  0.001879
931  0.042740  -0.015686  0.002073
932  0.002766  -0.008174  0.000074
933  0.005322  0.006078  0.000065
934  -0.017921  -0.043874  0.002246
935  -0.002638  -0.015589  0.000250
936  0.015160  -0.026102  0.000911
937  0.021857  0.016174  0.000739
938  -0.051993  -0.022592  0.003214
939  -0.010915  -0.015920  0.000373
940  -0.017424  -0.004529  0.000324
941  0.041084  0.014453  0.001897
942  -0.001941  0.004631  0.000025
943  -0.026592  -0.036556  0.002043
944  -0.001741  -0.003219  0.000013
945  0.001806  -0.020338  0.000417
946  0.012731  -0.027997  0.000946
947  0.039542  -0.020093  0.001967
948  -0.028044  0.023661  0.001346
949  0.033607  0.017895  0.001450
950  -0.011550  0.002199  0.000138
951  0.029015  0.012089  0.000988
952  -0.029015  0.004964  0.000867
953  0.057867  -0.013785  0.003539
954  0.046770  -0.003446  0.002199
955  0.010221  0.005165  0.000131
956  0.024114  -0.003963  0.000597
957  0.008033  0.006405  0.000106
958  0.000642  0.018378  0.000338
959  -0.033488  0.002020  0.001126
960  -0.006493  0.018362  0.000379
961  0.020275  0.014975  0.000635
962  -0.026777  0.013193  0.000891
963  -0.059400  -0.003027  0.003538
964  -0.021298  0.013884  0.000646
965  -0.013871  -0.005139  0.000219
966  -0.008420  -0.036394  0.001395
967  0.012393  0.023816  0.000721
968  0.032158  0.009551  0.001125
969  0.008350  -0.013495  0.000252
970  -0.028105  0.022745  0.001307
971  0.047519  0.062109  0.006116
972  0.007426  -0.054569  0.003033
973  0.020157  0.040965  0.002084
974  -0.002635  -0.010086  0.000109
975  -0.006897  -0.001647  0.000050
976  0.048008  -0.056609  0.005509
977  0.037113  -0.028591  0.002195
978  -0.006955  -0.020602  0.000473
979  -0.014648  0.000154  0.000215
980  -0.018331  0.023300  0.000879
981  0.030783  0.041145  0.002641
982  -0.008979  0.001603  0.000083
983  0.008179  -0.025075  0.000696
984  0.004212  0.026942  0.000744
985  -0.001998  -0.004364  0.000023
986  0.004198  -0.042528  0.001826
987  0.007644  0.022393  0.000560
988  -0.009506  0.005473  0.000120
989  -0.018342  -0.038201  0.001796
990  -0.024519  0.003978  0.000617
991  -0.011655  -0.053009  0.002946
992  -0.015063  -0.005506  0.000257
993  0.022378  0.026938  0.001226
994  0.006464  -0.012323  0.000194
995  0.025461  0.021983  0.001132
996  -0.001708  -0.009884  0.000101
997  0.052285  0.017074  0.003025
998  0.001546  -0.059817  0.003580
999  0.006599  -0.013564  0.000228
1000  0.013561  0.003500  0.000196
1001  -0.006529  -0.028527  0.000856
1002  0.008276  -0.064554  0.004236
1003  0.068711  -0.026038  0.005399
1004  0.006239  -0.008704  0.000115
1005  -0.050361  0.021559  0.003001
1006  0.020375  0.037574  0.001827
1007  0.026109  -0.015559  0.000924
1008  0.008585  -0.005449  0.000103
1009  0.015144  -0.040179  0.001844
1010  0.012281  0.034989  0.001375
1011  -0.043126  0.013158  0.002033
1012  0.016780  0.026939  0.001007
1013  0.006925  -0.006656  0.000092
1014  0.015056  -0.006462  0.000268
1015  -0.011384  0.021427  0.000589
1016  -0.007536  -0.018278  0.000391
1017  0.006286  -0.026845  0.000760
1018  0.018809  -0.000638  0.000354
1019  0.000978  -0.024929  0.000622
1020  0.033473  0.041482  0.002841
1021  -0.024773  -0.002829  0.000622
1022  0.013519  -0.001428  0.000185
1023  0.005097  0.001582  0.000028
1024  -0.006572  -0.031100  0.001010
1025  0.026059  0.014781  0.000898
1026  -0.001361  0.018211  0.000333
1027  -0.028492  -0.038116  0.002265
1028  -0.019303  -0.007037  0.000422
1029  -0.015636  0.002449  0.000250
1030  -0.017797  0.016632  0.000593
1031  0.019292  -0.027424  0.001124
1032  0.009285  0.016446  0.000357
1033  -0.020043  0.000057  0.000402
1034  -0.003369  -0.025565  0.000665
1035  -0.015556  0.005755  0.000275
1036  -0.014783  -0.024412  0.000814
1037  0.016832  0.047532  0.002543
1038  -0.016148  -0.005082  0.000287
1039  0.005918  0.023916  0.000607
1040  0.048698  -0.022961  0.002899
1041  -0.002750  -0.005332  0.000036
1042  -0.004342  0.009863  0.000116
1043  -0.010461  0.001621  0.000112
1044  -0.014592  -0.020954  0.000652
1045  -0.021923  0.012169  0.000629
1046  -0.008978  0.000852  0.000081
1047  -0.004184  -0.000249  0.000018
1048  0.012706  0.008307  0.000230
1049  0.005707  0.020311  0.000445
1050  0.026181  0.012940  0.000853
1051  0.000332  0.018618  0.000347
1052  0.011440  -0.002649  0.000138
1053  -0.020207  0.020829  0.000842
1054  0.056153  0.002689  0.003160
1055  0.025971  -0.002440  0.000680
1056  0.040018  -0.023078  0.002134
1057  -0.015255  -0.047725  0.002510
1058  0.005044  -0.012819  0.000190
1059  0.036755  0.012798  0.001515
1060  -0.038588  -0.010237  0.001594
1061  0.018033  -0.005150  0.000352
1062  0.035370  0.014934  0.001474
1063  -0.000694  -0.021142  0.000447
1064  -0.005551  -0.028136  0.000822
1065  -0.013959  -0.024022  0.000772
1066  -0.007620  -0.044745  0.002060
1067  -0.033404  0.004267  0.001134
1068  -0.029207  -0.011588  0.000987
1069  -0.024776  -0.020197  0.001022
1070  0.027244  0.046977  0.002949
1071  0.021725  0.030502  0.001402
1072  -0.009385  0.015826  0.000339
1073  -0.003270  0.004503  0.000031
1074  -0.048466  0.004707  0.002371
1075  0.005737  0.028780  0.000861
1076  0.002177  -0.013178  0.000178
1077  -0.020504  -0.074858  0.006024
1078  0.007549  0.023634  0.000616
1079  -0.013123  0.019002  0.000533
1080  0.002931  0.002793  0.000016
1081  0.027958  -0.005500  0.000812
1082  0.013860  -0.007087  0.000242
1083  0.017053  -0.013996  0.000487
1084  0.017562  -0.021392  0.000766
1085  0.001082  0.022986  0.000530
1086  0.025850  -0.023582  0.001224
1087  -0.022522  -0.012707  0.000669
1088  0.024106  0.017571  0.000890
1089  0.010191  -0.001543  0.000106
1090  -0.008576  0.019905  0.000470
1091  -0.009891  0.003473  0.000110
1092  0.022845  0.001908  0.000526
1093  -0.028249  -0.019915  0.001195
1094  -0.014942  -0.014182  0.000424
1095  -0.012865  -0.040533  0.001808
1096  -0.021905  -0.000679  0.000480
1097  0.013849  -0.022136  0.000682
1098  0.023980  0.006550  0.000618
1099  -0.039638  -0.003122  0.001581
1100  -0.018750  0.017919  0.000673
1101  -0.039426  -0.001931  0.001558
1102  0.025538  -0.022620  0.001164
1103  -0.015462  0.009769  0.000334
1104  -0.020951  0.021059  0.000882
1105  0.003292  -0.014584  0.000224
1106  -0.021988  0.039831  0.002070
1107  -0.005690  -0.020099  0.000436
1108  -0.034996  0.001142  0.001226
1109  -0.014798  0.022988  0.000747
1110  -0.021872  0.030552  0.001412
1111  0.004406  -0.026353  0.000714
1112  -0.047965  -0.035628  0.003570
1113  -0.011477  0.001283  0.000133
1114  -0.003924  -0.045383  0.002075
1115  -0.006405  -0.006159  0.000079
1116  0.006057  0.027830  0.000811
1117  0.020124  0.005378  0.000434
1118  -0.024043  -0.012798  0.000742
1119  0.020438  0.003559  0.000430
1120  0.041103  -0.013828  0.001881
1121  -0.016827  0.030926  0.001240
1122  -0.002349  0.002029  0.000010
1123  -0.000436  -0.012813  0.000164
1124  0.000130  0.023614  0.000558
1125  0.016185  -0.010852  0.000380
1126  0.005021  0.021787  0.000500
1127  -0.015129  0.024264  0.000818
1128  0.032854  0.011282  0.001207
1129  0.007255  0.001149  0.000054
1130  -0.020876  -0.008204  0.000503
1131  -0.034549  0.010278  0.001299
1132  -0.033179  -0.042455  0.002903
1133  -0.006210  0.011645  0.000174
1134  0.038377  0.011406  0.001603
1135  -0.008155  0.030526  0.000998
1136  0.008846  -0.023824  0.000646
1137  -0.009907  -0.029976  0.000997
1138  0.005211  -0.032932  0.001112
1139  0.007326  -0.015394  0.000291
1140  -0.001317  0.014998  0.000227
1141  0.010376  -0.014245  0.000311
1142  0.010264  -0.008535  0.000178
1143  -0.005293  -0.013973  0.000223
1144  -0.028778  0.016415  0.001098
1145  0.042547  -0.004420  0.001830
1146  0.050243  -0.023273  0.003066
1147  0.006594  0.019605  0.000428
1148  0.018972  -0.016054  0.000618
1149  -0.048246  0.000957  0.002329
1150  0.042953  -0.007427  0.001900
1151  0.018362  -0.002383  0.000343
1152  -0.037761  -0.010212  0.001530
1153  0.058845  0.019575  0.003846
1154  -0.054291  0.042427  0.004748
1155  0.003152  -0.006888  0.000057
1156  -0.031447  -0.008913  0.001068
1157  0.017020  0.007942  0.000353
1158  0.030263  0.006412  0.000957
1159  -0.008273  0.034215  0.001239
1160  -0.013411  -0.032813  0.001257
1161  0.030961  0.014520  0.001169
1162  0.009038  0.013125  0.000254
1163  0.022057  0.033022  0.001577
1164  0.037339  0.017441  0.001698
1165  -0.004846  -0.026488  0.000725
1166  -0.033641  -0.008088  0.001197
1167  -0.001095  -0.009456  0.000091
1168  0.016419  -0.012892  0.000436
1169  0.018141  -0.023716  0.000892
1170  -0.002782  -0.021193  0.000457
1171  0.024372  0.021877  0.001073
1172  -0.043644  0.024365  0.002498
1173  0.013128  0.001733  0.000175
1174  -0.048644  -0.009826  0.002463
1175  0.007543  -0.010330  0.000164
1176  -0.002044  -0.012850  0.000169
1177  0.012001  -0.037584  0.001557
1178  -0.036109  0.018129  0.001633
1179  0.046270  -0.013876  0.002333
1180  0.033607  -0.033552  0.002255
1181  0.026089  -0.037879  0.002115
1182  0.019865  0.008788  0.000472
1183  -0.023438  -0.008125  0.000615
1184  -0.008973  0.020031  0.000482
1185  -0.005714  0.004659  0.000054
1186  -0.015150  0.020247  0.000639
1187  0.044435  0.009569  0.002066
1188  0.035511  0.012050  0.001406
1189  -0.005606  0.013244  0.000207
1190  -0.022779  -0.032908  0.001602
1191  0.025142  0.000338  0.000632
1192  -0.028681  0.021489  0.001284
1193  0.015544  0.046371  0.002392
1194  -0.013021  -0.020833  0.000604
1195  0.033213  0.024478  0.001702
1196  0.009980  -0.036678  0.001445
1197  0.009086  -0.035379  0.001334
1198  -0.021237  0.020352  0.000865
1199  0.012174  0.009660  0.000242
1200  0.012952  -0.011788  0.000307
1201  -0.008676  -0.049678  0.002543
1202  0.029071  -0.010039  0.000946
1203  -0.042175  -0.007292  0.001832
1204  0.007965  0.029324  0.000923
1205  0.025671  -0.017614  0.000969
1206  0.026913  -0.005861  0.000759
1207  -0.037495  0.019814  0.001799
1208  0.009031  -0.029186  0.000933
1209  0.004837  0.012127  0.000170
1210  -0.007050  0.021668  0.000519
1211  0.026287  -0.008687  0.000766
1212  -0.029289  -0.004467  0.000878
1213  0.055319  0.009633  0.003153
1214  0.035595  -0.020897  0.001704
1215  -0.006052  0.005727  0.000069
1216  0.002392  -0.029647  0.000885
1217  -0.016892  0.020336  0.000699
1218  0.013187  -0.005644  0.000206
1219  -0.004025  -0.013767  0.000206
1220  -0.020947  -0.005375  0.000468
1221  -0.012993  0.011153  0.000293
1222  0.017076  -0.029143  0.001141
1223  0.005160  -0.003977  0.000042
1224  -0.014639  0.009823  0.000311
1225  -0.005414  -0.033151  0.001128
1226  0.013276  -0.006356  0.000217
1227  -0.032088  -0.012488  0.001186
1228  0.002317  -0.060886  0.003713
1229  -0.011553  -0.012926  0.000301
1230  -0.019509  -0.029218  0.001234
1231  -0.009922  -0.029768  0.000985
1232  0.006638  0.009997  0.000144
1233  0.038928  0.023582  0.002071
1234  -0.026418  0.017068  0.000989
1235  -0.012648  0.008607  0.000234
1236  0.021422  -0.015766  0.000707
1237  0.015116  0.000664  0.000229
1238  0.011556  -0.046959  0.002339
1239  0.003203  0.013767  0.000200
1240  0.035311  0.010532  0.001358
1241  0.016779  0.006058  0.000318
1242  -0.007349  -0.015344  0.000289
1243  -0.009617  -0.002955  0.000101
1244  -0.021236  0.013609  0.000636
1245  0.034827  -0.009992  0.001313
1246  -0.021016  -0.023753  0.001006
1247  0.013827  0.011013  0.000312
1248  -0.017144  -0.026443  0.000993
1249  -0.030293  -0.017736  0.001232
1250  0.020797  0.023699  0.000994
1251  0.009860  -0.014932  0.000320
1252  0.049779  -0.002993  0.002487
1253  0.000430  -0.003374  0.000012
1254  0.023638  -0.018736  0.000910
1255  0.026867  0.025859  0.001391
1256  -0.012832  -0.017115  0.000458
1257  0.011574  -0.044773  0.002139
1258  0.003293  0.032201  0.001048
1259  0.013626  0.004767  0.000208
1260  0.011058  -0.010090  0.000224
1261  -0.018769  -0.007200  0.000404
1262  -0.027156  -0.015551  0.000979
1263  -0.036442  0.010883  0.001446
1264  -0.011140  -0.002813  0.000132
1265  -0.010324  -0.021913  0.000587
1266  -0.032665  0.008207  0.001134
1267  -0.009679  0.003358  0.000105
1268  -0.001995  0.008792  0.000081
1269  0.046049  -0.004834  0.002144
1270  0.031514  -0.040434  0.002628
1271  -0.033883  -0.002775  0.001156
1272  -0.004735  0.031175  0.000994
1273  0.006818  -0.011621  0.000182
1274  -0.006487  -0.018388  0.000380
1275  -0.011308  -0.017042  0.000418
1276  0.001567  -0.000282  0.000003
1277  0.011589  -0.002542  0.000141
1278  -0.003073  0.007827  0.000071
1279  0.001194  -0.002131  0.000006
1280  -0.043564  -0.004823  0.001921
1281  -0.026451  0.013657  0.000886
1282  0.006023  -0.013139  0.000209
1283  0.031446  -0.010560  0.001100
1284  0.030480  -0.010975  0.001049
1285  0.018993  -0.005999  0.000397
1286  0.008379  0.026737  0.000785
1287  0.002920  -0.013389  0.000188
1288  -0.054503  0.007200  0.003022
1289  -0.016670  -0.007113  0.000328
1290  0.005699  0.008938  0.000112
1291  0.012626  -0.008385  0.000230
1292  -0.018640  -0.022740  0.000865
1293  0.035358  0.010688  0.001364
1294  0.016296  -0.059246  0.003776
1295  0.053565  -0.000728  0.002870
1296  -0.019334  0.014832  0.000594
1297  -0.026931  -0.008195  0.000792
1298  0.051080  -0.011293  0.002737
1299  0.001878  -0.018150  0.000333
1300  0.032183  -0.048605  0.003398
1301  -0.031158  -0.014289  0.001175
1302  0.016394  -0.025598  0.000924
1303  0.005702  0.003282  0.000043
1304  -0.018630  -0.015532  0.000588
1305  -0.014474  -0.028501  0.001022
1306  -0.005624  0.015576  0.000274
1307  -0.019705  -0.002077  0.000393
1308  0.031503  -0.015126  0.001221
1309  0.007931  0.016185  0.000325
1310  0.006834  0.037452  0.001449
1311  0.026016  -0.013690  0.000864
1312  0.016362  0.025439  0.000915
1313  0.009271  -0.003102  0.000096
1314  -0.007186  -0.011616  0.000187
1315  -0.009882  -0.034036  0.001256
1316  0.008514  -0.009737  0.000167
1317  -0.012667  0.008207  0.000228
1318  -0.002685  0.030564  0.000941
1319  0.003963  0.007825  0.000077
1320  -0.014314  -0.024908  0.000825
1321  0.033901  -0.026671  0.001861
1322  0.000001  -0.007125  0.000051
1323  0.017823  -0.000375  0.000318
1324  0.006014  -0.027678  0.000802
1325  -0.028123  -0.035073  0.002021
1326  -0.020344  -0.024174  0.000998
1327  -0.040468  -0.018500  0.001980
1328  -0.033573  -0.012904  0.001294
1329  -0.005988  0.006201  0.000074
1330  -0.014923  -0.015683  0.000469
1331  0.002720  0.002157  0.000012
1332  -0.004031  -0.032891  0.001098
1333  0.017683  -0.019823  0.000706
1334  0.003445  0.013020  0.000181
1335  0.035013  -0.012484  0.001382
1336  0.006280  0.027757  0.000810
1337  0.026483  0.014154  0.000902
1338  0.028126  -0.000532  0.000791
1339  -0.013885  -0.009748  0.000288
1340  -0.010754  -0.005032  0.000141
1341  0.012407  -0.015900  0.000407
1342  -0.009668  0.015167  0.000323
1343  0.020000  -0.029093  0.001246
1344  0.018649  0.020478  0.000767
1345  -0.011966  0.000319  0.000143
1346  -0.024042  0.029527  0.001450
1347  0.004596  0.025286  0.000660
1348  0.019528  0.019573  0.000764
1349  0.013914  -0.045938  0.002304
1350  0.000256  0.021023  0.000442
1351  0.035490  0.014768  0.001478
1352  -0.008797  0.032378  0.001126
1353  0.003854  -0.010641  0.000128
1354  0.003751  0.011284  0.000141
1355  0.000213  0.008746  0.000077
1356  0.007581  0.013259  0.000233
1357  -0.010592  -0.036260  0.001427
1358  0.045450  0.011133  0.002190
1359  -0.005216  0.000319  0.000027
1360  -0.055999  -0.063562  0.007176
1361  0.018395  -0.001528  0.000341
1362  0.027435  0.015596  0.000996
1363  -0.012547  -0.021255  0.000609
1364  0.035388  0.039855  0.002841
1365  -0.006265  0.011342  0.000168
1366  0.040124  0.000215  0.001610
1367  0.030000  0.001912  0.000904
1368  0.036993  -0.057766  0.004705
1369  0.002593  -0.015639  0.000251
1370  -0.003432  0.009019  0.000093
1371  -0.027422  0.028665  0.001574
1372  0.050081  0.005182  0.002535
1373  0.008046  0.007748  0.000125
1374  -0.026522  0.029273  0.001560
1375  0.002582  -0.037642  0.001424
1376  0.024918  0.043472  0.002511
1377  -0.016362  -0.066774  0.004726
1378  -0.018576  0.028691  0.001168
1379  -0.029212  0.011155  0.000978
1380  -0.003065  0.045221  0.002054
1381  0.022689  0.000581  0.000515
1382  0.011028  0.027329  0.000868
1383  0.005426  -0.024022  0.000607
1384  -0.004827  0.000481  0.000024
1385  0.010012  0.013936  0.000294
1386  -0.006305  -0.036069  0.001341
1387  0.021774  -0.022579  0.000984
1388  -0.015759  -0.002252  0.000253
1389  -0.006775  0.004074  0.000062
1390  -0.002817  -0.004298  0.000026
1391  -0.019724  0.009096  0.000472
1392  -0.032502  0.025003  0.001681
1393  0.012256  -0.041455  0.001869
1394  0.030441  -0.008527  0.000999
1395  -0.023350  -0.032609  0.001609
1396  -0.034374  -0.046270  0.003322
1397  -0.005017  0.029208  0.000878
1398  0.021025  0.013525  0.000625
1399  0.042961  -0.007277  0.001899
1400  0.015989  -0.025110  0.000886
1401  0.027659  0.014948  0.000988
1402  -0.004749  0.002899  0.000031
1403  0.020623  -0.012881  0.000591
1404  0.001520  -0.003942  0.000018
1405  0.002990  -0.001515  0.000011
1406  0.010208  0.005112  0.000130
1407  0.005900  0.007464  0.000091
1408  -0.038845  0.060025  0.005112
1409  0.001433  -0.015131  0.000231
1410  0.032388  0.000819  0.001050
1411  0.031872  -0.011303  0.001144
1412  -0.023484  -0.017903  0.000872
1413  0.043516  0.018858  0.002249
1414  -0.000882  -0.015719  0.000248
1415  0.010049  -0.001230  0.000102
1416  0.030345  -0.010602  0.001033
1417  -0.001358  0.017671  0.000314
1418  -0.041658  0.004515  0.001756
1419  -0.006114  0.018337  0.000374
1420  -0.006680  0.051856  0.002734
1421  0.062791  -0.022390  0.004444
1422  0.033543  -0.008358  0.001195
1423  -0.021014  -0.002488  0.000448
1424  0.034836  -0.004111  0.001230
1425  0.025280  0.033966  0.001793
1426  -0.009350  -0.012296  0.000239
1427  0.053839  -0.018132  0.003227
1428  0.003398  0.008242  0.000079
1429  0.006704  -0.018554  0.000389
1430  -0.000545  -0.011607  0.000135
1431  0.018989  -0.003693  0.000374
1432  0.015467  0.005753  0.000272
1433  0.016733  -0.081583  0.006936
1434  0.048175  -0.002090  0.002325
1435  0.016109  0.003416  0.000271
1436  0.007540  0.021717  0.000528
1437  0.022003  0.025468  0.001133
1438  0.002086  -0.030771  0.000951
1439  0.002927  0.009789  0.000104
1440  -0.031330  0.010859  0.001100
1441  -0.010801  0.003887  0.000132
1442  0.022583  -0.037231  0.001896
1443  -0.005357  -0.034767  0.001237
1444  -0.017667  0.033790  0.001454
1445  -0.018354  -0.013686  0.000524
1446  -0.014233  -0.021655  0.000671
1447  -0.000534  -0.006196  0.000039
1448  0.013154  -0.016129  0.000433
1449  -0.024706  0.001824  0.000614
1450  0.009874  -0.006923  0.000145
1451  -0.008602  0.008569  0.000147
1452  0.028382  0.009431  0.000894
1453  0.067779  -0.008497  0.004666
1454  0.018135  0.029038  0.001172
1455  0.038785  0.054461  0.004470
1456  0.052001  -0.004724  0.002726
1457  -0.035682  -0.005534  0.001304
1458  0.035860  -0.003730  0.001300
1459  -0.016552  -0.008862  0.000353
1460  -0.005871  0.024245  0.000622
1461  0.002614  -0.000312  0.000007
1462  0.052517  0.020788  0.003190
1463  0.033647  0.025114  0.001763
1464  0.008536  -0.019180  0.000441
1465  0.004031  -0.028556  0.000832
1466  0.019935  -0.006195  0.000436
1467  0.033364  0.028483  0.001924
1468  0.015184  0.007279  0.000284
1469  -0.076528  0.012307  0.006008
1470  -0.045476  0.008736  0.002144
1471  -0.024641  0.006553  0.000650
1472  0.035951  0.021824  0.001769
1473  0.024104  -0.030500  0.001511
1474  0.022284  0.001322  0.000498
1475  -0.000968  -0.039657  0.001574
1476  0.007921  -0.006083  0.000100
1477  -0.003167  -0.017767  0.000326
1478  0.030880  0.005901  0.000988
1479  -0.011261  -0.020446  0.000545
1480  0.007807  0.027542  0.000820
1481  -0.013472  0.034212  0.001352
1482  -0.013962  0.033735  0.001333
1483  -0.044005  0.004257  0.001955
1484  -0.025745  0.027578  0.001423
1485  0.007231  -0.032595  0.001115
1486  0.002783  -0.013288  0.000184
1487  0.017988  0.052755  0.003107
1488  -0.028568  0.044190  0.002769
1489  -0.024279  -0.020776  0.001021
1490  -0.049544  -0.031259  0.003432
1491  -0.014967  0.044710  0.002223
1492  0.011998  0.004510  0.000164
1493  0.030143  -0.008017  0.000973
1494  -0.004308  0.010154  0.000122
1495  -0.015822  0.006211  0.000289
1496  -0.009964  0.006706  0.000144
1497  0.007028  0.072272  0.005273
1498  -0.004310  -0.038348  0.001489
1499  -0.002049  0.014117  0.000204
1500  0.022746  0.022061  0.001004
1501  0.026892  0.037499  0.002129
1502  0.023404  0.009961  0.000647
1503  -0.018825  -0.057695  0.003683
1504  0.028933  -0.007241  0.000890
1505  0.024566  0.011564  0.000737
1506  -0.025313  0.023584  0.001197
1507  -0.014325  -0.026136  0.000888
1508  -0.002510  -0.001966  0.000010
1509  -0.020403  -0.007625  0.000474
1510  -0.055625  0.027972  0.003877
1511  0.011251  -0.004022  0.000143
1512  0.003940  0.009843  0.000112
1513  0.012539  0.042184  0.001937
1514  -0.012770  -0.004134  0.000180
1515  -0.017823  -0.020884  0.000754
1516  -0.009918  -0.000249  0.000098
1517  0.030144  -0.024367  0.001502
1518  0.012313  0.017324  0.000452
1519  -0.014287  0.015307  0.000438
1520  -0.042144  -0.032587  0.002838
1521  -0.046398  -0.011305  0.002281
1522  -0.019206  0.001265  0.000370
1523  0.000457  -0.035764  0.001279
1524  0.008110  -0.024586  0.000670
1525  -0.000861  0.012010  0.000145
1526  0.007190  -0.022941  0.000578
1527  0.009115  0.006454  0.000125
1528  0.007163  0.002319  0.000057
1529  -0.018065  0.001983  0.000330
1530  -0.014010  0.004921  0.000220
1531  -0.007195  -0.002459  0.000058
1532  0.035984  0.002161  0.001300
1533  -0.054433  0.036459  0.004292
1534  -0.016709  0.021196  0.000728
1535  -0.003296  -0.015325  0.000246
1536  0.010949  0.015023  0.000346
1537  -0.010519  -0.000945  0.000112
1538  -0.038094  -0.012034  0.001596
1539  -0.005460  -0.018775  0.000382
1540  -0.012714  0.012295  0.000313
1541  0.000038  -0.026181  0.000685
1542  0.044605  -0.004258  0.002008
1543  -0.022220  -0.002289  0.000499
1544  -0.011034  0.013600  0.000307
1545  -0.021687  -0.018641  0.000818
1546  0.043368  -0.045187  0.003923
1547  0.036678  0.001602  0.001348
1548  0.041159  -0.037826  0.003125
1549  0.016214  -0.020748  0.000693
1550  -0.026706  0.008739  0.000790
1551  -0.021672  0.023353  0.001015
1552  0.045621  -0.020837  0.002515
1553  0.024042  -0.025355  0.001221
1554  0.031196  0.033475  0.002094
1555  0.037921  -0.014085  0.001636
1556  -0.016488  0.014787  0.000491
1557  0.000262  -0.019729  0.000389
1558  -0.079146  -0.007424  0.006319
1559  -0.008402  -0.045301  0.002123
1560  0.012760  -0.015113  0.000391
1561  0.040383  -0.008629  0.001705
1562  0.042097  0.007322  0.001826
1563  -0.031177  0.000077  0.000972
1564  0.017340  -0.016810  0.000583
1565  0.039507  -0.000223  0.001561
1566  -0.027331  -0.024328  0.001339
1567  0.008351  -0.031858  0.001085
1568  0.036071  -0.007418  0.001356
1569  -0.001285  -0.055540  0.003086
1570  -0.018977  -0.012153  0.000508
1571  0.002367  -0.000916  0.000006
1572  -0.034952  -0.005604  0.001253
1573  0.014520  -0.001636  0.000214
1574  0.043274  -0.000419  0.001873
1575  -0.013938  0.026122  0.000877
1576  -0.048796  0.016100  0.002640
1577  0.037356  0.002376  0.001401
1578  -0.038384  -0.007198  0.001525
1579  0.021467  -0.027350  0.001209
1580  0.019663  -0.008023  0.000451
1581  -0.018543  -0.012861  0.000509
1582  0.019750  -0.009951  0.000489
1583  0.020595  0.037503  0.001831
1584  0.048746  -0.020492  0.002796
1585  -0.017147  -0.054228  0.003235
1586  -0.018053  0.007172  0.000377
1587  -0.028410  -0.004737  0.000830
1588  -0.034957  0.000015  0.001222
1589  0.032973  -0.010851  0.001205
1590  -0.009944  0.006071  0.000136
1591  -0.029881  0.040463  0.002530
1592  0.008553  -0.027133  0.000809
1593  0.009566  -0.006125  0.000129
1594  0.007541  -0.021135  0.000504
1595  0.035487  -0.014645  0.001474
1596  0.007970  -0.004444  0.000083
1597  -0.035967  0.010555  0.001405
1598  0.017185  -0.003686  0.000309
1599  -0.019430  0.025751  0.001041
1600  -0.011102  -0.015888  0.000376
1601  -0.003007  -0.004126  0.000026
1602  -0.058603  -0.014368  0.003641
1603  0.020601  -0.021563  0.000889
1604  0.066286  -0.017631  0.004705
1605  -0.013603  -0.008309  0.000254
1606  -0.016118  -0.035219  0.001500
1607  0.019350  -0.032563  0.001435
1608  0.030605  0.015267  0.001170
1609  0.009963  0.012614  0.000258
1610  -0.011032  -0.002445  0.000128
1611  0.023546  -0.000396  0.000555
1612  -0.028547  0.042848  0.002651
1613  0.017098  -0.024676  0.000901
1614  0.006980  -0.013690  0.000236
1615  -0.005464  0.005519  0.000060
1616  -0.018317  -0.014167  0.000536
1617  -0.051244  0.020419  0.003043
1618  -0.022316  -0.031000  0.001459
1619  0.008622  0.060246  0.003704
1620  0.029773  -0.027380  0.001636
1621  -0.000312  0.004487  0.000020
1622  -0.010432  0.038336  0.001578
1623  0.012727  0.009734  0.000257
1624  0.035336  0.002165  0.001253
1625  -0.027768  0.011247  0.000898
1626  -0.009669  0.019810  0.000486
1627  -0.010916  0.000369  0.000119
1628  0.013296  0.022875  0.000700
1629  -0.022203  0.044471  0.002471
1630  0.015427  -0.008106  0.000304
1631  -0.021592  -0.039293  0.002010
1632  -0.010668  -0.031855  0.001129
1633  0.068295  -0.030611  0.005601
1634  -0.015040  -0.001334  0.000228
1635  0.007896  -0.011786  0.000201
1636  -0.033822  0.030445  0.002071
1637  -0.046293  0.004752  0.002166
1638  -0.022251  -0.000456  0.000495
1639  -0.038435  -0.036215  0.002789
1640  0.009910  -0.027030  0.000829
1641  -0.012302  -0.000811  0.000152
1642  0.021268  -0.033185  0.001554
1643  -0.013917  -0.013328  0.000371
1644  0.036897  -0.017176  0.001656
1645  0.009619  -0.047797  0.002377
1646  0.031569  0.018933  0.001355
1647  -0.044700  0.004352  0.002017
1648  -0.036975  0.019682  0.001755
1649  -0.063280  0.027387  0.004754
1650  -0.020255  0.032705  0.001480
1651  -0.015157  0.033705  0.001366
1652  -0.055383  -0.001503  0.003070
1653  0.004275  -0.030705  0.000961
1654  0.024392  -0.004205  0.000613
1655  0.025300  0.031105  0.001608
1656  -0.001012  0.011674  0.000137
1657  0.035919  -0.016283  0.001555
1658  0.015039  0.026792  0.000944
1659  0.029031  0.022850  0.001365
1660  0.016298  0.032710  0.001336
1661  0.018001  0.024064  0.000903
1662  -0.005587  -0.057196  0.003303
1663  -0.006663  0.021075  0.000489
1664  0.031791  -0.047597  0.003276
1665  0.013815  -0.021737  0.000663
1666  0.050959  0.031990  0.003620
1667  0.011567  0.036127  0.001439
1668  0.038316  0.007035  0.001518
1669  -0.029339  -0.012723  0.001023
1670  -0.017665  0.012060  0.000458
1671  -0.009035  -0.065921  0.004427
1672  -0.000576  0.009290  0.000087
1673  -0.038554  0.043056  0.003340
1674  0.029345  -0.009206  0.000946
1675  -0.025315  0.063845  0.004717
1676  0.007755  0.029033  0.000903
1677  -0.000631  -0.007115  0.000051
1678  -0.025745  0.005466  0.000693
1679  0.012632  -0.011828  0.000299
1680  -0.011015  0.026106  0.000803
1681  -0.006735  -0.005078  0.000071
1682  0.002838  0.016007  0.000264
1683  0.010459  -0.027572  0.000870
1684  0.030128  -0.053303  0.003749
1685  -0.000203  -0.015348  0.000236
1686  -0.005779  0.001974  0.000037
1687  0.005870  -0.001071  0.000036
1688  -0.003705  -0.012866  0.000179
1689  0.043200  -0.005214  0.001893
1690  -0.007242  0.020006  0.000453
1691  0.046488  -0.044190  0.004114
1692  0.000387  -0.030067  0.000904
1693  -0.007545  -0.041064  0.001743
1694  0.004442  0.000861  0.000020
1695  0.017570  -0.032527  0.001367
1696  0.033235  0.004405  0.001124
1697  -0.018718  0.007177  0.000402
1698  0.024358  0.016349  0.000861
1699  -0.013965  -0.003538  0.000208
1700  0.038298  0.055226  0.004517
1701  0.013649  0.021533  0.000650
1702  0.017561  0.005181  0.000335
1703  0.015905  0.072135  0.005456
1704  0.004318  0.050636  0.002583
1705  -0.020740  -0.002473  0.000436
1706  0.000462  0.033590  0.001129
1707  -0.011076  -0.030071  0.001027
1708  -0.005712  -0.020957  0.000472
1709  -0.039096  0.012023  0.001673
1710  0.035799  0.002435  0.001288
1711  0.008365  0.015174  0.000300
1712  0.040723  -0.022117  0.002147
1713  0.035613  -0.002722  0.001276
1714  0.007563  -0.000212  0.000057
1715  0.000748  0.047684  0.002274
1716  -0.031241  0.037546  0.002386
1717  -0.042810  -0.023216  0.002372
1718  -0.061988  0.046265  0.005983
1719  0.000696  0.020254  0.000411
1720  0.084158  0.056479  0.010273
1721  0.014223  -0.032476  0.001257
1722  -0.016338  0.063282  0.004272
1723  -0.004211  0.013810  0.000208
1724  -0.031118  0.037634  0.002385
1725  0.040689  -0.025401  0.002301
1726  0.049492  0.017560  0.002758
1727  0.041254  0.021235  0.002153
1728  -0.008692  0.002682  0.000083
1729  0.051995  0.004668  0.002725
1730  0.003324  0.075796  0.005756
1731  -0.036313  0.058366  0.004725
1732  0.011093  0.013312  0.000300
1733  0.003561  -0.070290  0.004953
1734  0.009547  -0.013269  0.000267
1735  0.003922  -0.007902  0.000078
1736  0.004639  -0.028728  0.000847
1737  -0.037927  -0.009305  0.001525
1738  0.034994  0.085818  0.008589
1739  -0.027056  -0.006573  0.000775
1740  0.027753  0.026657  0.001481
1741  0.030119  0.061758  0.004721
1742  -0.037951  0.010838  0.001558
1743  0.017869  -0.010774  0.000435
1744  -0.013688  -0.023285  0.000730
1745  -0.024870  0.005584  0.000650
1746  0.020840  0.045676  0.002521
1747  0.039642  0.032821  0.002649
1748  -0.021123  -0.003790  0.000461
1749  0.017217  -0.027038  0.001027
1750  -0.023024  -0.035107  0.001763
1751  0.007454  -0.058542  0.003483
1752  0.010910  0.056899  0.003356
1753  -0.044895  -0.056250  0.005180
1754  0.025514  -0.000940  0.000652
1755  -0.021299  0.025639  0.001111
1756  0.013317  0.006671  0.000222
1757  0.023611  0.003642  0.000571
1758  -0.011574  0.002795  0.000142
1759  -0.028271  -0.029839  0.001690
1760  -0.004711  0.039526  0.001584
1761  -0.047960  0.043373  0.004181
1762  0.047704  -0.041075  0.003963
1763  0.020003  -0.027203  0.001140
1764  0.010405  -0.009713  0.000203
1765  -0.043884  -0.010597  0.002038
1766  0.000815  0.003912  0.000016
1767  0.033024  -0.054674  0.004080
1768  -0.080093  0.046248  0.008554
1769  -0.002066  -0.033945  0.001157
1770  0.020219  0.016125  0.000669
1771  -0.026774  -0.010353  0.000824
1772  -0.070891  -0.003789  0.005040
1773  -0.006434  -0.005669  0.000074
1774  -0.011335  0.021034  0.000571
1775  -0.023463  -0.051398  0.003192
1776  -0.036189  -0.023239  0.001850
1777  -0.006846  -0.033535  0.001171
1778  -0.025836  -0.040524  0.002310
1779  0.007963  -0.022878  0.000587
1780  0.025943  -0.024279  0.001263
1781  0.021171  -0.049780  0.002926
1782  -0.003990  -0.049700  0.002486
1783  -0.007836  0.060587  0.003732
1784  -0.022357  -0.020250  0.000910
1785  -0.003563  0.006907  0.000060
1786  -0.048787  -0.003728  0.002394
1787  -0.086126  0.002442  0.007424
1788  -0.014308  0.043374  0.002086
1789  0.017291  -0.016604  0.000575
1790  0.024258  -0.009446  0.000678
1791  -0.037004  0.000057  0.001369
1792  -0.007324  0.028833  0.000885
1793  0.047836  -0.051978  0.004990
1794  -0.069249  0.035380  0.006047
1795  -0.010538  -0.012477  0.000267
1796  0.018259  -0.035923  0.001624
1797  -0.020251  0.009382  0.000498
1798  0.000353  0.027311  0.000746
1799  0.004543  -0.002582  0.000027
1800  -0.023427  0.058439  0.003964
1801  -0.047469  -0.040332  0.003880
1802  0.018340  0.000114  0.000336
1803  0.061117  -0.000551  0.003736
1804  0.040220  0.028589  0.002435
1805  0.030970  0.003734  0.000973
1806  0.030241  -0.026706  0.001628
1807  0.025986  -0.044475  0.002653
1808  -0.008394  0.086346  0.007526
1809  -0.031304  -0.014791  0.001199
1810  -0.022561  -0.008447  0.000580
1811  0.049870  -0.000290  0.002487
1812  0.031705  -0.016430  0.001275
1813  -0.069183  -0.029496  0.005656
1814  0.048560  -0.081813  0.009051
1815  0.038217  0.009566  0.001552
1816  0.058474  0.046234  0.005557
1817  0.000735  -0.027428  0.000753
1818  -0.008805  0.025247  0.000715
1819  0.067350  0.012187  0.004685
1820  0.043335  -0.007240  0.001930
1821  -0.015653  0.034781  0.001455
1822  0.020734  -0.033150  0.001529
1823  -0.062309  0.025822  0.004549
1824  -0.001937  -0.045818  0.002103
1825  0.032102  -0.021554  0.001495
1826  0.024168  -0.048825  0.002968
1827  0.003192  -0.043820  0.001930
1828  -0.001193  0.003742  0.000015
1829  0.047248  -0.039999  0.003832
1830  -0.009864  -0.047892  0.002391
1831  0.039391  0.096261  0.010818
1832  -0.027050  -0.055330  0.003793
1833  0.025826  0.099436  0.010554
1834  0.007312  0.033643  0.001185
1835  -0.053909  0.037384  0.004304
1836  0.028302  0.098452  0.010494
1837  -0.057005  -0.043484  0.005140
1838  0.004444  -0.011558  0.000153
1839  -0.010158  0.016922  0.000390
1840  -0.087169  0.098629  0.017326
1841  -0.065942  0.041248  0.006050
1842  -0.020419  0.009739  0.000512
1843  -0.018582  -0.043752  0.002259
1844  0.032780  -0.001330  0.001076
1845  0.030548  -0.049629  0.003396
1846  0.011234  -0.077624  0.006152
1847  0.059389  -0.013080  0.003698
1848  -0.015499  0.012865  0.000406
1849  0.054948  -0.076714  0.008904
1850  -0.011660  -0.008302  0.000205
1851  -0.072586  -0.035991  0.006564
1852  -0.040743  -0.090174  0.009791
1853  -0.057701  0.008341  0.003399
1854  -0.021129  -0.049164  0.002864
1855  -0.059901  -0.031721  0.004594
1856  -0.071829  -0.031422  0.006147
1857  0.011719  -0.107163  0.011621
1858  0.035205  -0.048423  0.003584
1859  0.036808  -0.020381  0.001770
1860  -0.013681  0.010396  0.000295
1861  0.004696  -0.028830  0.000853
1862  0.130268  0.031129  0.017939
1863  0.036696  -0.092443  0.009892
1864  0.054969  -0.036871  0.004381
1865  -0.013243  -0.002306  0.000181
1866  -0.005172  -0.023735  0.000590
1867  -0.113063  -0.093567  0.021538
1868  -0.104600  0.011949  0.011084
1869  -0.000759  -0.058003  0.003365
1870  0.009437  -0.078644  0.006274
1871  -0.035890  -0.103281  0.011955
1872  0.010377  -0.076511  0.005962
1873  0.025078  -0.105676  0.011796
1874  0.023335  0.082988  0.007432
1875  0.005708  0.028038  0.000819
1876  -0.004794  -0.096198  0.009277
1877  -0.048015  -0.057506  0.005612
1878  0.044859  -0.099496  0.011912
1879  -0.036306  0.063389  0.005336
1880  -0.013313  -0.074721  0.005760
1881  0.029507  -0.099307  0.010733
1882  -0.065962  -0.022691  0.004866
1883  -0.005549  -0.059668  0.003591
1884  -0.025954  0.026574  0.001380
1885  0.037566  -0.023278  0.001953
1886  0.029446  -0.092902  0.009498
1887  -0.025753  -0.010926  0.000783
1888  -0.063212  -0.005734  0.004029
1889  0.025476  0.047368  0.002893
1890  0.029075  0.031578  0.001843
1891  0.042358  -0.076056  0.007579
1892  0.049106  0.045314  0.004465
1893  -0.046305  -0.052700  0.004921
1894  -0.024154  -0.008788  0.000661
1895  -0.127293  -0.104027  0.027025
1896  0.006525  -0.056275  0.003209
1897  0.032694  0.072161  0.006276
1898  0.063784  -0.118906  0.018207
1899  -0.067192  0.084722  0.011693
1900  0.033321  0.034892  0.002328
1901  0.001307  -0.085035  0.007233
1902  0.003402  -0.034418  0.001196
1903  -0.061083  0.046974  0.005938
1904  0.029638  -0.077351  0.006862
1905  0.017734  0.020101  0.000719
1906  -0.057133  -0.114291  0.016327
1907  -0.032430  -0.072040  0.006241
1908  0.011892  0.112220  0.012735
1909  -0.113967  0.086312  0.020438
1910  -0.002022  0.091823  0.008435
1911  -0.146892  0.004453  0.021597
1912  -0.051835  0.071524  0.007803
1913  0.039221  0.096047  0.010763
1914  -0.089247  0.096745  0.017325
1915  0.032179  -0.129132  0.017710
1916  0.008998  -0.066294  0.004476
1917  0.034679  0.067616  0.005775
1918  0.090461  -0.136705  0.026872
1919  0.154867  0.158390  0.049071
1920  -0.137141  0.093575  0.027564
1921  0.025192  0.000720  0.000635
1922  -0.015783  -0.069574  0.005090
1923  -0.018013  0.059647  0.003882
1924  -0.063052  -0.001295  0.003977
1925  -0.133103  -0.105446  0.028835
1926  -0.034317  -0.069355  0.005988
1927  -0.017402  0.085336  0.007585
1928  0.078065  0.043106  0.007952
1929  -0.110870  0.013797  0.012482
1930  0.000776  -0.061452  0.003777
1931  0.051724  -0.062083  0.006530
1932  0.055551  -0.091084  0.011382
1933  -0.167150  -0.173078  0.057895
1934  0.134749  -0.068650  0.022870
1935  0.062682  0.094261  0.012814
1936  0.025239  0.013074  0.000808
1937  0.172920  0.092172  0.038397
1938  -0.162832  -0.009741  0.026609
1939  0.041331  -0.020818  0.002142
1940  -0.016770  -0.055087  0.003316
1941  -0.098329  -0.052106  0.012384
1942  0.125508  -0.084407  0.022877
1943  0.228028  -0.037626  0.053413
1944  0.086187  0.030650  0.008368
1945  -0.004272  0.120444  0.014525
1946  0.190176  0.068538  0.040864
1947  0.044042  -0.139758  0.021472
1948  0.095662  -0.128745  0.025727
1949  0.056810  0.052356  0.005969
1950  0.015002  -0.046218  0.002361
1951  -0.132984  -0.081185  0.024276
1952  -0.039000  -0.108380  0.013267
1953  -0.022254  -0.174131  0.030817
1954  0.123174  0.094565  0.024114
1955  -0.041539  0.116636  0.015329
1956  0.093532  0.068538  0.013446
1957  -0.089678  -0.042168  0.009820
1958  -0.013881  0.005641  0.000224
1959  -0.069356  0.023668  0.005371
1960  0.288775  -0.051309  0.086024
1961  -0.114749  0.028832  0.013999
1962  -0.126773  -0.071477  0.021180
1963  -0.180391  -0.149927  0.055019
1964  0.088648  0.055910  0.010984
1965  -0.020175  0.072939  0.005727
1966  -0.072930  -0.288098  0.088319
1967  0.223855  0.009384  0.050199
1968  0.159299  -0.024344  0.025969
1969  -0.025167  0.086313  0.008083
1970  0.032429  0.112937  0.013806
1971  0.060695  -0.120256  0.018145
1972  0.046046  0.007857  0.002182
1973  0.154946  0.146058  0.045341
1974  0.034548  0.291418  0.086118
1975  -0.048356  -0.116045  0.015805
1976  -0.118190  0.041678  0.015706
1977  -0.014408  0.021017  0.000649
1978  -0.162854  -0.030643  0.027460
1979  0.141456  -0.094684  0.028975
1980  0.172311  0.092707  0.038286
1981  0.063540  0.031750  0.005045
1982  0.044224  0.120763  0.016539
1983  0.067393  -0.234009  0.059302
1984  -0.042240  0.043197  0.003650
1985  -0.000685  -0.022088  0.000488
1986  0.053983  0.070352  0.007864
1987  0.032544  -0.055933  0.004188
1988  0.221662  0.006619  0.049178
1989  -0.025089  0.068314  0.005296
1990  -0.118279  0.106235  0.025276
1991  0.005552  0.225314  0.050797
1992  0.015575  0.000104  0.000243
1993  0.005575  -0.035772  0.001311
1994  -0.146723  0.256859  0.087504
1995  -0.086724  0.082449  0.014319
1996  -0.000512  -0.063426  0.004023
1997  -0.333598  -0.038752  0.112789
1998  0.074914  -0.192528  0.042679
1999  0.092803  0.011145  0.008737
2000  -0.166085  0.039776  0.029166
2001  -0.102111  -0.204840  0.052386
2002  -0.021690  0.132970  0.018152
2003  -0.115543  -0.117676  0.027198
2004  -0.043349  -0.191771  0.038655
2005  -0.081254  0.242109  0.065219
2006  0.006552  -0.104091  0.010878
2007  0.029662  -0.027251  0.001623
2008  -0.086105  -0.192771  0.044575
2009  -0.167714  -0.323495  0.132777
2010  0.242591  -0.111847  0.071360
2011  0.169423  0.309122  0.124261
2012  -0.115979  -0.337374  0.127272
2013  0.291021  0.055286  0.087750
2014  -0.083487  0.240815  0.064962
2015  0.028784  0.251130  0.063895
2016  -0.211968  0.063083  0.048910
2017  0.015587  -0.050068  0.002750
2018  -0.024056  0.078341  0.006716
2019  -0.289659  -0.151988  0.107002
2020  0.218277  0.157342  0.072402
2021  -0.050830  0.228972  0.055012
2022  0.238193  -0.212287  0.101802
2023  -0.014440  0.344923  0.119180
2024  -0.025073  -0.101582  0.010947
2025  -0.122092  -0.078492  0.021068
2026  0.173195  -0.231255  0.083476
2027  0.327675  0.194986  0.145390
2028  0.307769  -0.166630  0.122487
2029  0.155588  0.026260  0.024897
2030  0.267207  0.099475  0.081295
2031  0.069344  -0.098447  0.014501
2032  0.313809  -0.014093  0.098675
2033  0.001195  0.108600  0.011795
2034  0.071673  0.015214  0.005368
2035  -0.104705  0.017633  0.011274
2036  0.171166  -0.346362  0.149265
2037  0.027365  0.096744  0.010108
2038  0.100008  0.036425  0.011328
2039  0.040897  -0.120094  0.016095
2040  0.057204  0.128772  0.019855
2041  -0.307661  0.003612  0.094669
2042  -0.157776  0.128539  0.041416
2043  -0.082851  0.092312  0.015386
2044  -0.045209  -0.018758  0.002396
2045  0.316474  0.160944  0.126058
2046  0.002169  0.028922  0.000841
2047  0.031798  -0.080355  0.007468
