0  -0.035387  0.031061  0.002217
1  0.001609  -0.027710  0.000770
2  -0.010380  0.007806  0.000169
3  -0.004789  -0.034620  0.001221
4  -0.081172  -0.003745  0.006603
5  -0.009398  -0.034660  0.001290
6  -0.024770  0.011372  0.000743
7  -0.028239  0.050032  0.003301
8  -0.014697  -0.053905  0.003122
9  0.038725  0.031734  0.002507
10  -0.004114  0.032499  0.001073
11  0.044274  0.089001  0.009881
12  0.011331  0.006506  0.000171
13  -0.032499  -0.013136  0.001229
14  -0.017368  -0.005688  0.000334
15  -0.076101  -0.008667  0.005866
16  -0.040139  -0.038627  0.003103
17  -0.017818  0.036857  0.001676
18  0.007802  -0.001370  0.000063
19  0.051203  0.013578  0.002806
20  0.047689  -0.057095  0.005534
21  0.006923  0.046390  0.002200
22  -0.025013  -0.027083  0.001359
23  -0.005323  0.024730  0.000640
24  -0.007121  0.048510  0.002404
25  -0.014185  0.015556  0.000443
26  -0.018023  -0.018681  0.000674
27  -0.004149  0.001093  0.000018
28  0.010023  -0.008292  0.000169
29  -0.102281  0.046401  0.012615
30  0.011974  -0.006898  0.000191
31  0.000057  0.044165  0.001951
32  -0.044491  0.041032  0.003663
33  -0.039816  0.048350  0.003923
34  0.030841  0.029697  0.001833
35  0.015079  -0.067696  0.004810
36  -0.074816  -0.016874  0.005882
37  0.002703  0.006328  0.000047
38  -0.029320  0.076301  0.006682
39  -0.026485  -0.056915  0.003941
40  0.045328  -0.054029  0.004974
41  -0.035416  0.042997  0.003103
42  -0.009998  -0.015469  0.000339
43  -0.002510  -0.012576  0.000164
44  0.022297  0.058504  0.003920
45  0.001001  -0.046268  0.002142
46  -0.027165  -0.060510  0.004399
47  0.040312  0.034851  0.002840
48  -0.011313  0.001623  0.000131
49  0.013419  0.005556  0.000211
50  0.001753  -0.029844  0.000894
51  -0.040052  0.032507  0.002661
52  -0.000270  0.022987  0.000528
53  0.017291  -0.012115  0.000446
54  0.006983  0.018280  0.000383
55  0.035249  -0.035470  0.002501
56  0.029437  0.019378  0.001242
57  -0.015801  0.030280  0.001167
58  -0.036404  0.000342  0.001325
59  0.022508  0.010580  0.000619
60  -0.009656  0.031544  0.001088
61  0.030088  -0.035749  0.002183
62  0.000228  -0.007324  0.000054
63  -0.017554  0.092234  0.008815
64  0.037576  -0.006811  0.001458
65  -0.039301  -0.004553  0.001565
66  -0.019449  0.015164  0.000608
67  -0.052688  0.003975  0.002792
68  0.003241  -0.041117  0.001701
69  0.025814  0.011166  0.000791
70  -0.013037  0.000343  0.000170
71  0.045373  0.016415  0.002328
72  -0.032513  0.025685  0.001717
73  -0.038102  -0.017310  0.001751
74  -0.033239  -0.006264  0.001144
75  -0.039721  0.007006  0.001627
76  -0.021806  0.022926  0.001001
77  0.047161  0.070407  0.007181
78  0.023256  -0.019688  0.000928
79  0.059092  0.016510  0.003764
80  0.066211  0.034846  0.005598
81  0.018136  -0.078553  0.006499
82  0.044987  -0.026472  0.002725
83  -0.021839  -0.006559  0.000520
84  -0.041396  0.008503  0.001786
85  0.050923  0.037631  0.004009
86  0.003573  -0.017388  0.000315
87  0.057493  -0.051400  0.005947
88  0.016824  -0.009242  0.000368
89  0.017018  -0.006624  0.000333
90  -0.036724  0.024274  0.001938
91  -0.028562  -0.002733  0.000823
92  -0.023199  0.023550  0.001093
93  -0.080007  -0.005832  0.006435
94  -0.022409  0.053388  0.003352
95  0.015564  -0.033381  0.001357
96  -0.001107  -0.007985  0.000065
97  0.049068  0.052436  0.005157
98  0.052946  -0.028442  0.003612
99  0.013777  -0.025928  0.000862
100  0.031167  -0.032620  0.002035
101  -0.019188  -0.014002  0.000564
102  0.015079  -0.001429  0.000229
103  -0.020094  0.015933  0.000658
104  -0.017198  0.008473  0.000368
105  0.029853  -0.025080  0.001520
106  -0.063485  -0.009699  0.004124
107  -0.061268  0.013118  0.003926
108  -0.032276  0.026807  0.001760
109  0.012925  0.018090  0.000494
110  0.005938  0.045224  0.002080
111  0.023659  0.021362  0.001016
112  0.044700  -0.052044  0.004707
113  -0.029020  -0.023159  0.001378
114  -0.022149  -0.002806  0.000498
115  -0.044881  -0.062389  0.005907
116  -0.032188  0.034932  0.002256
117  -0.049786  -0.071758  0.007628
118  0.007658  -0.010760  0.000174
119  0.007752  0.011993  0.000204
120  -0.007066  -0.002003  0.000054
121  -0.006553  0.071128  0.005102
122  0.005363  -0.011684  0.000165
123  0.000640  -0.019342  0.000375
124  -0.026464  0.046641  0.002876
125  0.002262  -0.007604  0.000063
126  0.014647  -0.019605  0.000599
127  0.035187  -0.031490  0.002230
128  0.034332  -0.021372  0.001635
129  -0.078802  0.052287  0.008944
130  0.009781  -0.009217  0.000181
131  -0.062603  -0.011037  0.004041
132  -0.056940  0.027373  0.003991
133  0.027042  -0.004792  0.000754
134  0.007158  0.042220  0.001834
135  0.021955  0.061287  0.004238
136  -0.031499  -0.001798  0.000995
137  -0.006934  0.019871  0.000443
138  -0.015028  0.018643  0.000573
139  -0.014210  -0.039134  0.001733
140  0.013460  0.039838  0.001768
141  -0.028183  -0.046701  0.002975
142  0.004165  -0.002171  0.000022
143  0.016812  0.002317  0.000288
144  0.026244  -0.045786  0.002785
145  0.024839  0.001054  0.000618
146  -0.051288  -0.008758  0.002707
147  0.021708  0.019899  0.000867
148  0.029510  -0.036572  0.002208
149  0.009998  0.025432  0.000747
150  -0.035125  0.018225  0.001566
151  0.031458  0.052251  0.003720
152  -0.035559  0.047389  0.003510
153  0.006353  0.030386  0.000964
154  -0.046916  -0.039889  0.003792
155  -0.032842  0.074784  0.006671
156  -0.002608  0.029477  0.000876
157  0.005689  -0.021614  0.000500
158  0.031879  -0.003303  0.001027
159  -0.002804  0.007988  0.000072
160  0.052662  -0.019262  0.003144
161  -0.017166  -0.048215  0.002619
162  0.021444  0.056116  0.003609
163  0.008137  0.017369  0.000368
164  -0.035641  0.031249  0.002247
165  0.023952  0.049383  0.003012
166  -0.092452  0.048304  0.010881
167  -0.000049  0.008329  0.000069
168  0.038363  -0.027188  0.002211
169  -0.040211  0.036412  0.002943
170  0.030107  -0.002322  0.000912
171  -0.036259  -0.000271  0.001315
172  0.002423  -0.015331  0.000241
173  -0.010291  0.064793  0.004304
174  0.031570  -0.017728  0.001311
175  -0.006378  -0.011767  0.000179
176  -0.017997  -0.028483  0.001135
177  0.049654  -0.018352  0.002802
178  -0.055623  0.059131  0.006591
179  -0.065695  -0.024653  0.004924
180  -0.037341  0.067855  0.005999
181  -0.002047  0.067468  0.004556
182  0.036907  0.027744  0.002132
183  -0.027670  -0.006674  0.000810
184  0.011168  0.019438  0.000503
185  -0.053990  0.037098  0.004291
186  0.007521  0.038741  0.001557
187  -0.002726  0.025335  0.000649
188  0.022718  0.008240  0.000584
189  -0.041053  0.050064  0.004192
190  -0.000923  -0.007580  0.000058
191  -0.034824  0.008557  0.001286
192  0.016988  -0.044184  0.002241
193  -0.000431  0.018132  0.000329
194  -0.038788  0.083602  0.008494
195  0.003501  0.009411  0.000101
196  -0.000075  0.019291  0.000372
197  -0.010880  0.057030  0.003371
198  -0.011912  -0.015613  0.000386
199  -0.001457  0.018780  0.000355
200  0.045391  -0.008624  0.002135
201  0.021616  -0.049336  0.002901
202  -0.041987  -0.026702  0.002476
203  0.003048  0.000993  0.000010
204  -0.041294  0.028403  0.002512
205  -0.009957  -0.002468  0.000105
206  -0.030422  0.003478  0.000938
207  -0.020514  0.014809  0.000640
208  -0.071096  -0.030964  0.006013
209  -0.016656  0.014064  0.000475
210  -0.003928  -0.010238  0.000120
211  0.010945  0.029163  0.000970
212  -0.002428  0.087078  0.007589
213  -0.009997  -0.048010  0.002405
214  0.038027  -0.046482  0.003607
215  -0.016735  -0.007858  0.000342
216  0.024120  -0.048115  0.002897
217  -0.003828  -0.025882  0.000685
218  0.037773  0.000708  0.001427
219  -0.036323  -0.041249  0.003021
220  -0.031866  -0.027094  0.001749
221  -0.030663  -0.028745  0.001766
222  0.026713  0.025000  0.001339
223  -0.023242  0.090989  0.008819
224  0.047574  0.024481  0.002863
225  -0.040580  -0.048650  0.004014
226  -0.067359  -0.032661  0.005604
227  0.003645  -0.010857  0.000131
228  -0.001907  -0.001010  0.000005
229  0.030830  0.029816  0.001839
230  -0.034688  0.001186  0.001205
231  -0.033209  0.037727  0.002526
232  0.020312  0.041826  0.002162
233  -0.051416  -0.036882  0.004004
234  0.013971  0.042516  0.002003
235  -0.001126  -0.010939  0.000121
236  0.037622  -0.023919  0.001988
237  -0.000238  -0.029081  0.000846
238  0.037920  -0.011032  0.001560
239  -0.015570  -0.031919  0.001261
240  -0.034636  -0.007450  0.001255
241  -0.024979  0.053325  0.003468
242  -0.029748  -0.011794  0.001024
243  0.022054  -0.035838  0.001771
244  -0.060645  0.014792  0.003897
245  -0.054185  -0.058695  0.006381
246  -0.025621  0.056026  0.003795
247  0.019816  0.032593  0.001455
248  0.012435  -0.002819  0.000163
249  0.038262  0.049940  0.003958
250  0.024682  0.064607  0.004783
251  0.000494  0.012598  0.000159
252  -0.001832  -0.015460  0.000242
253  0.001838  0.062015  0.003849
254  -0.059485  0.002951  0.003547
255  0.051144  -0.057450  0.005916
256  0.009659  -0.004932  0.000118
257  0.004155  0.057563  0.003331
258  -0.010134  -0.012253  0.000253
259  -0.004178  0.004044  0.000034
260  0.001924  -0.027620  0.000767
261  -0.067990  -0.009417  0.004711
262  -0.012013  0.018590  0.000490
263  0.007245  0.004831  0.000076
264  0.018113  0.030266  0.001244
265  0.059640  -0.065959  0.007908
266  -0.022501  0.014398  0.000714
267  0.022399  0.005873  0.000536
268  0.054725  0.009085  0.003077
269  0.014967  0.023016  0.000754
270  0.011504  -0.021745  0.000605
271  -0.012450  -0.013170  0.000328
272  -0.003399  -0.000570  0.000012
273  -0.009858  0.002757  0.000105
274  0.025890  -0.024481  0.001270
275  0.000710  -0.022748  0.000518
276  -0.030646  -0.011437  0.001070
277  -0.015162  0.016047  0.000487
278  0.040187  0.003685  0.001629
279  0.091292  -0.056097  0.011481
280  -0.031031  0.036119  0.002268
281  0.005490  -0.014369  0.000237
282  0.021656  -0.033701  0.001605
283  0.023373  0.029333  0.001407
284  -0.038752  0.001565  0.001504
285  -0.037127  -0.027539  0.002137
286  -0.010436  0.000681  0.000109
287  -0.052441  0.013018  0.002920
288  0.028080  0.062236  0.004662
289  0.015475  0.004656  0.000261
290  0.025374  -0.023556  0.001199
291  -0.024356  0.086215  0.008026
292  0.003753  0.003871  0.000029
293  -0.012338  -0.026028  0.000830
294  -0.027427  -0.009253  0.000838
295  -0.047412  -0.003864  0.002263
296  -0.008458  0.058747  0.003523
297  -0.032977  -0.021540  0.001551
298  -0.060062  -0.015107  0.003836
299  0.004320  -0.027855  0.000795
300  0.023044  0.013188  0.000705
301  -0.062268  0.015458  0.004116
302  -0.003735  -0.018202  0.000345
303  -0.060205  0.016554  0.003899
304  0.017240  0.012110  0.000444
305  0.011506  0.027373  0.000882
306  0.008581  0.006545  0.000116
307  0.053888  -0.005518  0.002934
308  0.006050  0.008571  0.000110
309  -0.018000  0.012123  0.000471
310  -0.019745  0.043591  0.002290
311  -0.001315  -0.012890  0.000168
312  0.052470  0.060267  0.006385
313  -0.007920  0.041345  0.001772
314  0.032593  -0.018312  0.001398
315  -0.004650  0.033228  0.001126
316  0.043685  0.022627  0.002420
317  0.023320  0.008855  0.000622
318  0.014536  0.000078  0.000211
319  0.025485  0.029046  0.001493
320  0.081607  0.053391  0.009510
321  0.028850  0.016154  0.001093
322  0.007918  -0.030910  0.001018
323  0.031904  0.018408  0.001357
324  0.021644  0.002000  0.000472
325  0.016496  0.042342  0.002065
326  -0.009240  0.015812  0.000335
327  0.005367  0.042103  0.001801
328  -0.057206  0.018795  0.003626
329  -0.014167  0.014517  0.000411
330  -0.025287  -0.017857  0.000958
331  0.014741  0.043508  0.002110
332  0.018763  0.010312  0.000458
333  0.018622  0.035024  0.001573
334  -0.025137  0.019359  0.001007
335  -0.039520  0.028350  0.002366
336  -0.016122  0.001295  0.000262
337  0.073520  0.059337  0.008926
338  -0.006536  0.022742  0.000560
339  0.052171  0.012512  0.002878
340  -0.027863  -0.087553  0.008442
341  -0.000107  0.015363  0.000236
342  -0.043437  0.036864  0.003246
343  -0.020541  -0.011074  0.000545
344  -0.035297  0.060845  0.004948
345  0.048444  0.130454  0.019365
346  0.012621  -0.027042  0.000891
347  0.038995  -0.038458  0.003000
348  -0.022203  -0.000320  0.000493
349  0.018854  0.031557  0.001351
350  -0.033774  -0.060148  0.004758
351  -0.045922  0.007289  0.002162
352  0.017783  -0.006615  0.000360
353  0.008158  0.035165  0.001303
354  0.026434  0.044560  0.002684
355  -0.038533  0.017402  0.001788
356  0.015530  0.012403  0.000395
357  -0.033302  0.019618  0.001494
358  0.068201  0.030815  0.005601
359  0.018572  0.000165  0.000345
360  -0.017733  0.014619  0.000528
361  0.055723  0.065439  0.007387
362  -0.004835  0.079881  0.006404
363  0.007752  -0.066776  0.004519
364  0.010179  0.033201  0.001206
365  0.055089  0.041978  0.004797
366  0.002359  -0.003367  0.000017
367  0.034750  0.033228  0.002312
368  0.010011  0.023598  0.000657
369  -0.047221  0.047283  0.004466
370  -0.018699  0.027732  0.001119
371  0.006817  -0.032686  0.001115
372  -0.042593  0.002458  0.001820
373  -0.010697  -0.007179  0.000166
374  -0.001835  0.004858  0.000027
375  -0.040888  0.039134  0.003203
376  0.058971  0.024691  0.004087
377  0.047798  -0.028646  0.003105
378  0.002254  -0.038307  0.001472
379  0.033614  0.020826  0.001564
380  -0.037810  -0.041228  0.003129
381  0.020297  0.024862  0.001030
382  0.021157  0.002908  0.000456
383  -0.029136  -0.011438  0.000980
384  0.065634  -0.019447  0.004686
385  0.058205  0.005916  0.003423
386  0.005377  0.014901  0.000251
387  0.006738  0.025423  0.000692
388  -0.047730  0.039875  0.003868
389  -0.012043  -0.013306  0.000322
390  0.005889  0.018460  0.000375
391  0.003246  -0.022751  0.000528
392  -0.020647  -0.037867  0.001860
393  0.008535  -0.013308  0.000250
394  0.000425  0.013535  0.000183
395  -0.032786  0.049219  0.003497
396  0.024253  0.006834  0.000635
397  -0.072401  0.012656  0.005402
398  -0.061399  -0.015123  0.003999
399  -0.032405  0.030064  0.001954
400  -0.047676  0.021566  0.002738
401  -0.023543  0.017388  0.000857
402  -0.012715  0.026658  0.000872
403  -0.000258  0.045969  0.002113
404  0.011803  0.008137  0.000206
405  0.018597  -0.021112  0.000792
406  -0.030991  -0.048961  0.003358
407  -0.015062  0.016245  0.000491
408  0.014104  0.011879  0.000340
409  -0.019124  0.003402  0.000377
410  -0.033724  0.024583  0.001742
411  0.001947  -0.072272  0.005227
412  0.020032  0.002964  0.000410
413  0.028362  -0.019922  0.001201
414  0.020292  -0.001647  0.000414
415  -0.007485  0.058062  0.003427
416  -0.049737  0.057492  0.005779
417  -0.045139  0.033503  0.003160
418  -0.059854  0.046113  0.005709
419  0.017948  -0.052532  0.003082
420  -0.033554  -0.000190  0.001126
421  0.004059  0.002040  0.000021
422  0.008668  -0.032505  0.001132
423  0.003396  0.041688  0.001749
424  0.042453  -0.065148  0.006047
425  0.009607  -0.008840  0.000170
426  0.005318  0.016284  0.000293
427  0.040035  0.023849  0.002172
428  -0.018161  0.039641  0.001901
429  -0.007147  0.031052  0.001015
430  0.035165  -0.047926  0.003533
431  0.088089  -0.007599  0.007817
432  0.038657  -0.009490  0.001584
433  0.039159  0.011836  0.001674
434  0.010041  0.009698  0.000195
435  0.044513  0.011152  0.002106
436  0.023218  0.011548  0.000672
437  -0.030628  -0.034031  0.002096
438  0.089163  -0.048628  0.010315
439  -0.004802  -0.032017  0.001048
440  0.055845  -0.015066  0.003346
441  0.052876  0.055273  0.005851
442  -0.026257  -0.065463  0.004975
443  0.005549  -0.043109  0.001889
444  0.004838  0.048815  0.002406
445  0.103726  0.004608  0.010780
446  -0.012392  -0.019666  0.000540
447  -0.034161  0.034927  0.002387
448  -0.008462  0.018955  0.000431
449  -0.013811  0.050918  0.002783
450  0.029367  0.008577  0.000936
451  0.040222  0.000899  0.001619
452  0.024091  -0.022789  0.001100
453  -0.018312  0.053896  0.003240
454  0.023429  0.037446  0.001951
455  -0.008775  0.055868  0.003198
456  0.030141  0.013341  0.001086
457  0.044763  0.030249  0.002919
458  -0.002717  0.032838  0.001086
459  -0.014421  0.000063  0.000208
460  -0.011453  0.063818  0.004204
461  -0.044007  0.030039  0.002839
462  0.034858  0.008382  0.001285
463  -0.008381  0.029010  0.000912
464  0.027214  -0.021276  0.001193
465  -0.024781  -0.015470  0.000853
466  -0.012103  -0.006247  0.000186
467  -0.030177  0.056368  0.004088
468  0.029283  -0.002759  0.000865
469  -0.028701  0.025801  0.001489
470  0.021711  0.003744  0.000485
471  0.027731  0.037894  0.002205
472  -0.002872  -0.028030  0.000794
473  0.005416  -0.044093  0.001974
474  0.022846  -0.018765  0.000874
475  -0.027328  -0.013085  0.000918
476  0.008200  -0.003031  0.000076
477  -0.034751  -0.023808  0.001774
478  0.014577  0.053364  0.003060
479  0.014816  0.010123  0.000322
480  0.023443  0.036431  0.001877
481  0.035651  -0.020141  0.001677
482  -0.023706  0.019474  0.000941
483  -0.045741  0.027220  0.002833
484  -0.024874  0.044715  0.002618
485  0.006466  0.042656  0.001861
486  -0.010679  -0.078420  0.006264
487  0.032279  0.013523  0.001225
488  -0.000910  -0.068132  0.004643
489  0.025520  -0.019967  0.001050
490  0.028678  -0.030308  0.001741
491  -0.038462  0.047254  0.003712
492  -0.037274  -0.031957  0.002411
493  -0.033846  0.016613  0.001422
494  -0.066467  0.012433  0.004572
495  -0.033430  -0.039479  0.002676
496  0.030222  -0.020401  0.001330
497  -0.022534  0.024756  0.001121
498  -0.019571  0.014707  0.000599
499  -0.028334  -0.016603  0.001079
500  0.007088  0.025548  0.000703
501  0.032259  0.052953  0.003845
502  -0.006202  -0.035140  0.001273
503  0.036461  -0.001486  0.001332
504  0.046136  0.015237  0.002361
505  -0.010504  -0.019634  0.000496
506  0.045021  0.016720  0.002306
507  0.049121  0.058799  0.005870
508  -0.048471  0.022224  0.002843
509  -0.008625  0.007781  0.000135
510  -0.021481  0.018848  0.000817
511  -0.007335  -0.015075  0.000281
512  -0.000268  -0.041121  0.001691
513  -0.018076  0.013658  0.000513
514  -0.007789  0.027169  0.000799
515  -0.032041  0.006346  0.001067
516  0.042531  -0.034964  0.003031
517  0.013307  -0.018282  0.000511
518  0.027774  0.052769  0.003556
519  0.022304  -0.004832  0.000521
520  -0.023099  -0.002552  0.000540
521  0.038841  0.016255  0.001773
522  0.000832  0.000961  0.000002
523  0.039951  0.048634  0.003961
524  -0.018871  -0.014894  0.000578
525  0.019948  -0.040356  0.002027
526  -0.016955  0.006058  0.000324
527  -0.008202  0.000587  0.000068
528  -0.011233  -0.049967  0.002623
529  0.046070  -0.024892  0.002742
530  0.008618  0.056064  0.003217
531  -0.044831  -0.016874  0.002295
532  0.088578  -0.003047  0.007855
533  -0.055080  0.037948  0.004474
534  0.001844  0.018504  0.000346
535  -0.053634  -0.016663  0.003154
536  0.006971  -0.050260  0.002575
537  0.059989  -0.005756  0.003632
538  0.066683  0.011999  0.004591
539  -0.011371  -0.000309  0.000129
540  -0.004355  0.064106  0.004129
541  0.022340  0.069016  0.005262
542  0.035319  0.009439  0.001337
543  0.015555  0.005662  0.000274
544  -0.030496  -0.043061  0.002784
545  0.047932  0.023025  0.002828
546  0.057758  0.002251  0.003341
547  -0.026101  0.012206  0.000830
548  -0.010753  0.002015  0.000120
549  -0.051177  0.036842  0.003976
550  -0.020986  0.008123  0.000506
551  0.006136  0.026995  0.000766
552  0.010771  -0.014435  0.000324
553  0.026556  -0.042917  0.002547
554  -0.001885  0.034306  0.001180
555  0.019460  0.029554  0.001252
556  -0.053536  -0.021084  0.003311
557  -0.022716  -0.040537  0.002159
558  0.038070  -0.029999  0.002349
559  -0.028556  -0.004015  0.000832
560  0.015998  -0.004362  0.000275
561  0.010581  0.059821  0.003690
562  0.067401  0.009962  0.004642
563  -0.001584  0.090587  0.008208
564  -0.006024  0.036428  0.001363
565  0.046623  -0.027692  0.002941
566  0.032562  0.016384  0.001329
567  -0.026389  -0.000898  0.000697
568  -0.072119  -0.000027  0.005201
569  -0.066574  0.003240  0.004443
570  0.031948  -0.022324  0.001519
571  -0.012814  0.011859  0.000305
572  -0.009909  -0.000583  0.000099
573  -0.097443  0.029455  0.010363
574  -0.031402  -0.089296  0.008960
575  0.031205  -0.019509  0.001354
576  0.013000  -0.026754  0.000885
577  0.036410  0.009719  0.001420
578  0.045974  0.021321  0.002568
579  -0.021343  0.014755  0.000673
580  -0.043325  0.006030  0.001913
581  0.030449  0.030733  0.001872
582  -0.032812  -0.025433  0.001723
583  0.001488  -0.000735  0.000003
584  -0.047102  -0.030411  0.003143
585  -0.004576  -0.069490  0.004850
586  0.006904  0.026816  0.000767
587  0.051046  0.013465  0.002787
588  0.036327  -0.015357  0.001555
589  0.041227  0.041152  0.003393
590  -0.034338  -0.028703  0.002003
591  0.028324  0.074456  0.006346
592  0.024522  0.000336  0.000601
593  -0.011051  0.010720  0.000237
594  0.071820  0.000540  0.005158
595  -0.002149  -0.027158  0.000742
596  -0.028237  0.022501  0.001304
597  -0.093417  0.033782  0.009868
598  -0.051893  -0.022559  0.003202
599  -0.007381  0.033330  0.001165
600  -0.021961  -0.019577  0.000866
601  0.045348  0.016621  0.002333
602  0.015661  -0.027563  0.001005
603  0.016632  0.013850  0.000468
604  -0.004773  -0.054036  0.002943
605  0.000531  -0.059289  0.003515
606  -0.028469  0.014966  0.001034
607  0.020972  -0.000369  0.000440
608  -0.015562  0.048639  0.002608
609  0.007857  0.011713  0.000199
610  -0.011234  0.004670  0.000148
611  -0.024157  0.028476  0.001394
612  0.000682  -0.009355  0.000088
613  -0.033208  -0.009934  0.001201
614  0.037901  0.052651  0.004209
615  0.011790  0.015601  0.000382
616  -0.052138  0.004118  0.002735
617  0.024129  0.003654  0.000596
618  0.054234  -0.007964  0.003005
619  -0.055019  0.016767  0.003308
620  0.070545  0.039283  0.006520
621  0.025511  0.058378  0.004059
622  -0.014620  0.015122  0.000442
623  -0.022551  0.015583  0.000751
624  -0.028610  0.050691  0.003388
625  -0.046206  -0.009810  0.002231
626  -0.052671  0.054990  0.005798
627  -0.008122  0.021344  0.000522
628  0.051830  -0.006304  0.002726
629  -0.025397  -0.003203  0.000655
630  -0.046929  0.059183  0.005705
631  0.012618  0.023872  0.000729
632  -0.000769  -0.027661  0.000766
633  -0.025611  0.074541  0.006212
634  -0.038175  -0.010918  0.001577
635  0.034413  0.054344  0.004137
636  -0.019081  -0.008203  0.000431
637  -0.018530  -0.010461  0.000453
638  0.037084  0.021727  0.001847
639  -0.002136  -0.015081  0.000232
640  -0.009777  0.088044  0.007847
641  -0.050414  0.013115  0.002714
642  0.035054  0.028842  0.002061
643  0.010470  -0.026308  0.000802
644  0.032034  -0.019980  0.001425
645  0.000094  -0.032353  0.001047
646  0.060860  -0.041398  0.005418
647  -0.036023  0.002248  0.001303
648  0.065378  -0.016005  0.004530
649  0.034003  -0.004322  0.001175
650  -0.049548  0.024955  0.003078
651  -0.063231  0.015235  0.004230
652  -0.027311  -0.010189  0.000850
653  -0.037376  -0.023035  0.001928
654  0.017113  -0.078460  0.006449
655  0.040490  -0.090002  0.009740
656  -0.006005  -0.015690  0.000282
657  0.001318  -0.027040  0.000733
658  0.049252  -0.048993  0.004826
659  -0.006011  -0.032323  0.001081
660  -0.002730  0.089550  0.008027
661  0.019890  -0.009587  0.000488
662  0.041419  0.013847  0.001907
663  0.008387  0.032158  0.001104
664  -0.013149  -0.090313  0.008329
665  0.034141  0.012936  0.001333
666  0.008922  -0.040022  0.001681
667  -0.031075  0.002956  0.000974
668  -0.018607  0.042019  0.002112
669  0.011050  0.016974  0.000410
670  0.099400  -0.016817  0.010163
671  0.011492  0.011961  0.000275
672  -0.028607  -0.017835  0.001136
673  -0.008065  -0.007568  0.000122
674  -0.024897  0.030843  0.001571
675  -0.014818  -0.051329  0.002854
676  -0.044641  0.077835  0.008051
677  -0.012827  -0.012559  0.000322
678  0.008812  -0.057698  0.003407
679  -0.031725  -0.045236  0.003053
680  0.002056  0.020724  0.000434
681  -0.000415  0.009228  0.000085
682  0.011433  0.009380  0.000219
683  -0.020320  0.080531  0.006898
684  0.053853  0.025216  0.003536
685  0.059058  -0.027272  0.004232
686  0.004914  0.017649  0.000336
687  0.009080  -0.030268  0.000999
688  -0.030349  0.022231  0.001415
689  0.041616  0.024394  0.002327
690  0.029373  0.044929  0.002881
691  0.074672  0.100639  0.015704
692  -0.086503  0.039957  0.009079
693  0.071953  0.047993  0.007481
694  0.060875  -0.093915  0.012526
695  -0.018216  -0.078793  0.006540
696  -0.034164  0.003625  0.001180
697  -0.050836  -0.031275  0.003562
698  0.041339  -0.074100  0.007200
699  0.038524  0.022797  0.002004
700  0.051468  0.023832  0.003217
701  0.054357  -0.027723  0.003723
702  0.107132  -0.034607  0.012675
703  0.064098  0.076224  0.009919
704  0.023687  -0.012463  0.000716
705  0.030971  0.031125  0.001928
706  -0.011840  0.040216  0.001758
707  0.027763  0.016837  0.001054
708  -0.028700  0.018009  0.001148
709  -0.009459  0.106652  0.011464
710  -0.008046  -0.001113  0.000066
711  -0.026608  -0.009834  0.000805
712  0.046658  -0.085557  0.009497
713  0.034360  -0.006484  0.001223
714  -0.055230  0.064169  0.007168
715  0.014397  -0.035896  0.001496
716  -0.012750  -0.009905  0.000261
717  -0.026447  0.041372  0.002411
718  -0.055389  -0.032929  0.004152
719  -0.081773  0.039563  0.008252
720  0.008052  -0.006494  0.000107
721  0.004239  0.055819  0.003134
722  0.011764  -0.020083  0.000542
723  -0.009782  0.018510  0.000438
724  -0.009513  -0.014087  0.000289
725  0.015805  0.024631  0.000856
726  0.027702  -0.023339  0.001312
727  0.043412  0.047887  0.004178
728  0.101245  -0.041894  0.012006
729  0.004021  0.017604  0.000326
730  0.030793  0.074753  0.006536
731  0.029048  -0.013350  0.001022
732  -0.029839  0.022831  0.001412
733  0.005463  0.039096  0.001558
734  0.039237  0.016281  0.001805
735  -0.014552  -0.041178  0.001907
736  -0.030853  0.032597  0.002014
737  -0.061116  0.009871  0.003833
738  -0.005735  -0.002574  0.000040
739  -0.041815  0.071780  0.006901
740  -0.021204  -0.050528  0.003003
741  0.045591  -0.020566  0.002502
742  -0.062628  0.031743  0.004930
743  0.013433  -0.045998  0.002296
744  0.025911  -0.006294  0.000711
745  0.031889  -0.018836  0.001372
746  -0.035433  -0.034925  0.002475
747  0.034960  0.083858  0.008254
748  -0.029503  0.034301  0.002047
749  -0.037654  0.057176  0.004687
750  -0.022497  0.028505  0.001319
751  -0.036571  -0.073211  0.006697
752  0.017950  -0.030282  0.001239
753  0.025186  -0.002074  0.000639
754  0.055173  0.050461  0.005590
755  0.045200  0.103356  0.012725
756  0.018293  0.020702  0.000763
757  -0.055825  0.013067  0.003287
758  0.005507  0.009570  0.000122
759  0.076368  -0.053815  0.008728
760  -0.036741  0.015770  0.001599
761  -0.006557  0.048849  0.002429
762  -0.024842  -0.038528  0.002102
763  0.057528  0.030402  0.004234
764  -0.085102  0.034245  0.008415
765  0.015084  -0.048610  0.002591
766  -0.003217  0.100416  0.010094
767  -0.031894  -0.016680  0.001295
768  0.033943  -0.021029  0.001594
769  0.006144  0.032801  0.001114
770  -0.047152  -0.003085  0.002233
771  0.061486  0.010742  0.003896
772  -0.053138  0.000919  0.002824
773  -0.037728  0.048234  0.003750
774  -0.069757  0.005273  0.004894
775  -0.041193  0.000311  0.001697
776  0.028293  0.007173  0.000852
777  -0.003551  -0.007259  0.000065
778  -0.056090  -0.031275  0.004124
779  -0.029351  0.007597  0.000919
780  0.046553  0.025090  0.002797
781  0.021041  -0.033062  0.001536
782  0.039104  -0.074997  0.007154
783  0.056574  0.000578  0.003201
784  0.088572  -0.010037  0.007946
785  0.086510  0.005163  0.007511
786  -0.066204  -0.068845  0.009123
787  -0.042898  0.000568  0.001841
788  -0.027511  0.046159  0.002888
789  -0.001772  0.035958  0.001296
790  -0.062170  0.042238  0.005649
791  -0.083752  0.099352  0.016885
792  -0.032833  0.035665  0.002350
793  -0.060566  0.068102  0.008306
794  -0.035240  -0.039058  0.002767
795  -0.080038  0.066165  0.010784
796  -0.037881  0.027651  0.002199
797  -0.013340  0.021881  0.000657
798  -0.031702  -0.014885  0.001227
799  -0.000974  0.069362  0.004812
800  -0.051743  -0.019752  0.003067
801  0.013400  0.005709  0.000212
802  -0.035402  -0.006397  0.001294
803  -0.018888  -0.035081  0.001587
804  0.058871  -0.017203  0.003762
805  0.007646  -0.032945  0.001144
806  0.019498  0.153158  0.023837
807  -0.010045  -0.029482  0.000970
808  -0.004412  0.008986  0.000100
809  -0.014648  -0.009273  0.000301
810  -0.012743  0.024443  0.000760
811  -0.031208  0.033574  0.002101
812  -0.005920  -0.073488  0.005436
813  0.002498  -0.054038  0.002926
814  0.053897  0.095073  0.011944
815  0.029568  0.044797  0.002881
816  0.002918  -0.052785  0.002795
817  0.058184  -0.035540  0.004648
818  0.000500  0.103614  0.010736
819  -0.017997  0.072221  0.005540
820  0.050950  0.000580  0.002596
821  0.074559  0.100176  0.015594
822  -0.017700  -0.040635  0.001965
823  -0.012063  0.034357  0.001326
824  0.084682  -0.037841  0.008603
825  -0.067919  -0.027085  0.005347
826  0.071264  -0.024612  0.005684
827  0.065851  -0.059557  0.007883
828  -0.011140  0.073529  0.005531
829  -0.069205  0.063514  0.008823
830  0.032262  -0.037448  0.002443
831  -0.011391  -0.010363  0.000237
832  0.056296  0.033380  0.004283
833  0.003785  -0.023496  0.000566
834  -0.028270  0.003921  0.000815
835  0.004267  -0.055451  0.003093
836  -0.103274  -0.035871  0.011952
837  0.025407  -0.037094  0.002021
838  -0.009252  0.046604  0.002258
839  0.107746  0.031573  0.012606
840  0.000695  0.084748  0.007183
841  0.068321  -0.022305  0.005165
842  0.038807  0.057682  0.004833
843  -0.088967  -0.013283  0.008092
844  -0.010253  -0.008083  0.000170
845  0.066147  0.071337  0.009464
846  -0.026189  0.122035  0.015579
847  -0.041513  -0.010937  0.001843
848  0.101856  0.075579  0.016087
849  0.023599  0.020071  0.000960
850  0.081835  0.046280  0.008839
851  0.002639  -0.123946  0.015370
852  0.038109  -0.033247  0.002558
853  -0.016252  -0.038272  0.001729
854  0.010756  0.023119  0.000650
855  0.063665  0.202147  0.044917
856  -0.054824  0.057258  0.006284
857  0.008401  0.038944  0.001587
858  -0.023625  0.019403  0.000935
859  0.014633  -0.033914  0.001364
860  -0.056064  -0.099164  0.012977
861  0.095794  0.003486  0.009189
862  -0.032924  0.047011  0.003294
863  0.107190  0.009094  0.011572
864  -0.012349  0.076382  0.005987
865  -0.020047  -0.076916  0.006318
866  0.103325  -0.038237  0.012138
867  0.009482  0.033680  0.001224
868  -0.011479  0.105642  0.011292
869  0.047246  -0.005772  0.002266
870  0.075984  -0.059256  0.009285
871  0.057964  0.028018  0.004145
872  -0.009091  0.034560  0.001277
873  -0.004080  -0.031504  0.001009
874  -0.053464  0.034903  0.004077
875  -0.069506  -0.102985  0.015437
876  0.126631  0.038118  0.017488
877  -0.014776  0.021653  0.000687
878  -0.009301  0.033034  0.001178
879  0.085748  -0.029376  0.008216
880  0.062610  0.066392  0.008328
881  0.102682  0.103193  0.021193
882  -0.009541  0.023501  0.000643
883  0.007489  -0.075148  0.005703
884  0.093244  -0.035553  0.009958
885  0.014238  -0.017417  0.000506
886  0.034082  -0.011348  0.001290
887  0.110908  -0.007019  0.012350
888  -0.017875  0.037530  0.001728
889  -0.024036  0.023021  0.001108
890  -0.093183  0.079874  0.015063
891  -0.085231  0.080774  0.013789
892  0.044407  0.119538  0.016261
893  0.018967  0.104383  0.011256
894  0.080861  -0.062582  0.010455
895  0.099342  -0.047115  0.012089
896  0.022123  0.036176  0.001798
897  0.005497  0.003529  0.000043
898  0.014438  -0.024418  0.000805
899  -0.034361  0.088630  0.009036
900  0.070319  0.035465  0.006203
901  -0.046151  -0.019361  0.002505
902  -0.056507  -0.011846  0.003333
903  0.077422  -0.003845  0.006009
904  -0.065452  0.002149  0.004289
905  -0.045372  0.049183  0.004478
906  -0.006959  -0.004563  0.000069
907  0.005714  0.007491  0.000089
908  0.000448  -0.032813  0.001077
909  0.027119  0.075026  0.006364
910  -0.011483  0.159347  0.025523
911  -0.005876  -0.078598  0.006212
912  -0.057858  0.071205  0.008418
913  0.157846  0.012238  0.025065
914  -0.114991  -0.014732  0.013440
915  -0.091756  -0.174841  0.038988
916  0.065689  0.060501  0.007975
917  -0.141407  -0.060396  0.023644
918  0.014536  -0.048168  0.002531
919  0.083167  0.058162  0.010300
920  0.102259  0.160287  0.036149
921  0.026566  -0.053767  0.003597
922  0.257193  -0.069203  0.070937
923  0.083790  -0.042894  0.008861
924  -0.010226  -0.079034  0.006351
925  -0.090585  -0.022226  0.008700
926  0.117864  -0.046435  0.016048
927  0.021925  -0.071757  0.005630
928  -0.080633  0.083477  0.013470
929  -0.039001  -0.055353  0.004585
930  -0.000829  -0.053056  0.002816
931  0.096070  -0.026481  0.009931
932  -0.029999  0.078910  0.007127
933  0.031458  0.037913  0.002427
934  -0.096253  0.080037  0.015671
935  -0.001562  -0.031387  0.000988
936  0.047357  -0.031293  0.003222
937  -0.033869  -0.134113  0.019133
938  0.001873  -0.080427  0.006472
939  0.132499  0.066284  0.021949
940  0.014577  -0.064541  0.004378
941  0.068683  -0.066268  0.009109
942  -0.045509  0.048648  0.004438
943  0.030519  -0.068209  0.005584
944  0.036589  -0.194636  0.039222
945  -0.040337  0.079634  0.007969
946  -0.059736  0.152451  0.026810
947  -0.024708  0.036436  0.001938
948  -0.026925  -0.131447  0.018003
949  -0.052559  -0.013758  0.002952
950  0.042433  0.032139  0.002833
951  0.020555  -0.036642  0.001765
952  0.050733  0.064317  0.006711
953  -0.033533  0.016041  0.001382
954  -0.047595  -0.010540  0.002376
955  0.035410  0.118112  0.015204
956  0.076885  -0.054536  0.008885
957  -0.058408  -0.035511  0.004673
958  -0.012967  -0.017169  0.000463
959  -0.113237  -0.018068  0.013149
960  0.090319  -0.111864  0.020671
961  -0.039563  0.079501  0.007886
962  0.088816  -0.079100  0.014145
963  0.003179  -0.054524  0.002983
964  0.245847  -0.074298  0.065961
965  -0.111789  -0.055640  0.015593
966  -0.145999  0.101317  0.031581
967  0.109883  -0.034364  0.013255
968  -0.094299  -0.153648  0.032500
969  -0.046551  -0.005247  0.002195
970  0.191217  -0.036825  0.037920
971  0.042044  0.187799  0.037036
972  -0.092216  -0.006737  0.008549
973  -0.020074  0.098850  0.010174
974  0.022696  -0.093144  0.009191
975  -0.015067  0.100589  0.010345
976  0.025218  0.034196  0.001805
977  -0.088063  0.055027  0.010783
978  -0.007050  0.261362  0.068360
979  0.040584  -0.025948  0.002320
980  0.116166  0.000487  0.013495
981  -0.011394  -0.032349  0.001176
982  0.114476  0.163190  0.039736
983  -0.046967  0.003610  0.002219
984  0.023634  0.278279  0.077997
985  0.033352  0.012907  0.001279
986  -0.064136  -0.006656  0.004158
987  0.160191  -0.113446  0.038531
988  0.111086  -0.215601  0.058824
989  0.161565  0.044781  0.028109
990  0.113909  -0.017515  0.013282
991  0.184040  -0.098733  0.043619
992  0.032175  0.066156  0.005412
993  -0.140909  -0.021781  0.020330
994  -0.098919  0.011930  0.009927
995  0.039750  0.049122  0.003993
996  0.016558  -0.002318  0.000280
997  0.166592  0.270146  0.100732
998  0.168794  0.001135  0.028493
999  -0.012782  -0.075860  0.005918
1000  0.088951  0.063540  0.011950
1001  0.074610  -0.197044  0.044393
1002  0.052895  0.069986  0.007696
1003  0.065046  0.130775  0.021333
1004  -0.163647  -0.066446  0.031195
1005  0.078172  -0.197384  0.045071
1006  -0.022306  -0.048447  0.002845
1007  0.072875  0.017172  0.005606
1008  -0.024691  0.056179  0.003766
1009  0.003329  0.109947  0.012099
1010  0.321430  -0.049228  0.105741
1011  -0.124459  -0.072288  0.020716
1012  -0.003067  -0.041986  0.001772
1013  0.068523  0.096564  0.014020
1014  0.167122  0.133763  0.045822
1015  -0.178379  0.123606  0.047097
1016  0.205601  0.059536  0.045816
1017  0.179498  -0.095832  0.041403
1018  -0.109165  0.259576  0.079297
1019  0.173820  -0.051626  0.032879
1020  -0.017922  -0.074609  0.005888
1021  0.123906  -0.036098  0.016656
1022  -0.104627  -0.088743  0.018822
1023  0.233863  -0.053504  0.057554
1024  -0.083990  0.109023  0.018940
1025  0.085899  -0.306573  0.101366
1026  0.089573  0.286044  0.089844
1027  0.096280  0.075557  0.014979
1028  -0.238324  -0.048786  0.059178
1029  0.134003  0.027019  0.018687
1030  -0.109007  0.143856  0.032577
1031  -0.327309  -0.056395  0.110311
1032  -0.003268  0.074328  0.005535
1033  -0.269810  -0.054241  0.075739
1034  -0.104127  0.011700  0.010979
1035  0.250650  0.013581  0.063010
1036  0.117756  0.093525  0.022613
1037  -0.159520  -0.205945  0.067860
1038  0.123099  -0.076061  0.020939
1039  -0.036695  0.020536  0.001768
1040  0.047059  -0.113520  0.015101
1041  0.261864  -0.256181  0.134202
1042  0.185263  0.011369  0.034452
1043  -0.043458  0.017875  0.002208
1044  0.037305  -0.018904  0.001749
1045  0.088155  0.006813  0.007818
1046  0.121054  -0.148260  0.036635
1047  0.153775  0.175831  0.054563
1048  0.090048  -0.117509  0.021917
1049  0.116505  -0.157938  0.038518
1050  0.190057  0.086542  0.043611
1051  0.280992  -0.016299  0.079222
1052  0.014280  -0.096459  0.009508
1053  -0.120613  0.218787  0.062415
1054  0.058203  -0.092695  0.011980
1055  0.338958  0.226062  0.165997
1056  0.203515  -0.199943  0.081395
1057  -0.078192  0.190333  0.042341
1058  -0.050619  -0.003117  0.002572
1059  0.016022  -0.156833  0.024853
1060  -0.092833  0.013623  0.008804
1061  0.042839  -0.001906  0.001839
1062  0.204976  0.199938  0.081990
1063  0.109039  -0.080450  0.018362
1064  0.147705  0.290727  0.106339
1065  0.365859  -0.009144  0.133936
1066  0.099173  0.224471  0.060222
1067  -0.036559  -0.068266  0.005997
1068  0.268608  -0.005378  0.072179
1069  -0.028274  -0.005174  0.000826
1070  0.003173  0.087858  0.007729
1071  0.130922  0.160835  0.043008
1072  0.331545  -0.014386  0.110129
1073  -0.080389  0.099914  0.016445
1074  -0.021315  -0.039768  0.002036
1075  0.218588  0.063257  0.051782
1076  0.010191  0.289555  0.083946
1077  -0.039339  0.113616  0.014456
1078  0.109356  0.121534  0.026729
1079  0.090238  -0.006109  0.008180
1080  0.258209  -0.153501  0.090235
1081  -0.176869  0.069072  0.036054
1082  -0.044269  -0.218228  0.049583
1083  0.267493  -0.090014  0.079655
1084  -0.089408  0.072343  0.013227
1085  0.033912  -0.004650  0.001172
1086  -0.275683  -0.046105  0.078127
1087  -0.098947  -0.060726  0.013478
1088  0.279157  0.122565  0.092951
1089  0.033627  -0.078714  0.007327
1090  0.004476  -0.005746  0.000053
1091  0.052029  -0.110137  0.014837
1092  0.064673  -0.076253  0.009997
1093  0.044291  0.181363  0.034854
1094  0.132083  0.225385  0.068244
1095  0.078726  0.350577  0.129102
1096  0.364531  0.255884  0.198359
1097  0.048542  -0.047121  0.004577
1098  -0.039231  -0.130750  0.018635
1099  -0.052777  0.155406  0.026936
1100  0.033662  0.015494  0.001373
1101  -0.163414  0.167219  0.054666
1102  -0.376731  0.181413  0.174837
1103  0.041514  0.109890  0.013799
1104  0.134657  0.170466  0.047191
1105  0.074342  0.354921  0.131495
1106  -0.129904  -0.097771  0.026434
1107  -0.086057  -0.069174  0.012191
1108  0.161379  -0.128259  0.042493
1109  -0.316754  0.215629  0.146829
1110  -0.400142  0.367758  0.295359
1111  0.170923  0.358061  0.157422
1112  -0.390186  0.242467  0.211036
1113  -0.122282  -0.021292  0.015406
1114  -0.399654  -0.022855  0.160246
1115  -0.112618  -0.134718  0.030832
1116  0.012669  0.131516  0.017457
1117  0.160286  -0.074812  0.031288
1118  0.113030  -0.270664  0.086035
1119  0.323267  -0.009436  0.104590
1120  0.050114  0.179060  0.034574
1121  -0.247539  0.274005  0.136354
1122  -0.276592  -0.253665  0.140849
1123  0.011147  -0.107750  0.011734
1124  -0.052016  0.379395  0.146646
1125  0.067639  -0.393449  0.159377
1126  0.109058  0.191217  0.048457
1127  -0.173278  -0.491263  0.271365
1128  0.178718  0.215749  0.078488
1129  -0.056841  0.100860  0.013404
1130  0.405292  -0.016886  0.164547
1131  -0.127294  0.383295  0.163119
1132  -0.083280  0.352395  0.131118
1133  -0.109514  -0.305114  0.105088
1134  -0.298778  -0.425769  0.270547
1135  0.052808  0.253257  0.066928
1136  0.361668  0.088679  0.138668
1137  -0.302283  -0.468439  0.310810
1138  0.041207  0.184464  0.035725
1139  -0.299307  -0.150365  0.112195
1140  -0.030614  0.035128  0.002171
1141  -0.183462  -0.122646  0.048700
1142  0.056835  -0.132098  0.020680
1143  -0.058817  -0.043048  0.005313
1144  0.218426  0.364899  0.180861
1145  -0.034505  0.148897  0.023361
1146  -0.041003  0.209393  0.045527
1147  -0.060807  -0.126369  0.019667
1148  -0.242303  0.124472  0.074204
1149  0.080350  -0.029690  0.007338
1150  -0.072222  -0.134592  0.023331
1151  0.310064  0.306941  0.190353
1152  0.244454  -0.154079  0.083498
1153  0.198236  -0.368299  0.174942
1154  -0.058106  -0.158311  0.028439
1155  -0.194800  -0.319686  0.140146
1156  0.212990  -0.096557  0.054688
1157  0.088152  0.516881  0.274936
1158  0.012953  0.379172  0.143939
1159  0.056819  0.024598  0.003833
1160  0.112819  0.509830  0.272655
1161  0.031483  -0.001178  0.000993
1162  -0.290842  0.137741  0.103562
1163  0.266504  0.007732  0.071084
1164  -0.059390  -0.355147  0.129656
1165  -0.128318  -0.359631  0.145800
1166  0.145280  0.026207  0.021793
1167  0.540606  -0.311975  0.389582
1168  -0.070591  0.229027  0.057437
1169  0.022569  0.074447  0.006052
1170  0.055533  -0.115376  0.016396
1171  0.134099  0.475525  0.244106
1172  0.097027  -0.140013  0.029018
1173  0.070293  -0.073069  0.010280
1174  0.005065  0.113923  0.013004
1175  -0.207944  0.072463  0.048492
1176  -0.030762  0.484426  0.235615
1177  0.149285  0.467155  0.240519
1178  -0.001535  -0.040676  0.001657
1179  0.118368  0.271555  0.087753
1180  -0.232100  -0.370032  0.190794
1181  -0.009339  -0.085911  0.007468
1182  -0.033784  0.084951  0.008358
1183  -0.379784  0.181092  0.177030
1184  -0.139980  0.205808  0.061951
1185  -0.000024  -0.809690  0.655598
1186  -0.499398  -0.025117  0.250029
1187  0.048588  -0.528036  0.281183
1188  0.682476  0.095602  0.474914
1189  0.105038  0.351624  0.134672
1190  -0.501741  0.241524  0.310078
1191  0.395018  -0.311573  0.253118
1192  0.214180  -0.006948  0.045921
1193  0.047760  -0.002544  0.002288
1194  -0.308523  0.329722  0.203904
1195  0.240390  -0.182232  0.090996
1196  -0.512198  -0.343460  0.380312
1197  -0.718205  -0.225537  0.566685
1198  0.111778  0.100179  0.022530
1199  0.130112  -0.116083  0.030405
1200  0.195591  -0.128217  0.054695
1201  -0.261039  -0.125826  0.083974
1202  0.214358  0.121543  0.060722
1203  -0.020529  -0.201613  0.041069
1204  0.036601  -0.044294  0.003302
1205  0.280293  -0.253079  0.142613
1206  0.201567  -0.040789  0.042293
1207  0.063885  0.040575  0.005728
1208  -0.110331  0.238610  0.069108
1209  0.421987  0.189348  0.213925
1210  -0.009226  0.293549  0.086256
1211  0.133700  -0.000086  0.017876
1212  -0.167447  0.192657  0.065155
1213  0.025322  0.101978  0.011041
1214  0.337151  -0.130133  0.130605
1215  0.185697  0.344275  0.153009
1216  0.068935  -0.118523  0.018800
1217  -0.049534  -0.510863  0.263434
1218  -0.051678  0.253262  0.066812
1219  0.334070  -0.257072  0.177689
1220  -0.413844  0.022528  0.171774
1221  -0.352142  0.119751  0.138344
1222  -0.331405  0.135770  0.128263
1223  0.015711  0.019830  0.000640
1224  -0.058741  0.042905  0.005291
1225  -0.334694  0.130050  0.128933
1226  0.005719  -0.437879  0.191771
1227  0.260975  0.047288  0.070344
1228  -0.447706  -0.144283  0.221258
1229  -0.094879  -0.217258  0.056203
1230  -0.042170  -0.479244  0.231453
1231  0.164254  -0.057356  0.030269
1232  -0.232446  0.290077  0.138176
1233  0.029432  0.358614  0.129470
1234  0.317992  0.145009  0.122147
1235  0.282368  -0.029469  0.080600
1236  0.131872  0.097433  0.026883
1237  -0.548610  0.187595  0.336165
1238  -0.041975  -0.057292  0.005044
1239  0.379078  -0.014846  0.143921
1240  0.413294  0.180455  0.203376
1241  0.203463  0.747849  0.600676
1242  -0.168424  0.010818  0.028484
1243  -0.266575  -0.058838  0.074524
1244  -0.043910  0.519201  0.271497
1245  0.183977  0.395793  0.190500
1246  0.105764  -0.668516  0.458100
1247  -0.119140  0.083107  0.021101
1248  0.107724  0.482331  0.244248
1249  -0.154529  -0.125007  0.039506
1250  -0.478109  -0.359443  0.357787
1251  -0.119172  -0.181511  0.047148
1252  0.122145  -0.328826  0.123046
1253  0.108030  0.261988  0.080308
1254  -0.195524  0.131580  0.055543
1255  0.212819  -0.105155  0.056349
1256  -0.204309  -0.106640  0.053114
1257  -0.254519  0.225966  0.115841
1258  -0.221065  -0.115880  0.062298
1259  -0.187517  -0.054186  0.038099
1260  -0.099269  -0.264007  0.079554
1261  0.467794  -0.020959  0.219270
1262  -0.010595  -0.205779  0.042457
1263  -0.421457  0.730027  0.710565
1264  -0.474360  0.167734  0.253152
1265  -0.497539  -0.108690  0.259359
1266  -0.376427  -0.120742  0.156276
1267  0.026959  -0.436707  0.191440
1268  -0.324396  -0.114540  0.118352
1269  -0.346250  0.652126  0.545157
1270  0.139733  -0.889688  0.811070
1271  0.308670  -0.291587  0.180300
1272  0.139924  0.257771  0.086025
1273  0.079748  0.039160  0.007893
1274  -0.398554  0.241341  0.217091
1275  -0.038769  0.280794  0.080348
1276  0.342217  -0.207915  0.160341
1277  -0.140488  -0.758385  0.594884
1278  -0.152712  0.073938  0.028788
1279  -0.073754  -0.191534  0.042125
1280  0.166020  -0.189218  0.063366
1281  -0.621480  -0.407441  0.552245
1282  0.166346  0.431181  0.213588
1283  -0.038896  -0.057384  0.004806
1284  0.033440  -0.370542  0.138420
1285  -0.136072  0.602473  0.381490
1286  0.077260  -0.431953  0.192552
1287  -0.118803  0.306241  0.107898
1288  -0.048523  0.004170  0.002372
1289  0.669950  -0.098321  0.458500
1290  -0.143606  -0.112316  0.033238
1291  -0.421139  0.012400  0.177512
1292  0.043516  -0.096613  0.011228
1293  -0.126936  0.496450  0.262575
1294  0.407963  0.063462  0.170462
1295  0.216110  -0.078299  0.052834
1296  -0.619694  1.323913  2.136766
1297  -0.131361  -0.288854  0.100692
1298  0.155355  -0.130873  0.041263
1299  -0.121421  -0.363819  0.147107
1300  0.184773  -0.298169  0.123045
1301  -0.138075  0.175831  0.049981
1302  -0.104723  -0.072912  0.016283
1303  0.166107  -0.523296  0.301430
1304  0.256564  0.118755  0.079928
1305  0.015051  0.428709  0.184018
1306  0.178971  0.546588  0.330789
1307  -0.120791  0.355222  0.140773
1308  0.124698  -0.793497  0.645187
1309  0.104000  -0.218327  0.058483
1310  0.120886  0.391872  0.168177
1311  -0.369286  -0.168803  0.164867
1312  0.033229  -0.285556  0.082646
1313  -0.534302  -0.209858  0.329519
1314  0.390412  -0.273518  0.227234
1315  -0.241790  -0.220636  0.107143
1316  -0.155486  -0.164145  0.051120
1317  0.659389  -0.151431  0.457725
1318  0.060307  -0.217304  0.050858
1319  0.238981  0.259858  0.124638
1320  0.069322  -0.206214  0.047330
1321  0.818769  -0.363012  0.802161
1322  0.271716  0.450009  0.276337
1323  0.312238  0.248626  0.159307
1324  0.023944  -0.175636  0.031421
1325  0.312918  0.197429  0.136896
1326  -0.484240  -0.408155  0.401079
1327  0.301269  0.423266  0.269917
1328  0.266985  0.043315  0.073157
1329  0.087755  -0.290494  0.092088
1330  1.021063  0.410012  1.210679
1331  0.689847  -0.007498  0.475946
1332  -0.275176  0.008554  0.075795
1333  -0.209714  0.352995  0.168585
1334  0.449552  0.155786  0.226366
1335  0.422057  0.595934  0.533270
1336  -0.344499  0.296914  0.206837
1337  0.449591  -0.232336  0.256113
1338  -0.055188  0.250072  0.065582
1339  0.588523  0.203048  0.387587
1340  0.355644  0.104314  0.137364
1341  0.288906  -0.223460  0.133401
1342  0.305005  -0.142664  0.113381
1343  0.191827  0.323023  0.141142
1344  -0.410925  0.347446  0.289578
1345  -0.332645  -0.043750  0.112567
1346  -0.655695  -0.487556  0.667647
1347  -0.323834  -0.193668  0.142376
1348  -0.351672  -0.044802  0.125680
1349  0.119614  0.412927  0.184816
1350  -0.428810  0.088132  0.191646
1351  0.082677  0.097084  0.016261
1352  -0.287832  -0.069283  0.087647
1353  -0.165724  -0.217782  0.074893
1354  -0.568399  0.462738  0.537204
1355  0.027755  0.271881  0.074690
1356  0.311451  -0.462929  0.311305
1357  0.356260  0.194763  0.164854
1358  0.677399  0.801311  1.100968
1359  -0.062820  0.548697  0.305015
1360  -0.362765  0.237565  0.188036
1361  0.647175  0.706377  0.917804
1362  -1.078710  0.005824  1.163650
1363  0.615378  0.040236  0.380308
1364  -0.059379  0.113165  0.016332
1365  0.082023  -0.179395  0.038910
1366  0.152050  -0.526051  0.299849
1367  -0.326874  0.428322  0.290307
1368  -0.057452  -0.249759  0.065680
1369  -0.163416  -0.366847  0.161282
1370  0.094922  0.353699  0.134113
1371  0.019714  -0.083496  0.007360
1372  0.302948  0.183678  0.125515
1373  -0.382077  -0.055043  0.149013
1374  0.402673  -0.503930  0.416091
1375  -0.012739  0.168947  0.028705
1376  -0.625549  -0.213575  0.436925
1377  0.044022  -0.106957  0.013378
1378  0.254640  0.271596  0.138606
1379  0.013861  0.006231  0.000231
1380  0.605199  0.263710  0.435809
1381  0.042461  0.101778  0.012162
1382  0.105297  0.312945  0.109022
1383  0.374663  -0.112464  0.153021
1384  -0.188379  0.101381  0.045765
1385  -0.260659  -0.101757  0.078298
1386  0.604405  0.440053  0.558952
1387  0.262634  0.340129  0.184665
1388  0.060593  -0.518903  0.272931
1389  0.811363  -0.011778  0.658448
1390  -0.118578  -0.079074  0.020314
1391  0.066451  -0.233582  0.058976
1392  0.546988  0.237982  0.355831
1393  0.358709  0.179210  0.160789
1394  -0.495844  0.241676  0.304269
1395  -0.570424  -0.462609  0.539391
1396  0.059235  -0.039796  0.005093
1397  -0.192667  0.283403  0.117438
1398  -0.316948  -0.249301  0.162607
1399  0.206256  -0.427350  0.225170
1400  -0.052867  -0.224690  0.053280
1401  -0.417653  -0.284314  0.255269
1402  -0.194280  -0.019814  0.038137
1403  -0.178841  0.271284  0.105579
1404  0.307393  0.442588  0.290375
1405  -0.845527  -0.021342  0.715372
1406  -0.489511  0.165345  0.266960
1407  0.164983  -0.308236  0.122229
1408  -0.338756  0.049673  0.117223
1409  -0.141272  0.092491  0.028512
1410  -0.314048  0.202195  0.139509
1411  -0.860467  0.316291  0.840443
1412  -0.561015  -0.282103  0.394319
1413  0.671866  -0.395237  0.607617
1414  0.245062  0.275121  0.135747
1415  -0.268067  -0.175605  0.102697
1416  0.072644  -0.152731  0.028604
1417  -0.087236  0.191285  0.044200
1418  -0.395761  -0.310589  0.253093
1419  0.683291  0.311725  0.564059
1420  -0.419592  0.148550  0.198125
1421  0.599261  0.326076  0.465439
1422  -0.340335  -0.356970  0.243255
1423  0.242325  -0.114132  0.071748
1424  0.165873  -0.116901  0.041180
1425  -0.105911  -0.220871  0.060001
1426  0.201896  0.469628  0.261313
1427  -0.249821  0.034142  0.063576
1428  0.063556  -0.095611  0.013181
1429  -0.103354  0.393321  0.165384
1430  0.020794  0.062038  0.004281
1431  0.115571  -0.320917  0.116345
1432  0.296679  -0.152053  0.111138
1433  -0.116776  0.430138  0.198655
1434  -0.225167  0.010550  0.050811
1435  -1.159620  0.045723  1.346810
1436  0.275762  -0.054041  0.078965
1437  -0.768411  -0.568470  0.913614
1438  0.434189  -0.153174  0.211982
1439  0.132859  -0.077200  0.023611
1440  -0.402211  0.596070  0.517074
1441  0.438832  -0.356017  0.319322
1442  -0.111503  -0.156009  0.036772
1443  0.057025  0.166817  0.031080
1444  0.444433  -0.225037  0.248162
1445  0.280033  0.240868  0.136436
1446  -0.178425  0.434586  0.220701
1447  0.388178  -0.023447  0.151232
1448  0.312446  -0.254882  0.162587
1449  -0.158091  0.013083  0.025164
1450  1.040759  -0.089047  1.091108
1451  0.255706  0.175662  0.096243
1452  -0.268633  -0.509343  0.331595
1453  0.447599  0.670773  0.650281
1454  -0.548736  0.159785  0.326643
1455  -0.481742  -0.336222  0.345121
1456  0.302250  -0.494822  0.336204
1457  0.034581  0.060273  0.004829
1458  0.017224  0.238926  0.057382
1459  0.524603  0.100436  0.285295
1460  -0.038835  0.430824  0.187118
1461  -0.256965  -0.035528  0.067293
1462  -0.085786  -0.262283  0.076151
1463  -0.444936  -0.297997  0.286770
1464  -0.057343  0.274534  0.078657
1465  -0.261902  0.273551  0.143423
1466  0.182961  -0.370359  0.170641
1467  0.286780  0.133127  0.099965
1468  -0.250566  0.500023  0.312806
1469  0.171250  -0.809459  0.684550
1470  -0.233352  -0.124514  0.069957
1471  0.264384  -0.301969  0.161084
1472  0.093540  0.355934  0.135439
1473  0.166886  0.601303  0.389417
1474  -0.368947  0.000613  0.136122
1475  -0.245973  0.193866  0.098086
1476  0.086024  0.619060  0.390635
1477  0.283070  0.013275  0.080305
1478  0.468001  0.342238  0.336151
1479  0.274610  -0.472208  0.298390
1480  -0.288321  0.657532  0.515477
1481  -0.436914  -0.623632  0.579810
1482  -0.321218  0.119062  0.117357
1483  0.122554  0.128283  0.031476
1484  -0.144500  0.557691  0.331899
1485  0.090535  -0.012384  0.008350
1486  -0.145538  0.017480  0.021487
1487  0.345662  0.149224  0.141750
1488  -0.467958  -0.386105  0.368062
1489  0.457474  0.254221  0.273911
1490  0.323765  0.241785  0.163284
1491  0.190943  0.046588  0.038630
1492  0.219184  0.122658  0.063086
1493  -0.026372  -0.057080  0.003954
1494  0.140003  -0.331849  0.129725
1495  -0.326278  -0.320872  0.209416
1496  -0.034226  0.503408  0.254591
1497  -0.358906  -0.150428  0.151442
1498  -0.320281  -0.256958  0.168608
1499  0.032134  0.115935  0.014473
1500  -0.016088  -0.188944  0.035958
1501  -0.362170  0.417050  0.305098
1502  0.013673  -0.291313  0.085050
1503  -0.209351  -0.412746  0.214187
1504  0.088839  -0.547442  0.307586
1505  0.253905  -0.121054  0.079122
1506  0.374584  -0.060298  0.143949
1507  -0.249255  -0.199768  0.102035
1508  -0.142475  0.098686  0.030038
1509  -0.140044  0.269349  0.092161
1510  0.139755  -0.270066  0.092467
1511  -0.203848  0.177337  0.073002
1512  0.180033  -0.057795  0.035752
1513  -0.272338  0.273374  0.148902
1514  0.492688  -0.048431  0.245087
1515  -0.203804  -0.020272  0.041947
1516  0.195589  -0.133319  0.056029
1517  0.352046  0.297560  0.212478
1518  0.120178  0.685440  0.484270
1519  -0.108510  -0.113364  0.024626
1520  0.150576  0.018583  0.023018
1521  -0.208964  -0.172842  0.073540
1522  -0.458885  -0.398455  0.369342
1523  -0.051043  0.225673  0.053534
1524  -0.249802  -0.027705  0.063169
1525  -0.011820  -0.310195  0.096361
1526  0.124248  -0.722976  0.538132
1527  -0.343797  0.209141  0.161937
1528  0.070623  -0.222974  0.054705
1529  0.081277  -0.152366  0.029821
1530  -0.250506  -0.117476  0.076554
1531  0.007056  0.437280  0.191263
1532  0.014415  0.129824  0.017062
1533  0.192153  0.236491  0.092851
1534  -0.123870  -0.479502  0.245266
1535  0.157685  -0.066094  0.029233
1536  0.400272  -0.159408  0.185629
1537  -0.346707  0.092144  0.128697
1538  0.258997  -0.566672  0.388196
1539  -0.227940  -0.122734  0.067020
1540  -0.365597  -0.043509  0.135554
1541  -0.156309  -0.122195  0.039364
1542  -0.092609  0.131684  0.025917
1543  -0.231811  0.179495  0.085955
1544  -0.025747  0.187149  0.035688
1545  0.176205  -0.124854  0.046637
1546  -0.296325  -0.046105  0.089934
1547  -0.245673  0.045244  0.062402
1548  0.194492  0.213904  0.083582
1549  0.129642  0.041616  0.018539
1550  0.073253  -0.290244  0.089607
1551  0.011443  0.100651  0.010261
1552  -0.391862  0.394747  0.309382
1553  0.094411  0.560355  0.322911
1554  0.099273  -0.194536  0.047700
1555  0.260618  0.223800  0.118008
1556  -0.163070  0.218332  0.074261
1557  0.257205  -0.560135  0.379906
1558  -0.076670  0.067651  0.010455
1559  -0.319002  0.105466  0.112885
1560  0.045668  0.087513  0.009744
1561  0.135907  -0.148062  0.040393
1562  -0.397482  -0.099514  0.167895
1563  -0.480422  -0.002673  0.230812
1564  0.028997  -0.261685  0.069320
1565  -0.212678  -0.148183  0.067190
1566  0.281118  0.320219  0.181568
1567  -0.370029  -0.208368  0.180339
1568  0.197660  -0.289620  0.122949
1569  -0.101640  -0.042456  0.012133
1570  -0.156937  -0.001730  0.024632
1571  -0.164305  0.014997  0.027221
1572  0.007303  0.044210  0.002008
1573  0.198733  -0.090528  0.047690
1574  0.079409  0.118638  0.020381
1575  0.359111  -0.094978  0.137982
1576  0.002469  0.103437  0.010705
1577  -0.141998  0.255230  0.085306
1578  0.046512  -0.087824  0.009876
1579  -0.188495  0.290803  0.120097
1580  0.199826  0.033796  0.041073
1581  -0.254744  -0.109897  0.076972
1582  -0.120251  0.008509  0.014533
1583  -0.299930  -0.679314  0.551425
1584  -0.176834  0.364475  0.164112
1585  0.002675  0.330829  0.109455
1586  0.058881  0.249506  0.065720
1587  -0.101337  -0.118695  0.024358
1588  -0.055526  0.158706  0.028271
1589  0.196881  0.531804  0.321578
1590  0.002018  -0.209349  0.043831
1591  -0.158615  0.022790  0.025678
1592  0.017074  -0.006142  0.000329
1593  -0.061712  0.039737  0.005387
1594  0.143556  0.041966  0.022369
1595  -0.393930  -0.376146  0.296666
1596  0.015279  -0.067820  0.004833
1597  0.035728  -0.272089  0.075309
1598  0.292824  0.168638  0.114185
1599  0.108552  -0.170828  0.040966
1600  0.099119  -0.233238  0.064225
1601  0.016356  0.036382  0.001591
1602  -0.125232  -0.051780  0.018364
1603  0.261578  -0.231649  0.122084
1604  -0.223939  0.019025  0.050511
1605  -0.108741  0.079961  0.018218
1606  0.287031  -0.022171  0.082878
1607  -0.198854  0.223586  0.089533
1608  0.088542  -0.109796  0.019895
1609  0.067812  -0.154690  0.028527
1610  -0.113637  -0.112710  0.025617
1611  -0.237816  -0.040227  0.058175
1612  0.142823  -0.066306  0.024795
1613  -0.116341  -0.056820  0.016764
1614  0.239352  -0.195667  0.095575
1615  -0.024070  0.169929  0.029455
1616  0.103631  0.162315  0.037085
1617  0.334346  0.122856  0.126881
1618  0.041172  -0.123951  0.017059
1619  -0.024072  0.045539  0.002653
1620  -0.129282  -0.121051  0.031367
1621  -0.178548  0.107404  0.043415
1622  0.227053  0.023365  0.052099
1623  -0.000888  -0.016086  0.000260
1624  0.310549  0.027720  0.097209
1625  0.004206  -0.000061  0.000018
1626  0.042979  -0.026770  0.002564
1627  0.111465  0.112582  0.025099
1628  0.011140  -0.014325  0.000329
1629  0.173776  0.063295  0.034204
1630  0.182811  -0.088977  0.041337
1631  -0.072431  -0.138755  0.024499
1632  0.073308  0.206589  0.048053
1633  0.102529  0.111685  0.022986
1634  0.270771  -0.019064  0.073680
1635  0.029640  0.025830  0.001546
1636  -0.223976  -0.046954  0.052370
1637  0.140524  -0.051073  0.022356
1638  -0.038076  -0.218814  0.049329
1639  -0.157379  0.133009  0.042460
1640  0.006638  0.269674  0.072768
1641  0.044681  0.118476  0.016033
1642  0.038725  0.053435  0.004355
1643  -0.071373  -0.213337  0.050607
1644  -0.123894  -0.019900  0.015746
1645  0.049381  0.082097  0.009178
1646  -0.155554  0.111238  0.036571
1647  -0.178051  -0.093140  0.040377
1648  -0.036943  0.098814  0.011129
1649  -0.227325  -0.075026  0.057306
1650  0.077017  0.128362  0.022409
1651  0.171768  -0.084756  0.036688
1652  -0.243951  -0.078741  0.065712
1653  0.005226  0.175487  0.030823
1654  -0.218361  -0.117172  0.061411
1655  -0.096760  -0.247551  0.070644
1656  0.134408  -0.186089  0.052695
1657  -0.067513  -0.410488  0.173059
1658  -0.145534  0.129476  0.037944
1659  -0.088370  0.037704  0.009231
1660  -0.027414  -0.276740  0.077336
1661  0.031254  0.091700  0.009386
1662  -0.001108  -0.178480  0.031856
1663  -0.144033  0.041975  0.022507
1664  -0.024751  -0.021638  0.001081
1665  0.098772  -0.119545  0.024047
1666  0.015445  0.022131  0.000728
1667  -0.169336  -0.080844  0.035211
1668  0.217853  0.004230  0.047478
1669  -0.027950  -0.309742  0.096721
1670  0.080835  -0.036746  0.007885
1671  0.055639  -0.184214  0.037031
1672  -0.085006  0.044488  0.009205
1673  0.038437  0.021754  0.001951
1674  -0.062063  -0.171430  0.033240
1675  0.179419  -0.042831  0.034026
1676  -0.065127  -0.332638  0.114890
1677  0.154369  -0.105142  0.034885
1678  -0.050813  0.020626  0.003007
1679  -0.207139  0.141183  0.062839
1680  -0.062562  0.228890  0.056305
1681  -0.064961  -0.111933  0.016749
1682  -0.033271  0.089765  0.009165
1683  -0.078212  -0.036957  0.007483
1684  0.001653  0.281221  0.079088
1685  -0.005188  -0.040335  0.001654
1686  0.081328  0.079778  0.012979
1687  -0.254061  0.036351  0.065868
1688  -0.137551  -0.086957  0.026482
1689  -0.116261  -0.064894  0.017728
1690  -0.066411  -0.041985  0.006173
1691  0.126006  0.231726  0.069574
1692  0.068219  0.153935  0.028350
1693  -0.001910  0.101768  0.010360
1694  0.122176  0.068492  0.019618
1695  -0.034270  -0.127850  0.017520
1696  -0.044649  -0.224120  0.052223
1697  0.086012  -0.126727  0.023458
1698  -0.081527  -0.052387  0.009391
1699  0.098410  -0.177966  0.041356
1700  0.131870  -0.000176  0.017390
1701  -0.169374  -0.208941  0.072344
1702  -0.028882  0.189539  0.036759
1703  0.063428  0.061635  0.007822
1704  0.031823  0.034582  0.002209
1705  -0.199021  -0.018024  0.039934
1706  0.045198  -0.056185  0.005200
1707  0.115361  -0.215403  0.059707
1708  -0.100231  -0.151364  0.032957
1709  0.019605  -0.081319  0.006997
1710  0.092536  -0.156800  0.033149
1711  -0.085450  -0.114090  0.020318
1712  -0.175257  0.029760  0.031601
1713  -0.088093  0.112662  0.020453
1714  -0.030847  0.017931  0.001273
1715  -0.021328  0.111945  0.012987
1716  -0.136166  0.070536  0.023516
1717  0.054604  -0.059699  0.006546
1718  -0.069592  0.010688  0.004957
1719  0.023794  -0.031666  0.001569
1720  -0.167805  -0.026459  0.028859
1721  0.040788  0.053211  0.004495
1722  -0.072841  -0.091782  0.013730
1723  0.005701  -0.100163  0.010065
1724  -0.067569  0.140434  0.024287
1725  -0.160695  -0.053106  0.028643
1726  -0.184283  -0.146631  0.055461
1727  -0.029969  0.085311  0.008176
1728  -0.091346  0.056778  0.011568
1729  -0.009077  0.198001  0.039287
1730  0.074439  0.203312  0.046877
1731  0.331605  0.055558  0.113048
1732  0.130153  -0.039691  0.018515
1733  0.240923  -0.069438  0.062865
1734  -0.070167  0.102987  0.015530
1735  0.069656  -0.155266  0.028960
1736  -0.055167  -0.120408  0.017541
1737  0.080129  0.037919  0.007858
1738  0.209465  0.071416  0.048976
1739  -0.014490  0.058164  0.003593
1740  -0.065091  0.172850  0.034114
1741  -0.091565  0.154554  0.032271
1742  -0.033624  0.060808  0.004828
1743  -0.055523  -0.001355  0.003085
1744  0.031899  -0.045014  0.003044
1745  -0.053962  -0.024216  0.003498
1746  0.070849  0.101332  0.015288
1747  -0.162246  0.130123  0.043256
1748  0.133031  0.050803  0.020278
1749  0.043287  0.059280  0.005388
1750  0.034987  0.075489  0.006923
1751  -0.105699  0.035243  0.012414
1752  -0.167292  -0.038295  0.029453
1753  -0.009779  -0.008705  0.000171
1754  -0.050671  0.059987  0.006166
1755  -0.040239  -0.113079  0.014406
1756  -0.094134  -0.126505  0.024865
1757  -0.051262  0.097321  0.012099
1758  0.184058  0.079691  0.040228
1759  -0.027827  0.042027  0.002541
1760  0.079274  -0.164234  0.033257
1761  0.091334  0.099832  0.018308
1762  -0.022664  0.102937  0.011110
1763  -0.034961  -0.136487  0.019851
1764  0.016057  0.026921  0.000983
1765  0.192286  0.077376  0.042961
1766  0.101783  0.022322  0.010858
1767  0.030385  0.054170  0.003858
1768  0.026442  0.087043  0.008276
1769  0.174955  -0.033270  0.031716
1770  0.120256  0.123421  0.029694
1771  0.093923  -0.143019  0.029276
1772  0.025524  -0.179211  0.032768
1773  -0.069972  -0.013333  0.005074
1774  -0.139385  0.034260  0.020602
1775  -0.106242  -0.083133  0.018198
1776  -0.097420  0.221159  0.058402
1777  -0.007100  -0.083989  0.007104
1778  -0.107021  0.072105  0.016653
1779  0.072560  0.044791  0.007271
1780  -0.096624  0.053749  0.012225
1781  -0.080378  -0.009993  0.006560
1782  -0.001508  0.060517  0.003665
1783  -0.012421  0.095216  0.009220
1784  -0.025919  0.138332  0.019808
1785  0.100792  0.032519  0.011217
1786  0.013305  -0.049621  0.002639
1787  -0.014804  0.102811  0.010789
1788  0.115237  0.231694  0.066962
1789  -0.058715  -0.077178  0.009404
1790  -0.045243  0.165349  0.029387
1791  -0.001524  -0.219360  0.048121
1792  -0.012207  -0.035126  0.001383
1793  0.067714  -0.002960  0.004594
1794  0.069528  0.106056  0.016082
1795  0.073797  0.007735  0.005506
1796  0.032530  0.027380  0.001808
1797  0.017861  0.018806  0.000673
1798  0.114768  -0.000613  0.013172
1799  -0.097363  -0.041717  0.011220
1800  0.037759  -0.050046  0.003930
1801  0.128286  0.056466  0.019646
1802  0.099986  -0.001067  0.009998
1803  -0.001435  -0.077326  0.005981
1804  0.065562  -0.085266  0.011569
1805  -0.001524  -0.100690  0.010141
1806  -0.170841  -0.050646  0.031751
1807  0.043377  0.047946  0.004180
1808  0.051959  -0.010202  0.002804
1809  0.039638  -0.035907  0.002860
1810  -0.019579  0.020573  0.000807
1811  -0.022987  -0.100708  0.010671
1812  -0.046257  -0.015281  0.002373
1813  0.132555  -0.111988  0.030112
1814  -0.046773  0.074397  0.007723
1815  -0.025934  -0.030083  0.001578
1816  0.075615  0.041023  0.007401
1817  0.004361  0.010480  0.000129
1818  0.021355  0.063563  0.004496
1819  -0.025005  0.029466  0.001493
1820  0.054399  0.051864  0.005649
1821  0.066600  0.006097  0.004473
1822  0.020927  -0.074887  0.006046
1823  -0.067648  0.038181  0.006034
1824  0.092517  -0.065427  0.012840
1825  -0.008003  -0.009280  0.000150
1826  0.058761  0.007517  0.003509
1827  0.009533  -0.075031  0.005720
1828  -0.099608  0.090015  0.018024
1829  -0.016113  0.005167  0.000286
1830  0.071689  -0.076228  0.010950
1831  -0.090597  0.130824  0.025323
1832  0.040236  -0.030564  0.002553
1833  -0.030000  -0.009974  0.000999
1834  0.029452  -0.096090  0.010101
1835  -0.050199  0.082164  0.009271
1836  -0.040482  -0.031073  0.002604
1837  -0.018984  0.023782  0.000926
1838  -0.020646  -0.013726  0.000615
1839  -0.055739  0.054096  0.006033
1840  0.034034  -0.023183  0.001696
1841  0.053424  0.014058  0.003052
1842  -0.033814  0.033877  0.002291
1843  0.079661  -0.038421  0.007822
1844  0.034207  -0.031525  0.002164
1845  0.000714  0.005460  0.000030
1846  0.056291  -0.002329  0.003174
1847  -0.030205  -0.015403  0.001150
1848  -0.065105  0.093209  0.012926
1849  -0.024507  0.017775  0.000917
1850  0.080842  0.041359  0.008246
1851  0.018513  -0.030292  0.001260
1852  0.031755  -0.003375  0.001020
1853  -0.011789  -0.045378  0.002198
1854  -0.065500  -0.010054  0.004391
1855  -0.073801  -0.004973  0.005471
1856  -0.095488  -0.005946  0.009153
1857  0.025767  0.020780  0.001096
1858  -0.051739  -0.043742  0.004590
1859  0.023959  -0.014549  0.000786
1860  -0.074503  0.010778  0.005667
1861  0.043579  0.058631  0.005337
1862  -0.034118  0.027158  0.001902
1863  -0.092994  0.028149  0.009440
1864  -0.003390  0.001356  0.000013
1865  0.011902  0.063343  0.004154
1866  -0.047299  0.016934  0.002524
1867  0.010585  -0.106242  0.011399
1868  0.016170  0.062842  0.004211
1869  -0.032416  -0.001551  0.001053
1870  0.098181  0.008605  0.009713
1871  0.018374  0.053840  0.003236
1872  -0.000848  -0.055541  0.003086
1873  -0.074971  0.003897  0.005636
1874  -0.021434  -0.025532  0.001111
1875  0.055960  -0.003099  0.003141
1876  0.026118  -0.039386  0.002233
1877  -0.083971  -0.022996  0.007580
1878  -0.038294  -0.077211  0.007428
1879  -0.050273  0.004695  0.002549
1880  0.011492  0.008339  0.000202
1881  0.074278  0.044944  0.007537
1882  -0.065462  0.046590  0.006456
1883  0.016871  0.092949  0.008924
1884  0.033607  0.022791  0.001649
1885  -0.019284  0.054978  0.003394
1886  -0.034727  -0.059499  0.004746
1887  -0.023917  0.021761  0.001046
1888  -0.026754  -0.002303  0.000721
1889  -0.017305  -0.046274  0.002441
1890  -0.017142  0.038842  0.001803
1891  0.087523  -0.059859  0.011243
1892  -0.029428  0.000443  0.000866
1893  0.014909  0.044683  0.002219
1894  0.025147  -0.031357  0.001616
1895  0.038299  0.030588  0.002402
1896  -0.043519  0.041736  0.003636
1897  0.033972  -0.006726  0.001199
1898  0.016953  0.050818  0.002870
1899  0.046353  0.083085  0.009052
1900  0.027404  0.032177  0.001786
1901  -0.031049  -0.105438  0.012081
1902  -0.066426  -0.004477  0.004432
1903  -0.039067  0.038869  0.003037
1904  -0.014965  -0.042064  0.001993
1905  -0.072175  -0.009856  0.005306
1906  -0.061297  0.021145  0.004204
1907  -0.011903  0.044709  0.002141
1908  -0.004410  0.053375  0.002868
1909  -0.006803  -0.013414  0.000226
1910  -0.111186  0.055711  0.015466
1911  0.010503  -0.094302  0.009003
1912  0.023595  0.001417  0.000559
1913  0.007510  -0.033621  0.001187
1914  -0.055961  0.042080  0.004902
1915  0.035345  0.066248  0.005638
1916  0.031994  0.001444  0.001026
1917  0.000263  -0.030578  0.000935
1918  -0.022766  -0.034754  0.001726
1919  -0.028293  -0.021561  0.001265
1920  0.002022  0.053943  0.002914
1921  0.016196  -0.017295  0.000561
1922  0.013778  -0.096221  0.009448
1923  0.023991  -0.054389  0.003534
1924  0.045920  -0.001402  0.002111
1925  -0.036427  0.012352  0.001480
1926  0.055486  -0.017015  0.003368
1927  -0.026828  -0.033848  0.001865
1928  0.004486  0.040107  0.001629
1929  -0.015786  -0.005904  0.000284
1930  0.054103  -0.004753  0.002950
1931  0.011871  0.046003  0.002257
1932  -0.075293  0.040647  0.007321
1933  -0.113766  0.026688  0.013655
1934  0.000705  0.023165  0.000537
1935  -0.099121  0.013400  0.010005
1936  -0.008028  -0.001954  0.000068
1937  -0.018598  0.043774  0.002262
1938  -0.004209  0.032473  0.001072
1939  -0.011549  -0.099841  0.010102
1940  -0.006472  -0.009042  0.000124
1941  0.056404  0.036087  0.004484
1942  -0.076109  0.038046  0.007240
1943  0.009382  0.073008  0.005418
1944  0.031771  -0.024960  0.001632
1945  -0.028837  0.017144  0.001126
1946  0.056413  0.046928  0.005385
1947  0.017976  0.053919  0.003230
1948  0.005859  0.037917  0.001472
1949  -0.074922  0.035464  0.006871
1950  0.018417  -0.061983  0.004181
1951  0.000004  -0.011867  0.000141
1952  -0.019146  0.035020  0.001593
1953  0.001871  0.058508  0.003427
1954  -0.027668  -0.073275  0.006135
1955  -0.003084  -0.028579  0.000826
1956  -0.016359  -0.089572  0.008291
1957  0.022231  -0.017897  0.000815
1958  0.015101  -0.044133  0.002176
1959  0.054210  0.054378  0.005896
1960  0.043037  0.046301  0.003996
1961  0.045747  0.009592  0.002185
1962  0.028401  0.048881  0.003196
1963  -0.051001  0.048172  0.004922
1964  -0.069944  -0.024726  0.005504
1965  -0.068190  0.010477  0.004760
1966  -0.006905  -0.070718  0.005049
1967  0.057234  0.041708  0.005015
1968  -0.051881  -0.007806  0.002753
1969  0.022337  0.002970  0.000508
1970  0.008591  0.072376  0.005312
1971  -0.032074  0.012949  0.001196
1972  -0.018913  -0.065769  0.004683
1973  -0.000098  -0.042084  0.001771
1974  0.038315  -0.019980  0.001867
1975  0.010080  -0.069019  0.004865
1976  -0.031358  -0.010190  0.001087
1977  0.018638  0.018521  0.000690
1978  0.078279  -0.040790  0.007791
1979  0.013347  0.066843  0.004646
1980  0.017872  -0.014705  0.000536
1981  -0.031476  -0.073478  0.006390
1982  0.045059  -0.036633  0.003372
1983  -0.003613  -0.030414  0.000938
1984  -0.064659  -0.031540  0.005175
1985  0.005283  -0.028774  0.000856
1986  -0.016510  0.001434  0.000275
1987  0.008821  -0.004467  0.000098
1988  -0.036627  0.013652  0.001528
1989  0.023394  0.044166  0.002498
1990  -0.042262  0.045446  0.003851
1991  -0.025744  0.064879  0.004872
1992  -0.051229  -0.031605  0.003623
1993  -0.092334  0.043044  0.010378
1994  0.109548  -0.050121  0.014513
1995  0.056731  0.026557  0.003924
1996  -0.042450  0.087937  0.009535
1997  -0.053616  0.041118  0.004565
1998  0.026851  0.015956  0.000976
1999  0.014431  0.005976  0.000244
2000  -0.009046  0.025562  0.000735
2001  0.005335  -0.033145  0.001127
2002  -0.004997  0.012851  0.000190
2003  -0.012646  -0.010040  0.000261
2004  -0.011569  -0.120463  0.014645
2005  0.023716  0.046722  0.002745
2006  -0.056407  -0.077237  0.009147
2007  -0.057678  0.046889  0.005525
2008  0.000808  0.017317  0.000301
2009  0.065861  0.010326  0.004444
2010  0.053231  -0.034504  0.004024
2011  0.005880  0.017542  0.000342
2012  0.040210  0.000253  0.001617
2013  0.079731  -0.013518  0.006540
2014  0.006186  0.005979  0.000074
2015  0.038456  -0.025934  0.002151
2016  -0.015728  0.001627  0.000250
2017  0.017022  0.043918  0.002219
2018  0.017988  0.014410  0.000531
2019  -0.024022  -0.020909  0.001014
2020  -0.018444  0.010045  0.000441
2021  -0.057226  0.004446  0.003295
2022  -0.066476  0.061362  0.008184
2023  -0.016628  -0.024681  0.000886
2024  0.010256  -0.030701  0.001048
2025  0.003441  0.026628  0.000721
2026  -0.049449  -0.030241  0.003360
2027  0.028083  -0.013074  0.000960
2028  -0.025448  -0.026818  0.001367
2029  -0.008062  0.047998  0.002369
2030  0.009218  -0.017436  0.000389
2031  0.008154  -0.035719  0.001342
2032  -0.008259  0.016310  0.000334
2033  -0.013830  -0.024859  0.000809
2034  0.037396  -0.008817  0.001476
2035  -0.030019  -0.020440  0.001319
2036  -0.032314  0.042310  0.002834
2037  0.015768  0.000643  0.000249
2038  0.000550  0.040814  0.001666
2039  0.049577  0.013423  0.002638
2040  -0.048872  -0.001017  0.002389
2041  -0.104374  0.033822  0.012038
2042  -0.058088  0.024286  0.003964
2043  0.034910  0.052132  0.003937
2044  0.007000  -0.036900  0.001411
2045  0.037679  0.002790  0.001427
2046  0.026652  0.007077  0.000760
2047  -0.022110  -0.035385  0.001741
