0  0.135295  -0.053499  0.021167
1  -0.134089  0.091063  0.026272
2  -0.056461  -0.033937  0.004340
3  0.067129  -0.093952  0.013333
4  -0.067908  -0.061027  0.008336
5  -0.270529  -0.106660  0.084562
6  0.136793  0.004537  0.018733
7  -0.043409  -0.092384  0.010419
8  0.102647  0.047741  0.012816
9  0.029032  0.224713  0.051339
10  -0.005076  -0.288938  0.083511
11  0.214190  -0.031333  0.046859
12  -0.128023  0.187004  0.051360
13  -0.119043  0.033508  0.015294
14  -0.060710  -0.046179  0.005818
15  -0.099963  -0.034318  0.011170
16  -0.011506  -0.038122  0.001586
17  0.016521  0.096959  0.009674
18  -0.362443  -0.105335  0.142461
19  0.016570  0.102323  0.010745
20  0.053384  0.053707  0.005734
21  -0.154166  0.019837  0.024161
22  0.131404  -0.086254  0.024707
23  -0.110228  0.083884  0.019187
24  0.242310  -0.052955  0.061519
25  0.036826  0.272776  0.075763
26  0.098682  -0.064893  0.013949
27  -0.189514  0.167772  0.064063
28  -0.097072  -0.009499  0.009513
29  -0.211715  -0.171795  0.074337
30  0.177407  -0.107143  0.042953
31  -0.009218  0.065198  0.004336
32  0.217489  0.031335  0.048283
33  -0.111822  -0.078818  0.018717
34  0.109589  -0.242950  0.071035
35  0.049510  0.026545  0.003156
36  -0.042270  0.100611  0.011909
37  -0.169639  -0.132688  0.046383
38  -0.174607  0.082892  0.037359
39  -0.069658  0.016041  0.005110
40  0.237847  -0.158474  0.081685
41  -0.342565  -0.052269  0.120083
42  0.249603  0.091291  0.070635
43  -0.093839  0.065008  0.013032
44  0.062911  -0.039245  0.005498
45  0.114408  0.233670  0.067691
46  0.058787  0.073518  0.008861
47  -0.010349  -0.065885  0.004448
48  0.125567  -0.097725  0.025317
49  0.063275  -0.022984  0.004532
50  0.069651  -0.097355  0.014329
51  -0.121271  -0.078022  0.020794
52  0.009140  0.024136  0.000666
53  -0.045355  -0.200022  0.042066
54  0.037253  -0.090366  0.009554
55  -0.125207  -0.075350  0.021354
56  0.247774  -0.058424  0.064805
57  0.007993  0.023222  0.000603
58  -0.014543  -0.010585  0.000324
59  -0.086458  -0.080127  0.013895
60  0.102875  0.038509  0.012066
61  0.104697  -0.047856  0.013252
62  -0.306065  -0.008452  0.093747
63  0.035305  0.146167  0.022611
64  0.195946  -0.183241  0.071972
65  0.112672  0.054316  0.015645
66  0.035112  0.171958  0.030802
67  -0.191974  0.186755  0.071731
68  -0.160669  -0.391834  0.179348
69  0.239072  -0.012990  0.057324
70  -0.126335  -0.131999  0.033384
71  0.052198  0.071480  0.007834
72  0.203766  -0.117041  0.055219
73  0.054314  -0.235336  0.058333
74  0.133630  -0.374642  0.158214
75  -0.047056  0.210231  0.046411
76  -0.256408  0.104773  0.076722
77  -0.048680  0.018893  0.002727
78  -0.217583  -0.177385  0.078808
79  0.003533  0.054990  0.003036
80  0.238166  -0.050952  0.059319
81  0.137876  -0.136607  0.037671
82  -0.044197  0.165916  0.029481
83  0.102407  0.068474  0.015176
84  -0.441096  0.085938  0.201951
85  -0.069556  -0.067777  0.009432
86  0.165808  -0.040128  0.029103
87  -0.001313  -0.021879  0.000480
88  0.284649  0.042336  0.082817
89  0.284662  0.147435  0.102770
90  -0.128084  0.092347  0.024934
91  0.112176  -0.051139  0.015199
92  -0.050778  0.018974  0.002938
93  -0.155552  0.082309  0.030971
94  0.085335  -0.020916  0.007720
95  -0.128653  -0.337660  0.130566
96  -0.191972  -0.244711  0.096737
97  -0.168346  0.068380  0.033016
98  -0.063159  0.050128  0.006502
99  -0.311299  -0.253758  0.161300
100  -0.195354  0.137249  0.057000
101  -0.066502  -0.222994  0.054149
102  -0.134928  0.247786  0.079603
103  -0.236682  0.279333  0.134046
104  0.379019  0.088293  0.151451
105  0.241868  0.005450  0.058530
106  -0.047558  0.036828  0.003618
107  0.121689  0.334155  0.126467
108  0.027583  0.092201  0.009262
109  -0.237828  0.079651  0.062906
110  -0.346999  0.239352  0.177698
111  -0.006482  -0.044578  0.002029
112  0.194780  0.180718  0.070598
113  -0.515070  0.170768  0.294458
114  -0.073989  -0.411064  0.174448
115  -0.019066  -0.373885  0.140154
116  0.248468  0.100993  0.071936
117  -0.189383  -0.147883  0.057735
118  0.059741  0.067653  0.008146
119  0.116583  0.167311  0.041585
120  0.135521  0.078658  0.024553
121  0.133921  -0.125021  0.033565
122  0.280160  -0.337525  0.192413
123  0.213866  0.140874  0.065584
124  0.151119  0.443367  0.219411
125  -0.455105  0.184182  0.241044
126  -0.281073  0.066347  0.083404
127  -0.052827  -0.180082  0.035220
128  0.027121  0.180635  0.033365
129  0.057792  -0.021801  0.003815
130  -0.011664  0.065469  0.004422
131  0.016677  -0.178615  0.032181
132  -0.040384  -0.221757  0.050807
133  -0.063870  -0.384264  0.151739
134  -0.242737  0.076061  0.064707
135  0.120598  0.138904  0.033838
136  0.057335  -0.318361  0.104641
137  0.226085  0.368008  0.186544
138  -0.256918  0.191021  0.102496
139  0.358040  -0.299802  0.218074
140  0.081856  -0.244336  0.066400
141  0.400832  -0.096836  0.170043
142  0.009333  0.610141  0.372359
143  0.241661  -0.089419  0.066396
144  0.095753  -0.223930  0.059313
145  0.141808  -0.108531  0.031888
146  -0.082685  0.135358  0.025159
147  -0.173239  -0.179655  0.062288
148  0.086349  0.201137  0.047912
149  0.504351  -0.206749  0.297115
150  -0.325386  -0.256846  0.171846
151  0.182083  0.174249  0.063517
152  -0.516612  -0.018278  0.267222
153  0.248237  0.202899  0.102790
154  0.048428  -0.230643  0.055541
155  0.210260  -0.361303  0.174750
156  0.423246  -0.114129  0.192162
157  0.087909  -0.352140  0.131731
158  0.318769  -0.173877  0.131847
159  -0.059768  0.017059  0.003863
160  -0.199795  0.366086  0.173937
161  0.159670  0.585086  0.367821
162  -0.134193  -0.038346  0.019478
163  0.435965  0.368520  0.325873
164  -0.206165  0.658567  0.476215
165  -0.095036  0.025034  0.009658
166  -0.204764  0.326903  0.148794
167  -0.242905  -0.367348  0.193947
168  -0.382553  0.234505  0.201339
169  0.027128  0.220471  0.049343
170  -0.273307  -0.027963  0.075479
171  -0.128094  0.158230  0.041445
172  -0.051503  0.051100  0.005264
173  -0.333965  0.304030  0.203967
174  -0.563739  -0.369314  0.454194
175  -0.006402  0.104036  0.010865
176  0.033802  0.091227  0.009465
177  -0.379485  0.053316  0.146851
178  0.212593  -0.144462  0.066065
179  0.338266  -0.739601  0.661434
180  0.495968  -0.378522  0.389264
181  -0.589878  0.061181  0.351699
182  -0.161042  -0.079213  0.032209
183  0.177197  0.402644  0.193521
184  0.093198  0.376662  0.150560
185  -0.206359  0.373360  0.181982
186  0.141601  -0.468895  0.239914
187  -0.063895  -0.324963  0.109684
188  0.297497  -0.269387  0.161074
189  -0.427989  -0.021169  0.183623
190  0.113740  0.229109  0.065428
191  -0.279561  0.459561  0.289350
192  -0.326286  -0.359466  0.235678
193  0.237372  0.212052  0.101312
194  -0.082848  0.509132  0.266079
195  -0.165034  0.485078  0.262537
196  0.198264  0.002029  0.039313
197  -0.194068  0.462546  0.251611
198  -0.538734  0.363751  0.422549
199  0.215851  -0.059573  0.050141
200  0.092334  0.057136  0.011790
201  0.317282  0.183499  0.134339
202  -0.354242  0.811400  0.783858
203  -0.346655  0.525081  0.395880
204  0.072989  0.370723  0.142763
205  0.122554  0.303746  0.107281
206  -0.131713  0.418203  0.192242
207  0.223196  -0.065087  0.054053
208  -0.053152  -0.349555  0.125014
209  -0.196244  0.256079  0.104088
210  -0.446938  -0.008975  0.199834
211  0.522224  0.110177  0.284857
212  0.237283  0.024169  0.056888
213  0.052612  0.094867  0.011768
214  0.244556  -0.282931  0.139858
215  0.395383  -0.257760  0.222767
216  0.057050  -0.103835  0.014036
217  0.257916  0.107790  0.078140
218  1.013789  0.035144  1.029004
219  -0.020083  0.394529  0.156056
220  -0.329066  0.124698  0.123834
221  -0.528315  -0.527058  0.556907
222  0.308890  0.180312  0.127926
223  -0.020653  -0.403431  0.163183
224  0.658686  0.317133  0.534441
225  -0.056431  -0.206202  0.045704
226  -0.210821  -0.426839  0.226637
227  -0.169828  -0.010827  0.028959
228  0.070350  -0.335118  0.117253
229  -0.227720  0.318972  0.153599
230  0.062263  -0.169891  0.032740
231  -0.169335  -0.458107  0.238536
232  0.168757  -0.212119  0.073473
233  0.011300  0.526759  0.277603
234  0.154380  -0.326961  0.130737
235  -0.121374  -0.218608  0.062521
236  -0.066860  0.181002  0.037232
237  -0.474901  -0.322956  0.329831
238  0.122723  -0.232529  0.069131
239  0.336669  0.581821  0.451861
240  0.255443  -0.001287  0.065253
241  -0.445607  0.117905  0.212468
242  -0.466035  0.764541  0.801711
243  0.142421  0.203138  0.061549
244  -0.290518  0.033723  0.085538
245  -0.323100  -0.102783  0.114958
246  -0.106695  -0.926226  0.869278
247  0.252470  -0.516892  0.330918
248  0.254119  0.656302  0.495308
249  0.291783  0.071500  0.090250
250  -0.365588  0.580250  0.470344
251  -0.744837  -0.206755  0.597529
252  0.480129  0.000428  0.230524
253  0.132429  -0.107011  0.028989
254  -0.374129  -0.087676  0.147660
255  0.232279  0.042640  0.055772
256  0.222758  -0.180203  0.082094
257  -0.767478  -0.284951  0.670220
258  0.312752  -0.159819  0.123356
259  0.414200  -0.237253  0.227851
260  -0.315898  0.008005  0.099856
261  0.396910  0.307814  0.252287
262  0.122365  -0.404798  0.178835
263  0.083967  0.313155  0.105117
264  -0.454119  0.312637  0.303966
265  -0.073947  -0.491960  0.247493
266  0.353733  -0.396368  0.282235
267  0.504311  0.020890  0.254766
268  0.124563  0.325424  0.121417
269  -0.761101  -0.060167  0.582895
270  -0.059013  0.411565  0.172868
271  -0.914156  0.238725  0.892672
272  0.015010  -0.555458  0.308759
273  0.354435  0.485460  0.361296
274  0.235669  0.321716  0.159041
275  -0.226164  -0.092797  0.059761
276  -0.405786  -0.318795  0.266293
277  0.107794  0.150574  0.034292
278  -0.505076  -0.431355  0.441168
279  -0.153693  0.197162  0.062494
280  -0.189992  0.047214  0.038326
281  -0.634570  0.247854  0.464111
282  -0.547304  0.100334  0.309609
283  0.592792  0.394050  0.506677
284  0.517568  -0.396776  0.425308
285  -0.310041  -0.002654  0.096133
286  -0.223918  -0.900734  0.861462
287  -0.543949  -0.818810  0.966330
288  -0.320213  0.541952  0.396248
289  0.226752  -0.565588  0.371307
290  0.098706  -0.559745  0.323057
291  0.792003  0.430096  0.812251
292  -0.531831  -0.200036  0.322858
293  -0.166666  -0.208619  0.071299
294  0.683208  -0.088595  0.474622
295  0.272574  0.202901  0.115465
296  0.301809  0.373545  0.230625
297  0.750945  0.383673  0.711123
298  0.030480  0.112807  0.013655
299  -0.244343  -0.096372  0.068991
300  -0.118558  0.119002  0.028218
301  -1.053488  -0.979800  2.069845
302  -0.347362  0.614197  0.497899
303  0.617583  0.016493  0.381681
304  -0.797743  0.176481  0.667540
305  0.210564  0.101159  0.054570
306  0.076780  -0.297791  0.094575
307  -0.190499  -0.158859  0.061526
308  -0.062475  0.582682  0.343421
309  0.747096  0.671388  1.008914
310  -1.037841  0.331836  1.187229
311  0.656541  0.591944  0.781444
312  0.000154  -0.664967  0.442181
313  0.480937  0.377141  0.373536
314  0.609499  -0.599648  0.731067
315  -0.024935  0.383347  0.147577
316  0.338741  0.498625  0.363372
317  -0.096079  0.105980  0.020463
318  0.015046  0.719159  0.517416
319  -0.531028  -0.093416  0.290717
320  0.453904  0.758438  0.781257
321  -0.043244  -0.037673  0.003289
322  -0.121480  0.060281  0.018391
323  0.366150  0.533323  0.418499
324  0.537847  -0.805269  0.937737
325  0.288824  -0.473808  0.307913
326  0.025401  0.665257  0.443212
327  -0.083314  0.473164  0.230826
328  -0.140910  -0.003032  0.019865
329  -0.062829  0.076576  0.009811
330  -0.006693  0.267954  0.071844
331  0.014445  0.245883  0.060667
332  -0.090738  0.019433  0.008611
333  -0.515047  0.093995  0.274109
334  0.320425  0.015927  0.102926
335  -0.477365  -0.379570  0.371950
336  -0.179663  -0.055928  0.035407
337  -0.403368  0.024672  0.163314
338  0.342073  -0.213025  0.162394
339  -0.043137  0.089531  0.009877
340  0.227717  0.086419  0.059323
341  -0.150910  -0.450304  0.225547
342  0.276521  -0.073314  0.081839
343  0.413879  0.369714  0.307984
344  -0.178261  0.144053  0.052528
345  0.698772  -0.020735  0.488712
346  -0.071099  -0.229831  0.057877
347  -0.619794  -0.470610  0.605618
348  -0.503538  0.253524  0.317826
349  0.117445  0.114286  0.026855
350  0.847336  -0.278754  0.795681
351  0.600108  -0.059702  0.363694
352  0.500530  -0.350798  0.373589
353  -0.536845  -0.375828  0.429449
354  -0.237025  0.483886  0.290326
355  -1.152556  0.380974  1.473526
356  -0.418210  0.498556  0.423458
357  -0.264583  0.068470  0.074692
358  0.442090  -0.157747  0.220328
359  0.211436  0.417655  0.219141
360  0.367940  0.326124  0.241737
361  -0.350596  0.048735  0.125293
362  0.290448  -0.625566  0.475692
363  -0.034505  -0.293680  0.087439
364  0.134455  -0.453081  0.223360
365  0.239349  -0.095769  0.066459
366  -0.420948  0.179761  0.209511
367  -0.033214  0.713745  0.510535
368  0.392446  -0.596471  0.509792
369  0.171505  -0.269426  0.102004
370  0.192960  -0.410330  0.205604
371  -1.259311  -0.366791  1.720399
372  0.255032  -0.220690  0.113746
373  -0.097867  -0.358683  0.138231
374  -0.090103  0.579683  0.344151
375  -0.457533  0.492556  0.451948
376  -0.226785  -0.283527  0.131819
377  0.197024  0.193122  0.076114
378  -0.306518  -0.335249  0.206345
379  0.276760  0.667967  0.522776
380  -0.580389  0.811842  0.995940
381  0.267702  -0.149674  0.094067
382  -0.310215  -0.050402  0.098774
383  0.017935  -0.503522  0.253856
384  -0.284838  0.417731  0.255632
385  -0.130407  0.017378  0.017308
386  0.230698  0.422984  0.232137
387  -0.305796  -0.158945  0.118775
388  0.036219  -0.035886  0.002600
389  -0.335053  -0.257110  0.178366
390  -0.526332  0.371139  0.414770
391  0.309642  0.235370  0.151278
392  -0.039240  -0.228134  0.053585
393  0.534884  0.127487  0.302354
394  0.451597  0.040526  0.205583
395  0.022104  0.017102  0.000781
396  0.213477  -0.152777  0.068913
397  -0.131595  0.082717  0.024159
398  -0.622982  0.276735  0.464689
399  0.165207  -0.698499  0.515194
400  -0.301179  0.335991  0.203599
401  -0.048676  -0.776673  0.605591
402  -0.268874  0.041776  0.074038
403  -0.144782  -0.346340  0.140913
404  0.469405  0.292564  0.305935
405  -0.054862  -0.054070  0.005933
406  0.113291  0.488041  0.251019
407  -0.220892  0.450548  0.251787
408  0.460649  0.282064  0.291758
409  -0.202297  -0.104222  0.051786
410  0.504858  0.356813  0.382197
411  -0.533134  0.273882  0.359243
412  0.218248  -0.366695  0.182097
413  -0.068109  0.350463  0.127463
414  -0.728063  0.129052  0.546730
415  0.063586  -0.601511  0.365858
416  -0.134846  0.250533  0.080950
417  0.621961  -0.091888  0.395279
418  -0.217685  0.029814  0.048276
419  -0.453240  -0.257058  0.271506
420  -0.484364  0.496424  0.481045
421  -0.109308  0.208884  0.055581
422  -0.018839  0.153461  0.023905
423  -0.047230  -0.261525  0.070626
424  -0.164575  -0.133828  0.044995
425  -0.066517  0.238089  0.061111
426  0.214143  -0.093678  0.054633
427  -0.384491  -0.199909  0.187797
428  -0.051831  0.302065  0.093930
429  0.235100  0.140606  0.075042
430  0.266475  -0.308488  0.166174
431  0.077395  0.192625  0.043094
432  -0.129516  -0.846180  0.732795
433  0.206253  0.557701  0.353571
434  -0.643754  -0.200278  0.454531
435  0.184193  0.801605  0.676497
436  0.875704  -0.677025  1.225220
437  0.292567  0.174707  0.116118
438  0.073239  -0.134655  0.023496
439  0.106776  0.009483  0.011491
440  0.101516  -0.237348  0.066640
441  -0.325698  0.263806  0.175673
442  0.445512  0.295080  0.285553
443  0.070796  -0.064858  0.009219
444  0.375188  -0.411243  0.309887
445  -0.397588  0.197003  0.196887
446  0.067334  -0.250732  0.067400
447  0.656599  -0.314528  0.530050
448  0.239074  -0.513665  0.321008
449  -0.063150  -0.022529  0.004495
450  0.101626  0.207508  0.053388
451  -0.212957  -0.265749  0.115973
452  0.336780  0.384616  0.261351
453  0.095876  0.277831  0.086382
454  -0.028178  -0.198433  0.040170
455  0.281283  -0.313790  0.177584
456  -0.104892  -0.330065  0.119945
457  0.144075  0.078946  0.026990
458  -0.255033  -0.538266  0.354772
459  -0.271195  -0.167545  0.101618
460  -0.340456  0.332571  0.226514
461  0.214186  0.051136  0.048491
462  -0.216438  -0.023908  0.047417
463  0.483717  -0.178838  0.265965
464  0.003234  -0.223560  0.049990
465  -0.021602  -0.254474  0.065224
466  -0.292278  -0.342860  0.202979
467  -0.035967  0.058933  0.004767
468  0.113940  0.187701  0.048214
469  0.452984  0.368357  0.340881
470  -0.105516  -0.513559  0.274876
471  -0.172837  0.246934  0.090849
472  0.080844  -0.449110  0.208235
473  0.251639  -0.166481  0.091038
474  0.090352  0.195924  0.046550
475  0.266404  0.035016  0.072197
476  -0.246342  -0.072024  0.065872
477  0.261479  0.356567  0.195511
478  0.170124  0.160605  0.054736
479  -0.045832  -0.222742  0.051715
480  -0.168134  -0.362510  0.159683
481  -0.024067  -0.416521  0.174069
482  0.051000  0.416342  0.175942
483  -0.024350  0.048623  0.002957
484  0.282258  0.144032  0.100415
485  -0.191948  0.242878  0.095834
486  -0.200229  -0.090384  0.048261
487  -0.301293  -0.039997  0.092377
488  -0.133784  -0.235134  0.073186
489  -0.069913  0.055415  0.007959
490  -0.099086  -0.192290  0.046793
491  0.139580  -0.203274  0.060803
492  -0.468496  -0.420833  0.396589
493  -0.151260  0.323686  0.127652
494  0.059326  -0.152778  0.026861
495  0.163994  0.405773  0.191546
496  0.124088  0.005481  0.015428
497  -0.013084  -0.007595  0.000229
498  0.201702  0.200544  0.080901
499  -0.007913  0.030341  0.000983
500  -0.324590  0.218245  0.152990
501  0.008968  0.029728  0.000964
502  -0.213397  -0.360020  0.175152
503  -0.468552  -0.078575  0.225715
504  0.000235  -0.320904  0.102980
505  0.082002  0.100864  0.016898
506  -0.257010  -0.686553  0.537409
507  -0.062834  0.108230  0.015662
508  -0.112993  0.100013  0.022770
509  -0.190857  -0.168348  0.064767
510  0.191777  -0.154133  0.060535
511  -0.048979  0.234501  0.057389
512  -0.265060  0.242172  0.128904
513  0.138366  0.171676  0.048618
514  0.085579  -0.051119  0.009937
515  0.068086  0.031072  0.005601
516  0.111350  0.118523  0.026447
517  0.155796  0.218805  0.072148
518  -0.129255  -0.207411  0.059726
519  -0.217417  0.196972  0.086068
520  -0.160202  0.084137  0.032744
521  0.042644  -0.103064  0.012441
522  -0.081851  0.127993  0.023082
523  0.125817  -0.327097  0.122822
524  0.186757  -0.130064  0.051795
525  -0.129536  0.168822  0.045281
526  -0.171240  -0.436320  0.219698
527  -0.091130  -0.199716  0.048191
528  -0.187333  -0.108461  0.046857
529  -0.095239  -0.094073  0.017920
530  0.143522  0.007669  0.020657
531  -0.083529  0.257565  0.073317
532  0.061600  0.236603  0.059776
533  -0.126337  -0.098195  0.025603
534  0.182855  0.044476  0.035414
535  0.036668  -0.303625  0.093533
536  0.003599  0.015092  0.000241
537  -0.068088  -0.007647  0.004694
538  -0.045553  -0.037493  0.003481
539  0.096534  -0.035846  0.010604
540  0.149569  -0.147746  0.044200
541  -0.084532  -0.117898  0.021046
542  0.004872  -0.085330  0.007305
543  -0.081891  -0.036767  0.008058
544  0.127779  0.004502  0.016348
545  0.014592  0.091320  0.008552
546  0.063868  0.102451  0.014575
547  0.062739  0.039633  0.005507
548  0.024838  -0.011457  0.000748
549  -0.043497  0.081715  0.008569
550  0.044401  0.063903  0.006055
551  -0.141578  0.045792  0.022141
552  -0.408756  0.016064  0.167340
553  -0.222630  0.094743  0.058540
554  0.127566  0.077008  0.022203
555  -0.100163  0.104853  0.021027
556  0.228365  0.061456  0.055927
557  -0.119974  0.095043  0.023427
558  -0.257036  0.015005  0.066293
559  0.073345  -0.059383  0.008906
560  -0.085342  0.319187  0.109164
561  0.024146  0.109357  0.012542
562  0.056111  0.217727  0.050554
563  -0.027285  0.135401  0.019078
564  0.090951  -0.172466  0.038017
565  -0.105077  0.055285  0.014098
566  -0.073452  0.092614  0.013973
567  0.081661  0.043836  0.008590
568  0.035167  0.009011  0.001318
569  -0.000666  -0.042331  0.001792
570  0.100353  0.023493  0.010623
571  0.121508  -0.086822  0.022302
572  0.038019  0.191426  0.038089
573  0.126289  0.148536  0.038012
574  0.171733  0.176967  0.060810
575  0.103450  0.059306  0.014219
576  -0.045582  0.002203  0.002083
577  0.138495  -0.019901  0.019577
578  0.059300  -0.164018  0.030418
579  -0.040772  -0.059851  0.005244
580  -0.058293  0.030410  0.004323
581  -0.019255  0.056577  0.003572
582  0.104377  0.087403  0.018534
583  -0.125105  -0.126750  0.031717
584  0.081020  0.094124  0.015424
585  0.025134  0.166179  0.028247
586  0.233873  0.047440  0.056947
587  0.153581  -0.094299  0.032479
588  0.070092  -0.119802  0.019265
589  0.005372  -0.087499  0.007685
590  0.108418  -0.027392  0.012505
591  -0.114420  -0.094532  0.022028
592  -0.068930  -0.166136  0.032352
593  -0.000106  -0.087670  0.007686
594  0.080001  0.083996  0.013456
595  0.214414  0.060496  0.049633
596  0.025776  0.156813  0.025255
597  -0.038777  0.071150  0.006566
598  -0.030035  0.000393  0.000902
599  0.050765  0.001811  0.002580
600  -0.052775  -0.115074  0.016027
601  0.037689  -0.059941  0.005013
602  -0.078052  0.045555  0.008167
603  0.007970  -0.077315  0.006041
604  -0.199514  -0.160974  0.065719
605  -0.002899  -0.022207  0.000502
606  -0.069992  -0.069095  0.009673
607  0.016470  0.001403  0.000273
608  0.045834  0.117165  0.015828
609  0.005290  -0.204923  0.042021
610  0.010437  -0.077269  0.006079
611  -0.070255  -0.130133  0.021870
612  0.066468  -0.101648  0.014750
613  -0.114831  0.140255  0.032858
614  0.046583  -0.139492  0.021628
615  -0.009918  -0.053880  0.003001
616  -0.068720  -0.041188  0.006419
617  0.038474  -0.081058  0.008051
618  -0.049834  -0.038293  0.003950
619  0.104461  0.096297  0.020185
620  -0.047125  0.020219  0.002630
621  -0.026531  0.057459  0.004005
622  -0.058633  0.064732  0.007628
623  -0.024787  0.145304  0.021728
624  0.061334  -0.115377  0.017074
625  -0.081280  -0.024319  0.007198
626  -0.024554  -0.074099  0.006093
627  0.077314  -0.145340  0.027101
628  -0.053025  -0.045778  0.004907
629  0.043258  0.041344  0.003581
630  0.019216  0.066381  0.004776
631  0.141346  -0.012010  0.020123
632  -0.010265  -0.006813  0.000152
633  0.071011  -0.014748  0.005260
634  -0.057907  0.015448  0.003592
635  0.021005  0.139046  0.019775
636  0.122581  0.033749  0.016165
637  0.053096  0.064418  0.006969
638  0.101576  -0.055586  0.013407
639  0.026075  0.039705  0.002256
640  -0.016474  0.022492  0.000777
641  -0.000291  -0.047900  0.002295
642  0.014884  -0.004072  0.000238
643  0.113122  -0.099307  0.022658
644  0.015907  -0.153345  0.023768
645  0.089917  0.099298  0.017945
646  0.023157  -0.027156  0.001274
647  0.047500  0.024509  0.002857
648  -0.007498  0.129446  0.016812
649  -0.091978  -0.053938  0.011369
650  0.083587  -0.009820  0.007083
651  -0.083583  -0.025930  0.007659
652  0.030704  -0.004915  0.000967
653  0.011014  0.092260  0.008633
654  -0.069588  -0.113549  0.017736
655  -0.041014  -0.018821  0.002036
656  -0.044766  0.027543  0.002763
657  -0.005621  0.007938  0.000095
658  0.071813  0.004096  0.005174
659  0.115383  -0.041735  0.015055
660  0.002230  -0.062654  0.003930
661  -0.068133  -0.008532  0.004715
662  -0.086368  0.084613  0.014619
663  0.104417  0.014925  0.011126
664  0.002985  -0.030483  0.000938
665  0.028320  0.103928  0.011603
666  0.003456  -0.129485  0.016778
667  0.076017  -0.035539  0.007042
668  0.063096  -0.045302  0.006033
669  0.121624  -0.013441  0.014973
670  -0.073986  0.069682  0.010330
671  0.020749  0.001360  0.000432
672  -0.025368  0.099956  0.010635
673  -0.009513  -0.002186  0.000095
674  0.080051  0.000865  0.006409
675  -0.036886  -0.077208  0.007322
676  -0.077999  -0.031705  0.007089
677  -0.041729  0.044662  0.003736
678  0.033656  -0.036999  0.002502
679  0.041486  -0.005885  0.001756
680  -0.018204  0.018480  0.000673
681  -0.060407  0.060519  0.007312
682  0.034523  -0.077344  0.007174
683  0.007131  -0.056993  0.003299
684  -0.049476  -0.073106  0.007792
685  0.006364  -0.053706  0.002925
686  -0.071145  0.115819  0.018476
687  -0.009969  -0.049304  0.002530
688  0.058094  0.026294  0.004066
689  0.080444  -0.060840  0.010173
690  -0.025636  -0.046931  0.002860
691  -0.044165  -0.059670  0.005511
692  0.007681  0.073595  0.005475
693  -0.116172  -0.047808  0.015782
694  0.048878  0.012174  0.002537
695  -0.051182  -0.026530  0.003323
696  0.059727  0.038152  0.005023
697  -0.060927  -0.073257  0.009079
698  0.056412  0.008386  0.003253
699  0.002830  -0.000594  0.000008
700  -0.036953  -0.003285  0.001376
701  0.086711  -0.001603  0.007521
702  -0.055850  -0.001240  0.003121
703  -0.094497  0.034681  0.010133
704  -0.026446  -0.044366  0.002668
705  0.126533  -0.002872  0.016019
706  0.064597  0.037805  0.005602
707  -0.016059  -0.043840  0.002180
708  0.043678  -0.079462  0.008222
709  -0.036579  0.042512  0.003145
710  0.004558  0.071339  0.005110
711  -0.036029  -0.039667  0.002872
712  -0.131750  -0.012354  0.017511
713  0.047564  -0.082397  0.009052
714  -0.081013  0.013743  0.006752
715  -0.039622  -0.066980  0.006056
716  -0.014641  -0.021803  0.000690
717  0.063146  -0.055609  0.007080
718  -0.006334  0.057102  0.003301
719  0.000321  0.002319  0.000005
720  0.054122  -0.073659  0.008355
721  -0.033095  -0.032848  0.002174
722  0.008032  -0.156791  0.024648
723  -0.046108  -0.034829  0.003339
724  -0.077461  -0.061439  0.009775
725  -0.018091  0.002365  0.000333
726  -0.001137  -0.053468  0.002860
727  0.038830  -0.029163  0.002358
728  0.061521  0.066759  0.008242
729  -0.047225  0.031024  0.003193
730  0.036952  0.014098  0.001564
731  -0.023112  0.061115  0.004269
732  0.027074  0.054896  0.003747
733  -0.019293  -0.012187  0.000521
734  0.007130  -0.028542  0.000866
735  -0.007165  0.011325  0.000180
736  0.001064  0.008524  0.000074
737  -0.018077  -0.018403  0.000665
738  -0.006312  0.001490  0.000042
739  0.036295  -0.042042  0.003085
740  0.017031  -0.028610  0.001109
741  -0.006361  -0.038860  0.001551
742  -0.113353  0.018766  0.013201
743  -0.043150  0.044239  0.003819
744  0.063241  -0.010795  0.004116
745  0.031303  -0.037385  0.002378
746  -0.095085  0.088737  0.016915
747  0.048564  -0.035638  0.003629
748  -0.012723  -0.017736  0.000476
749  0.015663  0.041050  0.001930
750  -0.024022  0.019709  0.000965
751  0.007170  0.017260  0.000349
752  -0.055379  -0.047896  0.005361
753  0.052787  -0.040885  0.004458
754  0.023335  0.012719  0.000706
755  0.027177  -0.006159  0.000777
756  -0.040065  -0.045965  0.003718
757  -0.001137  -0.037692  0.001422
758  -0.055762  0.025179  0.003743
759  0.006891  -0.010681  0.000162
760  -0.032606  -0.041300  0.002769
761  0.011675  -0.024396  0.000731
762  -0.002473  0.016666  0.000284
763  -0.020401  0.021788  0.000891
764  -0.011949  -0.056218  0.003303
765  -0.026431  -0.010867  0.000817
766  0.051430  -0.044180  0.004597
767  0.057018  0.022092  0.003739
768  0.043945  -0.041228  0.003631
769  0.056782  -0.000042  0.003224
770  0.001705  -0.029732  0.000887
771  -0.050790  0.003320  0.002591
772  -0.044057  -0.059799  0.005517
773  0.009660  -0.067213  0.004611
774  -0.005711  -0.048159  0.002352
775  -0.000343  0.023474  0.000551
776  -0.009775  0.010077  0.000197
777  0.022030  -0.015327  0.000720
778  0.000119  -0.033235  0.001105
779  -0.006284  -0.022257  0.000535
780  0.026196  -0.016715  0.000966
781  0.057956  -0.035754  0.004637
782  -0.018873  0.011390  0.000486
783  0.008127  -0.000897  0.000067
784  -0.045789  0.014318  0.002302
785  -0.094949  -0.042655  0.010835
786  0.018982  -0.010616  0.000473
787  -0.024694  0.005894  0.000645
788  0.063972  -0.039484  0.005651
789  -0.021810  -0.018979  0.000836
790  -0.018766  -0.012936  0.000520
791  0.051871  -0.056852  0.005923
792  0.029316  0.046252  0.002999
793  0.008871  -0.020462  0.000497
794  0.032525  -0.041295  0.002763
795  -0.002040  -0.003949  0.000020
796  -0.041269  -0.004801  0.001726
797  0.046960  0.007314  0.002259
798  0.047188  0.019053  0.002590
799  -0.006155  0.027750  0.000808
800  -0.003351  -0.029401  0.000876
801  0.033972  -0.075695  0.006884
802  0.013810  -0.060553  0.003857
803  0.004419  -0.047214  0.002249
804  -0.027401  -0.000197  0.000751
805  -0.011916  0.015456  0.000381
806  -0.027089  -0.020664  0.001161
807  0.006121  -0.022783  0.000557
808  -0.017983  -0.069921  0.005212
809  -0.031710  -0.039486  0.002565
810  -0.025651  -0.005377  0.000687
811  0.001395  -0.028154  0.000795
812  -0.026127  -0.009651  0.000776
813  0.023036  0.031168  0.001502
814  -0.039385  -0.030279  0.002468
815  0.058492  -0.037709  0.004843
816  -0.011314  -0.015189  0.000359
817  -0.048624  -0.000729  0.002365
818  -0.060962  -0.005485  0.003746
819  0.020104  -0.054225  0.003345
820  -0.003188  -0.037822  0.001441
821  -0.046557  0.015933  0.002421
822  0.018549  -0.033682  0.001479
823  0.032647  -0.048211  0.003390
824  -0.031270  0.010038  0.001079
825  -0.030890  0.039191  0.002490
826  0.015967  0.007445  0.000310
827  0.021475  -0.009748  0.000556
828  -0.003518  -0.002483  0.000019
829  -0.020381  -0.031257  0.001392
830  -0.031318  -0.021070  0.001425
831  0.012941  -0.007861  0.000229
832  0.042226  -0.067264  0.006307
833  0.027811  0.001475  0.000776
834  0.041670  -0.020138  0.002142
835  0.023888  -0.046320  0.002716
836  -0.012317  0.030781  0.001099
837  -0.017184  -0.021010  0.000737
838  0.068203  -0.052812  0.007441
839  0.029607  -0.080178  0.007305
840  -0.001449  0.014746  0.000220
841  -0.014670  -0.014227  0.000418
842  -0.048389  -0.059297  0.005858
843  0.064618  -0.021912  0.004656
844  0.029788  -0.013149  0.001060
845  -0.023363  -0.030190  0.001457
846  0.019917  -0.012547  0.000554
847  -0.022715  -0.014665  0.000731
848  0.015401  -0.023506  0.000790
849  -0.028600  -0.020664  0.001245
850  0.010706  0.036945  0.001480
851  0.031435  -0.000420  0.000988
852  0.017632  0.009371  0.000399
853  -0.046503  0.015098  0.002390
854  0.036387  0.045863  0.003427
855  -0.066391  -0.011846  0.004548
856  0.021732  0.003580  0.000485
857  -0.007361  -0.014301  0.000259
858  -0.009403  0.022220  0.000582
859  0.035686  0.031067  0.002239
860  0.037980  0.025135  0.002074
861  0.052941  0.000125  0.002803
862  -0.003187  -0.058510  0.003434
863  0.001436  -0.018697  0.000352
864  0.032770  -0.020460  0.001493
865  -0.081041  -0.014344  0.006773
866  -0.017917  -0.013647  0.000507
867  -0.053296  0.011644  0.002976
868  -0.058274  -0.017167  0.003691
869  0.026469  0.000578  0.000701
870  0.009724  -0.015146  0.000324
871  -0.037180  -0.011889  0.001524
872  -0.025990  0.011681  0.000812
873  0.009584  -0.020763  0.000523
874  0.023956  -0.081552  0.007225
875  -0.008840  0.006726  0.000123
876  -0.039754  -0.009977  0.001680
877  0.015501  -0.044243  0.002198
878  -0.049609  -0.047317  0.004700
879  -0.047394  0.045942  0.004357
880  0.051320  -0.019194  0.003002
881  -0.022879  0.045729  0.002615
882  -0.020201  -0.005614  0.000440
883  -0.037746  -0.006638  0.001469
884  -0.018278  -0.012405  0.000488
885  -0.003796  0.075857  0.005769
886  -0.030986  -0.035035  0.002188
887  -0.048395  -0.076234  0.008154
888  -0.011853  0.023923  0.000713
889  -0.003646  -0.016864  0.000298
890  0.021289  0.063619  0.004501
891  0.003587  0.019951  0.000411
892  0.009652  -0.054375  0.003050
893  0.049466  0.017233  0.002744
894  0.054421  0.005179  0.002989
895  -0.008926  0.044275  0.002040
896  0.009288  0.011683  0.000223
897  0.032861  -0.035956  0.002373
898  -0.010198  -0.004424  0.000124
899  -0.007749  0.054293  0.003008
900  -0.026099  -0.063701  0.004739
901  0.010701  -0.013776  0.000304
902  -0.026237  -0.059014  0.004171
903  0.018670  0.058660  0.003790
904  -0.019065  0.020814  0.000797
905  0.004835  -0.004961  0.000048
906  -0.007511  -0.031715  0.001062
907  -0.050951  -0.012920  0.002763
908  -0.010280  -0.054821  0.003111
909  -0.043569  -0.039043  0.003423
910  -0.007056  -0.010797  0.000166
911  -0.002620  0.029955  0.000904
912  -0.001669  0.033046  0.001095
913  -0.023532  -0.038909  0.002068
914  0.024171  0.000614  0.000585
915  -0.028445  0.022370  0.001310
916  -0.027252  0.024590  0.001347
917  -0.011510  -0.008633  0.000207
918  -0.006826  0.000831  0.000047
919  -0.027481  -0.004304  0.000774
920  -0.009154  -0.043150  0.001946
921  0.045234  -0.006655  0.002090
922  -0.002515  -0.050465  0.002553
923  0.030487  -0.062683  0.004859
924  0.004830  -0.050723  0.002596
925  0.011651  0.004126  0.000153
926  0.025442  0.011679  0.000784
927  -0.020977  0.005660  0.000472
928  -0.021984  0.043116  0.002342
929  -0.020036  -0.019855  0.000796
930  -0.004604  -0.002719  0.000029
931  0.039386  -0.027607  0.002313
932  0.017679  -0.030456  0.001240
933  0.005013  0.032410  0.001076
934  -0.000522  0.021442  0.000460
935  -0.000866  -0.004407  0.000020
936  -0.015201  0.001216  0.000233
937  0.031191  0.010000  0.001073
938  0.017360  0.002034  0.000305
939  -0.020335  0.010918  0.000533
940  0.001205  0.015248  0.000234
941  0.011118  0.015383  0.000360
942  0.036631  -0.076723  0.007228
943  -0.018831  -0.005909  0.000390
944  -0.054387  0.008659  0.003033
945  0.020655  0.016336  0.000693
946  -0.004244  -0.034432  0.001204
947  0.012155  -0.053218  0.002980
948  -0.030418  0.020719  0.001355
949  0.037360  -0.045610  0.003476
950  0.010468  -0.008594  0.000183
951  -0.017873  -0.011136  0.000443
952  -0.039131  -0.073462  0.006928
953  0.026448  -0.005851  0.000734
954  0.010534  0.000228  0.000111
955  0.024650  -0.025784  0.001272
956  0.003432  -0.004753  0.000034
957  -0.033926  -0.021242  0.001602
958  -0.010818  0.008294  0.000186
959  0.057838  0.005876  0.003380
960  0.030191  -0.013477  0.001093
961  0.008863  -0.004082  0.000095
962  -0.015909  0.024883  0.000872
963  0.017180  0.043730  0.002207
964  -0.028733  0.003316  0.000837
965  -0.052581  0.033294  0.003873
966  -0.047413  -0.001491  0.002250
967  0.014109  -0.008597  0.000273
968  -0.005255  0.011341  0.000156
969  0.019188  -0.034360  0.001549
970  -0.038859  -0.017208  0.001806
971  0.024292  -0.098374  0.010268
972  -0.010946  -0.012031  0.000265
973  -0.011950  -0.030680  0.001084
974  0.025871  -0.016866  0.000954
975  -0.014664  0.021921  0.000696
976  -0.017963  -0.019332  0.000696
977  -0.002115  0.024363  0.000598
978  0.039068  0.029306  0.002385
979  -0.022070  0.017205  0.000783
980  0.040692  -0.032679  0.002724
981  0.000172  -0.014034  0.000197
982  -0.052581  -0.041785  0.004511
983  -0.011120  -0.002570  0.000130
984  0.040398  -0.027343  0.002380
985  -0.023778  0.018656  0.000913
986  -0.038824  0.022805  0.002027
987  -0.030584  0.007321  0.000989
988  0.039235  -0.017666  0.001851
989  -0.022906  -0.002636  0.000532
990  -0.011385  0.001996  0.000134
991  0.019506  -0.041495  0.002102
992  0.023942  -0.048386  0.002914
993  -0.030523  -0.019033  0.001294
994  -0.036656  0.007997  0.001408
995  -0.081311  -0.003194  0.006622
996  0.013791  -0.005106  0.000216
997  0.033935  -0.010674  0.001266
998  -0.018107  0.047008  0.002538
999  -0.046074  -0.012771  0.002286
1000  0.007867  -0.024666  0.000670
1001  -0.002951  0.014086  0.000207
1002  -0.048065  -0.016646  0.002587
1003  0.000190  -0.057580  0.003315
1004  -0.001188  0.013765  0.000191
1005  0.036053  -0.002454  0.001306
1006  0.025353  -0.004838  0.000666
1007  -0.005104  -0.027553  0.000785
1008  -0.029388  -0.002425  0.000870
1009  -0.015331  0.021257  0.000687
1010  0.028971  0.018126  0.001168
1011  -0.002694  -0.023176  0.000544
1012  0.018386  -0.028145  0.001130
1013  -0.002220  0.004047  0.000021
1014  -0.016944  -0.056716  0.003504
1015  -0.026614  -0.052668  0.003482
1016  0.006261  0.033666  0.001173
1017  -0.031484  0.023847  0.001560
1018  0.009054  -0.034634  0.001281
1019  -0.018133  0.010836  0.000446
1020  -0.003999  -0.048449  0.002363
1021  -0.035388  0.005664  0.001284
1022  -0.004451  -0.023904  0.000591
1023  -0.022774  -0.041991  0.002282
1024  -0.049336  -0.005655  0.002466
1025  -0.040736  0.034021  0.002817
1026  0.084799  -0.017441  0.007495
1027  -0.074641  -0.000188  0.005571
1028  -0.024894  0.008298  0.000689
1029  -0.000077  -0.025826  0.000667
1030  -0.017587  -0.008264  0.000378
1031  0.003831  -0.012789  0.000178
1032  -0.010461  -0.018618  0.000456
1033  0.007888  0.055509  0.003143
1034  -0.069077  -0.045184  0.006813
1035  -0.033168  -0.026280  0.001791
1036  -0.023938  -0.011888  0.000714
1037  0.058432  0.015403  0.003652
1038  0.013109  0.004413  0.000191
1039  0.012729  -0.055930  0.003290
1040  -0.045482  -0.030731  0.003013
1041  0.029900  0.017049  0.001185
1042  0.027348  -0.017744  0.001063
1043  0.003916  -0.012801  0.000179
1044  0.000167  0.016996  0.000289
1045  -0.003672  0.023974  0.000588
1046  0.034495  -0.027301  0.001935
1047  -0.008970  0.001827  0.000084
1048  0.028439  -0.019885  0.001204
1049  -0.018771  0.028803  0.001182
1050  0.010533  -0.014488  0.000321
1051  0.023391  0.026673  0.001259
1052  -0.015765  -0.029627  0.001126
1053  0.011754  0.040607  0.001787
1054  -0.001307  -0.027330  0.000749
1055  -0.006235  -0.031920  0.001058
1056  -0.014898  0.012354  0.000375
1057  -0.030815  0.023678  0.001510
1058  0.036229  0.019109  0.001678
1059  0.028667  -0.017782  0.001138
1060  -0.010965  0.028925  0.000957
1061  -0.011600  -0.004364  0.000154
1062  0.009536  -0.023653  0.000650
1063  -0.007844  0.016385  0.000330
1064  0.018074  -0.007360  0.000381
1065  -0.018678  -0.028440  0.001158
1066  0.014783  -0.064416  0.004368
1067  0.010070  0.004220  0.000119
1068  -0.019832  0.021126  0.000840
1069  -0.019214  0.017357  0.000670
1070  0.030744  -0.069887  0.005829
1071  -0.022296  -0.012381  0.000650
1072  -0.022077  -0.002526  0.000494
1073  0.078366  -0.019220  0.006511
1074  0.014462  0.006335  0.000249
1075  0.000918  0.001726  0.000004
1076  0.010553  -0.037456  0.001514
1077  -0.015827  -0.018357  0.000587
1078  -0.027517  -0.026422  0.001455
1079  -0.009117  -0.022151  0.000574
1080  -0.012626  -0.017739  0.000474
1081  0.009860  -0.020307  0.000510
1082  -0.033173  -0.000707  0.001101
1083  0.030514  0.009786  0.001027
1084  0.007932  -0.012270  0.000213
1085  -0.004179  -0.072050  0.005209
1086  0.015282  -0.004795  0.000257
1087  0.021296  0.001712  0.000456
1088  0.007547  0.002338  0.000062
1089  0.019384  0.024305  0.000966
1090  0.005542  0.013407  0.000210
1091  -0.038014  0.030456  0.002373
1092  -0.049360  0.000155  0.002436
1093  -0.006096  0.012539  0.000194
1094  -0.022084  0.025577  0.001142
1095  -0.026133  0.035389  0.001935
1096  0.007371  -0.049095  0.002465
1097  -0.023938  -0.004619  0.000594
1098  -0.032426  -0.034459  0.002239
1099  -0.002277  -0.008530  0.000078
1100  -0.003438  0.027928  0.000792
1101  -0.025437  0.002847  0.000655
1102  -0.042602  -0.011733  0.001953
1103  0.029638  -0.004808  0.000902
1104  0.017293  0.013618  0.000484
1105  -0.038285  -0.008198  0.001533
1106  -0.006397  0.037805  0.001470
1107  0.019340  0.002156  0.000379
1108  -0.023000  -0.027350  0.001277
1109  0.002178  -0.016584  0.000280
1110  0.021614  -0.024950  0.001090
1111  0.007017  0.003609  0.000062
1112  -0.001852  -0.013523  0.000186
1113  0.019492  -0.027455  0.001134
1114  0.005484  0.012542  0.000187
1115  0.015257  0.027293  0.000978
1116  -0.002866  -0.006192  0.000047
1117  0.020969  -0.032475  0.001494
1118  -0.014258  -0.036330  0.001523
1119  -0.013367  -0.000564  0.000179
1120  0.005335  0.014568  0.000241
1121  0.059598  0.005854  0.003586
1122  0.024804  0.048016  0.002921
1123  -0.010850  0.017985  0.000441
1124  0.011799  0.009891  0.000237
1125  -0.016736  -0.026459  0.000980
1126  0.004878  0.001396  0.000026
1127  -0.002498  0.023277  0.000548
1128  0.010274  -0.009669  0.000199
1129  -0.034169  -0.003987  0.001183
1130  0.007071  0.005328  0.000078
1131  -0.027627  0.023139  0.001299
1132  0.009604  -0.056862  0.003326
1133  0.003232  0.017771  0.000326
1134  -0.011605  -0.038031  0.001581
1135  0.024118  -0.018411  0.000921
1136  -0.032947  0.000556  0.001086
1137  0.015976  -0.011652  0.000391
1138  0.008930  0.001331  0.000082
1139  0.023005  -0.008678  0.000605
1140  0.002918  0.032216  0.001046
1141  0.007414  0.024033  0.000633
1142  0.020939  -0.001804  0.000442
1143  -0.007814  -0.006500  0.000103
1144  -0.016421  -0.006727  0.000315
1145  -0.000284  0.014818  0.000220
1146  -0.002136  -0.049822  0.002487
1147  0.011104  0.014722  0.000340
1148  -0.038461  -0.015694  0.001726
1149  -0.004364  -0.042827  0.001853
1150  -0.047983  0.031330  0.003284
1151  0.016214  -0.000796  0.000264
1152  0.003797  -0.029329  0.000875
1153  0.003261  -0.024101  0.000592
1154  0.038926  0.052371  0.004258
1155  0.012462  -0.005536  0.000186
1156  0.033019  0.034456  0.002277
1157  -0.012504  -0.030467  0.001085
1158  0.010753  -0.027257  0.000859
1159  0.030602  -0.026318  0.001629
1160  -0.025921  -0.048189  0.002994
1161  -0.003467  -0.003247  0.000023
1162  -0.039235  0.003691  0.001553
1163  -0.006569  -0.031440  0.001032
1164  -0.006672  0.013457  0.000226
1165  0.011993  0.032883  0.001225
1166  -0.033024  -0.012044  0.001236
1167  -0.005472  0.035623  0.001299
1168  0.026066  0.002968  0.000688
1169  0.017535  0.022857  0.000830
1170  -0.020299  -0.025748  0.001075
1171  -0.035159  0.023052  0.001768
1172  -0.006773  -0.049088  0.002456
1173  0.012388  0.011376  0.000283
1174  0.015715  0.024886  0.000866
1175  -0.014880  0.014996  0.000446
1176  -0.004501  0.000567  0.000021
1177  0.022042  -0.022137  0.000976
1178  0.025607  -0.000701  0.000656
1179  -0.029537  -0.011073  0.000995
1180  0.007830  -0.028582  0.000878
1181  -0.008414  -0.039677  0.001645
1182  0.000725  -0.001913  0.000004
1183  0.007533  0.046395  0.002209
1184  0.040131  -0.035719  0.002886
1185  0.024965  0.010898  0.000742
1186  -0.027146  -0.026772  0.001454
1187  0.039800  -0.018825  0.001938
1188  -0.029808  -0.068404  0.005568
1189  -0.008523  -0.051295  0.002704
1190  -0.015133  -0.007235  0.000281
1191  0.011266  -0.034895  0.001345
1192  0.003893  0.028132  0.000807
1193  -0.001471  -0.026972  0.000730
1194  0.015749  -0.025803  0.000914
1195  0.010300  0.026680  0.000818
1196  0.008497  -0.049679  0.002540
1197  -0.040717  -0.012554  0.001816
1198  -0.015250  -0.004922  0.000257
1199  0.015181  -0.000204  0.000230
1200  0.004408  -0.051501  0.002672
1201  -0.040486  -0.021728  0.002111
1202  -0.062296  -0.017322  0.004181
1203  0.017053  0.004263  0.000309
1204  0.003152  -0.000847  0.000011
1205  0.008122  -0.031317  0.001047
1206  -0.009265  -0.023775  0.000651
1207  0.044604  -0.000624  0.001990
1208  -0.008551  -0.016147  0.000334
1209  0.029598  -0.021572  0.001341
1210  -0.008210  0.012332  0.000219
1211  0.032654  -0.020686  0.001494
1212  0.039844  0.026996  0.002316
1213  0.003517  0.011383  0.000142
1214  -0.036124  0.000837  0.001306
1215  0.027689  0.002022  0.000771
1216  -0.044806  0.027622  0.002771
1217  0.026916  0.014860  0.000945
1218  -0.054914  -0.017128  0.003309
1219  -0.033852  -0.086009  0.008543
1220  -0.031898  0.020844  0.001452
1221  -0.038923  -0.006973  0.001564
1222  -0.021995  -0.027721  0.001252
1223  -0.026400  -0.009875  0.000794
1224  -0.040588  -0.054564  0.004625
1225  0.008048  -0.000657  0.000065
1226  -0.000992  -0.008644  0.000076
1227  0.029026  0.004293  0.000861
1228  0.015993  0.000702  0.000256
1229  -0.003025  -0.039360  0.001558
1230  -0.009196  0.018766  0.000437
1231  0.015698  0.012761  0.000409
1232  -0.000706  -0.025089  0.000630
1233  0.015915  -0.014650  0.000468
1234  -0.007349  0.002768  0.000062
1235  0.008606  -0.011907  0.000216
1236  0.004451  -0.007996  0.000084
1237  0.032565  -0.002218  0.001065
1238  -0.049775  -0.016712  0.002757
1239  0.013232  -0.007624  0.000233
1240  0.024269  -0.041942  0.002348
1241  -0.009892  0.003553  0.000110
1242  0.000636  0.002779  0.000008
1243  0.028960  -0.033670  0.001972
1244  -0.003470  0.038221  0.001473
1245  0.010022  0.012831  0.000265
1246  0.007656  0.006167  0.000097
1247  0.044337  -0.002058  0.001970
1248  -0.000359  0.034197  0.001170
1249  -0.024078  -0.000631  0.000580
1250  -0.010588  0.008084  0.000177
1251  0.010341  0.031592  0.001105
1252  -0.029819  -0.028771  0.001717
1253  0.005402  -0.004516  0.000050
1254  -0.010387  -0.018312  0.000443
1255  -0.014832  0.004306  0.000239
1256  -0.041464  -0.008866  0.001798
1257  -0.019684  0.001338  0.000389
1258  -0.015077  -0.010402  0.000336
1259  0.039832  -0.019260  0.001958
1260  0.002085  -0.007244  0.000057
1261  0.011138  -0.035269  0.001368
1262  -0.007905  0.012658  0.000223
1263  0.044384  -0.005184  0.001997
1264  -0.010382  0.018040  0.000433
1265  -0.028149  0.008071  0.000858
1266  0.030776  0.022879  0.001471
1267  0.039819  -0.025566  0.002239
1268  -0.007899  0.001847  0.000066
1269  0.002668  0.019159  0.000374
1270  -0.046644  0.021397  0.002634
1271  -0.067409  0.027295  0.005289
1272  -0.051888  -0.003669  0.002706
1273  0.023658  -0.038847  0.002069
1274  -0.034316  0.005210  0.001205
1275  0.006610  0.000288  0.000044
1276  -0.034257  0.031788  0.002184
1277  -0.013215  0.002472  0.000181
1278  -0.022061  -0.007390  0.000541
1279  0.006705  -0.004756  0.000068
1280  -0.029355  -0.007867  0.000924
1281  0.017243  -0.004824  0.000321
1282  0.015237  0.005583  0.000263
1283  0.004570  0.027183  0.000760
1284  -0.015937  -0.042446  0.002056
1285  -0.008030  0.009411  0.000153
1286  0.021142  0.015813  0.000697
1287  -0.042161  -0.008468  0.001849
1288  0.021268  -0.020793  0.000885
1289  -0.013011  0.024748  0.000782
1290  0.002011  -0.000193  0.000004
1291  -0.025401  0.015153  0.000875
1292  0.009835  0.001680  0.000100
1293  0.018745  -0.054873  0.003362
1294  -0.017599  0.033672  0.001444
1295  0.028352  -0.015090  0.001032
1296  0.005533  -0.013974  0.000226
1297  -0.003197  -0.008729  0.000086
1298  0.002297  0.021157  0.000453
1299  -0.005652  -0.009509  0.000122
1300  -0.035574  0.000537  0.001266
1301  0.041146  -0.004626  0.001714
1302  -0.008947  -0.049617  0.002542
1303  -0.026817  -0.011542  0.000852
1304  -0.026161  -0.008377  0.000755
1305  0.037136  0.025732  0.002041
1306  -0.020874  0.029580  0.001311
1307  -0.002402  -0.005132  0.000032
1308  0.005468  -0.029169  0.000881
1309  -0.026044  0.021342  0.001134
1310  -0.002435  0.006154  0.000044
1311  0.025494  -0.005440  0.000680
1312  -0.007620  -0.022184  0.000550
1313  -0.016298  -0.031534  0.001260
1314  -0.034187  -0.029399  0.002033
1315  -0.016141  -0.001474  0.000263
1316  -0.014195  0.001313  0.000203
1317  -0.029038  -0.048364  0.003182
1318  0.021635  0.027803  0.001241
1319  0.008986  0.003675  0.000094
1320  0.027340  -0.014684  0.000963
1321  0.009641  -0.013035  0.000263
1322  0.007194  -0.009605  0.000144
1323  -0.024216  0.045331  0.002641
1324  -0.002394  -0.002008  0.000010
1325  0.015304  -0.000229  0.000234
1326  -0.005632  -0.021814  0.000508
1327  0.043321  0.022710  0.002392
1328  0.008501  0.049548  0.002527
1329  -0.001386  -0.008753  0.000079
1330  0.011363  -0.025264  0.000767
1331  -0.004879  -0.016762  0.000305
1332  -0.013366  0.043486  0.002070
1333  0.013262  0.012821  0.000340
1334  0.029446  -0.012729  0.001029
1335  0.002649  -0.031850  0.001021
1336  0.000941  -0.016272  0.000266
1337  0.016932  -0.005997  0.000323
1338  0.031160  -0.024967  0.001594
1339  -0.041519  -0.040644  0.003376
1340  0.000795  -0.032414  0.001051
1341  -0.005526  -0.014800  0.000250
1342  0.015181  0.028273  0.001030
1343  -0.008380  0.008665  0.000145
1344  0.046501  -0.032477  0.003217
1345  -0.021173  0.029793  0.001336
1346  -0.008743  -0.023253  0.000617
1347  0.031805  0.015461  0.001251
1348  -0.011767  -0.057478  0.003442
1349  -0.021217  -0.010345  0.000557
1350  -0.026668  -0.039282  0.002254
1351  0.016399  -0.008694  0.000345
1352  0.014418  -0.030897  0.001163
1353  -0.020367  -0.004931  0.000439
1354  -0.049772  -0.022569  0.002987
1355  -0.017362  -0.010135  0.000404
1356  0.030419  -0.011555  0.001059
1357  -0.002928  -0.024523  0.000610
1358  0.004201  -0.035183  0.001255
1359  0.017519  -0.013276  0.000483
1360  -0.015754  0.046629  0.002422
1361  0.032797  0.017345  0.001376
1362  -0.017919  -0.062714  0.004254
1363  0.001680  -0.020771  0.000434
1364  -0.040691  -0.027555  0.002415
1365  -0.008636  -0.012413  0.000229
1366  0.033755  0.004115  0.001156
1367  -0.012116  -0.021080  0.000591
1368  -0.029663  -0.041455  0.002598
1369  -0.011299  -0.006809  0.000174
1370  0.011532  -0.032888  0.001215
1371  0.026087  -0.009750  0.000776
1372  0.002637  0.043063  0.001861
1373  0.026935  -0.009292  0.000812
1374  0.024136  -0.013085  0.000754
1375  -0.027108  -0.005851  0.000769
1376  0.033960  -0.026700  0.001866
1377  0.002351  0.014329  0.000211
1378  -0.006323  0.028624  0.000859
1379  0.019516  0.034379  0.001563
1380  -0.010188  -0.004001  0.000120
1381  -0.025707  0.012889  0.000827
1382  0.023428  -0.019006  0.000910
1383  -0.045584  -0.001426  0.002080
1384  0.022429  0.026876  0.001225
1385  -0.014088  0.011749  0.000336
1386  -0.032325  -0.000976  0.001046
1387  0.012874  0.028959  0.001004
1388  0.015655  -0.002150  0.000250
1389  0.001650  -0.016232  0.000266
1390  -0.004319  0.007857  0.000080
1391  -0.044992  -0.007410  0.002079
1392  -0.024055  -0.022347  0.001078
1393  0.015865  -0.011214  0.000377
1394  -0.004148  -0.005776  0.000051
1395  0.002872  0.007673  0.000067
1396  0.017671  -0.018478  0.000654
1397  0.007992  -0.022918  0.000589
1398  0.007055  0.023085  0.000583
1399  -0.027017  -0.017413  0.001033
1400  -0.035293  0.009763  0.001341
1401  -0.051143  -0.016472  0.002887
1402  0.011928  -0.009770  0.000238
1403  0.016788  -0.034999  0.001507
1404  0.044917  -0.017233  0.002315
1405  -0.019293  0.021321  0.000827
1406  0.000616  -0.017123  0.000294
1407  -0.035293  -0.005765  0.001279
1408  0.006111  -0.028112  0.000828
1409  -0.009406  -0.010495  0.000199
1410  -0.022258  0.012447  0.000650
1411  -0.048210  0.007384  0.002379
1412  0.005417  -0.016482  0.000301
1413  -0.025687  -0.024908  0.001280
1414  -0.002749  -0.004199  0.000025
1415  0.009421  -0.010726  0.000204
1416  0.039393  -0.006615  0.001596
1417  0.009864  -0.027417  0.000849
1418  0.057507  0.003549  0.003320
1419  0.031015  0.012002  0.001106
1420  -0.001576  -0.007604  0.000060
1421  -0.006845  -0.016410  0.000316
1422  0.007263  0.000047  0.000053
1423  0.034816  -0.012714  0.001374
1424  -0.016109  -0.015439  0.000498
1425  0.004269  -0.028235  0.000815
1426  0.002768  0.002811  0.000016
1427  -0.003628  -0.025064  0.000641
1428  0.025303  -0.019338  0.001014
1429  -0.020922  -0.010701  0.000552
1430  0.040190  -0.038777  0.003119
1431  0.017827  -0.048622  0.002682
1432  0.001825  0.004304  0.000022
1433  -0.018528  -0.021561  0.000808
1434  -0.026991  -0.031822  0.001741
1435  0.009945  -0.001830  0.000102
1436  -0.010113  -0.020582  0.000526
1437  0.023322  -0.005294  0.000572
1438  -0.021622  0.005131  0.000494
1439  -0.013968  -0.022657  0.000708
1440  0.016492  -0.051432  0.002917
1441  -0.006619  0.013814  0.000235
1442  -0.011766  0.004608  0.000160
1443  -0.000629  0.021103  0.000446
1444  0.032483  -0.029326  0.001915
1445  -0.024474  0.027889  0.001377
1446  -0.012830  0.016878  0.000449
1447  -0.021115  -0.007375  0.000500
1448  0.023822  0.012757  0.000730
1449  0.021746  -0.033046  0.001565
1450  -0.016233  -0.011814  0.000403
1451  -0.007268  0.019117  0.000418
1452  -0.012893  -0.024491  0.000766
1453  0.011452  -0.016831  0.000414
1454  -0.012669  0.005740  0.000193
1455  -0.042884  0.009520  0.001930
1456  -0.007008  -0.022403  0.000551
1457  -0.029385  0.014323  0.001069
1458  0.040036  0.002276  0.001608
1459  -0.008605  -0.017642  0.000385
1460  -0.012827  -0.062267  0.004042
1461  -0.029993  -0.017427  0.001203
1462  0.002948  0.001002  0.000010
1463  0.024734  -0.010444  0.000721
1464  -0.048701  0.010523  0.002482
1465  0.011172  -0.010918  0.000244
1466  0.015680  -0.032043  0.001273
1467  0.020258  -0.030947  0.001368
1468  0.018511  0.025023  0.000969
1469  0.033656  0.057111  0.004394
1470  -0.028901  0.017119  0.001128
1471  -0.018335  -0.033986  0.001491
1472  -0.002816  0.066211  0.004392
1473  0.002150  0.001083  0.000006
1474  -0.009277  0.011925  0.000228
1475  -0.027959  -0.002283  0.000787
1476  -0.012108  -0.028598  0.000964
1477  -0.015613  -0.046479  0.002404
1478  0.009967  -0.015491  0.000339
1479  -0.042927  0.026273  0.002533
1480  0.018708  -0.027635  0.001114
1481  0.017125  -0.000839  0.000294
1482  0.008524  -0.027153  0.000810
1483  -0.045710  -0.025273  0.002728
1484  0.043607  -0.001832  0.001905
1485  0.001538  -0.008095  0.000068
1486  -0.008083  0.005141  0.000092
1487  0.005651  0.002824  0.000040
1488  -0.020903  -0.023217  0.000976
1489  -0.015319  0.009968  0.000334
1490  -0.034899  -0.047456  0.003470
1491  0.026474  0.003614  0.000714
1492  0.004707  0.018354  0.000359
1493  0.016075  -0.039952  0.001855
1494  -0.023638  -0.004720  0.000581
1495  -0.000009  -0.022292  0.000497
1496  -0.039773  -0.000764  0.001582
1497  -0.012462  -0.013662  0.000342
1498  -0.034788  -0.029780  0.002097
1499  0.004460  -0.021092  0.000465
1500  0.022462  -0.011214  0.000630
1501  -0.033858  0.001489  0.001149
1502  0.025181  -0.031255  0.001611
1503  -0.028880  0.004150  0.000851
1504  0.015250  -0.017435  0.000537
1505  -0.003787  -0.059827  0.003594
1506  -0.012431  0.003789  0.000169
1507  -0.011973  0.038881  0.001655
1508  0.032093  -0.015099  0.001258
1509  -0.023159  -0.025779  0.001201
1510  -0.010362  -0.005745  0.000140
1511  0.029058  -0.006699  0.000889
1512  0.000705  0.025481  0.000650
1513  0.008564  -0.018097  0.000401
1514  0.030524  0.000817  0.000932
1515  -0.004249  -0.021706  0.000489
1516  -0.046039  -0.004059  0.002136
1517  0.014264  -0.007216  0.000256
1518  -0.025490  -0.026563  0.001355
1519  -0.048811  0.020381  0.002798
1520  0.001516  -0.021816  0.000478
1521  0.011897  0.029851  0.001033
1522  -0.009860  0.029806  0.000986
1523  -0.026574  -0.021766  0.001180
1524  -0.035413  -0.003276  0.001265
1525  -0.047186  0.000790  0.002227
1526  -0.011679  -0.010306  0.000243
1527  -0.022646  -0.051872  0.003204
1528  -0.045947  0.005939  0.002146
1529  0.016891  0.014237  0.000488
1530  -0.003672  0.033041  0.001105
1531  -0.013175  -0.020512  0.000594
1532  0.029011  0.031486  0.001833
1533  0.004813  0.006327  0.000063
1534  0.044509  0.004521  0.002001
1535  -0.051412  0.000935  0.002644
1536  -0.018777  0.019608  0.000737
1537  0.017152  0.022003  0.000778
1538  -0.023143  0.018663  0.000884
1539  -0.046971  0.035610  0.003474
1540  -0.026151  0.027632  0.001447
1541  0.005914  -0.001794  0.000038
1542  -0.037533  -0.005166  0.001435
1543  -0.040029  0.034794  0.002813
1544  0.040034  -0.015546  0.001844
1545  -0.019210  -0.003640  0.000382
1546  -0.028010  -0.061334  0.004546
1547  0.014208  0.013429  0.000382
1548  -0.034420  0.071368  0.006278
1549  -0.022411  0.015447  0.000741
1550  0.015542  -0.012710  0.000403
1551  -0.023149  -0.026547  0.001241
1552  -0.043287  -0.024414  0.002470
1553  -0.003317  -0.036250  0.001325
1554  -0.006203  -0.012587  0.000197
1555  -0.012739  -0.037713  0.001585
1556  0.003133  0.019409  0.000387
1557  -0.002404  -0.020721  0.000435
1558  -0.044124  0.022771  0.002465
1559  -0.011937  -0.020846  0.000577
1560  0.014262  0.005649  0.000235
1561  -0.026196  0.025104  0.001316
1562  -0.011402  0.053087  0.002948
1563  0.022576  0.004042  0.000526
1564  0.008474  -0.012611  0.000231
1565  -0.024989  0.016080  0.000883
1566  -0.038816  0.004998  0.001532
1567  -0.022651  -0.014329  0.000718
1568  -0.016635  0.020457  0.000695
1569  0.023222  -0.000819  0.000540
1570  0.001520  -0.002120  0.000007
1571  0.006681  -0.004131  0.000062
1572  -0.008072  0.045667  0.002151
1573  -0.026261  0.013431  0.000870
1574  -0.034615  0.010043  0.001299
1575  0.043637  0.015741  0.002152
1576  0.034153  -0.025738  0.001829
1577  0.026160  -0.004725  0.000707
1578  0.003112  0.025922  0.000682
1579  0.009818  0.003177  0.000106
1580  -0.014166  -0.054759  0.003199
1581  -0.018032  -0.031672  0.001328
1582  -0.009217  -0.030134  0.000993
1583  0.036150  -0.053339  0.004152
1584  0.006924  -0.036111  0.001352
1585  0.008726  0.025952  0.000750
1586  -0.024740  0.037751  0.002037
1587  0.019117  -0.000174  0.000365
1588  -0.016299  -0.008677  0.000341
1589  -0.048030  -0.018121  0.002635
1590  -0.045276  0.031051  0.003014
1591  -0.000283  0.055133  0.003040
1592  0.026441  -0.010038  0.000800
1593  0.003989  -0.007669  0.000075
1594  -0.000439  -0.004161  0.000018
1595  -0.000037  -0.003672  0.000013
1596  0.018939  0.028557  0.001174
1597  -0.002625  0.029314  0.000866
1598  -0.026430  -0.017142  0.000992
1599  0.033280  0.034797  0.002318
1600  0.021707  -0.011410  0.000601
1601  0.035369  -0.070140  0.006171
1602  0.012842  0.004344  0.000184
1603  -0.039114  -0.008710  0.001606
1604  -0.006976  -0.019000  0.000410
1605  0.005797  -0.013417  0.000214
1606  -0.011180  0.019649  0.000511
1607  -0.033476  0.013964  0.001316
1608  -0.015468  0.005529  0.000270
1609  -0.026118  -0.023822  0.001250
1610  0.032365  -0.003964  0.001063
1611  -0.015257  -0.021253  0.000684
1612  -0.008245  -0.002151  0.000073
1613  -0.035545  0.019375  0.001639
1614  0.016305  -0.013333  0.000444
1615  -0.020209  -0.022426  0.000911
1616  0.014265  0.012513  0.000360
1617  0.006662  -0.012674  0.000205
1618  0.001825  -0.009168  0.000087
1619  0.031261  -0.040279  0.002600
1620  -0.025043  0.002474  0.000633
1621  -0.038850  0.005832  0.001543
1622  0.016001  0.020760  0.000687
1623  0.059327  0.023708  0.004082
1624  -0.018899  -0.011703  0.000494
1625  0.010332  -0.035552  0.001371
1626  0.019027  0.016334  0.000629
1627  -0.007375  -0.022668  0.000568
1628  -0.013858  0.025153  0.000825
1629  -0.014882  0.011554  0.000355
1630  0.010169  0.021765  0.000577
1631  0.016400  0.028723  0.001094
1632  0.013125  -0.023015  0.000702
1633  -0.012323  -0.016026  0.000409
1634  0.043650  -0.005495  0.001936
1635  0.023387  -0.006350  0.000587
1636  0.008547  0.019687  0.000461
1637  0.035040  0.049980  0.003726
1638  -0.000453  -0.011649  0.000136
1639  0.017025  0.003935  0.000305
1640  0.030306  -0.001484  0.000921
1641  0.002769  -0.044751  0.002010
1642  0.022817  -0.025794  0.001186
1643  -0.031239  0.002711  0.000983
1644  -0.035701  0.015283  0.001508
1645  0.003568  -0.045489  0.002082
1646  -0.023395  -0.023244  0.001088
1647  -0.037416  0.011041  0.001522
1648  -0.040295  0.017162  0.001918
1649  0.017764  -0.021518  0.000779
1650  -0.054089  -0.006789  0.002972
1651  0.041590  0.029667  0.002610
1652  -0.014380  0.024892  0.000826
1653  -0.075801  0.005120  0.005772
1654  -0.034524  -0.018588  0.001537
1655  0.061750  0.001770  0.003816
1656  -0.000072  -0.055792  0.003113
1657  0.012228  -0.028225  0.000946
1658  0.028643  0.009775  0.000916
1659  0.000385  0.007860  0.000062
1660  -0.032461  -0.010827  0.001171
1661  -0.016576  -0.022997  0.000804
1662  -0.044586  -0.051119  0.004601
1663  0.006509  -0.009653  0.000136
1664  -0.038143  -0.036945  0.002820
1665  -0.016569  -0.023443  0.000824
1666  0.053125  -0.015548  0.003064
1667  0.032330  -0.034303  0.002222
1668  0.040476  -0.034066  0.002799
1669  0.007164  -0.017004  0.000340
1670  -0.020989  -0.010556  0.000552
1671  -0.028936  -0.022312  0.001335
1672  -0.024556  -0.006315  0.000643
1673  -0.018239  -0.001558  0.000335
1674  0.043258  -0.026059  0.002550
1675  -0.018974  -0.011482  0.000492
1676  -0.009323  -0.001125  0.000088
1677  0.047112  -0.004843  0.002243
1678  0.002220  -0.048379  0.002345
1679  -0.033583  0.020490  0.001548
1680  -0.029278  -0.043698  0.002767
1681  0.006426  0.005884  0.000076
1682  0.014720  -0.014287  0.000421
1683  0.010761  -0.002581  0.000122
1684  0.025684  -0.005980  0.000695
1685  -0.005135  -0.029214  0.000880
1686  -0.025358  0.013779  0.000833
1687  0.012114  -0.029502  0.001017
1688  -0.029836  -0.015777  0.001139
1689  -0.011610  -0.025706  0.000796
1690  0.029547  -0.022386  0.001374
1691  -0.019737  0.026989  0.001118
1692  -0.032345  -0.007470  0.001102
1693  -0.026943  -0.029545  0.001599
1694  -0.003965  0.006763  0.000061
1695  -0.041686  0.004719  0.001760
1696  -0.008016  -0.105458  0.011186
1697  -0.000664  -0.026387  0.000697
1698  0.007438  0.016449  0.000326
1699  0.027682  0.008610  0.000840
1700  -0.000586  -0.007290  0.000053
1701  -0.032303  0.009781  0.001139
1702  -0.032962  -0.003819  0.001101
1703  0.007052  -0.015998  0.000306
1704  -0.056323  -0.007615  0.003230
1705  -0.001455  -0.046749  0.002188
1706  0.020723  0.012378  0.000583
1707  0.022243  -0.008772  0.000572
1708  0.037264  -0.042736  0.003215
1709  0.061537  0.033752  0.004926
1710  0.002995  0.010053  0.000110
1711  0.049943  -0.031773  0.003504
1712  -0.045286  -0.004177  0.002068
1713  -0.016713  -0.011809  0.000419
1714  0.004631  0.000551  0.000022
1715  -0.003666  -0.033437  0.001131
1716  0.024102  -0.039492  0.002141
1717  0.018399  0.029099  0.001185
1718  0.002600  -0.002224  0.000012
1719  0.030107  -0.052417  0.003654
1720  0.000367  -0.011976  0.000144
1721  -0.023222  -0.010786  0.000656
1722  -0.015102  0.014623  0.000442
1723  0.028832  -0.046213  0.002967
1724  0.029592  0.025930  0.001548
1725  0.052984  0.012997  0.002976
1726  0.046920  -0.025382  0.002846
1727  -0.005152  -0.012323  0.000178
1728  0.021568  -0.048268  0.002795
1729  -0.024940  0.010588  0.000734
1730  0.012390  -0.053467  0.003012
1731  -0.000687  -0.002458  0.000007
1732  -0.026567  -0.070812  0.005720
1733  -0.032582  0.021338  0.001517
1734  -0.018448  -0.030562  0.001274
1735  -0.040615  0.007875  0.001712
1736  -0.019646  0.000120  0.000386
1737  -0.039842  -0.031624  0.002588
1738  0.035986  -0.032301  0.002338
1739  -0.059701  -0.041257  0.005266
1740  0.000810  -0.032491  0.001056
1741  0.021239  -0.012554  0.000609
1742  -0.038030  0.025247  0.002084
1743  -0.048004  -0.018679  0.002653
1744  0.052695  -0.022328  0.003275
1745  -0.022008  0.044063  0.002426
1746  0.000478  -0.021221  0.000451
1747  0.050150  0.035040  0.003743
1748  0.004738  -0.010527  0.000133
1749  -0.017448  0.008238  0.000372
1750  -0.036968  0.010990  0.001487
1751  -0.057378  -0.055201  0.006339
1752  -0.017469  -0.020947  0.000744
1753  0.017076  0.041890  0.002046
1754  0.013805  0.001193  0.000192
1755  -0.013695  -0.005355  0.000216
1756  -0.012068  -0.024934  0.000767
1757  0.008651  -0.020251  0.000485
1758  0.037101  -0.019869  0.001771
1759  -0.000333  -0.025762  0.000664
1760  -0.011355  -0.015297  0.000363
1761  -0.006359  0.021310  0.000495
1762  -0.026385  -0.005777  0.000730
1763  -0.029726  -0.010026  0.000984
1764  -0.011973  -0.021103  0.000589
1765  0.010081  0.006891  0.000149
1766  -0.055484  -0.013041  0.003249
1767  -0.011589  -0.023951  0.000708
1768  0.009319  -0.012053  0.000232
1769  0.018863  0.058005  0.003720
1770  0.011701  0.046295  0.002280
1771  -0.043388  0.017768  0.002198
1772  -0.005137  -0.020329  0.000440
1773  0.000329  0.003069  0.000010
1774  0.007430  0.085586  0.007380
1775  -0.048468  0.018837  0.002704
1776  -0.012795  -0.007735  0.000224
1777  -0.025189  0.008856  0.000713
1778  -0.055998  -0.003443  0.003148
1779  0.050030  0.002934  0.002512
1780  0.007947  -0.041676  0.001800
1781  -0.051177  -0.014619  0.002833
1782  -0.000815  -0.011207  0.000126
1783  0.077401  -0.039007  0.007513
1784  0.003829  0.030159  0.000924
1785  -0.041359  -0.021304  0.002164
1786  0.017405  -0.006628  0.000347
1787  -0.038847  -0.002713  0.001516
1788  -0.001866  -0.007948  0.000067
1789  -0.028565  -0.039685  0.002391
1790  -0.024843  0.003037  0.000626
1791  -0.012275  0.032632  0.001216
1792  -0.003832  -0.009702  0.000109
1793  -0.011254  -0.010909  0.000246
1794  -0.013264  0.032105  0.001207
1795  -0.064395  -0.051663  0.006816
1796  0.018518  -0.022442  0.000847
1797  -0.055103  0.010539  0.003147
1798  -0.021852  -0.012945  0.000645
1799  -0.003615  0.006799  0.000059
1800  0.019643  0.007007  0.000435
1801  0.025846  -0.018871  0.001024
1802  0.022238  0.013356  0.000673
1803  0.006806  0.004566  0.000067
1804  -0.027209  -0.050936  0.003335
1805  -0.032851  -0.040553  0.002724
1806  -0.013849  -0.022996  0.000721
1807  -0.055253  -0.027813  0.003827
1808  -0.031383  -0.061116  0.004720
1809  0.003509  -0.064381  0.004157
1810  0.086424  0.034938  0.008690
1811  -0.015769  0.000682  0.000249
1812  0.001354  0.002500  0.000008
1813  0.041148  0.005376  0.001722
1814  -0.008887  0.023928  0.000652
1815  -0.060864  0.007831  0.003766
1816  0.032774  -0.021110  0.001520
1817  -0.031089  -0.006802  0.001013
1818  -0.036157  0.044706  0.003306
1819  -0.031914  -0.014670  0.001234
1820  -0.036152  -0.047252  0.003540
1821  -0.002679  -0.028043  0.000794
1822  -0.002088  -0.006222  0.000043
1823  0.002836  -0.001019  0.000009
1824  -0.019430  -0.053362  0.003225
1825  0.017256  0.027880  0.001075
1826  -0.012852  -0.065717  0.004484
1827  0.011126  0.002768  0.000131
1828  0.028499  -0.027693  0.001579
1829  -0.012431  -0.033698  0.001290
1830  -0.005611  0.006741  0.000077
1831  0.005334  -0.079151  0.006293
1832  -0.005081  0.045061  0.002056
1833  0.009491  -0.010813  0.000207
1834  -0.014903  -0.029756  0.001107
1835  0.012690  0.017591  0.000470
1836  0.000822  -0.076119  0.005795
1837  -0.023365  -0.040221  0.002164
1838  -0.017642  -0.001189  0.000313
1839  0.042718  0.012301  0.001976
1840  0.025535  0.006494  0.000694
1841  0.012360  0.006529  0.000195
1842  0.033908  -0.013704  0.001338
1843  -0.008985  -0.006776  0.000127
1844  0.028346  0.035481  0.002062
1845  -0.007941  -0.033861  0.001210
1846  -0.073391  -0.009276  0.005472
1847  0.000695  0.017353  0.000302
1848  0.018030  0.040866  0.001995
1849  -0.012092  -0.003941  0.000162
1850  0.022015  0.006858  0.000532
1851  -0.030498  -0.002920  0.000939
1852  -0.062461  0.047997  0.006205
1853  0.006810  -0.016072  0.000305
1854  -0.016738  0.022523  0.000787
1855  -0.101893  0.013438  0.010563
1856  0.031232  -0.011601  0.001110
1857  -0.013317  0.024972  0.000801
1858  0.042558  -0.040542  0.003455
1859  0.018425  -0.066854  0.004809
1860  -0.001169  -0.064625  0.004178
1861  0.004931  -0.064863  0.004232
1862  0.003507  -0.013919  0.000206
1863  -0.044915  0.043507  0.003910
1864  -0.061157  -0.031950  0.004761
1865  -0.009430  -0.003824  0.000104
1866  -0.008955  -0.086059  0.007486
1867  0.031970  -0.025811  0.001688
1868  -0.017201  -0.009671  0.000389
1869  0.003669  -0.023534  0.000567
1870  0.054025  0.004159  0.002936
1871  -0.002451  -0.018604  0.000352
1872  -0.001842  -0.016621  0.000280
1873  -0.071803  -0.051745  0.007833
1874  0.043846  -0.034208  0.003093
1875  0.033346  0.016049  0.001370
1876  -0.053357  0.018191  0.003178
1877  -0.069973  -0.098653  0.014629
1878  -0.043078  -0.025106  0.002486
1879  0.083527  -0.027129  0.007713
1880  -0.042906  -0.044489  0.003820
1881  0.007058  -0.040872  0.001720
1882  0.001737  -0.032214  0.001041
1883  -0.031323  0.058510  0.004405
1884  0.059881  0.051596  0.006248
1885  -0.014103  0.000652  0.000199
1886  -0.009196  -0.016711  0.000364
1887  0.009403  -0.026797  0.000806
1888  0.032435  0.017903  0.001373
1889  0.074724  0.010920  0.005703
1890  -0.025872  -0.055344  0.003732
1891  -0.006348  -0.016580  0.000315
1892  0.027557  0.015599  0.001003
1893  -0.061884  -0.008882  0.003909
1894  -0.000010  0.020246  0.000410
1895  0.003357  -0.006003  0.000047
1896  -0.085490  -0.026255  0.007998
1897  -0.045905  -0.013659  0.002294
1898  -0.041462  -0.081324  0.008333
1899  0.132363  0.000119  0.017520
1900  -0.058838  0.017115  0.003755
1901  -0.103009  0.007833  0.010672
1902  -0.003901  0.062508  0.003922
1903  0.014740  -0.003031  0.000226
1904  -0.021093  -0.032991  0.001533
1905  0.014985  0.022837  0.000746
1906  -0.024543  0.019268  0.000974
1907  -0.008973  -0.008565  0.000154
1908  0.054680  0.033230  0.004094
1909  0.012110  -0.026421  0.000845
1910  -0.012224  -0.031907  0.001167
1911  0.012093  -0.010741  0.000262
1912  0.001404  -0.043823  0.001922
1913  0.023050  -0.043038  0.002384
1914  -0.047362  0.047713  0.004520
1915  -0.029709  -0.072765  0.006177
1916  0.012245  0.025002  0.000775
1917  0.009326  0.007027  0.000136
1918  -0.075983  -0.058332  0.009176
1919  0.027353  -0.004416  0.000768
1920  0.064138  0.040237  0.005733
1921  0.019682  -0.035873  0.001674
1922  -0.083884  -0.010720  0.007152
1923  0.066197  0.113121  0.017178
1924  -0.031373  0.025336  0.001626
1925  0.043135  -0.003374  0.001872
1926  -0.015761  -0.010938  0.000368
1927  -0.002142  0.056456  0.003192
1928  -0.016306  0.025717  0.000927
1929  -0.029420  -0.010613  0.000978
1930  -0.033701  0.038288  0.002602
1931  -0.049708  0.008048  0.002536
1932  0.024389  -0.040357  0.002224
1933  -0.047026  -0.062728  0.006146
1934  -0.078611  -0.011848  0.006320
1935  0.020971  -0.007238  0.000492
1936  0.019307  0.053427  0.003227
1937  -0.030857  -0.060977  0.004670
1938  0.059423  0.043448  0.005419
1939  0.019251  0.016337  0.000638
1940  0.009117  -0.036279  0.001399
1941  -0.027541  0.037539  0.002168
1942  0.004008  0.013808  0.000207
1943  -0.064767  0.050043  0.006699
1944  0.020750  -0.095557  0.009562
1945  -0.021106  -0.054449  0.003410
1946  -0.023916  -0.017941  0.000894
1947  -0.037602  -0.022582  0.001924
1948  -0.020549  0.073314  0.005797
1949  0.013940  -0.084342  0.007308
1950  0.011270  0.053591  0.002999
1951  0.039100  0.030750  0.002474
1952  -0.000820  0.047244  0.002233
1953  -0.132306  0.014679  0.017720
1954  0.000390  -0.087255  0.007614
1955  0.035794  -0.038077  0.002731
1956  0.002177  -0.054753  0.003003
1957  -0.068767  -0.031998  0.005753
1958  -0.016478  0.032910  0.001355
1959  0.042956  0.011646  0.001981
1960  -0.054486  0.072452  0.008218
1961  -0.052391  -0.016928  0.003031
1962  -0.031366  0.057689  0.004312
1963  0.011328  0.019550  0.000511
1964  -0.034974  0.113904  0.014197
1965  0.002133  -0.020379  0.000420
1966  -0.194319  0.015906  0.038013
1967  0.011126  0.004254  0.000142
1968  0.011038  -0.037856  0.001555
1969  -0.041568  0.067405  0.006271
1970  -0.098713  -0.019791  0.010136
1971  -0.153978  -0.093844  0.032516
1972  -0.006383  -0.029311  0.000900
1973  0.073874  -0.136897  0.024198
1974  -0.027236  -0.009854  0.000839
1975  -0.064632  0.038156  0.005633
1976  0.006762  0.127952  0.016418
1977  -0.011536  0.065252  0.004391
1978  0.027127  -0.002277  0.000741
1979  0.021235  0.006140  0.000489
1980  0.008086  -0.101005  0.010267
1981  -0.039312  0.064803  0.005745
1982  0.081359  -0.080884  0.013162
1983  -0.027468  -0.117715  0.014611
1984  0.040749  -0.075007  0.007287
1985  0.038681  0.061437  0.005271
1986  0.022510  -0.062711  0.004439
1987  0.074064  0.013375  0.005664
1988  -0.067407  -0.016369  0.004812
1989  -0.028736  -0.016659  0.001103
1990  -0.013632  0.001944  0.000190
1991  0.097791  0.055735  0.012669
1992  -0.024053  -0.061193  0.004323
1993  0.004101  -0.068109  0.004656
1994  0.033848  0.151264  0.024027
1995  0.036942  0.025609  0.002021
1996  0.018002  -0.078026  0.006412
1997  -0.059410  0.123152  0.018696
1998  -0.068445  0.021439  0.005144
1999  -0.042359  0.032344  0.002840
2000  -0.131902  0.136133  0.035930
2001  0.153194  0.030853  0.024420
2002  0.009776  0.047966  0.002396
2003  -0.081594  -0.091711  0.015068
2004  -0.090642  0.017941  0.008538
2005  -0.038544  -0.002290  0.001491
2006  -0.047623  -0.099706  0.012209
2007  -0.042817  -0.023104  0.002367
2008  -0.087778  0.067726  0.012292
2009  -0.121692  -0.066310  0.019206
2010  -0.037488  -0.063116  0.005389
2011  0.052285  -0.136335  0.021321
2012  -0.165549  -0.062125  0.031266
2013  -0.040640  -0.078820  0.007864
2014  -0.034008  0.040273  0.002778
2015  -0.045397  -0.056179  0.005217
2016  -0.064854  0.060819  0.007905
2017  0.031166  0.093644  0.009741
2018  -0.036712  0.045413  0.003410
2019  -0.021630  0.014110  0.000667
2020  -0.169990  -0.059065  0.032385
2021  -0.066883  -0.033873  0.005621
2022  -0.148976  -0.038585  0.023683
2023  0.117063  -0.051354  0.016341
2024  0.078103  0.186265  0.040795
2025  0.010383  -0.023517  0.000661
2026  -0.122991  -0.076458  0.020973
2027  -0.022467  -0.012734  0.000667
2028  0.034626  0.008727  0.001275
2029  0.078056  -0.088035  0.013843
2030  0.037321  -0.024136  0.001975
2031  -0.058004  -0.103883  0.014156
2032  0.068590  0.062370  0.008595
2033  0.060065  0.025535  0.004260
2034  0.024336  0.039896  0.002184
2035  -0.181858  0.001996  0.033076
2036  -0.025131  -0.089001  0.008553
2037  0.052049  -0.089533  0.010725
2038  -0.100201  -0.017004  0.010329
2039  -0.126129  -0.118601  0.029975
2040  -0.150531  0.033545  0.023785
2041  -0.129392  0.013835  0.016934
2042  0.189938  -0.033931  0.037228
2043  -0.049214  -0.077834  0.008480
2044  -0.031478  0.055450  0.004066
2045  -0.188761  0.076109  0.041423
2046  0.081767  -0.026570  0.007392
2047  -0.082769  -0.040458  0.008487
