0  0.032695  0.018667  0.001417
1  -0.135648  -0.027772  0.019172
2  -0.061535  -0.045948  0.005898
3  0.086791  0.065155  0.011778
4  0.077844  0.013128  0.006232
5  -0.028418  0.013070  0.000978
6  -0.000640  0.049201  0.002421
7  0.004137  0.030259  0.000933
8  -0.009448  -0.035232  0.001331
9  0.027677  0.031347  0.001749
10  0.003820  -0.096432  0.009314
11  -0.137077  -0.016125  0.019050
12  0.079380  0.027220  0.007042
13  0.023115  0.065572  0.004834
14  0.051408  -0.052429  0.005392
15  0.025935  -0.013207  0.000847
16  0.153700  -0.044417  0.025597
17  0.031912  -0.035825  0.002302
18  0.010542  -0.051246  0.002737
19  -0.014629  0.020559  0.000637
20  -0.013168  -0.063265  0.004176
21  -0.022296  0.082999  0.007386
22  0.020611  -0.037788  0.001853
23  0.010578  -0.001150  0.000113
24  0.041085  0.018500  0.002030
25  -0.015666  0.040392  0.001877
26  0.061592  -0.062555  0.007707
27  0.062765  -0.002519  0.003946
28  0.080097  0.074015  0.011894
29  0.018997  -0.058015  0.003727
30  0.049066  -0.064601  0.006581
31  0.007790  0.060422  0.003712
32  0.066202  0.060615  0.008057
33  -0.054066  -0.047578  0.005187
34  0.008662  0.049510  0.002526
35  0.006436  0.115962  0.013489
36  -0.010986  -0.111981  0.012660
37  -0.022856  0.058665  0.003964
38  -0.000868  0.020543  0.000423
39  0.140989  -0.047909  0.022173
40  -0.013327  0.011227  0.000304
41  -0.035930  -0.087947  0.009026
42  -0.081711  0.008766  0.006754
43  0.139021  0.028747  0.020153
44  0.039873  -0.023545  0.002144
45  -0.037303  -0.042534  0.003201
46  -0.000989  0.008040  0.000066
47  -0.052142  -0.080073  0.009130
48  0.031016  -0.012896  0.001128
49  -0.049148  -0.028600  0.003233
50  0.017671  0.025222  0.000948
51  0.005757  0.070802  0.005046
52  0.002956  0.010978  0.000129
53  -0.044317  -0.014447  0.002173
54  -0.025125  -0.054055  0.003553
55  0.047162  -0.059172  0.005726
56  0.052196  -0.019611  0.003109
57  0.007709  -0.066301  0.004455
58  -0.083732  0.084796  0.014201
59  -0.067401  0.037186  0.005926
60  -0.018783  0.010197  0.000457
61  -0.007282  0.045840  0.002154
62  0.002186  -0.055831  0.003122
63  -0.023312  -0.094622  0.009497
64  0.009215  0.019140  0.000451
65  0.020277  0.006788  0.000457
66  -0.006892  -0.048164  0.002367
67  0.045838  0.052538  0.004861
68  0.018324  0.005869  0.000370
69  -0.008896  0.060717  0.003766
70  0.006578  0.035070  0.001273
71  0.103320  -0.043602  0.012576
72  0.023563  0.017882  0.000875
73  0.040535  -0.030068  0.002547
74  -0.013353  0.050857  0.002765
75  -0.013805  -0.022527  0.000698
76  0.087172  0.070634  0.012588
77  0.007504  -0.023755  0.000621
78  0.002685  0.001717  0.000010
79  0.003961  -0.018703  0.000366
80  -0.065647  0.005682  0.004342
81  0.006440  0.058915  0.003512
82  -0.083090  0.009675  0.006998
83  0.090633  0.053136  0.011038
84  0.004472  0.046732  0.002204
85  -0.010467  -0.066246  0.004498
86  -0.025717  -0.025432  0.001308
87  0.046528  0.006013  0.002201
88  0.023745  -0.014036  0.000761
89  -0.023067  -0.047631  0.002801
90  0.016239  -0.034638  0.001464
91  0.009236  -0.018359  0.000422
92  0.050633  -0.062970  0.006529
93  -0.040071  -0.051683  0.004277
94  0.007623  -0.063033  0.004031
95  0.024026  -0.007311  0.000631
96  0.030963  -0.057160  0.004226
97  0.027564  0.067220  0.005278
98  0.056326  -0.010337  0.003279
99  0.071510  -0.029812  0.006002
100  0.015670  0.015102  0.000474
101  0.023835  -0.019270  0.000939
102  -0.019566  -0.029539  0.001255
103  0.009121  0.063869  0.004162
104  0.034838  -0.045348  0.003270
105  0.002923  -0.027526  0.000766
106  0.018201  -0.072646  0.005609
107  0.065464  -0.069246  0.009080
108  0.019505  0.004089  0.000397
109  0.016790  -0.030232  0.001196
110  -0.039586  0.022469  0.002072
111  -0.036480  -0.078033  0.007420
112  0.075192  -0.032588  0.006716
113  0.047680  -0.006258  0.002313
114  0.027916  0.024723  0.001390
115  -0.057647  -0.049179  0.005742
116  -0.002649  0.013396  0.000186
117  -0.115110  0.001287  0.013252
118  0.071230  0.049670  0.007541
119  0.042778  0.051193  0.004451
120  -0.022033  -0.048996  0.002886
121  -0.031247  0.065930  0.005323
122  -0.075661  -0.024872  0.006343
123  0.003526  -0.005629  0.000044
124  0.016179  -0.033742  0.001400
125  0.000612  -0.018126  0.000329
126  0.042931  0.116894  0.015507
127  0.102417  -0.071922  0.015662
128  -0.020352  -0.069596  0.005258
129  -0.019967  -0.052795  0.003186
130  -0.051342  -0.044657  0.004630
131  -0.066948  0.002282  0.004487
132  0.024864  -0.016402  0.000887
133  0.012093  0.027411  0.000898
134  -0.030530  0.026680  0.001644
135  0.004688  -0.034752  0.001230
136  -0.022256  -0.047635  0.002764
137  0.059239  0.054735  0.006505
138  0.000464  -0.042790  0.001831
139  0.061931  -0.024502  0.004436
140  0.079091  -0.033140  0.007354
141  0.054549  0.016999  0.003265
142  -0.052645  0.006451  0.002813
143  -0.038661  -0.003017  0.001504
144  0.001200  -0.041053  0.001687
145  0.029466  0.015707  0.001115
146  -0.012922  0.032240  0.001206
147  -0.044324  0.061103  0.005698
148  0.019254  -0.067966  0.004990
149  -0.002439  -0.015862  0.000258
150  -0.042913  -0.028780  0.002670
151  0.016403  -0.006616  0.000313
152  -0.038120  0.013316  0.001630
153  -0.022372  -0.064440  0.004653
154  -0.027757  -0.015047  0.000997
155  -0.079869  0.003330  0.006390
156  -0.008474  -0.010892  0.000190
157  -0.044160  -0.044521  0.003932
158  0.061905  -0.093546  0.012583
159  0.071784  -0.016835  0.005436
160  -0.010720  -0.021968  0.000598
161  0.008812  0.023548  0.000632
162  0.046227  -0.013288  0.002313
163  0.039617  -0.048662  0.003937
164  0.002734  -0.021549  0.000472
165  0.006455  -0.004139  0.000059
166  0.039797  -0.088804  0.009470
167  0.037527  0.020280  0.001820
168  -0.007421  0.008608  0.000129
169  -0.120367  0.069032  0.019254
170  0.011368  -0.015068  0.000356
171  -0.002690  0.067341  0.004542
172  0.026168  -0.048503  0.003037
173  0.032750  0.050865  0.003660
174  -0.037008  0.030560  0.002304
175  -0.106599  -0.021074  0.011808
176  0.022604  0.021387  0.000968
177  0.014107  0.004447  0.000219
178  -0.000525  0.009528  0.000091
179  0.031664  -0.028700  0.001826
180  0.033278  -0.004462  0.001127
181  -0.045768  -0.040250  0.003715
182  -0.025409  0.002910  0.000654
183  -0.074071  0.020974  0.005926
184  -0.004500  -0.031670  0.001023
185  0.007287  0.054020  0.002971
186  0.050110  -0.051916  0.005206
187  0.029638  0.025930  0.001551
188  -0.051352  -0.030326  0.003557
189  0.005337  -0.033033  0.001120
190  -0.036140  0.059243  0.004816
191  0.066882  -0.047062  0.006688
192  0.023244  -0.056587  0.003742
193  0.077065  0.012817  0.006103
194  -0.001851  -0.019593  0.000387
195  0.066982  -0.040387  0.006118
196  0.000911  -0.046846  0.002195
197  -0.059392  -0.007661  0.003586
198  -0.038995  -0.020441  0.001938
199  0.023276  -0.011706  0.000679
200  -0.006674  0.011557  0.000178
201  0.039351  -0.002563  0.001555
202  -0.000782  0.005319  0.000029
203  -0.019823  -0.037535  0.001802
204  -0.013233  0.036302  0.001493
205  -0.038779  -0.030559  0.002438
206  -0.019636  -0.008785  0.000463
207  -0.018026  -0.015955  0.000580
208  0.021432  0.000456  0.000460
209  0.083249  0.010812  0.007047
210  -0.007525  -0.004428  0.000076
211  -0.019489  0.021087  0.000824
212  0.001082  0.068936  0.004753
213  0.050864  -0.058039  0.005956
214  0.015030  -0.099575  0.010141
215  -0.021147  -0.027988  0.001231
216  0.004955  0.032058  0.001052
217  0.024244  0.022331  0.001086
218  -0.011737  -0.025660  0.000796
219  0.001591  -0.016213  0.000265
220  0.028945  0.090491  0.009026
221  -0.023251  0.055063  0.003573
222  0.068855  0.039514  0.006302
223  0.068939  0.001184  0.004754
224  0.016597  0.008707  0.000351
225  -0.007946  -0.004612  0.000084
226  -0.009947  -0.026873  0.000821
227  -0.024156  0.047200  0.002811
228  0.010619  -0.060511  0.003774
229  0.078663  -0.037244  0.007575
230  0.022844  0.030992  0.001482
231  -0.024596  -0.010605  0.000717
232  0.010518  -0.038232  0.001572
233  -0.020746  0.055672  0.003530
234  -0.052283  0.001045  0.002735
235  -0.004315  -0.006878  0.000066
236  -0.048685  -0.000005  0.002370
237  0.011435  0.039523  0.001693
238  -0.015360  0.016657  0.000513
239  0.022734  -0.032745  0.001589
240  -0.022679  -0.021910  0.000994
241  0.029619  0.012358  0.001030
242  -0.021044  -0.008938  0.000523
243  -0.002496  -0.059407  0.003535
244  -0.028305  -0.034559  0.001995
245  -0.006120  0.003465  0.000049
246  -0.008915  -0.003403  0.000091
247  -0.065308  -0.068552  0.008964
248  -0.021479  -0.008865  0.000540
249  0.071036  -0.000540  0.005046
250  0.062562  0.035976  0.005208
251  -0.030149  0.022553  0.001418
252  -0.027940  0.027071  0.001514
253  0.001664  -0.003078  0.000012
254  -0.046990  -0.117095  0.015919
255  -0.066928  -0.007381  0.004534
256  0.020537  -0.048155  0.002741
257  -0.022554  0.022580  0.001019
258  0.022007  0.034204  0.001654
259  0.055811  0.019777  0.003506
260  -0.070047  -0.091187  0.013222
261  0.028404  -0.005796  0.000840
262  0.043332  0.013996  0.002074
263  0.027033  -0.060408  0.004380
264  -0.027304  -0.015772  0.000994
265  0.004802  0.001515  0.000025
266  0.027418  0.001695  0.000755
267  0.009283  0.022927  0.000612
268  0.009184  0.045847  0.002186
269  0.007788  -0.012973  0.000229
270  -0.010033  0.078273  0.006227
271  -0.019608  0.015148  0.000614
272  -0.044100  -0.031945  0.002965
273  0.007240  0.019718  0.000441
274  -0.044371  -0.033885  0.003117
275  -0.052190  0.012648  0.002884
276  0.008889  -0.044064  0.002021
277  0.031210  0.028734  0.001800
278  0.024351  0.015426  0.000831
279  0.037883  -0.017811  0.001752
280  0.025972  0.000972  0.000675
281  0.044437  -0.038364  0.003446
282  0.044620  -0.038860  0.003501
283  0.036917  -0.031536  0.002357
284  -0.081907  -0.024575  0.007313
285  -0.000710  -0.038701  0.001498
286  0.010649  -0.001618  0.000116
287  0.004886  0.062415  0.003919
288  -0.010145  0.026634  0.000812
289  -0.015441  0.076404  0.006076
290  0.044812  -0.070202  0.006936
291  0.011386  -0.038169  0.001586
292  -0.002626  -0.005389  0.000036
293  0.010420  -0.015816  0.000359
294  0.032094  -0.017663  0.001342
295  -0.063197  0.029560  0.004868
296  -0.027133  0.045089  0.002769
297  0.039710  0.035716  0.002852
298  0.039444  -0.028882  0.002390
299  0.017696  -0.012428  0.000468
300  0.022580  0.007134  0.000561
301  -0.004231  -0.076362  0.005849
302  -0.036719  0.012257  0.001499
303  -0.003645  -0.012933  0.000181
304  -0.022966  -0.014475  0.000737
305  -0.022620  0.000602  0.000512
306  -0.042812  -0.048225  0.004159
307  0.008536  -0.088125  0.007839
308  0.000823  0.050659  0.002567
309  0.011497  0.015093  0.000360
310  -0.001976  -0.016652  0.000281
311  -0.014235  -0.053443  0.003059
312  0.016306  -0.011188  0.000391
313  0.006055  0.000630  0.000037
314  -0.043133  0.050431  0.004404
315  0.042542  0.059099  0.005302
316  0.001950  0.008352  0.000074
317  -0.041996  0.023665  0.002324
318  0.010351  0.069034  0.004873
319  -0.007822  -0.004941  0.000086
320  0.075654  -0.019350  0.006098
321  -0.037704  0.004847  0.001445
322  0.026936  0.010967  0.000846
323  -0.017248  -0.025115  0.000928
324  0.111797  -0.011597  0.012633
325  0.038697  0.080717  0.008013
326  0.051228  -0.068933  0.007376
327  0.023635  0.031258  0.001536
328  0.012151  -0.013343  0.000326
329  -0.011754  0.076949  0.006059
330  -0.071666  0.028922  0.005973
331  0.011459  -0.006527  0.000174
332  -0.030952  -0.056451  0.004145
333  0.003154  0.081218  0.006606
334  0.013582  -0.025528  0.000836
335  0.026077  -0.014835  0.000900
336  0.033256  -0.048084  0.003418
337  0.090322  -0.015716  0.008405
338  -0.029924  -0.025659  0.001554
339  0.025865  0.049876  0.003157
340  -0.034225  -0.000461  0.001172
341  -0.049325  -0.023716  0.002995
342  -0.013803  0.015428  0.000429
343  -0.036780  0.010388  0.001461
344  0.009653  0.001632  0.000096
345  0.027513  0.067277  0.005283
346  -0.016361  0.013249  0.000443
347  0.027643  0.051058  0.003371
348  -0.021739  0.073495  0.005874
349  0.036223  0.060641  0.004989
350  -0.006638  -0.033387  0.001159
351  -0.026028  -0.001439  0.000680
352  0.063208  0.008062  0.004060
353  0.017732  0.010526  0.000425
354  0.005546  -0.009376  0.000119
355  0.012131  -0.017828  0.000465
356  -0.015872  -0.019937  0.000649
357  0.002055  -0.012832  0.000169
358  -0.019763  0.002694  0.000398
359  0.063362  -0.048224  0.006340
360  0.008296  0.007382  0.000123
361  0.018172  -0.025497  0.000980
362  -0.027889  0.026113  0.001460
363  0.045034  -0.001454  0.002030
364  0.073237  -0.029973  0.006262
365  0.054929  -0.002503  0.003024
366  0.016265  0.016415  0.000534
367  -0.015655  0.003261  0.000256
368  -0.007813  -0.012356  0.000214
369  -0.036964  0.043008  0.003216
370  -0.056278  0.031422  0.004155
371  0.025903  0.008436  0.000742
372  0.044877  0.017445  0.002318
373  -0.051224  0.033452  0.003743
374  -0.034914  0.049607  0.003680
375  -0.057374  -0.007991  0.003356
376  0.025257  0.019143  0.001004
377  -0.036473  0.001996  0.001334
378  -0.018055  0.017238  0.000623
379  0.007222  -0.029891  0.000946
380  -0.015097  0.032734  0.001299
381  -0.004492  0.023019  0.000550
382  0.030191  -0.008644  0.000986
383  -0.036880  -0.030075  0.002265
384  0.050756  0.024541  0.003178
385  -0.020257  -0.066232  0.004797
386  -0.057950  -0.020555  0.003781
387  -0.008591  0.008438  0.000145
388  -0.038728  0.019732  0.001889
389  0.001224  -0.036269  0.001317
390  0.038164  0.023159  0.001993
391  0.014468  0.062060  0.004061
392  0.020354  -0.013390  0.000594
393  0.073987  -0.027548  0.006233
394  0.012792  0.032039  0.001190
395  0.057992  -0.057397  0.006658
396  0.027174  -0.006411  0.000780
397  0.010484  0.055081  0.003144
398  -0.036242  0.050750  0.003889
399  -0.039396  -0.010422  0.001661
400  0.061536  0.060884  0.007494
401  0.037491  0.024935  0.002027
402  0.021651  -0.007677  0.000528
403  -0.038245  0.002598  0.001469
404  0.030782  0.029250  0.001803
405  -0.063932  0.020253  0.004497
406  0.034798  0.010509  0.001321
407  -0.062649  0.013848  0.004117
408  0.006989  -0.007951  0.000112
409  0.016774  0.020916  0.000719
410  -0.028240  0.028891  0.001632
411  -0.042536  -0.042294  0.003598
412  -0.001628  -0.029945  0.000899
413  -0.035531  -0.026142  0.001946
414  0.052134  -0.019973  0.003117
415  0.004962  -0.020387  0.000440
416  -0.014147  -0.018640  0.000548
417  0.008527  -0.003339  0.000084
418  -0.007482  -0.017001  0.000345
419  0.019270  0.013129  0.000544
420  -0.027853  0.025818  0.001442
421  -0.016650  0.050215  0.002799
422  0.008948  -0.020674  0.000507
423  0.024484  0.015026  0.000825
424  -0.057040  -0.011194  0.003379
425  0.020594  -0.030230  0.001338
426  0.011857  0.046594  0.002312
427  0.000590  -0.067515  0.004559
428  -0.067472  0.008863  0.004631
429  -0.031528  -0.027936  0.001774
430  -0.048052  -0.019934  0.002706
431  0.030360  -0.042259  0.002708
432  -0.026368  -0.009328  0.000782
433  -0.037259  0.112215  0.013980
434  0.000736  0.008282  0.000069
435  0.028271  0.019712  0.001188
436  0.052341  -0.001137  0.002741
437  -0.021241  0.020827  0.000885
438  0.085782  -0.005356  0.007387
439  -0.037685  0.038226  0.002881
440  0.031623  -0.010734  0.001115
441  0.041045  0.016928  0.001971
442  -0.036163  -0.016996  0.001597
443  -0.006295  0.003191  0.000050
444  -0.015528  0.043823  0.002162
445  0.006226  -0.061340  0.003801
446  0.010578  -0.065435  0.004394
447  0.039654  0.013038  0.001742
448  -0.031559  -0.023587  0.001552
449  -0.020289  -0.053616  0.003286
450  0.031563  -0.058445  0.004412
451  0.005365  0.006388  0.000070
452  0.023212  0.026191  0.001225
453  0.014059  0.011752  0.000336
454  0.022696  0.019937  0.000913
455  -0.006557  0.002082  0.000047
456  0.042415  0.012224  0.001948
457  -0.043430  0.002467  0.001892
458  -0.048944  -0.061848  0.006221
459  -0.047739  0.005455  0.002309
460  -0.076405  0.003690  0.005851
461  -0.012642  -0.007243  0.000212
462  0.061486  -0.021813  0.004256
463  -0.031638  0.016507  0.001273
464  -0.030096  -0.014761  0.001124
465  0.009535  0.018704  0.000441
466  -0.009235  -0.056388  0.003265
467  0.010316  0.017076  0.000398
468  -0.014734  0.000299  0.000217
469  -0.015590  0.037486  0.001648
470  0.011840  -0.045100  0.002174
471  -0.007519  0.004325  0.000075
472  0.021353  0.048977  0.002855
473  -0.028446  0.026349  0.001503
474  -0.009779  0.008431  0.000167
475  0.034609  0.040397  0.002830
476  0.048436  0.038680  0.003842
477  0.033763  0.022260  0.001635
478  0.023956  -0.017031  0.000864
479  0.008048  0.029702  0.000947
480  0.007273  0.054105  0.002980
481  0.012928  -0.058015  0.003533
482  -0.005565  0.023958  0.000605
483  0.014214  -0.039931  0.001797
484  -0.023307  0.041524  0.002267
485  -0.002489  0.021666  0.000476
486  0.034096  0.017065  0.001454
487  0.000944  -0.011112  0.000124
488  -0.030700  -0.023145  0.001478
489  0.001333  -0.069004  0.004763
490  0.041374  -0.043922  0.003641
491  -0.013632  -0.016119  0.000446
492  -0.028758  0.002843  0.000835
493  -0.003210  -0.054463  0.002977
494  -0.000634  0.072042  0.005190
495  0.006011  -0.048196  0.002359
496  -0.029564  0.035110  0.002107
497  -0.034372  0.023964  0.001756
498  -0.003950  0.034538  0.001208
499  0.017287  -0.026719  0.001013
500  -0.055124  -0.005005  0.003064
501  -0.040547  0.035947  0.002936
502  -0.019506  0.037385  0.001778
503  0.015001  -0.044003  0.002161
504  0.046790  0.017112  0.002482
505  -0.019780  -0.044109  0.002337
506  0.001648  -0.011273  0.000130
507  0.106157  -0.052738  0.014051
508  -0.040659  0.039671  0.003227
509  0.046030  -0.036894  0.003480
510  0.003490  0.075186  0.005665
511  0.017176  -0.018136  0.000624
512  0.044688  0.027260  0.002740
513  0.033109  -0.023915  0.001668
514  -0.023766  -0.036968  0.001931
515  0.052192  0.057771  0.006062
516  -0.037978  0.027421  0.002194
517  0.039682  0.004049  0.001591
518  0.004118  -0.021664  0.000486
519  -0.018550  -0.003974  0.000360
520  -0.061609  0.021652  0.004265
521  0.035780  -0.020481  0.001700
522  -0.057516  -0.023842  0.003877
523  0.063543  -0.017878  0.004357
524  0.032153  -0.015599  0.001277
525  0.018276  0.031518  0.001327
526  0.047421  -0.002760  0.002256
527  0.013363  0.023153  0.000715
528  0.008438  0.040416  0.001705
529  0.048895  0.047635  0.004660
530  -0.048703  0.011191  0.002497
531  -0.034360  0.078396  0.007327
532  0.015500  0.040026  0.001842
533  -0.033408  0.003965  0.001132
534  0.032523  0.059770  0.004630
535  0.014602  -0.002532  0.000220
536  0.068033  0.014711  0.004845
537  0.068196  -0.019307  0.005023
538  0.013945  -0.079277  0.006479
539  0.014452  0.016827  0.000492
540  -0.015815  0.072821  0.005553
541  0.008060  0.002653  0.000072
542  0.030699  -0.047139  0.003165
543  0.054986  -0.043764  0.004939
544  -0.004715  0.014574  0.000235
545  -0.006120  0.006774  0.000083
546  0.007778  0.013800  0.000251
547  0.021161  0.018668  0.000796
548  -0.015808  -0.020996  0.000691
549  -0.024226  -0.011889  0.000728
550  0.025581  0.023460  0.001205
551  0.044255  0.009282  0.002045
552  -0.032514  -0.007789  0.001118
553  -0.037537  -0.003578  0.001422
554  0.022151  0.023150  0.001027
555  0.043433  -0.041433  0.003603
556  -0.030669  0.057074  0.004198
557  -0.015007  -0.019737  0.000615
558  0.064980  -0.048698  0.006594
559  0.019886  -0.038465  0.001875
560  0.032773  0.064527  0.005238
561  -0.036893  -0.012151  0.001509
562  -0.023030  0.009431  0.000619
563  -0.058612  0.026226  0.004123
564  -0.063003  0.034585  0.005166
565  -0.034063  0.014653  0.001375
566  0.003992  -0.000287  0.000016
567  0.060223  0.029865  0.004519
568  -0.022547  0.002198  0.000513
569  0.031098  0.054688  0.003958
570  -0.007136  0.003129  0.000061
571  0.034378  -0.023009  0.001711
572  -0.009639  -0.043591  0.001993
573  -0.006187  0.046443  0.002195
574  0.015657  -0.050695  0.002815
575  0.021321  -0.028266  0.001254
576  0.009334  -0.004316  0.000106
577  -0.013561  -0.020770  0.000615
578  -0.018294  0.010107  0.000437
579  -0.008544  -0.002626  0.000080
580  0.010555  0.065815  0.004443
581  0.004649  -0.035072  0.001252
582  0.040787  -0.038365  0.003135
583  -0.000230  -0.001702  0.000003
584  -0.030934  0.015568  0.001199
585  0.006861  0.040201  0.001663
586  0.010490  -0.023775  0.000675
587  0.064336  0.007620  0.004197
588  0.019089  -0.008859  0.000443
589  -0.025432  0.019287  0.001019
590  0.016829  0.044891  0.002298
591  -0.041952  0.000426  0.001760
592  0.026347  0.016713  0.000974
593  0.077406  -0.007667  0.006051
594  -0.015671  -0.042244  0.002030
595  -0.028627  -0.030936  0.001777
596  -0.072865  -0.031901  0.006327
597  0.030147  0.006938  0.000957
598  -0.004214  -0.021956  0.000500
599  -0.046290  -0.029571  0.003017
600  0.002872  -0.003945  0.000024
601  0.033505  -0.011764  0.001261
602  0.027232  0.001123  0.000743
603  0.011785  -0.003915  0.000154
604  -0.046159  -0.051241  0.004756
605  -0.041709  -0.018529  0.002083
606  0.050232  -0.052385  0.005267
607  -0.005830  -0.006412  0.000075
608  0.005874  -0.013139  0.000207
609  -0.000064  -0.043814  0.001920
610  0.004841  0.046254  0.002163
611  -0.040509  0.043972  0.003575
612  -0.030135  -0.030125  0.001816
613  -0.011724  -0.064053  0.004240
614  0.012326  -0.013561  0.000336
615  -0.024868  -0.014290  0.000823
616  0.014495  -0.011049  0.000332
617  -0.004111  0.048710  0.002390
618  0.069867  0.011754  0.005020
619  -0.044861  -0.049468  0.004460
620  0.086970  0.036804  0.008918
621  -0.046863  -0.004460  0.002216
622  0.010086  -0.022678  0.000616
623  -0.001800  -0.001674  0.000006
624  0.066456  -0.028629  0.005236
625  -0.036533  0.002736  0.001342
626  -0.006315  0.008048  0.000105
627  0.050235  0.013414  0.002703
628  0.014788  -0.027501  0.000975
629  -0.028493  0.026569  0.001518
630  -0.034095  0.032453  0.002216
631  0.063252  0.021629  0.004469
632  0.010407  0.006269  0.000148
633  -0.000680  0.011132  0.000124
634  -0.065697  0.017005  0.004605
635  0.018660  0.022232  0.000842
636  0.003263  0.053636  0.002888
637  0.006752  -0.005809  0.000079
638  0.066681  -0.001175  0.004448
639  -0.002627  -0.039696  0.001583
640  0.049568  -0.006292  0.002497
641  0.049850  0.080547  0.008973
642  0.001220  0.016715  0.000281
643  0.023524  -0.011782  0.000692
644  0.008859  -0.016140  0.000339
645  -0.009448  -0.013280  0.000266
646  0.014780  0.017799  0.000535
647  -0.019933  0.010535  0.000508
648  -0.062880  0.060160  0.007573
649  0.007830  0.009981  0.000161
650  -0.050976  -0.038737  0.004099
651  -0.031966  -0.031434  0.002010
652  -0.041839  -0.042365  0.003545
653  0.026520  0.019306  0.001076
654  -0.033625  0.026418  0.001829
655  0.045402  -0.001123  0.002063
656  -0.071929  -0.020012  0.005574
657  -0.020748  -0.056765  0.003653
658  -0.001938  0.027233  0.000745
659  0.061899  0.011848  0.003972
660  -0.005961  -0.008599  0.000109
661  -0.059749  -0.081367  0.010191
662  0.063300  0.010765  0.004123
663  -0.008817  -0.007273  0.000131
664  0.008044  -0.047557  0.002326
665  0.058650  0.056476  0.006629
666  -0.035080  -0.043585  0.003130
667  -0.005673  0.010047  0.000133
668  0.020143  -0.040369  0.002035
669  0.006920  -0.045020  0.002075
670  0.031231  -0.034255  0.002149
671  -0.028488  -0.049889  0.003300
672  -0.031965  -0.062953  0.004985
673  0.047207  0.037078  0.003603
674  -0.049696  -0.035408  0.003723
675  -0.044047  -0.029573  0.002815
676  0.014462  0.000468  0.000209
677  0.040484  0.009979  0.001739
678  0.058763  -0.010444  0.003562
679  0.000084  -0.025375  0.000644
680  -0.024578  -0.042735  0.002430
681  -0.005206  -0.035361  0.001277
682  -0.057016  0.030907  0.004206
683  0.019644  -0.042466  0.002189
684  -0.025010  0.013823  0.000817
685  -0.019994  -0.003009  0.000409
686  0.026330  0.007931  0.000756
687  -0.001851  0.025402  0.000649
688  0.031728  0.045799  0.003104
689  0.028944  0.014761  0.001056
690  -0.022540  -0.021105  0.000953
691  0.024187  0.005927  0.000620
692  -0.047536  0.035346  0.003509
693  0.025943  -0.029924  0.001568
694  0.027526  -0.011167  0.000882
695  0.047290  -0.044513  0.004218
696  0.000374  0.031792  0.001011
697  0.016784  0.024712  0.000892
698  -0.009250  -0.016384  0.000354
699  0.003390  0.014831  0.000231
700  -0.008820  0.004470  0.000098
701  0.029482  0.017919  0.001190
702  -0.000822  0.008625  0.000075
703  -0.008949  0.017633  0.000391
704  0.003084  0.009547  0.000101
705  -0.044553  0.088891  0.009887
706  0.044731  0.062742  0.005937
707  0.000738  -0.034394  0.001183
708  0.003153  0.028380  0.000815
709  -0.071970  -0.031794  0.006191
710  0.003208  0.031181  0.000983
711  0.045239  0.001188  0.002048
712  -0.031210  0.026694  0.001687
713  0.033258  0.029906  0.002001
714  0.001266  0.061850  0.003827
715  -0.011176  -0.027000  0.000854
716  0.028403  0.042440  0.002608
717  0.014675  -0.024850  0.000833
718  0.071704  0.026672  0.005853
719  0.023796  0.000088  0.000566
720  0.055898  -0.001169  0.003126
721  -0.030621  -0.011012  0.001059
722  0.008228  0.004269  0.000086
723  -0.035007  0.015872  0.001477
724  -0.040198  0.017041  0.001906
725  0.001146  -0.000401  0.000001
726  0.048614  0.025656  0.003022
727  0.091346  -0.022325  0.008843
728  0.040240  -0.012082  0.001765
729  -0.007827  -0.042231  0.001845
730  -0.051000  -0.038925  0.004116
731  0.009259  -0.022285  0.000582
732  0.052067  0.032861  0.003791
733  0.039780  0.004427  0.001602
734  -0.005202  -0.090692  0.008252
735  -0.035138  0.005203  0.001262
736  -0.058477  -0.004794  0.003443
737  -0.005104  -0.007990  0.000090
738  0.020275  -0.075414  0.006098
739  -0.027019  -0.017997  0.001054
740  -0.002229  0.046195  0.002139
741  0.046268  0.020066  0.002543
742  0.023673  -0.056480  0.003750
743  -0.003211  0.003093  0.000020
744  0.051851  0.050123  0.005201
745  0.012953  -0.034237  0.001340
746  -0.011618  -0.034888  0.001352
747  -0.012807  0.005004  0.000189
748  -0.033196  0.055479  0.004180
749  0.004084  -0.015254  0.000249
750  0.001703  0.055247  0.003055
751  0.026103  -0.020938  0.001120
752  -0.026398  0.039338  0.002244
753  0.003787  0.004288  0.000033
754  -0.046192  0.018367  0.002471
755  0.023070  0.025563  0.001186
756  -0.006798  0.015842  0.000297
757  -0.000856  -0.034657  0.001202
758  0.041571  -0.018000  0.002052
759  0.015167  -0.041784  0.001976
760  -0.006604  -0.024139  0.000626
761  -0.072517  0.055385  0.008326
762  -0.066280  -0.017652  0.004705
763  -0.011392  0.048603  0.002492
764  -0.011765  -0.057755  0.003474
765  -0.041226  0.022795  0.002219
766  0.073475  0.027941  0.006179
767  0.022584  -0.011440  0.000641
768  0.039413  0.019995  0.001953
769  -0.002382  -0.008973  0.000086
770  -0.024487  -0.032264  0.001641
771  0.027823  0.031163  0.001745
772  0.003402  0.014276  0.000215
773  0.046863  -0.025847  0.002864
774  -0.000440  0.020457  0.000419
775  -0.037134  -0.019930  0.001776
776  0.064062  0.049273  0.006532
777  -0.007786  -0.017175  0.000356
778  -0.031178  -0.029155  0.001822
779  -0.032207  0.005032  0.001063
780  -0.001107  -0.014883  0.000223
781  0.028137  0.035410  0.002046
782  0.005565  -0.046778  0.002219
783  0.000118  -0.016327  0.000267
784  0.012158  0.028989  0.000988
785  0.032674  -0.068505  0.005761
786  0.036506  0.011029  0.001454
787  -0.029609  0.046511  0.003040
788  0.011102  0.036222  0.001435
789  0.024872  0.038799  0.002124
790  -0.033953  -0.040124  0.002763
791  -0.064282  0.027858  0.004908
792  -0.058531  -0.005054  0.003451
793  -0.055746  -0.018852  0.003463
794  -0.048379  -0.028416  0.003148
795  -0.022440  0.021448  0.000964
796  0.022616  -0.010273  0.000617
797  -0.025228  -0.036191  0.001946
798  -0.002617  -0.051391  0.002648
799  0.017834  0.026864  0.001040
800  0.033390  0.066577  0.005547
801  0.049565  0.064997  0.006681
802  -0.041627  0.022806  0.002253
803  -0.040394  -0.040584  0.003279
804  0.054406  0.014020  0.003157
805  -0.006450  -0.007700  0.000101
806  -0.007552  0.000195  0.000057
807  0.022515  0.056297  0.003676
808  0.036680  -0.004639  0.001367
809  0.037753  0.038799  0.002931
810  -0.024429  0.056572  0.003797
811  -0.115166  0.013060  0.013434
812  0.001805  -0.010712  0.000118
813  0.030258  -0.040629  0.002566
814  0.040553  -0.001785  0.001648
815  -0.010453  -0.072783  0.005407
816  -0.025183  0.032648  0.001700
817  0.054961  0.065085  0.007257
818  -0.047781  0.047761  0.004564
819  0.047402  0.057850  0.005594
820  0.021294  0.003232  0.000464
821  0.061332  -0.097567  0.013281
822  -0.016974  -0.017415  0.000591
823  0.028382  0.040097  0.002413
824  -0.047919  -0.030332  0.003216
825  0.006405  0.024718  0.000652
826  0.013702  -0.070719  0.005189
827  0.040889  -0.013287  0.001848
828  0.029669  0.007322  0.000934
829  -0.053154  -0.033375  0.003939
830  0.011960  0.001754  0.000146
831  -0.009296  0.007907  0.000149
832  -0.058045  -0.025018  0.003995
833  0.012854  -0.074595  0.005730
834  -0.003083  0.009478  0.000099
835  -0.010271  -0.011057  0.000228
836  -0.003022  0.061337  0.003771
837  0.035642  0.035523  0.002532
838  -0.090288  -0.055636  0.011247
839  -0.000472  0.058389  0.003410
840  -0.011402  -0.000557  0.000130
841  0.003360  -0.022636  0.000524
842  -0.069138  0.044670  0.006776
843  0.027422  -0.028048  0.001539
844  -0.025324  0.020064  0.001044
845  0.030404  -0.016937  0.001211
846  -0.029191  0.014504  0.001063
847  -0.006038  -0.069256  0.004833
848  0.006216  -0.013203  0.000213
849  0.032208  -0.058336  0.004440
850  0.009756  -0.039579  0.001662
851  0.002046  0.036146  0.001311
852  0.013180  -0.016678  0.000452
853  0.009227  -0.025038  0.000712
854  -0.027014  -0.015584  0.000973
855  -0.037075  -0.016746  0.001655
856  -0.002307  -0.008292  0.000074
857  0.020123  -0.009231  0.000490
858  -0.052745  -0.055411  0.005852
859  -0.036346  0.036661  0.002665
860  -0.054002  -0.028326  0.003719
861  0.041473  0.019776  0.002111
862  -0.004417  -0.045788  0.002116
863  -0.021446  -0.074587  0.006023
864  0.036875  0.093412  0.010086
865  -0.053086  -0.057898  0.006170
866  -0.028019  -0.075411  0.006472
867  0.061279  -0.002019  0.003759
868  0.029375  0.022522  0.001370
869  -0.045794  0.012160  0.002245
870  -0.052789  -0.065087  0.007023
871  -0.032448  -0.010598  0.001165
872  0.071054  0.044871  0.007062
873  -0.039989  0.036256  0.002914
874  0.019986  -0.010576  0.000511
875  -0.003820  -0.010191  0.000118
876  0.016981  0.002768  0.000296
877  -0.005715  -0.013237  0.000208
878  -0.010303  0.021529  0.000570
879  0.140577  -0.032416  0.020813
880  0.035283  0.041429  0.002961
881  -0.024342  0.009548  0.000684
882  0.005879  0.023823  0.000602
883  -0.026748  -0.056946  0.003958
884  -0.024318  0.070993  0.005631
885  0.020839  0.014356  0.000640
886  -0.052720  0.018949  0.003138
887  -0.033906  -0.046743  0.003335
888  -0.017744  0.019326  0.000688
889  0.010690  -0.035017  0.001340
890  0.005579  0.020135  0.000437
891  0.052664  0.020384  0.003189
892  0.023716  0.041249  0.002264
893  0.065664  -0.005464  0.004342
894  0.022918  -0.049528  0.002978
895  -0.033434  -0.043156  0.002980
896  -0.068510  -0.019150  0.005060
897  -0.009229  0.000994  0.000086
898  0.015564  -0.000359  0.000242
899  -0.033018  0.001311  0.001092
900  -0.015457  0.052928  0.003040
901  -0.049719  0.014168  0.002673
902  -0.031441  -0.004461  0.001008
903  0.043772  0.005478  0.001946
904  0.005154  0.020073  0.000429
905  -0.036587  -0.028735  0.002164
906  0.035733  -0.062260  0.005153
907  0.015679  -0.026307  0.000938
908  -0.040781  -0.010467  0.001773
909  0.034436  0.094293  0.010077
910  0.025874  -0.040061  0.002274
911  0.043315  0.077878  0.007941
912  0.003072  -0.036976  0.001377
913  -0.061585  -0.030114  0.004700
914  -0.050379  -0.034797  0.003749
915  0.026072  -0.050302  0.003210
916  -0.061142  -0.032562  0.004799
917  0.044339  0.045864  0.004069
918  0.004124  0.032886  0.001098
919  -0.006371  0.032813  0.001117
920  -0.048570  0.085954  0.009747
921  0.021959  0.032819  0.001559
922  0.032570  -0.057633  0.004382
923  0.021010  -0.034465  0.001629
924  -0.039205  -0.031525  0.002531
925  0.023927  0.066595  0.005007
926  -0.042531  0.069256  0.006605
927  -0.054947  -0.013174  0.003193
928  -0.043854  0.109064  0.013818
929  0.001115  0.020174  0.000408
930  0.017196  0.035684  0.001569
931  0.015677  -0.048597  0.002607
932  -0.063632  0.021821  0.004525
933  0.042723  0.034430  0.003011
934  -0.051551  -0.030462  0.003585
935  -0.004264  0.006258  0.000057
936  0.000460  -0.025214  0.000636
937  -0.073230  -0.039460  0.006920
938  0.013802  -0.022775  0.000709
939  -0.007666  -0.071117  0.005116
940  0.017519  -0.051278  0.002936
941  0.014343  -0.000925  0.000207
942  -0.020654  0.021278  0.000879
943  -0.026423  -0.011026  0.000820
944  -0.057866  0.075297  0.009018
945  0.030841  -0.061395  0.004721
946  -0.019090  -0.012296  0.000516
947  0.077361  0.029833  0.006875
948  -0.001427  0.000577  0.000002
949  0.040610  0.037076  0.003024
950  -0.010244  0.011058  0.000227
951  -0.013518  -0.022926  0.000708
952  -0.003374  -0.016301  0.000277
953  0.125227  -0.017791  0.015998
954  -0.001511  -0.057529  0.003312
955  -0.011983  -0.014599  0.000357
956  -0.040608  -0.030826  0.002599
957  0.012222  0.036780  0.001502
958  -0.013368  -0.088782  0.008061
959  -0.068678  0.028423  0.005525
960  -0.054490  -0.002226  0.002974
961  -0.007747  0.033938  0.001212
962  0.007027  -0.029094  0.000896
963  -0.016387  0.072873  0.005579
964  -0.040105  0.002516  0.001615
965  -0.046535  -0.070472  0.007132
966  0.048965  -0.028943  0.003235
967  -0.001933  -0.028041  0.000790
968  0.067102  0.000757  0.004503
969  -0.042773  0.021445  0.002289
970  -0.003533  0.000053  0.000012
971  -0.065289  0.024861  0.004881
972  -0.009318  -0.053709  0.002971
973  0.089959  -0.033737  0.009231
974  0.009064  -0.029592  0.000958
975  -0.008534  -0.046646  0.002249
976  -0.020001  0.042834  0.002235
977  0.012117  0.036034  0.001445
978  -0.022144  0.030181  0.001401
979  -0.015863  0.030820  0.001202
980  -0.010511  -0.017734  0.000425
981  -0.010088  0.033768  0.001242
982  0.106935  0.021542  0.011899
983  0.066293  0.033087  0.005490
984  -0.007330  0.017186  0.000349
985  0.016899  -0.023630  0.000844
986  -0.092760  0.018541  0.008948
987  0.039597  -0.016738  0.001848
988  0.067170  0.004775  0.004535
989  -0.015049  0.035878  0.001514
990  0.018913  -0.074545  0.005915
991  0.036205  -0.126938  0.017424
992  -0.034200  -0.008320  0.001239
993  -0.021702  -0.035241  0.001713
994  0.029249  -0.119687  0.015180
995  0.016975  0.065858  0.004625
996  -0.048208  0.037419  0.003724
997  -0.018670  0.019838  0.000742
998  0.058276  0.016170  0.003658
999  -0.004726  0.025230  0.000659
1000  0.067116  -0.039218  0.006043
1001  -0.068181  0.021873  0.005127
1002  0.095339  0.064038  0.013190
1003  0.078988  0.025643  0.006897
1004  -0.007584  -0.004937  0.000082
1005  0.049709  0.076436  0.008313
1006  0.012764  -0.019263  0.000534
1007  -0.025458  0.030004  0.001548
1008  0.074929  0.062311  0.009497
1009  -0.009221  -0.032116  0.001116
1010  0.060803  -0.002011  0.003701
1011  -0.097953  -0.034659  0.010796
1012  -0.007790  0.006012  0.000097
1013  0.002746  -0.026908  0.000732
1014  -0.067835  0.043156  0.006464
1015  -0.008306  -0.046692  0.002249
1016  0.054461  -0.018009  0.003290
1017  0.056854  0.003827  0.003247
1018  0.001298  0.082129  0.006747
1019  -0.076538  0.036247  0.007172
1020  -0.064255  -0.070783  0.009139
1021  0.012336  0.033991  0.001308
1022  -0.025089  0.074768  0.006220
1023  0.007160  0.050936  0.002646
1024  -0.052183  -0.023489  0.003275
1025  -0.053668  -0.091316  0.011219
1026  0.062483  0.053338  0.006749
1027  -0.025341  -0.103438  0.011342
1028  -0.035693  -0.045601  0.003353
1029  0.016130  -0.082137  0.007007
1030  0.013226  -0.022123  0.000664
1031  -0.015770  0.015778  0.000498
1032  -0.075160  0.006067  0.005686
1033  0.025571  0.082629  0.007481
1034  -0.022135  -0.013591  0.000675
1035  0.000186  -0.032479  0.001055
1036  -0.013173  0.082875  0.007042
1037  -0.013038  0.142450  0.020462
1038  0.033422  -0.027273  0.001861
1039  0.006412  0.024360  0.000635
1040  0.136552  -0.039889  0.020238
1041  -0.052400  -0.003352  0.002757
1042  0.074249  0.008365  0.005583
1043  0.033711  -0.037112  0.002514
1044  -0.036589  -0.044867  0.003352
1045  -0.009750  0.039012  0.001617
1046  -0.085360  -0.029724  0.008170
1047  -0.001612  0.072802  0.005303
1048  0.040010  0.004510  0.001621
1049  0.065639  0.067325  0.008841
1050  -0.033520  -0.012760  0.001286
1051  0.027129  0.000428  0.000736
1052  -0.022496  0.084007  0.007563
1053  -0.079608  0.111464  0.018762
1054  0.036446  0.044231  0.003285
1055  0.045584  0.052160  0.004799
1056  0.008174  -0.035058  0.001296
1057  0.040625  0.000466  0.001651
1058  -0.054138  0.071897  0.008100
1059  -0.047087  0.111775  0.014711
1060  -0.029519  0.015319  0.001106
1061  0.071443  -0.030871  0.006057
1062  0.041781  0.075463  0.007440
1063  -0.037696  -0.063061  0.005398
1064  -0.031692  0.002691  0.001012
1065  -0.050682  -0.057342  0.005857
1066  0.031012  0.051790  0.003644
1067  -0.044940  0.132544  0.019588
1068  -0.050198  -0.071554  0.007640
1069  -0.098183  0.121864  0.024491
1070  -0.110135  -0.037590  0.013543
1071  -0.128279  -0.124325  0.031912
1072  0.060157  0.150606  0.026301
1073  0.007128  0.051004  0.002652
1074  0.008975  -0.033771  0.001221
1075  -0.042133  0.029690  0.002657
1076  0.023694  0.100948  0.010752
1077  0.070573  -0.019654  0.005367
1078  0.065625  -0.025403  0.004952
1079  0.082425  -0.061524  0.010579
1080  0.035727  0.095213  0.010342
1081  -0.011646  0.027188  0.000875
1082  0.021129  0.014406  0.000654
1083  0.019016  -0.036971  0.001728
1084  0.117717  -0.005532  0.013888
1085  -0.052636  -0.061582  0.006563
1086  0.003480  0.047316  0.002251
1087  -0.073392  -0.032798  0.006462
1088  0.107359  -0.028748  0.012352
1089  -0.042739  -0.033788  0.002968
1090  -0.002130  0.045241  0.002051
1091  0.048804  -0.073292  0.007754
1092  0.021639  0.012868  0.000634
1093  -0.028963  -0.135468  0.019190
1094  0.012238  -0.141909  0.020288
1095  0.035884  0.020811  0.001721
1096  0.134768  -0.068257  0.022821
1097  0.090704  0.003396  0.008239
1098  0.042701  -0.079699  0.008175
1099  -0.075794  -0.031653  0.006747
1100  0.064286  0.004058  0.004149
1101  0.088086  0.201337  0.048296
1102  0.009510  0.147208  0.021761
1103  0.111554  0.099081  0.022261
1104  0.049671  0.101755  0.012821
1105  -0.005000  -0.067870  0.004631
1106  0.001745  -0.010037  0.000104
1107  -0.023238  -0.025775  0.001204
1108  0.051080  0.105590  0.013758
1109  0.031414  0.002567  0.000993
1110  -0.006453  -0.043379  0.001923
1111  -0.118235  0.077965  0.020058
1112  -0.126616  0.135005  0.034258
1113  -0.003478  0.063153  0.004000
1114  0.060427  -0.125105  0.019303
1115  0.021330  -0.012043  0.000600
1116  0.095924  -0.009975  0.009301
1117  0.093072  0.080980  0.015220
1118  0.000538  -0.026888  0.000723
1119  0.041263  0.015126  0.001931
1120  0.023705  -0.027106  0.001297
1121  0.087436  0.081191  0.014237
1122  -0.070256  0.055177  0.007980
1123  0.023787  -0.044989  0.002590
1124  -0.001110  0.044384  0.001971
1125  -0.021853  0.090245  0.008622
1126  -0.099238  -0.104397  0.020747
1127  0.008595  -0.048324  0.002409
1128  0.115097  0.057355  0.016537
1129  0.150136  -0.016156  0.022802
1130  -0.089133  0.058009  0.011310
1131  -0.192967  -0.042578  0.039049
1132  0.072389  0.072738  0.010531
1133  0.048174  0.014544  0.002532
1134  -0.090220  -0.069884  0.013023
1135  0.167277  0.140195  0.047636
1136  0.027011  -0.016463  0.001001
1137  -0.017382  0.031200  0.001276
1138  -0.039890  -0.046312  0.003736
1139  -0.044970  0.095137  0.011073
1140  -0.052799  0.127070  0.018935
1141  -0.050339  -0.037014  0.003904
1142  0.108702  -0.091972  0.020275
1143  -0.029001  0.070668  0.005835
1144  -0.150254  0.015688  0.022822
1145  0.195587  0.018348  0.038591
1146  -0.093736  0.050026  0.011289
1147  0.125794  -0.037403  0.017223
1148  0.010284  -0.096362  0.009391
1149  -0.063805  0.059605  0.007624
1150  -0.105770  0.067640  0.015762
1151  0.011024  0.047241  0.002353
1152  0.067698  0.077230  0.010548
1153  -0.051368  -0.018237  0.002971
1154  -0.066444  -0.200851  0.044756
1155  0.051036  -0.093251  0.011300
1156  0.091391  0.090661  0.016572
1157  0.151462  0.051492  0.025592
1158  -0.007314  0.002996  0.000062
1159  0.050866  -0.046277  0.004729
1160  0.041088  0.108418  0.013443
1161  0.005386  0.072128  0.005231
1162  0.005035  -0.101907  0.010410
1163  -0.081338  0.127378  0.022841
1164  -0.004328  -0.049507  0.002470
1165  0.015797  0.098326  0.009918
1166  -0.030763  0.158824  0.026171
1167  -0.126043  -0.122677  0.030936
1168  0.021855  -0.100870  0.010652
1169  -0.096408  0.161300  0.035312
1170  0.041270  -0.140905  0.021557
1171  0.096997  -0.074340  0.014935
1172  0.049614  0.060973  0.006179
1173  -0.032798  0.058096  0.004451
1174  -0.062151  0.020259  0.004273
1175  -0.061801  -0.086017  0.011218
1176  -0.062441  -0.104964  0.014916
1177  0.197937  0.052445  0.041930
1178  0.008915  0.026430  0.000778
1179  0.142493  0.130823  0.037419
1180  0.187473  -0.059405  0.038675
1181  0.172523  0.005221  0.029791
1182  -0.242769  0.204394  0.100714
1183  -0.052525  -0.043762  0.004674
1184  0.093599  -0.010732  0.008876
1185  0.131700  -0.083821  0.024371
1186  -0.127747  -0.045471  0.018387
1187  0.107620  0.074994  0.017206
1188  0.151540  -0.002392  0.022970
1189  -0.083093  -0.001145  0.006906
1190  0.026141  -0.043693  0.002592
1191  0.003771  -0.177642  0.031571
1192  -0.169153  -0.112874  0.041353
1193  -0.115407  -0.067547  0.017881
1194  -0.013488  -0.069927  0.005072
1195  0.227790  0.019881  0.052284
1196  0.087674  0.128198  0.024122
1197  -0.009386  0.139918  0.019665
1198  -0.102830  -0.045732  0.012665
1199  -0.080364  0.121004  0.021100
1200  -0.039296  0.239179  0.058751
1201  -0.196921  -0.086902  0.046330
1202  -0.100633  0.086387  0.017590
1203  0.043128  0.046305  0.004004
1204  -0.025668  0.006011  0.000695
1205  0.382211  -0.104200  0.156943
1206  -0.045478  0.107662  0.013659
1207  0.023086  -0.173496  0.030634
1208  -0.236982  -0.059207  0.059666
1209  -0.215726  0.011083  0.046661
1210  0.088694  -0.055519  0.010949
1211  0.006572  0.018050  0.000369
1212  -0.176068  -0.026746  0.031715
1213  -0.111305  0.101831  0.022758
1214  0.046205  -0.152980  0.025538
1215  0.073763  -0.007618  0.005499
1216  0.083817  -0.088614  0.014878
1217  0.075719  -0.026213  0.006421
1218  0.039242  0.021368  0.001997
1219  -0.043946  -0.083284  0.008867
1220  0.051469  0.035760  0.003928
1221  0.025061  0.178420  0.032462
1222  -0.275600  -0.160252  0.101636
1223  -0.045545  -0.193580  0.039547
1224  -0.008509  -0.165169  0.027353
1225  -0.071966  0.122261  0.020127
1226  -0.125643  0.031341  0.016768
1227  -0.150244  0.171130  0.051859
1228  -0.111633  -0.342116  0.129505
1229  -0.102440  -0.070666  0.015488
1230  -0.133071  -0.089765  0.025766
1231  -0.054855  -0.142842  0.023413
1232  0.063825  0.192676  0.041198
1233  -0.073899  -0.134435  0.023534
1234  -0.058754  0.027171  0.004190
1235  0.021618  0.087724  0.008163
1236  0.093736  -0.007425  0.008842
1237  0.074518  -0.120155  0.019990
1238  -0.272200  0.057063  0.077349
1239  0.106884  -0.170409  0.040464
1240  0.185353  -0.248261  0.095989
1241  0.038004  -0.185000  0.035669
1242  -0.208318  -0.003333  0.043408
1243  -0.077402  0.020281  0.006402
1244  0.047353  0.238500  0.059125
1245  0.091352  -0.137708  0.027309
1246  0.100310  0.137559  0.028985
1247  0.081320  0.051445  0.009260
1248  -0.038728  -0.134027  0.019463
1249  0.140976  -0.162339  0.046228
1250  0.071210  0.023246  0.005611
1251  0.104869  0.046614  0.013170
1252  -0.110947  0.132279  0.029807
1253  -0.057239  0.150084  0.025802
1254  -0.167828  -0.056090  0.031312
1255  -0.005584  -0.127310  0.016239
1256  -0.007155  0.108571  0.011839
1257  0.107976  -0.289605  0.095530
1258  0.171041  0.086604  0.036755
1259  0.111092  0.013372  0.012520
1260  0.025145  -0.378422  0.143835
1261  0.175316  -0.434985  0.219947
1262  -0.006502  -0.044953  0.002063
1263  -0.158363  -0.042247  0.026864
1264  -0.102110  -0.038501  0.011909
1265  0.469218  0.013015  0.220335
1266  0.175659  0.212644  0.076074
1267  -0.146104  0.378994  0.164983
1268  -0.163727  -0.157221  0.051525
1269  0.159283  -0.038404  0.026846
1270  -0.210503  -0.068570  0.049013
1271  -0.011773  -0.210991  0.044656
1272  -0.015078  -0.098150  0.009861
1273  0.076575  -0.114212  0.018908
1274  -0.121884  -0.077423  0.020850
1275  -0.014955  0.005434  0.000253
1276  0.007850  0.240744  0.058019
1277  -0.082464  -0.110684  0.019051
1278  0.302178  0.029947  0.092208
1279  -0.030469  -0.039809  0.002513
1280  -0.194994  0.086439  0.045494
1281  -0.081179  -0.246317  0.067262
1282  0.075974  -0.103248  0.016432
1283  0.012219  0.158728  0.025344
1284  0.113301  -0.024959  0.013460
1285  -0.182095  0.093061  0.041819
1286  -0.277509  0.176211  0.108061
1287  -0.167921  -0.080816  0.034729
1288  0.040283  -0.035908  0.002912
1289  0.111787  -0.014202  0.012698
1290  0.089178  0.039179  0.009488
1291  -0.019181  -0.106866  0.011788
1292  -0.233065  0.348826  0.175999
1293  -0.146386  -0.218142  0.069015
1294  -0.341584  0.052463  0.119432
1295  0.089993  0.158827  0.033325
1296  -0.017479  0.318571  0.101793
1297  -0.031465  -0.117790  0.014864
1298  -0.090102  -0.027974  0.008901
1299  -0.178962  -0.154972  0.056044
1300  -0.147853  0.082249  0.028626
1301  -0.169343  -0.199118  0.068325
1302  0.266331  -0.078593  0.077109
1303  -0.041869  0.031181  0.002725
1304  -0.098361  -0.210768  0.054098
1305  0.216527  -0.104082  0.057717
1306  -0.217573  -0.296597  0.135307
1307  0.115640  -0.040138  0.014984
1308  -0.221933  -0.138739  0.068503
1309  -0.049107  -0.340574  0.118402
1310  0.181763  -0.076134  0.038834
1311  -0.088130  0.210218  0.051959
1312  -0.119166  -0.065688  0.018515
1313  0.486418  -0.147157  0.258258
1314  0.143757  0.034737  0.021873
1315  -0.132514  -0.197242  0.056464
1316  -0.119718  -0.027132  0.015069
1317  -0.234498  0.052551  0.057751
1318  0.056901  0.100604  0.013359
1319  -0.135734  -0.175818  0.049336
1320  -0.066977  0.031266  0.005463
1321  0.313709  -0.014863  0.098634
1322  0.163939  -0.016130  0.027136
1323  -0.080393  0.054374  0.009420
1324  -0.152742  0.036333  0.024650
1325  0.127900  -0.150708  0.039071
1326  -0.067347  0.017780  0.004852
1327  0.253506  0.315030  0.163509
1328  -0.018885  0.042833  0.002191
1329  -0.408780  0.272476  0.241344
1330  0.055452  -0.119945  0.017462
1331  -0.001680  0.377209  0.142290
1332  -0.106180  -0.389380  0.162891
1333  0.155895  -0.168540  0.052709
1334  0.120859  0.015658  0.014852
1335  0.134348  0.203308  0.059384
1336  -0.501857  -0.079299  0.258149
1337  -0.392667  -0.267879  0.225947
1338  -0.116727  -0.222705  0.063223
1339  0.002861  -0.352658  0.124376
1340  0.152152  0.031897  0.024168
1341  -0.003734  -0.480482  0.230877
1342  0.053782  0.104806  0.013877
1343  0.388133  -0.233551  0.205194
1344  0.016552  -0.038045  0.001721
1345  -0.251248  0.159480  0.088559
1346  -0.662219  -0.124557  0.454049
1347  0.091301  -0.161457  0.034404
1348  -0.079753  0.268347  0.078371
1349  -0.033032  -0.088467  0.008918
1350  0.003164  -0.009940  0.000109
1351  -0.366784  -0.483003  0.367822
1352  0.068242  -0.076455  0.010502
1353  -0.026047  0.016874  0.000963
1354  0.080986  0.544921  0.303498
1355  0.193755  -0.431852  0.224037
1356  -0.330177  0.488259  0.347413
1357  0.268385  -0.161780  0.098203
1358  -0.212452  -0.457451  0.254397
1359  0.390962  0.187908  0.188160
1360  -0.346044  0.075169  0.125397
1361  0.055324  0.044410  0.005033
1362  0.153746  -0.132438  0.041178
1363  0.082906  0.033920  0.008024
1364  -0.037001  0.372754  0.140314
1365  0.231264  -0.166277  0.081131
1366  0.202505  0.099406  0.050890
1367  -0.028085  -0.177279  0.032217
1368  -0.127829  -0.022077  0.016828
1369  -0.074855  0.013084  0.005774
1370  -0.113193  -0.352004  0.136719
1371  0.033384  0.282642  0.081001
1372  0.234045  0.119804  0.069130
1373  0.409455  0.271117  0.241158
1374  -0.211661  0.081935  0.051514
1375  -0.125716  0.218496  0.063545
1376  0.476444  0.147709  0.248817
1377  -0.261299  -0.172811  0.098141
1378  -0.236289  -0.401730  0.217220
1379  -0.377403  0.126008  0.158311
1380  -0.225118  0.237736  0.107196
1381  -0.016714  0.011878  0.000420
1382  0.179501  0.186958  0.067174
1383  -0.077564  -0.113822  0.018972
1384  0.165306  -0.264101  0.097075
1385  0.149998  0.459345  0.233497
1386  0.427554  0.344740  0.301647
1387  -0.419499  0.518506  0.444827
1388  -0.062394  -0.097627  0.013424
1389  0.139146  0.395788  0.176009
1390  0.439772  0.362625  0.324896
1391  0.339143  0.139788  0.134559
1392  -0.334891  0.303558  0.204300
1393  0.263461  0.043753  0.071326
1394  0.175176  0.333735  0.142066
1395  -0.149017  0.126094  0.038106
1396  -0.261398  -0.193036  0.105592
1397  0.074680  0.189702  0.041564
1398  0.148300  -0.148448  0.044030
1399  -0.113004  0.297858  0.101489
1400  -0.175027  0.078959  0.036869
1401  -0.188170  0.072570  0.040674
1402  0.037047  -0.153453  0.024920
1403  0.270000  0.149821  0.095346
1404  0.481512  0.061932  0.235689
1405  -0.184412  0.118304  0.048003
1406  0.239940  0.123091  0.072723
1407  0.361401  0.036421  0.131937
1408  -0.284298  0.321950  0.184477
1409  -0.224512  0.781083  0.660496
1410  -0.185050  0.300673  0.124648
1411  0.349323  0.503806  0.375847
1412  0.151037  -0.599444  0.382146
1413  -0.201740  0.060191  0.044322
1414  0.251650  -0.100086  0.073345
1415  -0.000813  0.115684  0.013383
1416  -0.355070  0.356401  0.253097
1417  -0.187357  -0.233079  0.089429
1418  0.082709  -0.229375  0.059454
1419  -0.458132  0.137667  0.228837
1420  0.009625  0.239487  0.057447
1421  -0.017198  -0.200207  0.040379
1422  -0.203470  0.266844  0.112606
1423  -0.230113  0.063998  0.057048
1424  -0.484743  -0.196928  0.273756
1425  0.001810  0.127437  0.016244
1426  0.145719  -0.059620  0.024789
1427  0.224358  0.113725  0.063270
1428  0.266294  0.292708  0.156590
1429  -0.143346  -0.269888  0.093388
1430  0.336083  0.315835  0.212704
1431  -0.355278  0.126952  0.142339
1432  -0.362994  0.167104  0.159688
1433  0.163925  -0.360771  0.157027
1434  -0.380300  0.732990  0.681902
1435  0.060730  -0.099974  0.013683
1436  0.134528  -0.025192  0.018732
1437  -0.257621  -0.622335  0.453669
1438  -0.245552  -0.119573  0.074593
1439  -0.017966  0.073505  0.005726
1440  -0.119269  0.174482  0.044669
1441  0.762168  -0.199628  0.620752
1442  -0.075197  -0.088188  0.013432
1443  -0.032187  -0.119756  0.015378
1444  0.299766  0.423107  0.268879
1445  0.143192  -0.180398  0.053048
1446  0.028690  -0.189908  0.036888
1447  0.539975  0.285259  0.372946
1448  0.106339  0.082519  0.018117
1449  0.461855  -0.269170  0.285762
1450  -0.004703  -0.098887  0.009801
1451  -0.852538  0.081184  0.733413
1452  -0.271087  0.379137  0.217233
1453  0.117990  0.308950  0.109372
1454  -0.271105  -0.218644  0.121303
1455  0.376803  0.495656  0.387656
1456  -0.115009  0.028752  0.014054
1457  0.049438  0.165966  0.029989
1458  -0.221898  0.104577  0.060175
1459  0.154704  0.116872  0.037593
1460  -0.429465  -0.293365  0.270503
1461  0.007831  0.127759  0.016384
1462  0.309243  -0.411326  0.264820
1463  -0.272593  0.199750  0.114207
1464  -0.394556  0.091480  0.164043
1465  -0.257469  0.065901  0.070633
1466  0.197495  -0.112034  0.051556
1467  0.297370  0.521986  0.360898
1468  -0.182881  -0.175882  0.064380
1469  -0.290870  0.109066  0.096501
1470  0.010450  -0.112535  0.012773
1471  -0.203280  -0.489295  0.280733
1472  0.296676  -0.278233  0.165430
1473  0.184798  -0.261874  0.102728
1474  -0.227183  0.628770  0.446964
1475  0.532268  -0.277734  0.360446
1476  0.074167  0.368991  0.141655
1477  -0.028290  0.571047  0.326895
1478  0.469731  -0.635307  0.624262
1479  0.171244  -0.291950  0.114560
1480  0.457155  0.221361  0.257991
1481  0.177196  0.518123  0.299850
1482  0.268614  0.164810  0.099316
1483  0.525996  -0.036640  0.278014
1484  0.134400  0.160117  0.043701
1485  0.632553  0.120594  0.414666
1486  -0.031354  0.146239  0.022369
1487  0.456025  0.097177  0.217402
1488  0.374322  0.017062  0.140408
1489  -0.415354  0.286829  0.254790
1490  -0.573678  -0.416752  0.502788
1491  0.145874  0.390642  0.173880
1492  0.239439  0.364576  0.190246
1493  -0.108916  -0.053374  0.014712
1494  -0.274444  0.042752  0.077147
1495  -0.065105  -0.210214  0.048428
1496  0.388355  0.073109  0.156164
1497  -0.657544  0.122024  0.447253
1498  0.322757  0.003216  0.104182
1499  -0.130144  0.274331  0.092195
1500  -0.098706  0.794729  0.641338
1501  0.009511  0.109573  0.012097
1502  -0.060025  0.411936  0.173294
1503  -0.105129  -0.233532  0.065590
1504  0.095827  0.284459  0.090100
1505  -0.122338  -0.191641  0.051693
1506  0.118378  -0.176523  0.045174
1507  -0.153700  -0.266635  0.094718
1508  0.370387  0.039554  0.138751
1509  -0.008634  -0.434456  0.188826
1510  0.000674  0.262169  0.068733
1511  -0.405876  0.165891  0.192255
1512  0.288332  0.010716  0.083250
1513  -0.520745  0.275040  0.346822
1514  -0.523273  -0.105535  0.284952
1515  -0.134031  0.159445  0.043387
1516  0.006637  -0.165478  0.027427
1517  -0.560380  -0.001159  0.314028
1518  -0.100215  -0.018064  0.010369
1519  -0.279301  -0.404943  0.241988
1520  -0.001919  -0.222262  0.049404
1521  -0.414815  0.149268  0.194352
1522  -0.335889  0.163346  0.139503
1523  0.060440  -0.598142  0.361427
1524  -0.065306  -0.641012  0.415162
1525  -0.446775  0.130712  0.216694
1526  -0.744421  0.253568  0.618459
1527  0.514407  0.038369  0.266086
1528  -0.081454  -0.317014  0.107133
1529  -0.017634  -0.172166  0.029952
1530  -0.177907  -0.259470  0.098976
1531  -0.441559  0.668917  0.642424
1532  0.248159  0.114671  0.074732
1533  0.056989  0.236173  0.059025
1534  -0.104474  0.152595  0.034200
1535  0.472633  -0.382182  0.369445
1536  -1.038263  -0.047246  1.080223
1537  0.484545  0.109328  0.246736
1538  0.101628  -0.067167  0.014840
1539  -0.330524  0.151373  0.132160
1540  -0.258452  0.138944  0.086103
1541  0.360199  -0.213746  0.175431
1542  -0.108315  -0.229938  0.064604
1543  -0.506711  0.127667  0.273055
1544  -1.152736  0.110683  1.341051
1545  -0.175802  -0.407112  0.196646
1546  -0.424630  -0.130061  0.197227
1547  -0.940575  -0.477544  1.112729
1548  0.270435  -0.106668  0.084513
1549  -0.114866  -0.372537  0.151978
1550  -0.688912  0.064712  0.478788
1551  -0.047776  0.228375  0.054438
1552  0.018643  0.152430  0.023582
1553  0.370194  -0.208658  0.180581
1554  -0.496218  0.693001  0.726483
1555  0.034941  0.100807  0.011383
1556  -0.068242  0.402610  0.166752
1557  0.232968  -0.172825  0.084142
1558  -0.206485  0.300188  0.132749
1559  -0.169375  -0.389106  0.180092
1560  -0.076304  0.004573  0.005843
1561  -0.430409  0.090188  0.193386
1562  0.249088  -0.772721  0.659142
1563  0.556107  -0.352541  0.433540
1564  -0.223745  -0.186548  0.084862
1565  0.727996  -0.261145  0.598174
1566  -0.200390  -0.617232  0.421132
1567  -0.064676  0.204062  0.045824
1568  -0.182678  0.134171  0.051373
1569  0.180453  0.566384  0.353354
1570  0.485385  -0.125070  0.251241
1571  0.302506  -0.234401  0.146454
1572  -0.287192  0.154132  0.106236
1573  -0.321419  0.112303  0.115922
1574  -0.072156  0.298316  0.094199
1575  -0.841820  -0.031401  0.709647
1576  0.243011  0.066506  0.063477
1577  0.639232  -0.348782  0.530267
1578  0.105331  -0.329930  0.119949
1579  0.159730  -0.057329  0.028800
1580  -0.405132  0.419575  0.340175
1581  0.095382  -0.142670  0.029452
1582  0.084400  -0.503770  0.260907
1583  0.190963  -0.144996  0.057491
1584  -0.187777  0.695306  0.518710
1585  0.457781  -0.024417  0.210160
1586  -0.024046  0.371802  0.138815
1587  -0.134419  -0.362226  0.149276
1588  -0.407042  -0.350711  0.288681
1589  -0.126453  0.158265  0.041038
1590  -0.161652  -0.305409  0.119406
1591  0.434461  -0.262140  0.257474
1592  -0.019672  0.085490  0.007696
1593  -0.114993  -0.219799  0.061535
1594  -0.117842  -0.101021  0.024092
1595  0.046470  -0.174651  0.032662
1596  0.248713  -0.404916  0.225815
1597  -0.220784  -0.422425  0.227189
1598  0.237501  -0.095191  0.065468
1599  -0.310011  -0.226613  0.147460
1600  -0.576036  0.106896  0.343244
1601  0.926660  -0.129712  0.875524
1602  -0.284237  -0.053489  0.083652
1603  -0.273232  0.168238  0.102960
1604  -0.369243  -0.608556  0.506681
1605  0.082955  -0.164280  0.033870
1606  -0.138755  0.042756  0.021081
1607  0.193393  -0.439633  0.230678
1608  0.041397  -0.160373  0.027433
1609  0.463142  0.144024  0.235243
1610  0.125823  -0.516774  0.282887
1611  -0.189684  -0.204537  0.077815
1612  -0.480157  0.158493  0.255671
1613  -0.128134  0.504553  0.270992
1614  -0.643196  0.146021  0.435023
1615  0.506809  0.277952  0.334112
1616  0.315770  0.408266  0.266392
1617  0.518046  -0.287462  0.351006
1618  -0.278248  0.158220  0.102455
1619  -0.015291  -0.035398  0.001487
1620  -0.256869  -0.252384  0.129679
1621  -0.197794  -0.089750  0.047178
1622  -0.191459  -0.319886  0.138984
1623  0.144251  -0.082809  0.027666
1624  -0.570980  -0.646705  0.744245
1625  -0.150601  -0.024790  0.023295
1626  0.483785  -0.171111  0.263327
1627  0.144404  0.013668  0.021039
1628  -0.167832  0.457716  0.237671
1629  0.104305  0.671416  0.461678
1630  -0.278925  0.216061  0.124482
1631  0.678908  0.398468  0.619692
1632  0.512767  0.572053  0.590174
1633  0.311813  -0.071357  0.102319
1634  0.259295  0.060910  0.070944
1635  0.848864  -0.191251  0.757147
1636  -0.258567  -0.595547  0.421533
1637  0.173590  0.617145  0.411001
1638  0.089928  -0.158718  0.033279
1639  0.113940  0.371306  0.150851
1640  -0.337824  -0.129281  0.130839
1641  0.220205  0.261865  0.117063
1642  -0.327049  0.267039  0.178271
1643  -0.159432  0.099916  0.035402
1644  0.323864  -0.017295  0.105187
1645  -0.227986  -0.385605  0.200669
1646  0.059248  0.077447  0.009508
1647  0.381685  -0.737147  0.689069
1648  -0.311574  -0.253324  0.161251
1649  0.073955  -0.064613  0.009644
1650  -0.367794  0.255618  0.200613
1651  0.152185  -0.317554  0.124001
1652  -0.270064  -0.058615  0.076371
1653  0.224907  0.304701  0.143426
1654  -0.012647  -0.282098  0.079739
1655  -0.489923  -0.402529  0.402054
1656  -0.118492  -0.449541  0.216128
1657  -0.563857  0.103581  0.328663
1658  -0.184506  0.351991  0.157940
1659  0.248860  -0.122036  0.076824
1660  0.080963  -0.052233  0.009283
1661  -0.133601  -0.473245  0.241810
1662  0.251398  0.115839  0.076620
1663  -0.102532  0.125899  0.026363
1664  0.372069  -0.051852  0.141124
1665  -0.367308  -0.200374  0.175065
1666  0.255949  0.131953  0.082921
1667  0.017887  0.213383  0.045852
1668  0.324527  0.149153  0.127565
1669  0.584386  0.051647  0.344174
1670  -0.255823  -0.050741  0.068020
1671  0.406218  0.433193  0.352669
1672  0.773675  0.097505  0.608080
1673  -0.248421  -0.005221  0.061740
1674  0.215002  0.430603  0.231645
1675  0.557004  0.191409  0.346891
1676  0.112437  -0.406617  0.177980
1677  0.186153  0.110339  0.046827
1678  0.423855  -0.374989  0.320270
1679  -0.508240  0.480336  0.489031
1680  -0.430047  -1.127437  1.456055
1681  -0.058684  0.248613  0.065252
1682  0.200111  -0.493184  0.283275
1683  0.355369  0.254099  0.190853
1684  0.232728  0.134080  0.072140
1685  -0.197467  -0.460134  0.250716
1686  -0.356661  -0.701046  0.618673
1687  -0.077263  0.115631  0.019340
1688  -0.089777  0.357879  0.136137
1689  -0.535431  0.313415  0.384916
1690  0.383491  -0.233646  0.201656
1691  -0.313810  0.206315  0.141043
1692  -0.449827  -0.115440  0.215671
1693  -0.456926  -0.248224  0.270397
1694  -0.199934  0.030384  0.040897
1695  -0.345436  -0.116602  0.132922
1696  -0.095898  0.391637  0.162576
1697  -0.324702  -0.442322  0.301080
1698  0.221296  -0.928781  0.911607
1699  -0.070561  0.024533  0.005581
1700  0.050342  0.031386  0.003519
1701  -0.170363  0.404460  0.192611
1702  -0.000016  0.113586  0.012902
1703  0.387797  0.460490  0.362438
1704  0.313484  0.304199  0.190809
1705  -0.047440  0.335318  0.114689
1706  0.307442  0.580394  0.431378
1707  0.150762  -0.470648  0.244238
1708  -0.176673  -0.030885  0.032167
1709  0.069041  -0.055997  0.007902
1710  0.011882  0.088333  0.007944
1711  0.232234  0.200084  0.093966
1712  -0.142431  0.507587  0.277931
1713  -0.295198  -0.222900  0.136826
1714  0.633280  -0.164871  0.428226
1715  0.412458  -0.271988  0.244099
1716  -0.375446  -0.002626  0.140966
1717  -0.541071  0.155047  0.316797
1718  0.135901  0.239664  0.075908
1719  -0.213218  -0.090806  0.053708
1720  0.128781  -0.453707  0.222434
1721  0.641607  0.039117  0.413189
1722  -0.322160  -0.104147  0.114634
1723  0.284614  0.075931  0.086771
1724  0.159058  0.318824  0.126948
1725  -0.373379  -0.212767  0.184682
1726  0.108510  -0.133744  0.029662
1727  -0.051578  -0.260539  0.070541
1728  0.099067  0.182281  0.043041
1729  -0.076301  0.215541  0.052280
1730  -0.528314  0.193369  0.316507
1731  -0.147284  -0.047550  0.023954
1732  0.151127  -0.488060  0.261042
1733  0.444647  0.281372  0.276881
1734  -0.086631  0.240385  0.065290
1735  -0.422274  0.324894  0.283871
1736  0.078940  0.377870  0.149018
1737  -0.189929  0.048788  0.038454
1738  -0.214077  -0.059614  0.049383
1739  -0.454915  0.166314  0.234608
1740  0.028432  -0.022983  0.001337
1741  -0.032013  0.324044  0.106029
1742  -0.143264  0.046935  0.022728
1743  -0.479212  0.149307  0.251937
1744  0.173761  -0.196060  0.068632
1745  -0.203580  0.150638  0.064137
1746  0.123822  -0.075213  0.020989
1747  -0.274787  -0.000905  0.075509
1748  -0.065445  -0.045113  0.006318
1749  0.133499  -0.248808  0.079727
1750  -0.200060  -0.489346  0.279483
1751  0.210838  -0.064065  0.048557
1752  -0.159801  0.040228  0.027155
1753  0.070743  -0.377158  0.147253
1754  -0.020698  0.340084  0.116086
1755  -0.211429  0.167568  0.072781
1756  0.288989  -0.117473  0.097314
1757  0.224452  -0.234288  0.105270
1758  -0.283488  -0.314860  0.179502
1759  -0.200521  0.259038  0.107309
1760  0.205707  0.309206  0.137924
1761  0.026897  0.191290  0.037315
1762  -0.365336  0.232141  0.187360
1763  0.067590  -0.058630  0.008006
1764  0.375070  0.194034  0.178327
1765  0.044765  0.041497  0.003726
1766  0.146144  0.083816  0.028383
1767  0.301575  -0.225430  0.141766
1768  0.139142  0.252471  0.083102
1769  -0.159581  0.116470  0.039031
1770  0.235232  -0.187689  0.090561
1771  -0.093979  0.045833  0.010933
1772  0.183449  0.060967  0.037370
1773  -0.054657  -0.016955  0.003275
1774  -0.353841  -0.006039  0.125240
1775  -0.045393  -0.078745  0.008261
1776  0.261387  0.245155  0.128424
1777  0.394773  -0.045821  0.157945
1778  -0.339778  0.060451  0.119104
1779  0.352104  0.287773  0.206791
1780  -0.122265  -0.076572  0.020812
1781  0.003894  -0.069761  0.004882
1782  0.224133  0.072526  0.055496
1783  0.441017  0.138040  0.213551
1784  0.118301  -0.494855  0.258877
1785  -0.097190  0.056492  0.012637
1786  -0.143002  0.195776  0.058778
1787  0.219948  -0.000518  0.048377
1788  -0.042813  -0.012602  0.001992
1789  0.508891  0.096850  0.268350
1790  0.016733  -0.315075  0.099552
1791  0.012780  -0.171564  0.029597
1792  -0.102771  -0.245927  0.071042
1793  0.019463  0.102779  0.010942
1794  0.117547  -0.087645  0.021499
1795  0.121771  0.088480  0.022657
1796  -0.375102  -0.275415  0.216555
1797  0.188098  -0.111522  0.047818
1798  -0.206980  0.002150  0.042846
1799  0.215059  0.165302  0.073575
1800  -0.003529  -0.095423  0.009118
1801  -0.035149  0.047622  0.003503
1802  -0.081653  -0.242306  0.065379
1803  -0.238719  0.146361  0.078408
1804  -0.072745  0.053792  0.008185
1805  0.079640  0.243352  0.065563
1806  0.247220  0.027454  0.061872
1807  -0.159933  0.270110  0.098538
1808  0.017274  0.124598  0.015823
1809  0.351472  0.296490  0.211439
1810  -0.170632  -0.167385  0.057133
1811  -0.028655  -0.197508  0.039831
1812  0.251243  -0.088323  0.070924
1813  0.307975  -0.077418  0.100843
1814  0.340266  -0.161671  0.141919
1815  -0.037488  -0.359258  0.130472
1816  -0.124416  -0.203659  0.056956
1817  -0.536150  0.096263  0.296723
1818  -0.072368  0.049781  0.007715
1819  0.006689  -0.181564  0.033010
1820  -0.255629  -0.144873  0.086335
1821  0.219140  0.247104  0.109083
1822  0.206056  0.051669  0.045129
1823  0.324096  0.071664  0.110174
1824  0.191345  -0.168860  0.065127
1825  -0.002442  -0.172996  0.029933
1826  -0.031013  0.006089  0.000999
1827  -0.041185  0.142585  0.022027
1828  -0.027166  0.327784  0.108180
1829  -0.145631  -0.076835  0.027112
1830  0.236270  0.195311  0.093970
1831  0.026590  0.023043  0.001238
1832  0.110464  -0.047607  0.014469
1833  -0.173536  0.171367  0.059481
1834  0.194831  0.235854  0.093586
1835  0.063519  -0.003007  0.004044
1836  0.139192  0.215444  0.065791
1837  0.101489  0.050459  0.012846
1838  0.041902  -0.065326  0.006023
1839  0.063782  -0.088735  0.011942
1840  -0.221454  0.104972  0.060061
1841  0.303615  -0.326479  0.198770
1842  0.007677  0.011545  0.000192
1843  0.114878  -0.074623  0.018766
1844  -0.046405  -0.057731  0.005486
1845  0.092780  -0.027368  0.009357
1846  -0.083147  -0.361303  0.137453
1847  -0.041589  0.209986  0.045824
1848  0.526039  -0.182229  0.309924
1849  0.117776  -0.017450  0.014176
1850  -0.020606  -0.112836  0.013156
1851  -0.015947  0.161668  0.026391
1852  0.241674  0.201645  0.099067
1853  -0.146817  -0.121499  0.036317
1854  0.001017  0.052115  0.002717
1855  0.004178  0.042181  0.001797
1856  -0.137154  -0.179981  0.051204
1857  -0.013339  0.061954  0.004016
1858  -0.370273  0.035493  0.138362
1859  -0.174904  -0.176210  0.061641
1860  -0.100590  0.077992  0.016201
1861  0.060143  -0.178642  0.035530
1862  -0.090086  -0.073639  0.013538
1863  0.137200  0.157935  0.043767
1864  -0.038938  0.109547  0.013517
1865  -0.139140  -0.051378  0.022000
1866  0.013994  -0.286498  0.082277
1867  -0.144168  -0.024360  0.021378
1868  -0.118834  -0.248733  0.075990
1869  0.000254  0.128065  0.016401
1870  -0.346605  0.098028  0.129744
1871  -0.026358  0.265917  0.071407
1872  -0.052753  0.041591  0.004513
1873  0.110196  0.179472  0.044353
1874  0.031710  -0.240421  0.058808
1875  0.042504  -0.020162  0.002213
1876  -0.007360  -0.092640  0.008636
1877  -0.049620  -0.057596  0.005779
1878  -0.042012  0.051200  0.004386
1879  0.082768  -0.064396  0.010997
1880  -0.052375  0.052603  0.005510
1881  -0.073885  0.067262  0.009983
1882  -0.201205  -0.113101  0.053275
1883  0.104072  -0.073916  0.016295
1884  0.017301  -0.032696  0.001368
1885  -0.101742  0.056796  0.013577
1886  -0.194850  0.026203  0.038653
1887  0.186644  0.065380  0.039110
1888  0.130888  -0.148290  0.039122
1889  -0.049321  0.094264  0.011318
1890  0.133034  -0.139823  0.037249
1891  0.144994  -0.131147  0.038223
1892  0.043721  0.232025  0.055747
1893  -0.021933  -0.270612  0.073712
1894  0.049953  0.001444  0.002497
1895  0.009238  0.038430  0.001562
1896  -0.070360  -0.014546  0.005162
1897  0.044943  -0.148210  0.023986
1898  -0.146686  0.346174  0.141353
1899  0.011586  0.102542  0.010649
1900  0.109829  -0.003857  0.012077
1901  0.016725  0.053396  0.003131
1902  -0.259861  -0.062386  0.071420
1903  -0.007468  0.212207  0.045088
1904  0.089964  0.046274  0.010235
1905  0.208987  0.034506  0.044866
1906  -0.060489  -0.036233  0.004972
1907  -0.110146  -0.283684  0.092609
1908  0.180625  0.035164  0.033862
1909  0.046887  -0.296716  0.090239
1910  -0.217973  0.085511  0.054824
1911  0.146886  0.228178  0.073641
1912  0.112185  0.086093  0.019997
1913  0.083586  -0.075187  0.012640
1914  -0.088216  0.154830  0.031754
1915  -0.227375  0.128676  0.068257
1916  -0.006971  0.192431  0.037078
1917  -0.156190  -0.194637  0.062279
1918  0.066686  -0.141429  0.024449
1919  -0.092481  -0.157666  0.033411
1920  -0.005059  0.046911  0.002226
1921  -0.169602  -0.123091  0.043916
1922  -0.037864  0.012024  0.001578
1923  -0.012034  -0.078218  0.006263
1924  -0.038558  -0.150040  0.023999
1925  -0.075999  0.100087  0.015793
1926  0.156308  0.145197  0.045514
1927  -0.070862  0.026920  0.005746
1928  0.111672  -0.199153  0.052132
1929  -0.026219  -0.175461  0.031474
1930  0.156008  0.021472  0.024800
1931  -0.149503  0.074540  0.027907
1932  0.170057  0.149396  0.051238
1933  -0.008414  -0.052382  0.002815
1934  0.021520  -0.212465  0.045604
1935  0.042641  -0.065451  0.006102
1936  0.113639  -0.152110  0.036051
1937  -0.202431  -0.139415  0.060415
1938  -0.055390  -0.001465  0.003070
1939  0.097493  -0.151218  0.032372
1940  0.000606  -0.039026  0.001523
1941  0.110401  0.116046  0.025655
1942  -0.014576  -0.103074  0.010837
1943  -0.146460  -0.100098  0.031470
1944  0.131745  0.230981  0.070709
1945  -0.100558  0.035721  0.011388
1946  0.007410  -0.163940  0.026931
1947  0.081646  0.015429  0.006904
1948  0.115255  0.028289  0.014084
1949  0.036518  -0.096954  0.010734
1950  -0.015655  -0.000637  0.000245
1951  0.114420  0.010391  0.013200
1952  -0.116103  0.058455  0.016897
1953  0.042090  0.276342  0.078137
1954  -0.288338  0.049607  0.085600
1955  0.046198  -0.032845  0.003213
1956  -0.122574  -0.040422  0.016658
1957  0.218723  0.121277  0.062548
1958  -0.009320  0.039820  0.001673
1959  0.031252  0.066820  0.005442
1960  -0.037499  -0.206559  0.044073
1961  -0.129907  -0.173184  0.046868
1962  -0.157844  -0.087980  0.032655
1963  -0.043702  -0.025720  0.002571
1964  -0.087086  0.042696  0.009407
1965  -0.133311  0.039289  0.019316
1966  -0.156272  -0.134378  0.042478
1967  0.090422  0.052230  0.010904
1968  0.034857  0.041012  0.002897
1969  0.131320  -0.114077  0.030259
1970  -0.173172  -0.013699  0.030176
1971  0.024958  0.232679  0.054762
1972  -0.044977  0.112629  0.014708
1973  -0.127261  0.161157  0.042167
1974  0.062956  -0.076038  0.009745
1975  -0.215391  0.089196  0.054349
1976  -0.052257  0.078076  0.008827
1977  0.107007  0.021862  0.011929
1978  0.059269  -0.084123  0.010590
1979  -0.132890  0.085984  0.025053
1980  -0.052868  -0.149693  0.025203
1981  0.114234  -0.045105  0.015084
1982  0.061306  0.002046  0.003763
1983  -0.106108  -0.012393  0.011412
1984  0.246671  -0.045988  0.062961
1985  -0.067397  -0.020044  0.004944
1986  -0.008006  0.062221  0.003936
1987  0.119384  -0.115921  0.027690
1988  -0.053069  0.033189  0.003918
1989  0.119593  0.054143  0.017234
1990  -0.110346  0.000490  0.012176
1991  0.023654  -0.084295  0.007665
1992  0.060315  -0.012588  0.003796
1993  -0.070433  0.156343  0.029404
1994  0.105336  -0.031869  0.012111
1995  0.045007  0.133648  0.019887
1996  0.029133  -0.074314  0.006371
1997  0.097264  0.109267  0.021399
1998  -0.065316  0.060607  0.007939
1999  0.025860  0.033742  0.001807
2000  0.021876  0.125037  0.016113
2001  -0.023310  -0.050423  0.003086
2002  -0.063709  0.055344  0.007122
2003  -0.051727  0.126944  0.018790
2004  0.021700  0.006426  0.000512
2005  0.118084  -0.030449  0.014871
2006  0.165195  -0.023344  0.027834
2007  -0.095495  -0.014286  0.009323
2008  0.003315  0.032384  0.001060
2009  0.052891  -0.075359  0.008476
2010  -0.009396  -0.080088  0.006502
2011  0.073972  0.074757  0.011061
2012  0.084663  -0.018467  0.007509
2013  -0.203253  0.028142  0.042104
2014  0.147399  0.108729  0.033549
2015  -0.097621  0.003598  0.009543
2016  -0.014624  -0.018582  0.000559
2017  0.130185  0.079271  0.023232
2018  -0.015239  0.031950  0.001253
2019  -0.025290  0.043366  0.002520
2020  -0.103773  0.032138  0.011802
2021  0.024831  0.107776  0.012232
2022  -0.123587  0.060921  0.018985
2023  0.002758  -0.003264  0.000018
2024  -0.018091  -0.094311  0.009222
2025  0.037296  -0.154980  0.025410
2026  -0.100546  -0.088946  0.018021
2027  -0.074033  0.015901  0.005734
2028  -0.056468  -0.008601  0.003263
2029  0.002634  0.034240  0.001179
2030  0.003772  0.020652  0.000441
2031  -0.111431  -0.012368  0.012570
2032  0.093815  -0.017579  0.009110
2033  0.026238  0.054891  0.003701
2034  -0.004707  0.065065  0.004256
2035  0.167577  0.053937  0.030991
2036  -0.071036  -0.024147  0.005629
2037  -0.099491  0.191555  0.046592
2038  0.169824  0.021029  0.029282
2039  0.048675  -0.041916  0.004126
2040  -0.027507  0.032337  0.001802
2041  -0.000876  0.141058  0.019898
2042  -0.056758  -0.050591  0.005781
2043  -0.076629  0.005771  0.005905
2044  0.032408  0.050186  0.003569
2045  0.102651  0.033157  0.011637
2046  0.015239  -0.097416  0.009722
2047  -0.011390  0.027849  0.000905
