0  0.005788  -0.060209  0.003659
1  -0.010914  0.032927  0.001203
2  -0.052393  -0.045847  0.004847
3  -0.011007  0.003432  0.000133
4  0.019923  0.037432  0.001798
5  -0.051042  -0.012648  0.002765
6  -0.029031  -0.016860  0.001127
7  0.034258  -0.020909  0.001611
8  0.002173  -0.016524  0.000278
9  -0.020482  -0.018864  0.000775
10  -0.003493  0.008233  0.000080
11  -0.056183  -0.019322  0.003530
12  -0.042022  -0.008394  0.001836
13  -0.041109  0.026083  0.002370
14  -0.014199  -0.032482  0.001257
15  -0.017277  0.019628  0.000684
16  -0.020262  0.023154  0.000947
17  0.006071  0.019013  0.000398
18  -0.020836  0.024116  0.001016
19  0.044875  -0.037134  0.003393
20  0.010501  -0.025151  0.000743
21  0.014988  -0.024888  0.000844
22  0.010504  -0.028577  0.000927
23  -0.051068  -0.004634  0.002629
24  -0.041037  -0.007689  0.001743
25  -0.021836  0.009522  0.000567
26  -0.014911  -0.013526  0.000405
27  -0.050933  0.030347  0.003515
28  -0.051043  -0.017014  0.002895
29  -0.035856  0.018644  0.001633
30  0.007728  0.011994  0.000204
31  -0.000642  0.004081  0.000017
32  -0.027699  0.035282  0.002012
33  0.014060  0.059780  0.003771
34  -0.070637  0.009373  0.005077
35  -0.023993  -0.004547  0.000596
36  -0.012953  0.011137  0.000292
37  0.005837  -0.015108  0.000262
38  -0.061411  -0.005034  0.003797
39  -0.034624  0.005907  0.001234
40  -0.000061  0.004738  0.000022
41  0.035564  0.024137  0.001847
42  -0.024973  0.002816  0.000632
43  0.019124  0.020553  0.000788
44  -0.001249  0.032284  0.001044
45  -0.007868  0.040452  0.001698
46  -0.047318  0.013095  0.002410
47  -0.033940  -0.009973  0.001251
48  0.018178  -0.009340  0.000418
49  -0.037598  0.002904  0.001422
50  0.005596  -0.021924  0.000512
51  0.024985  -0.016968  0.000912
52  0.017647  -0.012797  0.000475
53  0.021023  -0.007466  0.000498
54  0.048954  0.004413  0.002416
55  -0.029318  0.045854  0.002962
56  0.045164  0.021329  0.002495
57  -0.000621  0.000518  0.000001
58  0.012804  -0.008698  0.000240
59  -0.012982  0.036312  0.001487
60  -0.019384  0.023245  0.000916
61  -0.007135  -0.011521  0.000184
62  -0.001349  -0.011692  0.000139
63  0.006135  -0.006310  0.000077
64  -0.033172  -0.013164  0.001274
65  0.005729  0.036661  0.001377
66  0.022094  -0.009326  0.000575
67  0.001016  -0.007037  0.000051
68  -0.054179  -0.008143  0.003002
69  -0.028047  0.005957  0.000822
70  -0.012102  0.015526  0.000388
71  -0.031902  0.011835  0.001158
72  0.017704  0.021124  0.000760
73  0.025408  0.020067  0.001048
74  -0.023062  -0.003573  0.000545
75  -0.002585  -0.017207  0.000303
76  0.012453  -0.025479  0.000804
77  0.043421  0.032734  0.002957
78  -0.013049  -0.001487  0.000172
79  0.022324  0.015573  0.000741
80  0.004281  -0.042701  0.001842
81  -0.033545  -0.018939  0.001484
82  -0.012437  -0.021146  0.000602
83  -0.026194  0.021177  0.001135
84  -0.034094  0.010435  0.001271
85  -0.009164  -0.054357  0.003039
86  -0.008000  0.025955  0.000738
87  -0.016105  0.018195  0.000590
88  0.004669  0.031732  0.001029
89  -0.017766  -0.009351  0.000403
90  -0.009254  0.006237  0.000125
91  -0.048467  0.036872  0.003709
92  0.013367  -0.034122  0.001343
93  -0.030183  -0.002561  0.000918
94  -0.000953  0.006382  0.000042
95  -0.018699  -0.034606  0.001547
96  -0.008104  -0.009702  0.000160
97  -0.045524  -0.002694  0.002080
98  -0.000774  -0.028345  0.000804
99  -0.013350  0.025226  0.000815
100  -0.036644  0.002407  0.001349
101  -0.008153  0.027636  0.000830
102  -0.022038  0.032545  0.001545
103  0.048258  -0.021555  0.002793
104  0.005819  0.001635  0.000037
105  0.000613  0.011878  0.000141
106  -0.002772  0.011248  0.000134
107  -0.022231  0.031705  0.001499
108  -0.043174  -0.004443  0.001884
109  0.013361  -0.014331  0.000384
110  0.022053  0.003507  0.000499
111  -0.002882  -0.002790  0.000016
112  -0.009247  -0.010108  0.000188
113  -0.001043  0.014811  0.000220
114  -0.020184  -0.004283  0.000426
115  -0.030978  0.009964  0.001059
116  0.011379  0.045626  0.002211
117  -0.002518  0.016885  0.000291
118  -0.008692  -0.033665  0.001209
119  0.021988  0.017086  0.000775
120  0.000072  -0.016016  0.000257
121  -0.043919  -0.012553  0.002086
122  -0.018872  -0.008787  0.000433
123  -0.038655  0.024465  0.002093
124  -0.001130  0.003344  0.000012
125  -0.043038  0.019603  0.002237
126  -0.000318  0.035036  0.001228
127  0.007067  -0.021931  0.000531
128  0.013672  -0.007367  0.000241
129  0.009199  0.002093  0.000089
130  0.030604  -0.024156  0.001520
131  -0.023562  -0.015643  0.000800
132  0.023155  0.011184  0.000661
133  -0.022944  -0.013903  0.000720
134  -0.010816  -0.010883  0.000235
135  0.013142  0.059301  0.003689
136  -0.017533  0.007778  0.000368
137  0.019411  -0.003296  0.000388
138  -0.021180  -0.002325  0.000454
139  -0.022186  0.018351  0.000829
140  -0.002265  0.010688  0.000119
141  -0.005128  0.027846  0.000802
142  -0.002589  0.040707  0.001664
143  0.003409  0.030625  0.000950
144  -0.021789  -0.016858  0.000759
145  -0.007402  0.023546  0.000609
146  -0.035106  0.027475  0.001987
147  -0.001630  -0.016676  0.000281
148  0.026469  0.005391  0.000730
149  0.030403  0.009359  0.001012
150  -0.029618  0.003759  0.000891
151  -0.041012  0.018387  0.002020
152  0.028766  0.017694  0.001141
153  -0.036615  0.001173  0.001342
154  -0.008258  -0.007982  0.000132
155  -0.020936  0.014571  0.000651
156  0.056176  0.021146  0.003603
157  -0.012651  0.019498  0.000540
158  -0.004279  -0.019389  0.000394
159  -0.009528  0.029859  0.000982
160  0.030653  0.000036  0.000940
161  -0.012936  -0.004317  0.000186
162  -0.005068  0.043295  0.001900
163  -0.018514  -0.014823  0.000562
164  0.025842  0.025607  0.001324
165  -0.006976  -0.010597  0.000161
166  -0.044534  0.023337  0.002528
167  -0.035638  0.040212  0.002887
168  0.013945  0.006115  0.000232
169  0.006879  -0.003617  0.000060
170  -0.005868  -0.028147  0.000827
171  -0.002375  -0.016643  0.000283
172  0.012332  0.010185  0.000256
173  -0.022555  0.023398  0.001056
174  0.013376  0.011999  0.000323
175  0.013887  -0.023021  0.000723
176  -0.026661  0.028971  0.001550
177  -0.004312  0.006749  0.000064
178  -0.001810  0.043647  0.001908
179  -0.024747  0.020076  0.001015
180  -0.011695  -0.013327  0.000314
181  0.003462  0.011130  0.000136
182  0.004597  0.009519  0.000112
183  0.004833  0.016632  0.000300
184  0.004212  -0.019707  0.000406
185  -0.023437  -0.002288  0.000555
186  -0.021809  0.029288  0.001333
187  0.015408  -0.005754  0.000271
188  0.031177  -0.010281  0.001078
189  -0.015954  -0.019639  0.000640
190  -0.016043  -0.018207  0.000589
191  -0.005929  0.011271  0.000162
192  -0.030175  -0.024372  0.001505
193  0.036000  0.001987  0.001300
194  0.007806  0.006691  0.000106
195  0.051662  -0.026353  0.003363
196  0.017854  0.002065  0.000323
197  -0.032113  0.013845  0.001223
198  -0.016096  -0.020654  0.000686
199  -0.010773  -0.024803  0.000731
200  0.000312  -0.044509  0.001981
201  0.000071  0.002046  0.000004
202  -0.026470  0.008311  0.000770
203  -0.018813  -0.002279  0.000359
204  -0.006019  -0.003738  0.000050
205  -0.029057  0.001601  0.000847
206  -0.003251  0.010867  0.000129
207  0.000446  0.027656  0.000765
208  -0.038945  -0.002848  0.001525
209  0.008899  0.024020  0.000656
210  -0.026499  -0.012969  0.000870
211  -0.037629  0.005299  0.001444
212  -0.030799  -0.017811  0.001266
213  -0.005913  0.007410  0.000090
214  -0.013865  0.000152  0.000192
215  0.006843  -0.048433  0.002393
216  -0.043863  -0.017343  0.002225
217  0.003501  0.004334  0.000031
218  0.021503  0.028365  0.001267
219  -0.034793  -0.015944  0.001465
220  -0.028079  -0.017125  0.001082
221  -0.002116  0.009282  0.000091
222  -0.018034  -0.003258  0.000336
223  -0.018990  0.017271  0.000659
224  0.005671  0.002349  0.000038
225  -0.003239  0.006377  0.000051
226  0.029485  0.017429  0.001173
227  0.007607  -0.004418  0.000077
228  0.034378  0.014290  0.001386
229  0.032997  0.004207  0.001106
230  -0.015963  0.014105  0.000454
231  -0.038866  -0.004591  0.001532
232  0.012286  -0.013938  0.000345
233  0.000692  0.008487  0.000073
234  -0.016875  -0.017958  0.000607
235  -0.002487  -0.002557  0.000013
236  -0.003300  0.013699  0.000199
237  -0.042533  0.020994  0.002250
238  0.014561  0.029673  0.001093
239  0.025043  -0.001024  0.000628
240  -0.012329  0.032193  0.001188
241  0.034611  -0.006113  0.001235
242  0.029454  -0.033578  0.001995
243  -0.002721  0.003507  0.000020
244  0.011306  0.024680  0.000737
245  -0.004670  -0.024044  0.000600
246  0.015524  0.002477  0.000247
247  -0.002671  0.009388  0.000095
248  -0.004597  0.013684  0.000208
249  0.023406  0.001817  0.000551
250  -0.007279  -0.027241  0.000795
251  -0.001270  -0.013998  0.000198
252  -0.012276  0.025314  0.000791
253  -0.022529  0.029613  0.001384
254  0.033814  0.004175  0.001161
255  -0.064103  0.003106  0.004119
256  0.008123  0.014219  0.000268
257  0.005548  0.012017  0.000175
258  -0.019326  -0.000478  0.000374
259  -0.003368  -0.007935  0.000074
260  0.006547  -0.004493  0.000063
261  0.000549  0.017486  0.000306
262  -0.008330  0.007834  0.000131
263  0.010739  0.012358  0.000268
264  -0.017360  0.023156  0.000838
265  -0.022765  -0.003651  0.000532
266  -0.001467  -0.009760  0.000097
267  -0.013130  0.014562  0.000384
268  0.003479  0.006105  0.000049
269  0.029741  0.004423  0.000904
270  0.023229  0.001881  0.000543
271  0.000019  -0.002952  0.000009
272  0.001338  -0.018545  0.000346
273  -0.014854  -0.001462  0.000223
274  -0.008805  0.002663  0.000085
275  -0.008402  0.023519  0.000624
276  0.035324  -0.001232  0.001249
277  0.023448  0.004295  0.000568
278  -0.038333  0.020478  0.001889
279  0.004128  -0.026464  0.000717
280  -0.009588  0.047871  0.002384
281  -0.017734  0.019604  0.000699
282  0.000318  0.014558  0.000212
283  0.002167  -0.036130  0.001310
284  0.002128  0.003770  0.000019
285  -0.002959  0.005646  0.000041
286  0.005546  0.020437  0.000448
287  -0.011038  0.014575  0.000334
288  -0.029796  0.019300  0.001260
289  -0.004283  0.028384  0.000824
290  0.014955  0.016326  0.000490
291  -0.008662  -0.007266  0.000128
292  -0.004058  0.006554  0.000059
293  0.012965  -0.002008  0.000172
294  -0.015528  0.015677  0.000487
295  -0.001692  0.007517  0.000059
296  -0.001986  0.019630  0.000389
297  -0.003275  0.016685  0.000289
298  0.022044  0.021293  0.000939
299  -0.002107  -0.016293  0.000270
300  0.021468  0.001834  0.000464
301  -0.016767  -0.003744  0.000295
302  -0.035549  0.016765  0.001545
303  0.016665  0.005281  0.000306
304  -0.002224  -0.004476  0.000025
305  0.004710  -0.022203  0.000515
306  0.000630  0.012046  0.000146
307  0.020449  0.008015  0.000482
308  0.018763  -0.042412  0.002151
309  0.004997  0.012949  0.000193
310  0.022062  0.018491  0.000829
311  -0.001160  -0.023835  0.000569
312  0.005965  -0.012018  0.000180
313  -0.011229  0.020761  0.000557
314  0.015965  -0.004762  0.000278
315  0.007227  0.050296  0.002582
316  -0.025861  -0.004222  0.000687
317  0.004235  -0.009536  0.000109
318  0.009811  0.049513  0.002548
319  0.002930  0.018722  0.000359
320  -0.027841  -0.000341  0.000775
321  -0.004096  0.025748  0.000680
322  0.005899  0.020201  0.000443
323  0.046939  -0.003809  0.002218
324  0.012870  0.019005  0.000527
325  0.008780  0.008280  0.000146
326  0.018107  -0.011289  0.000455
327  -0.017361  0.011614  0.000436
328  0.002850  0.009049  0.000090
329  -0.016611  0.009041  0.000358
330  0.001925  0.002614  0.000011
331  -0.006226  -0.010574  0.000151
332  0.001831  -0.013964  0.000198
333  0.008511  0.020812  0.000506
334  0.010671  0.007520  0.000170
335  -0.000856  0.024989  0.000625
336  -0.008130  0.025443  0.000713
337  0.000903  0.014045  0.000198
338  0.025336  0.046629  0.002816
339  -0.011505  0.004000  0.000148
340  -0.021395  0.004039  0.000474
341  0.029306  0.027889  0.001637
342  -0.036740  0.021272  0.001802
343  0.006855  0.025657  0.000705
344  0.024617  0.018356  0.000943
345  0.010946  -0.034530  0.001312
346  -0.005803  0.036997  0.001402
347  -0.005823  -0.028669  0.000856
348  0.008876  0.011183  0.000204
349  -0.000623  0.006416  0.000042
350  -0.019246  -0.001242  0.000372
351  -0.005190  0.005818  0.000061
352  -0.007556  -0.014551  0.000269
353  0.012769  0.007159  0.000214
354  -0.006123  0.007631  0.000096
355  0.024746  0.015413  0.000850
356  -0.003892  0.005169  0.000042
357  -0.000101  -0.029390  0.000864
358  0.018814  0.027300  0.001099
359  0.009319  0.039278  0.001630
360  -0.035368  0.024299  0.001841
361  -0.017129  0.036615  0.001634
362  -0.023082  0.024091  0.001113
363  0.039255  0.029878  0.002434
364  0.012626  0.000221  0.000159
365  -0.017633  0.010251  0.000416
366  0.019547  0.017458  0.000687
367  -0.029652  -0.013047  0.001049
368  0.003249  0.002929  0.000019
369  -0.006042  -0.004745  0.000059
370  0.002759  0.008530  0.000080
371  -0.026743  -0.019613  0.001100
372  -0.024408  0.009697  0.000690
373  -0.022352  0.014815  0.000719
374  -0.029210  0.002112  0.000858
375  0.026214  0.017210  0.000983
376  -0.017623  -0.005474  0.000341
377  -0.008385  0.009256  0.000156
378  -0.003564  0.019212  0.000382
379  0.002947  0.023560  0.000564
380  -0.027661  0.008370  0.000835
381  -0.018556  0.026892  0.001067
382  -0.033596  0.000801  0.001129
383  -0.027338  0.010126  0.000850
384  -0.013927  0.026749  0.000909
385  -0.003248  -0.006189  0.000049
386  0.008593  0.022468  0.000579
387  0.006143  0.015076  0.000265
388  -0.010021  -0.001603  0.000103
389  -0.014180  0.010370  0.000309
390  0.046950  0.010754  0.002320
391  0.014581  0.027447  0.000966
392  0.007182  -0.019178  0.000419
393  -0.041634  0.015510  0.001974
394  -0.001304  -0.036367  0.001324
395  0.038393  -0.007096  0.001524
396  0.007211  0.044801  0.002059
397  0.005715  0.039136  0.001564
398  -0.022947  0.009041  0.000608
399  -0.009829  0.020629  0.000522
400  0.009504  0.024018  0.000667
401  -0.002825  -0.014915  0.000230
402  -0.016661  0.029347  0.001139
403  -0.000473  0.028242  0.000798
404  0.014212  0.015796  0.000451
405  -0.029430  0.010485  0.000976
406  -0.024203  0.022885  0.001109
407  -0.010397  -0.010340  0.000215
408  0.010029  0.030858  0.001053
409  -0.019751  -0.017113  0.000683
410  -0.009886  -0.004697  0.000120
411  -0.016833  -0.000573  0.000284
412  0.007090  0.000436  0.000050
413  0.000208  -0.005811  0.000034
414  -0.002560  0.018602  0.000353
415  0.027312  -0.007966  0.000809
416  -0.008504  -0.004610  0.000094
417  -0.007828  -0.038470  0.001541
418  0.055204  0.012876  0.003213
419  -0.010754  0.046152  0.002246
420  -0.010222  0.042405  0.001903
421  -0.032588  0.011444  0.001193
422  -0.000921  0.028908  0.000837
423  0.005932  0.014174  0.000236
424  -0.003686  0.001768  0.000017
425  -0.012085  0.000047  0.000146
426  0.011611  0.008421  0.000206
427  -0.019326  -0.004054  0.000390
428  -0.019433  0.011548  0.000511
429  -0.005070  -0.010145  0.000129
430  -0.029746  0.017619  0.001195
431  -0.000089  0.012631  0.000160
432  -0.010614  0.027409  0.000864
433  0.000762  -0.015155  0.000230
434  -0.006509  0.014531  0.000254
435  0.003629  -0.003378  0.000025
436  -0.020398  0.000628  0.000416
437  -0.012079  -0.007286  0.000199
438  -0.000092  0.029131  0.000849
439  0.008590  0.002925  0.000082
440  0.026344  -0.007546  0.000751
441  -0.046581  0.030023  0.003071
442  -0.023529  0.031893  0.001571
443  -0.008833  0.004890  0.000102
444  -0.005074  0.027145  0.000763
445  0.008717  -0.001971  0.000080
446  0.000095  0.005011  0.000025
447  -0.003863  -0.004260  0.000033
448  -0.017729  0.019823  0.000707
449  -0.026923  0.029222  0.001579
450  0.000782  0.000841  0.000001
451  -0.019789  0.015930  0.000645
452  -0.020905  0.020085  0.000840
453  -0.000648  0.020098  0.000404
454  0.012402  0.005593  0.000185
455  0.040054  -0.010402  0.001712
456  0.016518  0.012113  0.000420
457  -0.044106  -0.001513  0.001948
458  0.022925  -0.020942  0.000964
459  0.005422  -0.018385  0.000367
460  0.004774  -0.006553  0.000066
461  -0.017192  -0.005558  0.000326
462  0.000610  -0.001883  0.000004
463  -0.013412  0.003198  0.000190
464  -0.002934  0.011488  0.000141
465  0.025031  0.038712  0.002125
466  -0.013704  0.024848  0.000805
467  0.009896  0.010042  0.000199
468  -0.026695  -0.008831  0.000791
469  0.018322  -0.013658  0.000522
470  0.008562  0.054996  0.003098
471  -0.005795  0.005235  0.000061
472  -0.024791  0.003254  0.000625
473  0.019155  0.015289  0.000601
474  -0.018955  -0.019745  0.000749
475  -0.006992  0.011087  0.000172
476  0.004024  0.010127  0.000119
477  0.034402  -0.009136  0.001267
478  0.009418  0.007129  0.000140
479  -0.040093  0.001622  0.001610
480  -0.002566  -0.013436  0.000187
481  -0.009886  -0.016633  0.000374
482  -0.025297  -0.030785  0.001588
483  0.013002  0.018282  0.000503
484  -0.006976  0.025770  0.000713
485  -0.008234  0.014525  0.000279
486  -0.008803  0.012349  0.000230
487  0.006384  0.000797  0.000041
488  -0.012765  -0.005538  0.000194
489  0.003315  0.020129  0.000416
490  -0.000152  -0.003730  0.000014
491  0.015008  -0.008870  0.000304
492  -0.000712  -0.017716  0.000314
493  0.026524  -0.014659  0.000918
494  0.026146  0.001193  0.000685
495  -0.010749  0.025794  0.000781
496  -0.006796  -0.004336  0.000065
497  0.011938  0.006124  0.000180
498  -0.015407  -0.003880  0.000252
499  -0.004993  0.031059  0.000990
500  0.020370  -0.006849  0.000462
501  -0.021440  0.013542  0.000643
502  -0.002051  -0.003591  0.000017
503  0.023412  -0.002931  0.000557
504  0.018260  -0.006584  0.000377
505  -0.005215  0.037756  0.001453
506  0.014942  0.000077  0.000223
507  -0.001520  -0.010439  0.000111
508  0.000226  0.038982  0.001520
509  0.001549  0.010733  0.000118
510  -0.018760  -0.015961  0.000607
511  0.016383  0.009842  0.000365
512  -0.008593  0.006485  0.000116
513  0.006033  0.036774  0.001389
514  -0.027137  -0.010598  0.000849
515  -0.016752  0.004952  0.000305
516  -0.001255  -0.011876  0.000143
517  -0.008928  -0.014335  0.000285
518  0.039834  -0.008008  0.001651
519  -0.014485  0.026386  0.000906
520  0.002631  -0.001050  0.000008
521  0.023888  0.031787  0.001581
522  0.027654  0.017533  0.001072
523  0.006094  0.017614  0.000347
524  0.024242  0.004070  0.000604
525  0.007147  0.008365  0.000121
526  0.000305  0.004229  0.000018
527  0.014873  0.011940  0.000364
528  -0.024011  -0.013636  0.000762
529  0.005907  0.019332  0.000409
530  0.011547  -0.002415  0.000139
531  0.033998  -0.000490  0.001156
532  -0.019040  -0.025641  0.001020
533  0.013275  -0.009322  0.000263
534  0.015597  0.030801  0.001192
535  0.002894  0.025987  0.000684
536  -0.011862  0.023188  0.000678
537  0.002642  0.039019  0.001529
538  -0.022473  -0.003970  0.000521
539  -0.004356  0.019661  0.000406
540  0.003204  0.001465  0.000012
541  -0.018633  0.016185  0.000609
542  -0.002091  -0.002443  0.000010
543  0.018098  -0.000362  0.000328
544  0.007403  0.019760  0.000445
545  0.010946  -0.004221  0.000138
546  -0.015070  0.009198  0.000312
547  -0.001063  -0.011678  0.000137
548  -0.008012  0.016181  0.000326
549  -0.013333  -0.003073  0.000187
550  0.000117  0.031080  0.000966
551  -0.004377  0.019054  0.000382
552  -0.017403  -0.009186  0.000387
553  -0.028134  0.013556  0.000975
554  -0.021757  0.023164  0.001010
555  0.001792  -0.006001  0.000039
556  0.008197  0.005442  0.000097
557  -0.011766  0.012748  0.000301
558  0.006588  0.017609  0.000353
559  -0.014010  0.022245  0.000691
560  0.012875  0.007766  0.000226
561  -0.010699  0.026640  0.000824
562  -0.023930  0.007944  0.000636
563  0.021380  0.002902  0.000466
564  -0.012859  0.014249  0.000368
565  -0.006048  0.011447  0.000168
566  -0.036190  -0.018010  0.001634
567  0.003091  0.032888  0.001091
568  -0.010456  0.018834  0.000464
569  -0.021548  0.027251  0.001207
570  -0.016421  -0.002170  0.000274
571  0.011792  0.018650  0.000487
572  0.005736  0.011222  0.000159
573  -0.004355  0.017915  0.000340
574  -0.007771  -0.006696  0.000105
575  -0.026253  0.011011  0.000810
576  0.004260  -0.000246  0.000018
577  -0.000005  0.013634  0.000186
578  -0.000293  0.032141  0.001033
579  0.018311  0.020643  0.000761
580  -0.014419  0.001209  0.000209
581  0.003024  0.014301  0.000214
582  0.002065  -0.024997  0.000629
583  0.009452  -0.007926  0.000152
584  -0.013187  0.008923  0.000254
585  0.001705  0.014235  0.000206
586  0.031630  0.023758  0.001565
587  0.021445  0.006479  0.000502
588  -0.001431  -0.004887  0.000026
589  0.009370  -0.025245  0.000725
590  -0.030527  0.015260  0.001165
591  -0.008002  -0.046071  0.002187
592  -0.013465  -0.016058  0.000439
593  0.008855  0.034659  0.001280
594  -0.016506  0.026592  0.000980
595  -0.018729  0.016180  0.000613
596  -0.005481  -0.009085  0.000113
597  0.014211  0.020375  0.000617
598  0.004162  0.009228  0.000102
599  0.006777  -0.017810  0.000363
600  0.005703  0.010565  0.000144
601  -0.012625  -0.013943  0.000354
602  -0.002089  0.033903  0.001154
603  -0.017048  0.003133  0.000300
604  0.007393  -0.008350  0.000124
605  -0.010838  -0.028199  0.000913
606  -0.017042  0.039157  0.001824
607  0.006128  0.037832  0.001469
608  0.014315  -0.004435  0.000225
609  -0.009148  0.026295  0.000775
610  0.003586  0.012121  0.000160
611  0.002441  -0.000998  0.000007
612  -0.004964  -0.015654  0.000270
613  0.004558  0.004133  0.000038
614  0.026045  0.006790  0.000724
615  0.002874  0.025486  0.000658
616  -0.018613  0.004807  0.000370
617  -0.019630  -0.002519  0.000392
618  0.024047  -0.024163  0.001162
619  0.004695  -0.018643  0.000370
620  -0.004249  0.021088  0.000463
621  -0.011938  0.014175  0.000343
622  0.015655  -0.001284  0.000247
623  -0.010855  0.016619  0.000394
624  0.002870  0.036871  0.001368
625  0.010642  -0.011394  0.000243
626  0.001418  0.007877  0.000064
627  -0.023887  -0.008699  0.000646
628  0.001611  0.009791  0.000098
629  -0.021102  0.017945  0.000767
630  0.001639  -0.003414  0.000014
631  0.001498  -0.040743  0.001662
632  -0.015909  0.008387  0.000323
633  0.003756  -0.025728  0.000676
634  -0.013497  0.030190  0.001094
635  -0.016618  0.004885  0.000300
636  0.029403  0.004322  0.000883
637  -0.007442  0.008828  0.000133
638  -0.015977  0.023929  0.000828
639  -0.022612  -0.020710  0.000940
640  0.021416  0.008564  0.000532
641  -0.011691  0.017211  0.000433
642  -0.013882  -0.016643  0.000470
643  0.009750  0.006154  0.000133
644  -0.022470  0.011986  0.000649
645  -0.015849  0.015858  0.000503
646  -0.001222  0.001979  0.000005
647  -0.001630  -0.011156  0.000127
648  -0.012462  0.021212  0.000605
649  -0.009155  -0.006651  0.000128
650  -0.013140  -0.025448  0.000820
651  0.008847  -0.001368  0.000080
652  0.041725  0.017695  0.002054
653  -0.014237  -0.013225  0.000378
654  -0.005878  0.055676  0.003134
655  -0.007315  0.000859  0.000054
656  0.000163  -0.004886  0.000024
657  -0.016653  0.021348  0.000733
658  0.009062  0.013431  0.000263
659  -0.001844  -0.013486  0.000185
660  0.034240  -0.008003  0.001236
661  -0.014515  0.008326  0.000280
662  0.004140  0.006874  0.000064
663  -0.007089  -0.032826  0.001128
664  0.013366  0.010641  0.000292
665  0.007882  0.024145  0.000645
666  0.043116  -0.017591  0.002168
667  -0.010756  0.028555  0.000931
668  0.007548  0.009696  0.000151
669  0.021750  -0.006880  0.000520
670  -0.026661  0.016383  0.000979
671  -0.009123  0.002255  0.000088
672  -0.007888  0.027620  0.000825
673  -0.007146  -0.003417  0.000063
674  0.017905  -0.002718  0.000328
675  -0.017115  -0.002473  0.000299
676  0.021851  -0.010417  0.000586
677  -0.021017  0.016001  0.000698
678  0.031715  0.012780  0.001169
679  -0.000961  -0.006098  0.000038
680  0.028185  0.005317  0.000823
681  -0.018035  0.010296  0.000431
682  0.002189  -0.014299  0.000209
683  0.000689  -0.024516  0.000601
684  0.009411  -0.000554  0.000089
685  -0.027672  -0.020344  0.001180
686  0.020854  0.009839  0.000532
687  -0.028943  -0.000565  0.000838
688  -0.006564  0.033316  0.001153
689  -0.009518  0.003459  0.000103
690  -0.021427  -0.010306  0.000565
691  0.004342  -0.046976  0.002226
692  -0.002141  -0.004734  0.000027
693  0.022093  -0.009010  0.000569
694  0.046247  0.008478  0.002211
695  -0.015585  -0.024932  0.000864
696  -0.013155  0.007658  0.000232
697  -0.001721  0.049693  0.002472
698  0.011243  0.002210  0.000131
699  0.007299  0.031299  0.001033
700  -0.012767  0.031240  0.001139
701  -0.001053  0.012439  0.000156
702  -0.013030  0.025941  0.000843
703  -0.015556  0.014502  0.000452
704  0.004769  -0.005493  0.000053
705  -0.042233  -0.008786  0.001861
706  0.001990  0.016174  0.000266
707  -0.030600  0.006319  0.000976
708  0.020652  0.023873  0.000996
709  -0.003668  -0.011431  0.000144
710  0.000692  0.025088  0.000630
711  0.014676  -0.000394  0.000216
712  0.023672  0.014057  0.000758
713  0.041602  0.037587  0.003144
714  0.002937  -0.000238  0.000009
715  -0.016120  -0.002614  0.000267
716  0.003241  0.012604  0.000169
717  0.005260  0.014767  0.000246
718  -0.009101  0.013621  0.000268
719  -0.023582  0.056695  0.003770
720  0.003405  0.023253  0.000552
721  0.001294  -0.024214  0.000588
722  0.014074  -0.004650  0.000220
723  0.014975  0.022831  0.000746
724  -0.006064  0.006425  0.000078
725  -0.022101  0.024294  0.001079
726  -0.036695  -0.006906  0.001394
727  -0.010897  -0.026643  0.000829
728  -0.018699  0.030418  0.001275
729  0.001934  0.032331  0.001049
730  -0.010123  0.022087  0.000590
731  -0.014900  0.018080  0.000549
732  0.040366  0.024338  0.002222
733  0.005604  -0.014963  0.000255
734  -0.009802  0.000464  0.000096
735  0.041325  0.031394  0.002693
736  0.013942  -0.009477  0.000284
737  0.019816  0.012959  0.000561
738  0.030172  -0.010902  0.001029
739  0.025498  -0.004322  0.000669
740  -0.046212  0.064299  0.006270
741  -0.017588  -0.008539  0.000382
742  -0.010037  0.018959  0.000460
743  0.038592  0.024399  0.002085
744  0.011265  0.028110  0.000917
745  0.030282  -0.025106  0.001547
746  0.021986  0.035930  0.001774
747  0.001369  0.021464  0.000463
748  0.009934  0.021494  0.000561
749  0.016308  -0.012609  0.000425
750  -0.022580  0.007214  0.000562
751  0.010614  0.011121  0.000236
752  -0.012913  -0.002063  0.000171
753  0.006169  0.005837  0.000072
754  -0.004781  -0.001399  0.000025
755  0.011174  -0.009155  0.000209
756  0.016702  0.001331  0.000281
757  -0.017494  -0.016437  0.000576
758  -0.012062  0.008161  0.000212
759  -0.034136  -0.000948  0.001166
760  0.034684  0.021555  0.001668
761  -0.014900  0.008023  0.000286
762  0.004500  0.003660  0.000034
763  0.016254  0.017066  0.000555
764  0.009973  0.023055  0.000631
765  -0.007956  0.005670  0.000095
766  0.012634  -0.000173  0.000160
767  -0.012776  -0.000294  0.000163
768  0.034964  -0.002970  0.001231
769  -0.002143  -0.027498  0.000761
770  -0.030003  0.025476  0.001549
771  0.008186  0.001021  0.000068
772  -0.005558  0.005653  0.000063
773  0.023885  0.018315  0.000906
774  0.009883  0.014106  0.000297
775  0.022220  0.011709  0.000631
776  0.000786  -0.000298  0.000001
777  -0.029171  -0.027621  0.001614
778  -0.003405  0.030912  0.000967
779  0.012609  0.021011  0.000600
780  -0.003556  -0.009989  0.000112
781  0.034135  0.030892  0.002120
782  -0.021193  0.000528  0.000449
783  0.018652  0.002932  0.000357
784  0.010216  -0.012258  0.000255
785  0.013328  0.033909  0.001327
786  0.016681  0.018159  0.000608
787  0.005021  -0.023113  0.000559
788  0.006094  0.016276  0.000302
789  -0.019568  -0.045542  0.002457
790  -0.013898  -0.002971  0.000202
791  -0.022614  0.009892  0.000609
792  -0.002777  0.014302  0.000212
793  0.031607  0.011064  0.001121
794  0.014359  0.004016  0.000222
795  0.004135  0.001884  0.000021
796  0.020067  0.026383  0.001099
797  -0.037290  -0.014258  0.001594
798  -0.002464  0.013859  0.000198
799  0.011818  0.010847  0.000257
800  0.017530  0.007510  0.000364
801  0.010934  0.018314  0.000455
802  0.005779  -0.019859  0.000428
803  0.012253  0.017365  0.000452
804  -0.012632  0.017861  0.000479
805  0.011117  0.026811  0.000842
806  -0.032650  0.033535  0.002191
807  -0.048066  0.022609  0.002822
808  -0.007802  0.002910  0.000069
809  0.036430  0.031379  0.002312
810  0.014695  -0.008222  0.000284
811  -0.015007  -0.025713  0.000886
812  0.001085  -0.004400  0.000021
813  0.019610  0.017531  0.000692
814  -0.010164  0.000008  0.000103
815  -0.013666  0.022696  0.000702
816  0.003856  0.037046  0.001387
817  0.005514  0.005230  0.000058
818  -0.001253  -0.007956  0.000065
819  -0.006280  0.000098  0.000039
820  0.009633  0.033735  0.001231
821  0.012249  -0.007602  0.000208
822  -0.007021  0.047478  0.002303
823  0.000217  0.044525  0.001983
824  -0.006526  -0.004897  0.000067
825  -0.000934  0.022529  0.000508
826  0.006422  0.033009  0.001131
827  0.014779  0.021101  0.000664
828  0.041067  -0.017735  0.002001
829  -0.010591  0.020793  0.000545
830  0.002766  0.015822  0.000258
831  -0.026728  -0.005629  0.000746
832  0.014378  0.016256  0.000471
833  -0.010171  0.007468  0.000159
834  -0.019793  -0.026540  0.001096
835  0.007039  -0.006149  0.000087
836  0.039360  0.017958  0.001872
837  -0.023051  0.034964  0.001754
838  0.001894  0.005447  0.000033
839  0.027165  -0.006428  0.000779
840  0.011159  0.039352  0.001673
841  -0.004707  -0.009176  0.000106
842  0.011680  -0.024963  0.000760
843  0.003167  0.047744  0.002289
844  0.007844  0.007690  0.000121
845  0.004379  0.040788  0.001683
846  0.011968  0.002991  0.000152
847  0.016653  -0.011186  0.000402
848  0.019043  -0.014496  0.000573
849  0.006288  0.002608  0.000046
850  0.023881  0.014163  0.000771
851  0.018268  0.040319  0.001959
852  -0.014379  0.009353  0.000294
853  0.002743  -0.002862  0.000016
854  -0.029590  0.018484  0.001217
855  -0.009461  -0.014831  0.000309
856  -0.006963  0.018143  0.000378
857  0.024414  0.021405  0.001054
858  0.007386  -0.010730  0.000170
859  0.009967  0.002854  0.000107
860  -0.000669  0.014101  0.000199
861  -0.009504  0.033348  0.001202
862  -0.006995  0.050507  0.002600
863  -0.028887  0.016722  0.001114
864  -0.012234  -0.013496  0.000332
865  0.020846  0.025580  0.001089
866  -0.012452  -0.016050  0.000413
867  -0.011193  0.025107  0.000756
868  0.041952  0.020156  0.002166
869  0.008373  0.006890  0.000118
870  0.009602  -0.000983  0.000093
871  0.007486  -0.024062  0.000635
872  0.036194  -0.009208  0.001395
873  0.026863  0.009595  0.000814
874  0.024555  0.000531  0.000603
875  -0.006214  -0.006067  0.000075
876  -0.011875  0.003414  0.000153
877  -0.010617  0.014802  0.000332
878  -0.018518  -0.008933  0.000423
879  -0.001220  0.031767  0.001011
880  0.001871  -0.017884  0.000323
881  0.012658  -0.001739  0.000163
882  0.012664  0.001838  0.000164
883  -0.028299  0.019516  0.001182
884  -0.016079  -0.019707  0.000647
885  -0.011773  -0.016635  0.000415
886  -0.012897  -0.012571  0.000324
887  0.036228  -0.005294  0.001341
888  0.012180  -0.005827  0.000182
889  0.008529  0.016873  0.000357
890  0.025526  0.045577  0.002729
891  0.012740  0.001055  0.000163
892  0.018369  0.021037  0.000780
893  -0.002979  0.002888  0.000017
894  -0.008242  -0.011045  0.000190
895  0.004830  -0.009122  0.000107
896  0.032486  0.018724  0.001406
897  0.026063  0.017296  0.000978
898  -0.028739  -0.001710  0.000829
899  -0.013117  0.017469  0.000477
900  -0.022125  -0.017303  0.000789
901  -0.002012  0.008222  0.000072
902  -0.007380  -0.004209  0.000072
903  0.022518  -0.003160  0.000517
904  -0.001213  0.026214  0.000689
905  0.013339  0.017487  0.000484
906  0.034379  0.010251  0.001287
907  -0.035814  0.000391  0.001283
908  -0.013260  0.034312  0.001353
909  0.011694  -0.042381  0.001933
910  0.029957  -0.007492  0.000954
911  0.027261  0.010027  0.000844
912  0.038226  0.006836  0.001508
913  -0.008099  0.000899  0.000066
914  0.030724  -0.001467  0.000946
915  0.024941  0.026836  0.001342
916  0.016150  0.016157  0.000522
917  -0.009380  -0.005941  0.000123
918  0.015928  0.035296  0.001499
919  -0.006102  -0.006932  0.000085
920  -0.006810  -0.000602  0.000047
921  -0.009022  -0.002419  0.000087
922  0.016056  0.011765  0.000396
923  -0.027383  -0.001703  0.000753
924  -0.018659  -0.000687  0.000349
925  0.041988  -0.002295  0.001768
926  -0.024731  -0.016349  0.000879
927  -0.033027  -0.003499  0.001103
928  0.004903  -0.006165  0.000062
929  -0.014316  -0.003630  0.000218
930  0.017558  0.050025  0.002811
931  0.001036  0.002115  0.000006
932  -0.013000  -0.048196  0.002492
933  0.011244  0.025428  0.000773
934  0.009368  0.042282  0.001876
935  -0.020716  0.019117  0.000795
936  0.004390  0.006236  0.000058
937  -0.014903  0.017096  0.000514
938  0.044971  -0.040726  0.003681
939  0.022940  0.021996  0.001010
940  -0.009640  0.004155  0.000110
941  -0.002712  0.016257  0.000272
942  -0.012135  0.001438  0.000149
943  0.020280  -0.045554  0.002486
944  -0.002865  0.006315  0.000048
945  -0.006985  -0.059187  0.003552
946  -0.000636  0.004588  0.000021
947  -0.011173  0.036351  0.001446
948  -0.000902  -0.009345  0.000088
949  -0.020419  0.010033  0.000518
950  0.029870  0.011540  0.001025
951  0.008688  -0.013167  0.000249
952  0.027575  0.022869  0.001283
953  0.018365  -0.029427  0.001203
954  -0.008969  0.030384  0.001004
955  -0.007503  0.000785  0.000057
956  0.001224  -0.036498  0.001334
957  0.006448  -0.002669  0.000049
958  0.012724  -0.003668  0.000175
959  0.045436  0.017414  0.002368
960  0.017052  -0.012591  0.000449
961  -0.006125  -0.033221  0.001141
962  0.033958  -0.004295  0.001172
963  0.013533  0.055484  0.003262
964  0.013202  -0.004207  0.000192
965  -0.030184  0.005555  0.000942
966  0.048197  0.038327  0.003792
967  0.007641  0.009299  0.000145
968  -0.004338  0.022306  0.000516
969  0.050012  -0.010869  0.002619
970  0.011989  0.014809  0.000363
971  -0.010663  0.017697  0.000427
972  -0.015293  0.036139  0.001540
973  -0.019783  -0.012534  0.000548
974  0.048936  -0.001975  0.002399
975  0.011817  0.014710  0.000356
976  0.008067  0.002637  0.000072
977  0.022979  0.001731  0.000531
978  0.007967  0.036562  0.001400
979  -0.036875  -0.021788  0.001834
980  -0.005393  -0.024927  0.000650
981  -0.002263  -0.000291  0.000005
982  0.020682  -0.009810  0.000524
983  0.015830  -0.003244  0.000261
984  0.023424  0.016823  0.000832
985  0.019544  -0.018163  0.000712
986  -0.002866  0.009408  0.000097
987  0.039203  -0.035719  0.002813
988  0.060851  -0.034660  0.004904
989  0.042919  -0.020775  0.002274
990  -0.007677  0.022354  0.000559
991  0.015366  -0.025275  0.000875
992  0.018514  -0.005687  0.000375
993  -0.020792  0.028657  0.001254
994  0.029206  0.037585  0.002266
995  -0.010851  -0.027395  0.000868
996  -0.000966  0.049242  0.002426
997  -0.002251  0.029102  0.000852
998  -0.000454  0.010621  0.000113
999  0.043167  0.032171  0.002898
1000  0.023669  0.028332  0.001363
1001  0.006181  -0.007396  0.000093
1002  0.023206  -0.009308  0.000625
1003  0.016070  0.018380  0.000596
1004  0.015382  0.018061  0.000563
1005  0.013317  0.027172  0.000916
1006  -0.011213  -0.012360  0.000278
1007  -0.033831  -0.007306  0.001198
1008  -0.020397  0.004836  0.000439
1009  -0.006176  -0.011866  0.000179
1010  -0.065571  0.001750  0.004303
1011  0.018431  0.014876  0.000561
1012  -0.014190  -0.002404  0.000207
1013  0.022784  -0.045451  0.002585
1014  0.000303  0.033168  0.001100
1015  0.011857  0.011818  0.000280
1016  0.029895  0.054653  0.003881
1017  -0.001438  0.009632  0.000095
1018  0.002311  -0.004450  0.000025
1019  -0.014630  -0.002948  0.000223
1020  0.018828  0.005953  0.000390
1021  0.022597  0.014870  0.000732
1022  -0.022470  -0.010498  0.000615
1023  -0.006076  0.022991  0.000566
1024  0.004498  -0.046515  0.002184
1025  0.012552  -0.009078  0.000240
1026  0.014184  -0.005243  0.000229
1027  0.033792  -0.011091  0.001265
1028  0.037385  0.012335  0.001550
1029  0.019436  0.009273  0.000464
1030  0.004765  0.004117  0.000040
1031  0.013395  0.021904  0.000659
1032  0.015922  -0.005765  0.000287
1033  0.017200  -0.021049  0.000739
1034  0.004929  0.007194  0.000076
1035  -0.006399  -0.008551  0.000114
1036  -0.011120  0.016180  0.000385
1037  -0.027741  -0.009168  0.000854
1038  -0.002451  -0.007056  0.000056
1039  0.059048  0.033763  0.004627
1040  0.016668  -0.018388  0.000616
1041  0.004307  -0.014655  0.000233
1042  -0.062763  0.026364  0.004634
1043  -0.025113  -0.013823  0.000822
1044  -0.020176  0.007956  0.000470
1045  0.008241  0.033681  0.001202
1046  -0.018315  0.003533  0.000348
1047  -0.006209  -0.004787  0.000061
1048  -0.010896  -0.001088  0.000120
1049  -0.000262  -0.016377  0.000268
1050  -0.008610  -0.000843  0.000075
1051  -0.015287  0.023726  0.000797
1052  -0.030540  -0.020577  0.001356
1053  -0.029895  -0.038284  0.002359
1054  -0.004679  0.008868  0.000101
1055  0.002506  -0.052335  0.002745
1056  -0.046246  0.000788  0.002139
1057  -0.004734  0.012949  0.000190
1058  0.013520  -0.003921  0.000198
1059  0.021617  0.010297  0.000573
1060  0.006049  0.017443  0.000341
1061  0.016659  0.001716  0.000280
1062  0.019919  0.012472  0.000552
1063  0.000844  0.042271  0.001788
1064  -0.005953  -0.023421  0.000584
1065  0.004652  0.024173  0.000606
1066  -0.022102  0.015995  0.000744
1067  -0.013543  0.024019  0.000760
1068  0.035767  -0.007991  0.001343
1069  0.029519  0.016013  0.001128
1070  -0.020139  -0.013517  0.000588
1071  -0.027938  -0.024617  0.001387
1072  0.031411  0.000621  0.000987
1073  0.058163  0.043982  0.005317
1074  0.002008  -0.020713  0.000433
1075  -0.033111  0.032264  0.002137
1076  0.013399  -0.027320  0.000926
1077  0.061477  0.023306  0.004323
1078  0.033486  0.019466  0.001500
1079  -0.017163  0.021694  0.000765
1080  -0.025583  0.037007  0.002024
1081  -0.046460  0.036360  0.003481
1082  0.006574  0.042056  0.001812
1083  0.006003  0.013702  0.000224
1084  -0.024134  0.018874  0.000939
1085  -0.005125  -0.021271  0.000479
1086  -0.010355  0.010554  0.000219
1087  -0.000968  0.029845  0.000892
1088  0.030919  -0.000240  0.000956
1089  0.000381  0.020311  0.000413
1090  0.049377  -0.024339  0.003031
1091  0.010099  -0.001911  0.000106
1092  -0.011329  0.002911  0.000137
1093  0.027697  0.008231  0.000835
1094  0.006442  0.028776  0.000870
1095  -0.008344  0.029835  0.000960
1096  0.011843  0.002107  0.000145
1097  0.082774  -0.003908  0.006867
1098  0.019096  -0.040941  0.002041
1099  0.017911  0.003070  0.000330
1100  0.035907  -0.069200  0.006078
1101  0.045079  0.011959  0.002175
1102  0.009434  -0.012694  0.000250
1103  0.045990  0.020932  0.002553
1104  0.000116  0.000718  0.000001
1105  0.034937  0.010734  0.001336
1106  -0.042140  -0.024821  0.002392
1107  0.014240  0.013018  0.000372
1108  0.033199  0.023802  0.001669
1109  -0.001077  0.015711  0.000248
1110  -0.001893  -0.026146  0.000687
1111  0.019720  -0.010673  0.000503
1112  0.048117  -0.013170  0.002489
1113  -0.007471  0.030863  0.001008
1114  0.026224  -0.003383  0.000699
1115  -0.003594  0.067413  0.004557
1116  -0.046641  -0.028669  0.002997
1117  0.045121  0.013629  0.002222
1118  0.003445  -0.006991  0.000061
1119  -0.011624  0.045270  0.002184
1120  0.007736  0.016336  0.000327
1121  -0.018819  0.061149  0.004093
1122  0.049885  0.011083  0.002611
1123  -0.032515  -0.015633  0.001302
1124  0.035939  0.020036  0.001693
1125  0.039559  -0.006486  0.001607
1126  -0.015634  0.025400  0.000890
1127  0.022893  0.007290  0.000577
1128  0.034581  -0.037300  0.002587
1129  0.009718  0.002793  0.000102
1130  0.009120  0.007607  0.000141
1131  0.025315  -0.046527  0.002806
1132  0.003489  0.004261  0.000030
1133  0.017037  0.012946  0.000458
1134  0.014320  0.009721  0.000300
1135  -0.009045  0.038958  0.001600
1136  0.008380  0.021502  0.000533
1137  -0.002346  0.007400  0.000060
1138  -0.004928  0.004290  0.000043
1139  -0.024412  0.077760  0.006643
1140  0.006704  -0.010346  0.000152
1141  0.050298  0.007743  0.002590
1142  -0.012816  0.005821  0.000198
1143  0.039899  0.019329  0.001966
1144  -0.003792  0.023873  0.000584
1145  0.043969  0.001566  0.001936
1146  -0.007898  -0.010744  0.000178
1147  0.006893  0.018074  0.000374
1148  0.025237  0.000045  0.000637
1149  0.026884  0.024526  0.001324
1150  0.006021  0.008049  0.000101
1151  -0.037986  -0.015511  0.001684
1152  -0.014556  0.018220  0.000544
1153  0.031519  0.028502  0.001806
1154  0.019070  0.024514  0.000965
1155  0.029100  -0.023320  0.001391
1156  0.025374  0.018948  0.001003
1157  -0.041924  0.015270  0.001991
1158  -0.007359  -0.016870  0.000339
1159  -0.021084  0.005247  0.000472
1160  0.000809  0.009728  0.000095
1161  -0.065767  0.012764  0.004488
1162  0.052955  0.036890  0.004165
1163  -0.018296  0.031546  0.001330
1164  0.064559  0.018081  0.004495
1165  -0.004512  -0.034668  0.001222
1166  0.035259  0.010093  0.001345
1167  -0.024806  0.036004  0.001912
1168  0.014859  0.074892  0.005830
1169  -0.029056  0.031104  0.001812
1170  0.006270  0.009913  0.000138
1171  -0.006788  0.020069  0.000449
1172  -0.007709  0.053858  0.002960
1173  -0.003997  0.008806  0.000094
1174  -0.067784  -0.012841  0.004760
1175  0.009109  -0.029315  0.000942
1176  -0.033433  0.062323  0.005002
1177  -0.003290  -0.002532  0.000017
1178  0.024718  -0.000115  0.000611
1179  0.013347  -0.024764  0.000791
1180  0.007548  0.044545  0.002041
1181  0.019550  -0.061528  0.004168
1182  0.012488  -0.045495  0.002226
1183  -0.007353  0.018993  0.000415
1184  0.032271  -0.022867  0.001564
1185  0.031001  0.016359  0.001229
1186  -0.006602  0.037052  0.001416
1187  0.030366  -0.005500  0.000952
1188  0.009106  0.031040  0.001046
1189  0.009379  -0.029208  0.000941
1190  0.042937  0.025057  0.002471
1191  0.050239  -0.021769  0.002998
1192  0.034389  -0.023795  0.001749
1193  -0.019436  0.031446  0.001367
1194  0.034016  -0.046486  0.003318
1195  0.002643  0.005713  0.000040
1196  -0.034007  0.001245  0.001158
1197  -0.010917  -0.010915  0.000238
1198  0.019815  -0.010245  0.000498
1199  0.084880  0.007075  0.007255
1200  -0.040660  -0.008459  0.001725
1201  0.028289  0.020336  0.001214
1202  -0.043661  -0.048680  0.004276
1203  0.076776  0.043331  0.007772
1204  -0.046376  -0.023329  0.002695
1205  0.002701  0.036343  0.001328
1206  -0.018362  -0.020814  0.000770
1207  -0.037862  0.077084  0.007375
1208  -0.028876  -0.014707  0.001050
1209  -0.014483  -0.021541  0.000674
1210  0.001327  0.028581  0.000819
1211  -0.010275  0.015594  0.000349
1212  -0.015444  0.018297  0.000573
1213  -0.062701  0.016287  0.004197
1214  -0.083816  -0.017210  0.007321
1215  0.005896  0.014202  0.000236
1216  0.033081  0.061157  0.004834
1217  0.111538  -0.043829  0.014362
1218  0.024859  0.026581  0.001325
1219  -0.004700  0.042998  0.001871
1220  0.028739  0.011270  0.000953
1221  0.039545  0.058484  0.004984
1222  0.095916  -0.023045  0.009731
1223  -0.003975  0.060380  0.003662
1224  0.083834  0.007940  0.007091
1225  -0.003695  0.021876  0.000492
1226  -0.042331  0.019166  0.002159
1227  0.014123  0.015175  0.000430
1228  0.051150  -0.015635  0.002861
1229  0.001754  0.029930  0.000899
1230  0.002081  -0.009792  0.000100
1231  0.017570  0.023886  0.000879
1232  -0.001275  -0.009048  0.000083
1233  0.034711  -0.039909  0.002798
1234  0.041646  -0.026054  0.002413
1235  -0.037954  0.048722  0.003814
1236  0.082457  0.039322  0.008345
1237  -0.002774  0.024663  0.000616
1238  0.038662  0.005708  0.001527
1239  -0.027583  0.037910  0.002198
1240  0.011194  0.022588  0.000636
1241  0.109587  -0.039943  0.013605
1242  0.035081  0.033828  0.002375
1243  0.038810  -0.018248  0.001839
1244  0.061680  -0.024950  0.004427
1245  -0.022288  0.008221  0.000564
1246  -0.005584  0.091374  0.008380
1247  -0.012296  0.028397  0.000958
1248  -0.033683  -0.000519  0.001135
1249  0.017377  0.056609  0.003507
1250  0.039233  0.038271  0.003004
1251  0.109929  0.052747  0.014867
1252  -0.027013  0.066809  0.005193
1253  0.012097  0.051957  0.002846
1254  0.010628  -0.051747  0.002791
1255  -0.070551  -0.009658  0.005071
1256  0.086721  -0.014554  0.007732
1257  -0.006166  -0.005906  0.000073
1258  0.037281  0.011881  0.001531
1259  -0.028823  0.001637  0.000833
1260  0.024501  0.006379  0.000641
1261  0.025635  0.034100  0.001820
1262  -0.014455  0.026693  0.000921
1263  0.044987  0.008856  0.002102
1264  -0.043381  0.110434  0.014078
1265  -0.002241  0.044381  0.001975
1266  0.107555  0.016158  0.011829
1267  0.012034  0.061037  0.003870
1268  -0.011834  0.044276  0.002100
1269  0.008332  0.066073  0.004435
1270  -0.037775  0.139073  0.020768
1271  -0.028160  0.039703  0.002369
1272  -0.055092  0.021604  0.003502
1273  0.032633  -0.011502  0.001197
1274  -0.019331  -0.032746  0.001446
1275  0.021698  0.047112  0.002690
1276  0.105773  0.032560  0.012248
1277  0.117281  0.053249  0.016590
1278  0.045129  -0.034243  0.003209
1279  0.014676  0.024941  0.000837
1280  -0.019607  0.050120  0.002896
1281  0.094123  -0.056862  0.012092
1282  0.104087  0.058905  0.014304
1283  -0.088419  -0.008762  0.007895
1284  -0.003879  -0.107247  0.011517
1285  -0.011971  0.057804  0.003485
1286  0.053739  -0.051371  0.005527
1287  0.020170  0.060468  0.004063
1288  -0.044730  0.047980  0.004303
1289  0.055827  0.042368  0.004912
1290  0.031647  0.068966  0.005758
1291  0.041654  0.045367  0.003793
1292  0.033350  -0.016868  0.001397
1293  0.041437  -0.021998  0.002201
1294  -0.051428  -0.010225  0.002749
1295  -0.054511  0.005856  0.003006
1296  -0.013345  -0.096644  0.009518
1297  0.158240  0.028038  0.025826
1298  0.028970  0.071979  0.006020
1299  -0.053485  0.018516  0.003204
1300  -0.042491  -0.054339  0.004758
1301  0.040254  0.019079  0.001984
1302  0.056501  -0.027827  0.003967
1303  -0.020776  0.063714  0.004491
1304  -0.020273  -0.026260  0.001101
1305  0.029388  0.122469  0.015862
1306  0.022757  0.044972  0.002540
1307  0.044649  0.019941  0.002391
1308  -0.116734  0.104090  0.024462
1309  0.000281  0.082111  0.006742
1310  0.033781  0.086904  0.008693
1311  0.018584  0.002634  0.000352
1312  -0.006899  0.063325  0.004058
1313  0.022399  -0.001660  0.000504
1314  0.125022  0.045805  0.017729
1315  0.207609  -0.020121  0.043506
1316  -0.066906  0.034968  0.005699
1317  -0.003835  -0.000980  0.000016
1318  0.064912  -0.000551  0.004214
1319  0.083196  0.084342  0.014035
1320  0.044102  0.194728  0.039864
1321  -0.061679  -0.013192  0.003978
1322  0.062296  -0.067287  0.008408
1323  -0.073152  0.084426  0.012479
1324  0.012503  0.001727  0.000159
1325  -0.123222  -0.048747  0.017560
1326  0.004873  -0.120548  0.014556
1327  0.062771  0.066486  0.008361
1328  0.084207  0.029834  0.007981
1329  0.033037  0.140845  0.020929
1330  0.041392  0.025026  0.002340
1331  0.072019  -0.033360  0.006300
1332  0.058061  0.000071  0.003371
1333  0.084461  -0.039408  0.008687
1334  0.071155  0.111396  0.017472
1335  0.001333  -0.020683  0.000430
1336  -0.032677  -0.048457  0.003416
1337  0.099751  0.043045  0.011803
1338  0.060401  -0.014572  0.003861
1339  0.074399  0.122600  0.020566
1340  -0.117899  0.043248  0.015771
1341  -0.021199  0.040477  0.002088
1342  0.035155  -0.187655  0.036450
1343  0.083559  0.246000  0.067498
1344  -0.034775  0.020084  0.001613
1345  0.001409  -0.081115  0.006582
1346  -0.052407  -0.095387  0.011845
1347  0.176688  -0.113544  0.044111
1348  -0.100686  -0.068781  0.014868
1349  0.044709  0.006887  0.002046
1350  0.031719  -0.142577  0.021334
1351  0.314653  0.033728  0.100144
1352  0.023800  0.225797  0.051551
1353  -0.075976  0.039688  0.007347
1354  -0.101066  -0.010955  0.010334
1355  0.024860  -0.019255  0.000989
1356  -0.070154  -0.044872  0.006935
1357  -0.070954  -0.146467  0.026487
1358  -0.041111  0.066039  0.006051
1359  0.019132  -0.082762  0.007216
1360  -0.067997  0.033451  0.005743
1361  0.102838  0.086001  0.017972
1362  0.095510  0.104835  0.020112
1363  0.186668  0.176843  0.066118
1364  -0.182035  0.146520  0.054605
1365  0.067257  -0.242915  0.063531
1366  -0.010274  0.170016  0.029011
1367  -0.142507  -0.000469  0.020308
1368  0.129360  -0.019470  0.017113
1369  0.023936  0.094758  0.009552
1370  0.025852  -0.041888  0.002423
1371  -0.015659  0.003413  0.000257
1372  0.043888  -0.048285  0.004258
1373  0.108109  -0.239244  0.068925
1374  -0.044269  -0.204628  0.043832
1375  0.022670  -0.025122  0.001145
1376  -0.031334  -0.070593  0.005965
1377  0.119354  0.044548  0.016230
1378  0.152651  -0.229772  0.076098
1379  0.075498  0.274945  0.081295
1380  0.050492  0.140914  0.022406
1381  -0.119262  -0.063904  0.018307
1382  0.159190  -0.192588  0.062432
1383  0.120141  0.203177  0.055715
1384  0.046582  0.291731  0.087277
1385  0.158739  0.035331  0.026446
1386  0.107762  0.017592  0.011922
1387  -0.292543  0.170712  0.114724
1388  0.030557  -0.089231  0.008896
1389  0.170642  -0.173578  0.059248
1390  0.119020  0.077335  0.020147
1391  0.127762  0.159274  0.041691
1392  0.040645  0.187770  0.036910
1393  0.011051  -0.082216  0.006882
1394  0.213954  -0.037836  0.047208
1395  -0.018428  0.257171  0.066477
1396  0.220258  0.259857  0.116039
1397  0.131244  0.027060  0.017957
1398  -0.114798  -0.095429  0.022285
1399  0.144862  0.165132  0.048254
1400  0.005671  -0.279029  0.077889
1401  0.007291  0.087421  0.007696
1402  0.024383  0.317352  0.101307
1403  -0.139504  0.035814  0.020744
1404  -0.022342  0.008041  0.000564
1405  -0.078564  -0.164508  0.033235
1406  0.045760  0.122476  0.017094
1407  -0.019364  0.120486  0.014892
1408  -0.095559  0.064009  0.013229
1409  -0.375959  -0.045597  0.143424
1410  -0.178240  -0.083979  0.038822
1411  -0.372585  -0.012368  0.138972
1412  -0.123683  -0.044099  0.017242
1413  0.252705  0.035004  0.065085
1414  -0.017492  -0.026002  0.000982
1415  0.149536  0.114581  0.035490
1416  0.151039  -0.003148  0.022823
1417  0.010618  0.326246  0.106549
1418  -0.167384  -0.052869  0.030813
1419  -0.020690  0.306061  0.094101
1420  -0.172350  -0.086877  0.037252
1421  0.144398  0.031081  0.021817
1422  0.223462  0.420056  0.226382
1423  -0.195965  0.172546  0.068174
1424  -0.074269  0.047078  0.007732
1425  -0.116954  0.517150  0.281123
1426  0.131743  -0.196973  0.056155
1427  -0.228397  0.356743  0.179431
1428  -0.268059  0.006199  0.071894
1429  -0.246705  -0.248714  0.122722
1430  0.064183  0.110780  0.016392
1431  0.182368  0.046047  0.035379
1432  -0.676312  -0.372761  0.596349
1433  0.061250  0.271782  0.077617
1434  -0.044761  -0.420522  0.178842
1435  0.210239  0.022561  0.044710
1436  0.327483  -0.244879  0.167211
1437  -0.171756  0.075628  0.035220
1438  0.165333  0.172816  0.057200
1439  0.540882  -0.193154  0.329861
1440  0.043582  0.430888  0.187564
1441  -0.313824  -0.108934  0.110352
1442  -0.330987  0.026103  0.110234
1443  0.561582  -0.201104  0.355817
1444  0.109670  0.385823  0.160887
1445  0.050332  0.215671  0.049047
1446  0.304339  -0.144846  0.113602
1447  0.283442  0.009801  0.080436
1448  -0.335795  0.131676  0.130097
1449  -0.042294  -0.215249  0.048121
1450  0.195518  0.172064  0.067833
1451  0.253642  0.758717  0.639986
1452  0.416399  0.080465  0.179863
1453  -0.292732  -0.089305  0.093667
1454  0.144959  -0.352654  0.145378
1455  -0.244630  -0.197903  0.099010
1456  0.179654  -0.039612  0.033845
1457  -0.092333  -0.463712  0.223554
1458  -0.163328  0.228753  0.079004
1459  0.388820  0.150355  0.173787
1460  0.082727  0.579456  0.342613
1461  0.107432  -0.241987  0.070100
1462  -0.159220  -0.947172  0.922485
1463  0.544555  -0.203025  0.337759
1464  0.552583  0.283801  0.385891
1465  -0.129551  0.827159  0.700975
1466  -0.106695  0.526756  0.288855
1467  -0.080154  -0.235725  0.061991
1468  -0.584011  0.187277  0.376141
1469  -0.033339  -0.169062  0.029694
1470  0.210806  -0.196363  0.082997
1471  -0.239164  -0.576097  0.389087
1472  0.914970  -0.391213  0.990218
1473  0.143110  0.063813  0.024553
1474  -0.798974  -0.024934  0.638981
1475  -0.158590  -0.044995  0.027175
1476  -0.536354  -0.145730  0.308913
1477  0.247216  -0.185354  0.095472
1478  0.012244  -0.387964  0.150666
1479  0.381905  0.384861  0.293969
1480  0.056485  -0.759720  0.580365
1481  0.162367  -0.518438  0.295141
1482  -0.139775  0.084614  0.026696
1483  0.364900  0.775602  0.734710
1484  0.768188  0.025496  0.590763
1485  -0.123182  0.542323  0.309288
1486  0.122943  0.481268  0.246734
1487  0.439341  -0.237049  0.249212
1488  -0.301335  -0.031559  0.091799
1489  -0.222282  0.584553  0.391111
1490  0.062366  0.441345  0.198675
1491  0.976541  -0.177735  0.985222
1492  -0.336360  0.163975  0.140026
1493  0.218551  -0.078676  0.053954
1494  -0.248197  -0.230820  0.114880
1495  -0.130784  -0.266603  0.088182
1496  0.105158  -0.194283  0.048804
1497  0.269876  -1.495424  2.309125
1498  0.398520  0.986423  1.131849
1499  0.595153  0.147872  0.376074
1500  -0.650029  0.368009  0.557969
1501  0.141650  -0.515604  0.285913
1502  -0.648384  -0.599570  0.779886
1503  0.103670  0.276704  0.087313
1504  0.221442  -0.126732  0.065098
1505  0.228112  0.061808  0.055855
1506  0.160337  0.100135  0.035735
1507  0.086626  0.062695  0.011435
1508  -0.253912  -0.322052  0.168189
1509  0.168161  0.040751  0.029939
1510  0.362852  0.374157  0.271655
1511  -0.126021  0.391008  0.168769
1512  -0.304892  -0.014896  0.093181
1513  0.057678  0.102278  0.013787
1514  -0.517748  0.303653  0.360268
1515  0.182858  0.345550  0.152842
1516  0.197685  -1.194678  1.466335
1517  0.032221  0.065007  0.005264
1518  0.060171  0.221123  0.052516
1519  0.942302  0.129355  0.904665
1520  -0.174159  0.113197  0.043145
1521  0.478911  0.313021  0.327338
1522  -0.007024  -0.151501  0.023002
1523  0.545061  -0.146250  0.318481
1524  -0.351153  -0.063900  0.127391
1525  0.536054  -0.032967  0.288440
1526  -0.495123  -0.054588  0.248126
1527  -0.687378  -0.534668  0.758358
1528  0.303520  -0.388979  0.243429
1529  -0.642517  -0.070874  0.417851
1530  0.274895  0.139401  0.095000
1531  0.720748  0.129570  0.536266
1532  0.118061  -0.587712  0.359344
1533  0.848587  -0.780566  1.329382
1534  0.507210  0.169154  0.285876
1535  -0.164496  1.213958  1.500752
1536  -0.147490  0.511524  0.283410
1537  0.116378  0.393129  0.168094
1538  -0.228213  0.093316  0.060789
1539  0.409923  -0.113473  0.180913
1540  -0.226100  -0.258340  0.117861
1541  0.165688  -0.605185  0.393701
1542  0.704563  -0.192653  0.533524
1543  -0.210214  0.056883  0.047425
1544  1.127454  -0.017024  1.271443
1545  -0.445543  -0.337694  0.312546
1546  0.003422  0.847917  0.718975
1547  0.389228  -1.207814  1.610313
1548  -0.647404  -0.002912  0.419141
1549  -0.635918  0.446820  0.604039
1550  -0.127211  -0.047865  0.018474
1551  -0.342116  -0.271025  0.190498
1552  -0.315148  0.018637  0.099666
1553  0.093930  -0.075607  0.014539
1554  -0.178093  0.006728  0.031762
1555  0.291376  0.123642  0.100187
1556  -0.278341  0.215543  0.123933
1557  -0.429442  0.744175  0.738216
1558  -0.156259  -0.947374  0.921934
1559  0.534252  0.191005  0.321908
1560  -0.640841  1.017534  1.446054
1561  1.127972  0.247129  1.333393
1562  -0.069145  0.179393  0.036963
1563  -0.029414  -0.596416  0.356577
1564  -0.631072  -0.728873  0.929508
1565  -0.762494  -0.196404  0.619972
1566  -0.111057  0.374854  0.152849
1567  0.789958  0.887866  1.412339
1568  -1.165956  -0.700153  1.849668
1569  0.783796  -0.313386  0.712547
1570  0.394657  0.332166  0.266089
1571  0.142375  -0.580745  0.357536
1572  0.053395  -0.064699  0.007037
1573  0.327621  0.216963  0.154409
1574  0.093295  -1.243062  1.553906
1575  0.524695  0.669916  0.724092
1576  -0.318462  -0.609289  0.472651
1577  0.024883  0.169518  0.029356
1578  0.305791  -0.231224  0.146973
1579  -0.355050  0.506060  0.382157
1580  -0.640352  -0.481081  0.641489
1581  -0.190220  0.474000  0.260860
1582  -0.289171  -0.115696  0.097005
1583  -0.809722  0.887141  1.442669
1584  -0.078183  0.066801  0.010575
1585  -0.120306  0.601742  0.376567
1586  -0.013437  -0.724756  0.525452
1587  -0.573602  0.411880  0.498664
1588  0.057181  0.037975  0.004712
1589  -0.532356  -0.108490  0.295173
1590  0.267689  -0.190763  0.108048
1591  0.395845  0.323894  0.261601
1592  -0.485630  -0.530932  0.517725
1593  -0.227290  0.124042  0.067047
1594  -0.064643  0.217807  0.051618
1595  0.159891  0.479543  0.255526
1596  0.106822  -0.449123  0.213122
1597  0.333250  -0.703811  0.606405
1598  -0.003833  0.655217  0.429324
1599  -0.248364  -0.248279  0.123327
1600  0.827904  0.488545  0.924102
1601  -0.680749  -0.018770  0.463771
1602  0.100255  0.686144  0.480844
1603  -0.047017  -0.294779  0.089105
1604  0.525776  -0.306627  0.370461
1605  -0.270912  0.025968  0.074068
1606  0.328054  0.205940  0.150031
1607  0.252445  0.203840  0.105279
1608  0.203337  -0.841414  0.749324
1609  0.077801  0.288333  0.089189
1610  -0.208728  0.414137  0.215077
1611  -0.107351  0.425080  0.192217
1612  0.584154  -0.378249  0.484309
1613  -0.198580  0.681790  0.504272
1614  -0.226960  -0.568669  0.374895
1615  -0.340380  -0.107150  0.127340
1616  -0.200222  -0.566376  0.360870
1617  0.888160  0.181202  0.821662
1618  -0.078997  0.925937  0.863600
1619  0.512656  -0.172377  0.292530
1620  0.019944  -0.022105  0.000886
1621  -0.359362  -0.322674  0.233259
1622  1.028423  -0.421806  1.235574
1623  -0.364345  0.352268  0.256840
1624  -0.052114  -0.543301  0.297892
1625  -0.345393  -0.380429  0.264023
1626  0.858560  0.114834  0.750312
1627  0.352437  0.306608  0.218220
1628  0.101470  -0.305390  0.103560
1629  0.182763  -0.419007  0.208969
1630  0.617729  0.196582  0.420234
1631  0.229738  0.478401  0.281647
1632  -0.563609  -0.496424  0.564092
1633  -0.107812  -0.226692  0.063013
1634  -0.002744  -0.173175  0.029997
1635  0.067330  0.155536  0.028725
1636  0.338602  -0.232067  0.168507
1637  -0.209827  -0.070544  0.049004
1638  -0.398044  -0.142749  0.178816
1639  -0.262188  0.145904  0.090030
1640  0.315811  0.700167  0.589970
1641  -0.159414  -0.746990  0.583407
1642  0.045310  -0.066819  0.006518
1643  -0.710417  0.665860  0.948062
1644  -0.216598  0.512392  0.309461
1645  0.159781  0.341854  0.142394
1646  -0.148624  -0.297910  0.110839
1647  0.232358  0.399268  0.213406
1648  -0.336389  -0.477471  0.341136
1649  0.497238  0.121419  0.261988
1650  -0.068395  0.463237  0.219267
1651  0.273809  0.472772  0.298485
1652  -0.515328  0.108540  0.277344
1653  0.574313  -0.004826  0.329859
1654  -0.016945  0.493649  0.243976
1655  -0.629642  0.267839  0.468187
1656  0.164967  0.222861  0.076881
1657  0.325737  0.642399  0.518781
1658  0.102082  0.344228  0.128914
1659  -0.042949  -0.277837  0.079038
1660  -0.063449  -0.686723  0.475615
1661  0.037855  0.036328  0.002753
1662  -0.391836  -0.148341  0.175540
1663  -0.312680  -0.328808  0.205884
1664  0.377148  -0.327851  0.249727
1665  0.079586  0.091168  0.014646
1666  -0.229708  0.320331  0.155378
1667  0.189398  0.608203  0.405783
1668  0.534935  0.132694  0.303763
1669  -0.081841  0.081049  0.013267
1670  0.534218  0.025290  0.286029
1671  0.173487  0.464221  0.245599
1672  0.281692  -0.437306  0.270587
1673  0.457991  0.408593  0.376705
1674  -0.242005  -0.357487  0.186363
1675  0.416846  0.321465  0.277100
1676  0.135757  0.105888  0.029642
1677  0.091958  -0.118834  0.022578
1678  0.679784  0.189561  0.498040
1679  -0.022861  -0.655370  0.430032
1680  0.079859  -0.635847  0.410679
1681  -0.093512  -0.206568  0.051415
1682  0.144346  -0.019236  0.021206
1683  0.106822  -0.270092  0.084361
1684  -0.335118  -0.119824  0.126662
1685  -0.724182  -0.096490  0.533749
1686  -0.216743  -0.186436  0.081736
1687  0.784429  -0.167798  0.643485
1688  0.749411  -0.180005  0.594019
1689  -0.459242  0.020501  0.211324
1690  -0.081269  0.192037  0.043483
1691  0.310008  -0.002719  0.096113
1692  -0.218846  -0.599254  0.406999
1693  -0.657781  -0.311310  0.529591
1694  -0.147874  0.080422  0.028334
1695  0.203370  0.243482  0.100643
1696  0.280627  0.150708  0.101464
1697  -0.149548  -0.063985  0.026459
1698  0.220988  -0.308348  0.143914
1699  0.097486  0.249769  0.071888
1700  -0.372758  -0.060705  0.142634
1701  0.348365  -0.209522  0.165258
1702  -0.012054  0.171175  0.029446
1703  0.064613  -0.592597  0.355346
1704  0.092174  0.149666  0.030896
1705  -0.014337  -0.418098  0.175011
1706  -0.041532  0.143252  0.022246
1707  0.071208  0.082722  0.011914
1708  -0.356391  0.016558  0.127289
1709  0.133686  0.009091  0.017955
1710  -0.279755  -0.225433  0.129083
1711  0.079915  -0.490365  0.246844
1712  -0.075539  0.394188  0.161090
1713  -0.198301  0.341627  0.156032
1714  -0.296404  0.231539  0.141466
1715  -0.046393  -0.149636  0.024543
1716  0.107225  -0.156532  0.035999
1717  0.040608  0.433431  0.189511
1718  0.080073  -0.224868  0.056977
1719  -0.251515  0.163947  0.090138
1720  -0.053117  0.232847  0.057039
1721  -0.032541  -0.127704  0.017367
1722  -0.326260  -0.042259  0.108231
1723  0.090067  0.165938  0.035647
1724  -0.098711  -0.276631  0.086268
1725  0.002498  0.249869  0.062441
1726  0.224195  0.370199  0.187311
1727  0.213375  0.084999  0.052754
1728  0.160974  -0.192902  0.063124
1729  -0.043401  0.148878  0.024048
1730  0.074112  0.096980  0.014898
1731  0.278694  -0.079950  0.084062
1732  -0.106928  -0.083345  0.018380
1733  -0.400435  0.035285  0.161593
1734  0.352144  -0.328895  0.232177
1735  0.315266  0.186772  0.134277
1736  -0.374371  -0.212342  0.185243
1737  -0.118089  0.224182  0.064203
1738  0.044484  -0.066530  0.006405
1739  -0.103314  0.126864  0.026768
1740  0.096650  0.314997  0.108564
1741  0.073762  -0.019054  0.005804
1742  -0.095432  -0.126105  0.025010
1743  0.251498  -0.059640  0.066808
1744  0.093130  -0.048471  0.011023
1745  -0.188290  0.068516  0.040148
1746  -0.177263  -0.059352  0.034945
1747  0.071109  0.041177  0.006752
1748  -0.149522  0.207877  0.065570
1749  -0.138150  0.039929  0.020680
1750  -0.367836  0.312988  0.233265
1751  0.138524  0.140061  0.038806
1752  -0.010436  -0.070147  0.005030
1753  0.019167  -0.012730  0.000529
1754  0.096909  -0.074418  0.014929
1755  0.035156  -0.109108  0.013141
1756  -0.024692  -0.141342  0.020587
1757  -0.052066  0.207651  0.045830
1758  -0.272448  -0.034646  0.075428
1759  -0.073372  0.108698  0.017199
1760  -0.141616  0.107123  0.031530
1761  0.015227  -0.010349  0.000339
1762  -0.046893  0.088860  0.010095
1763  -0.164559  0.039063  0.028605
1764  -0.030370  0.142862  0.021332
1765  0.122115  -0.032187  0.015948
1766  0.080833  -0.276323  0.082888
1767  -0.183246  -0.140402  0.053292
1768  0.013160  -0.174148  0.030501
1769  -0.094556  -0.151554  0.031910
1770  -0.020819  -0.052033  0.003141
1771  0.042427  -0.056206  0.004959
1772  0.004628  -0.095916  0.009221
1773  0.146851  0.141789  0.041669
1774  0.167834  -0.050726  0.030741
1775  0.004529  -0.044829  0.002030
1776  -0.058102  -0.221063  0.052245
1777  0.012079  -0.039326  0.001692
1778  -0.076527  -0.130561  0.022902
1779  0.071412  0.049070  0.007507
1780  0.064775  -0.069878  0.009079
1781  -0.201851  0.073702  0.046176
1782  -0.093265  -0.114335  0.021771
1783  0.104230  0.053161  0.013690
1784  -0.035696  0.035185  0.002512
1785  -0.040209  -0.177218  0.033023
1786  -0.044158  -0.119522  0.016235
1787  0.108741  -0.388859  0.163036
1788  -0.070972  0.065965  0.009388
1789  -0.188493  -0.068529  0.040226
1790  -0.048176  -0.055093  0.005356
1791  0.029076  0.068301  0.005510
1792  -0.019841  -0.051877  0.003085
1793  -0.004573  -0.013376  0.000200
1794  0.110836  0.086678  0.019798
1795  0.034791  0.014090  0.001409
1796  -0.071176  -0.151362  0.027976
1797  -0.053563  -0.129415  0.019617
1798  -0.176372  0.036263  0.032422
1799  0.045239  0.149518  0.024402
1800  -0.042777  0.001678  0.001833
1801  -0.106241  -0.038307  0.012755
1802  -0.130276  -0.108438  0.028731
1803  -0.144231  0.066783  0.025262
1804  0.005165  -0.164491  0.027084
1805  0.047970  0.024769  0.002915
1806  0.068634  0.172581  0.034495
1807  0.013265  0.104709  0.011140
1808  0.033501  0.205805  0.043478
1809  0.007738  -0.121703  0.014871
1810  -0.012532  -0.056920  0.003397
1811  -0.049272  -0.040837  0.004095
1812  0.004644  -0.124365  0.015488
1813  -0.123728  0.084725  0.022487
1814  0.039767  -0.009920  0.001680
1815  0.107127  0.035639  0.012746
1816  -0.099235  0.073010  0.015178
1817  0.031063  0.083348  0.007912
1818  -0.126600  0.079872  0.022407
1819  0.103143  -0.046121  0.012766
1820  0.029059  -0.008594  0.000918
1821  0.007075  0.085704  0.007395
1822  0.008577  -0.055189  0.003119
1823  -0.116930  0.072248  0.018892
1824  0.065660  0.176505  0.035465
1825  -0.120192  0.084292  0.021551
1826  -0.084362  0.087075  0.014699
1827  -0.026946  0.057855  0.004073
1828  0.002229  0.002934  0.000014
1829  -0.047067  0.033976  0.003370
1830  -0.079486  -0.008191  0.006385
1831  -0.041710  -0.061787  0.005557
1832  0.020445  -0.015732  0.000665
1833  -0.071401  0.053854  0.007998
1834  0.044104  0.091798  0.010372
1835  -0.014047  0.018775  0.000550
1836  0.056960  -0.006582  0.003288
1837  -0.126505  -0.046183  0.018137
1838  -0.013823  -0.051671  0.002861
1839  -0.083129  -0.036061  0.008211
1840  -0.193888  0.025158  0.038226
1841  0.020596  0.043484  0.002315
1842  0.105369  -0.004128  0.011120
1843  0.058951  -0.068498  0.008167
1844  -0.048631  -0.058102  0.005741
1845  -0.040286  0.007024  0.001672
1846  -0.105649  0.046391  0.013314
1847  -0.000002  0.136608  0.018662
1848  0.124869  -0.012851  0.015757
1849  -0.030106  0.014106  0.001105
1850  -0.019992  -0.005284  0.000428
1851  0.044234  0.087992  0.009699
1852  -0.130865  -0.023667  0.017686
1853  -0.028963  0.101579  0.011157
1854  -0.109197  0.019315  0.012297
1855  0.039431  0.015438  0.001793
1856  0.072460  -0.081906  0.011959
1857  -0.070204  -0.089218  0.012888
1858  -0.039436  0.046460  0.003714
1859  -0.058679  -0.001949  0.003447
1860  -0.032442  -0.070638  0.006042
1861  -0.008041  0.043063  0.001919
1862  0.033088  -0.070301  0.006037
1863  0.022268  -0.017403  0.000799
1864  -0.066423  0.017185  0.004707
1865  0.049748  0.069886  0.007359
1866  -0.028063  0.075982  0.006561
1867  0.026697  0.002460  0.000719
1868  0.005276  0.042626  0.001845
1869  -0.128612  0.037015  0.017911
1870  -0.103054  -0.038388  0.012094
1871  -0.034485  0.067881  0.005797
1872  0.001830  -0.015402  0.000241
1873  -0.037948  -0.001484  0.001442
1874  -0.072813  -0.003085  0.005311
1875  0.032666  0.085685  0.008409
1876  0.028107  -0.075822  0.006539
1877  -0.043449  0.028436  0.002696
1878  -0.022206  0.013317  0.000670
1879  -0.024029  -0.037839  0.002009
1880  0.038069  0.006448  0.001491
1881  -0.046362  0.036806  0.003504
1882  -0.091620  -0.071176  0.013460
1883  0.030859  0.034641  0.002152
1884  0.034246  -0.055193  0.004219
1885  -0.079159  0.086003  0.013663
1886  0.031636  -0.068723  0.005724
1887  -0.037227  0.009258  0.001472
1888  -0.025365  -0.020345  0.001057
1889  -0.050733  0.085879  0.009949
1890  -0.032052  0.063551  0.005066
1891  -0.019203  0.002897  0.000377
1892  -0.064021  -0.031533  0.005093
1893  0.055487  -0.050006  0.005579
1894  -0.048166  0.036648  0.003663
1895  -0.035065  -0.016318  0.001496
1896  0.000012  -0.037455  0.001403
1897  -0.041931  -0.002946  0.001767
1898  -0.079353  -0.032538  0.007356
1899  0.032913  0.050835  0.003667
1900  -0.043579  0.029923  0.002795
1901  0.015932  0.053893  0.003158
1902  -0.006098  0.021502  0.000500
1903  -0.003006  -0.000878  0.000010
1904  0.068317  -0.028002  0.005451
1905  -0.035697  0.052423  0.004023
1906  0.007662  0.020539  0.000481
1907  -0.034131  -0.014546  0.001376
1908  0.013097  0.046796  0.002361
1909  -0.028262  0.034219  0.001970
1910  -0.062503  0.025569  0.004560
1911  -0.042155  0.049375  0.004215
1912  -0.026519  -0.009717  0.000798
1913  -0.061227  0.017048  0.004039
1914  0.013351  -0.002062  0.000182
1915  -0.025573  0.014885  0.000876
1916  -0.017282  -0.003763  0.000313
1917  -0.045379  0.043813  0.003979
1918  -0.037589  -0.011542  0.001546
1919  -0.012298  0.035217  0.001391
1920  -0.032786  0.026202  0.001761
1921  -0.046419  -0.056368  0.005332
1922  -0.010638  0.078141  0.006219
1923  0.003774  0.019076  0.000378
1924  -0.056662  0.005440  0.003240
1925  -0.016581  -0.002846  0.000283
1926  -0.054964  0.056119  0.006170
1927  0.026647  -0.041352  0.002420
1928  -0.035774  -0.025335  0.001922
1929  -0.005929  0.048500  0.002387
1930  0.013886  -0.013572  0.000377
1931  -0.059172  -0.039994  0.005101
1932  -0.025310  0.053296  0.003481
1933  -0.020852  0.029001  0.001276
1934  -0.049323  -0.001578  0.002435
1935  0.041598  0.003471  0.001742
1936  -0.011779  0.017317  0.000439
1937  -0.012559  0.020609  0.000582
1938  -0.011596  -0.002474  0.000141
1939  0.002036  0.021048  0.000447
1940  -0.095572  0.049164  0.011551
1941  -0.001268  0.045402  0.002063
1942  -0.021746  -0.011574  0.000607
1943  -0.031599  0.036012  0.002295
1944  0.044965  0.003246  0.002032
1945  -0.048919  -0.014882  0.002615
1946  -0.029357  0.042366  0.002657
1947  0.042472  0.052006  0.004508
1948  -0.010382  0.005087  0.000134
1949  0.053099  -0.008050  0.002884
1950  -0.026189  0.031118  0.001654
1951  -0.031931  0.015269  0.001253
1952  -0.013096  -0.011194  0.000297
1953  -0.015887  -0.014599  0.000466
1954  0.013183  0.003043  0.000183
1955  -0.015895  0.031278  0.001231
1956  0.017399  -0.031242  0.001279
1957  -0.079096  0.051796  0.008939
1958  0.002911  0.052457  0.002760
1959  0.000389  0.034798  0.001211
1960  0.022188  -0.011643  0.000628
1961  0.032527  0.005061  0.001084
1962  -0.018963  0.020631  0.000785
1963  -0.033211  0.056966  0.004348
1964  -0.014912  -0.009728  0.000317
1965  -0.034304  0.019154  0.001544
1966  -0.028081  0.089112  0.008729
1967  0.001659  -0.033706  0.001139
1968  -0.040160  -0.011715  0.001750
1969  -0.073712  0.009260  0.005519
1970  -0.022778  -0.013034  0.000689
1971  -0.006491  0.057815  0.003385
1972  -0.016484  0.030475  0.001200
1973  0.084543  0.012854  0.007313
1974  0.004648  -0.032729  0.001093
1975  -0.032688  -0.024205  0.001654
1976  -0.034968  0.052803  0.004011
1977  -0.027652  -0.018940  0.001123
1978  -0.030070  -0.013189  0.001078
1979  0.035764  0.001728  0.001282
1980  -0.017449  -0.018058  0.000631
1981  -0.021869  -0.027219  0.001219
1982  0.020821  -0.010157  0.000537
1983  -0.021175  0.008845  0.000527
1984  -0.011688  0.043480  0.002027
1985  0.004119  -0.035130  0.001251
1986  -0.035309  0.049113  0.003659
1987  -0.049483  -0.048667  0.004817
1988  0.015808  0.018587  0.000595
1989  -0.065027  -0.016638  0.004505
1990  -0.043206  0.007925  0.001930
1991  0.001056  0.005699  0.000034
1992  -0.015318  0.043815  0.002154
1993  0.006406  0.043438  0.001928
1994  0.017379  0.017888  0.000622
1995  0.011579  -0.015041  0.000360
1996  0.011175  0.025621  0.000781
1997  -0.035204  0.023245  0.001780
1998  0.027199  -0.008743  0.000816
1999  0.006112  0.022841  0.000559
2000  -0.034478  0.001879  0.001192
2001  0.046943  -0.006308  0.002243
2002  0.015716  0.031370  0.001231
2003  -0.065745  0.017836  0.004640
2004  -0.075423  0.042314  0.007479
2005  -0.022814  0.011792  0.000660
2006  -0.012209  0.037669  0.001568
2007  -0.019652  -0.014498  0.000596
2008  0.009310  0.025036  0.000714
2009  -0.014234  -0.007678  0.000262
2010  0.002228  -0.017384  0.000307
2011  -0.066036  0.019691  0.004749
2012  -0.052040  -0.004537  0.002729
2013  -0.024824  0.011574  0.000750
2014  -0.022174  0.052386  0.003236
2015  0.028500  0.014526  0.001023
2016  0.003034  0.012158  0.000157
2017  -0.041975  0.010124  0.001864
2018  -0.021058  0.011255  0.000570
2019  -0.049010  0.012770  0.002565
2020  0.012183  0.024946  0.000771
2021  0.019481  0.029203  0.001232
2022  0.012420  0.054192  0.003091
2023  -0.024146  0.020071  0.000986
2024  -0.008813  0.040370  0.001707
2025  -0.003215  0.033980  0.001165
2026  -0.024387  0.004887  0.000619
2027  0.015495  0.007427  0.000295
2028  -0.014470  0.025872  0.000879
2029  0.002153  0.014428  0.000213
2030  -0.006179  0.016832  0.000321
2031  -0.006020  0.005495  0.000066
2032  0.012224  0.038990  0.001670
2033  0.010932  -0.016548  0.000393
2034  0.063289  -0.034740  0.005212
2035  0.002555  0.009194  0.000091
2036  -0.045331  0.012806  0.002219
2037  -0.039018  0.034112  0.002686
2038  -0.016423  0.031227  0.001245
2039  -0.014642  0.003786  0.000229
2040  -0.006496  -0.006591  0.000086
2041  0.017954  0.031380  0.001307
2042  -0.006160  0.008444  0.000109
2043  0.027480  0.004844  0.000779
2044  -0.019265  0.031361  0.001355
2045  0.017660  0.001378  0.000314
2046  0.039086  -0.001874  0.001531
2047  -0.025080  -0.030599  0.001565
