0  0.006771  -0.015958  0.000301
1  0.010447  -0.052579  0.002874
2  -0.019380  -0.006890  0.000423
3  0.019792  -0.029347  0.001253
4  -0.048625  0.013588  0.002549
5  -0.013505  -0.002029  0.000186
6  -0.009931  0.006723  0.000144
7  0.010076  -0.049074  0.002510
8  0.017041  0.007269  0.000343
9  -0.041356  -0.034749  0.002918
10  0.033800  -0.006602  0.001186
11  -0.008576  0.025605  0.000729
12  0.019104  0.013442  0.000546
13  -0.068992  0.009018  0.004841
14  -0.008974  -0.030193  0.000992
15  -0.036447  0.027905  0.002107
16  0.034231  0.048791  0.003552
17  -0.015548  -0.023689  0.000803
18  -0.022357  -0.004947  0.000524
19  -0.022132  0.024438  0.001087
20  0.000829  -0.031066  0.000966
21  0.012180  -0.032719  0.001219
22  -0.018086  -0.059549  0.003873
23  0.007342  -0.003718  0.000068
24  0.018137  0.002192  0.000334
25  -0.034525  -0.041591  0.002922
26  -0.008867  -0.004580  0.000100
27  -0.021010  -0.074121  0.005935
28  0.036901  -0.027691  0.002129
29  -0.006546  0.016696  0.000322
30  0.014567  -0.010536  0.000323
31  -0.011000  -0.045702  0.002210
32  -0.004725  -0.019984  0.000422
33  0.014682  -0.036047  0.001515
34  -0.010111  -0.030926  0.001059
35  -0.019287  -0.034012  0.001529
36  0.038104  -0.045648  0.003536
37  -0.013455  0.060840  0.003883
38  -0.018018  0.037021  0.001695
39  -0.057327  0.015306  0.003521
40  -0.054134  -0.017955  0.003253
41  -0.014534  0.014239  0.000414
42  -0.040585  -0.038978  0.003166
43  -0.028225  0.002408  0.000802
44  -0.028449  -0.017865  0.001128
45  0.004428  0.015666  0.000265
46  0.001427  0.001381  0.000004
47  -0.030487  -0.041270  0.002633
48  0.052460  -0.004022  0.002768
49  0.021264  0.032892  0.001534
50  -0.023222  0.015161  0.000769
51  -0.036776  -0.033833  0.002497
52  0.002675  0.041852  0.001759
53  -0.010509  -0.050247  0.002635
54  0.020797  -0.027596  0.001194
55  -0.056052  -0.031424  0.004129
56  -0.016275  -0.036891  0.001626
57  -0.010384  0.000173  0.000108
58  0.010849  0.015399  0.000355
59  0.014301  -0.020181  0.000612
60  0.064565  0.019398  0.004545
61  0.029292  -0.023768  0.001423
62  0.001397  -0.011750  0.000140
63  0.008149  -0.013005  0.000236
64  0.034114  -0.019732  0.001553
65  -0.032169  -0.005435  0.001064
66  0.024132  -0.028315  0.001384
67  -0.008101  0.007284  0.000119
68  -0.031687  -0.029346  0.001865
69  -0.010021  0.032530  0.001159
70  -0.017177  -0.011969  0.000438
71  0.005729  0.014169  0.000234
72  -0.006197  -0.018772  0.000391
73  -0.038129  -0.005043  0.001479
74  -0.017152  0.001152  0.000296
75  -0.053746  -0.004684  0.002911
76  -0.008142  -0.019099  0.000431
77  0.028808  -0.003567  0.000843
78  -0.011742  0.000891  0.000139
79  -0.014775  0.037730  0.001642
80  0.019868  -0.023733  0.000958
81  -0.009969  -0.055382  0.003167
82  0.021398  -0.027322  0.001204
83  -0.025082  0.044142  0.002578
84  0.036992  -0.009495  0.001459
85  0.052929  -0.043921  0.004731
86  0.000481  -0.007284  0.000053
87  -0.005323  -0.000461  0.000029
88  -0.023980  0.021130  0.001022
89  -0.023493  0.017970  0.000875
90  -0.039520  -0.043677  0.003470
91  -0.041524  0.042084  0.003495
92  0.005084  -0.013055  0.000196
93  0.001443  0.011821  0.000142
94  -0.001117  0.029854  0.000892
95  0.003371  -0.038394  0.001485
96  -0.012230  -0.070470  0.005116
97  0.027201  0.058683  0.004184
98  0.051578  -0.029570  0.003535
99  -0.013240  0.029118  0.001023
100  0.003632  -0.000467  0.000013
101  0.004402  -0.022824  0.000540
102  -0.012554  -0.017823  0.000475
103  -0.000523  -0.041955  0.001761
104  -0.026482  0.041399  0.002415
105  0.019162  0.018132  0.000696
106  0.012565  -0.036659  0.001502
107  -0.008118  -0.047154  0.002289
108  -0.055177  -0.000177  0.003045
109  -0.001847  0.012189  0.000152
110  -0.011071  0.043424  0.002008
111  0.035162  0.003296  0.001247
112  0.020217  -0.035300  0.001655
113  0.034725  0.006112  0.001243
114  -0.012133  -0.025208  0.000783
115  -0.004565  -0.021356  0.000477
116  0.023073  0.016157  0.000793
117  0.030589  -0.076878  0.006846
118  0.047963  -0.009347  0.002388
119  -0.004214  0.001041  0.000019
120  0.028326  -0.005401  0.000832
121  -0.011185  0.020033  0.000526
122  -0.067741  -0.013699  0.004777
123  -0.026449  0.019025  0.001062
124  -0.006387  0.035823  0.001324
125  -0.015902  0.014482  0.000463
126  -0.027881  -0.006710  0.000822
127  0.012580  0.041298  0.001864
128  0.050663  0.006372  0.002607
129  0.004484  0.014842  0.000240
130  0.049206  -0.016760  0.002702
131  -0.007065  0.044801  0.002057
132  0.003308  0.005102  0.000037
133  0.016530  -0.053467  0.003132
134  -0.005981  0.007259  0.000088
135  -0.000278  0.059279  0.003514
136  0.024110  0.001697  0.000584
137  0.062119  0.017105  0.004151
138  0.012484  0.008748  0.000232
139  0.015230  -0.023157  0.000768
140  -0.035528  0.066858  0.005732
141  -0.065650  0.010937  0.004430
142  0.032286  -0.014675  0.001258
143  0.086189  0.035446  0.008685
144  -0.030315  -0.013668  0.001106
145  0.015026  0.033368  0.001339
146  -0.031667  0.041443  0.002720
147  0.016411  -0.063769  0.004336
148  0.032672  0.012426  0.001222
149  0.035705  0.029946  0.002172
150  0.027935  0.020652  0.001207
151  -0.030841  -0.011010  0.001072
152  -0.001668  -0.024880  0.000622
153  -0.013073  -0.002112  0.000175
154  0.022989  0.023849  0.001097
155  -0.009936  -0.002460  0.000105
156  0.069084  -0.036288  0.006089
157  -0.065900  0.008680  0.004418
158  0.009504  -0.043902  0.002018
159  -0.017101  0.000684  0.000293
160  0.056336  -0.040941  0.004850
161  -0.009824  -0.037935  0.001536
162  0.062400  0.015057  0.004120
163  -0.004786  -0.023278  0.000565
164  -0.006539  0.036706  0.001390
165  -0.000349  -0.001626  0.000003
166  -0.044640  -0.010793  0.002109
167  -0.030531  -0.021292  0.001385
168  0.028809  -0.061588  0.004623
169  -0.032374  -0.016707  0.001327
170  0.003479  0.018017  0.000337
171  -0.011132  0.003931  0.000139
172  0.053231  -0.043407  0.004718
173  -0.063882  -0.005916  0.004116
174  -0.011759  0.015269  0.000371
175  0.004820  -0.028543  0.000838
176  0.007802  -0.015738  0.000309
177  -0.001358  -0.034156  0.001168
178  -0.081558  -0.028737  0.007478
179  -0.002446  0.002889  0.000014
180  -0.057478  0.031516  0.004297
181  -0.060238  -0.017752  0.003944
182  -0.009934  0.008965  0.000179
183  -0.001405  0.010979  0.000123
184  0.008498  -0.007151  0.000123
185  -0.009606  0.002060  0.000097
186  0.046779  0.002412  0.002194
187  -0.012983  0.039522  0.001731
188  -0.010886  0.057041  0.003372
189  0.028756  0.033651  0.001959
190  0.006009  0.017132  0.000330
191  0.022543  0.006898  0.000556
192  -0.010089  0.021731  0.000574
193  -0.006061  0.057647  0.003360
194  -0.001770  0.011833  0.000143
195  -0.008311  0.002731  0.000077
196  0.034668  0.015718  0.001449
197  -0.026195  0.002081  0.000691
198  0.034925  0.075632  0.006940
199  0.024416  -0.004651  0.000618
200  0.052976  -0.053308  0.005648
201  0.017605  0.024642  0.000917
202  0.022898  0.011345  0.000653
203  -0.031602  -0.010454  0.001108
204  -0.093404  -0.043062  0.010579
205  0.073108  0.012881  0.005511
206  0.058851  -0.021289  0.003917
207  0.035602  -0.003420  0.001279
208  -0.002511  -0.000784  0.000007
209  -0.079411  0.024515  0.006907
210  -0.024509  0.001287  0.000602
211  -0.021518  -0.005752  0.000496
212  0.021518  0.009458  0.000552
213  -0.007630  -0.050081  0.002566
214  -0.031491  -0.018802  0.001345
215  -0.011952  -0.023178  0.000680
216  -0.012638  -0.006803  0.000206
217  0.033163  0.032229  0.002139
218  -0.023595  0.063974  0.004649
219  -0.006451  -0.070938  0.005074
220  -0.033608  0.036883  0.002490
221  0.045658  -0.041096  0.003773
222  -0.005055  -0.064282  0.004158
223  -0.022659  -0.065732  0.004834
224  -0.034737  -0.017586  0.001516
225  0.003868  -0.058575  0.003446
226  0.019460  0.007363  0.000433
227  0.046274  -0.004848  0.002165
228  -0.077009  0.063670  0.009984
229  -0.046033  0.014542  0.002331
230  0.038707  -0.024566  0.002102
231  -0.010416  -0.010436  0.000217
232  -0.008448  0.024213  0.000658
233  -0.032866  -0.035439  0.002336
234  -0.048821  -0.054591  0.005364
235  -0.034193  0.016771  0.001450
236  -0.017507  -0.026254  0.000996
237  0.024206  -0.079576  0.006918
238  0.011705  0.058634  0.003575
239  0.002769  0.068304  0.004673
240  0.004252  -0.006484  0.000060
241  0.012496  -0.034739  0.001363
242  0.029810  0.060592  0.004560
243  0.042309  -0.010005  0.001890
244  0.030262  0.042628  0.002733
245  0.030777  -0.052717  0.003726
246  0.005346  0.040206  0.001645
247  0.027796  0.037686  0.002193
248  0.011229  -0.007885  0.000188
249  -0.007368  0.001153  0.000056
250  -0.031101  0.046141  0.003096
251  0.044220  0.030765  0.002902
252  0.045095  -0.031460  0.003023
253  -0.008567  -0.058826  0.003534
254  -0.054855  -0.053925  0.005917
255  0.004599  -0.055377  0.003088
256  -0.073186  0.013041  0.005526
257  0.036431  -0.019500  0.001707
258  0.030768  0.050766  0.003524
259  0.003862  0.019219  0.000384
260  -0.038506  0.027706  0.002250
261  0.029452  -0.011645  0.001003
262  0.018528  -0.004759  0.000366
263  0.005746  0.014747  0.000251
264  -0.030269  -0.046076  0.003039
265  -0.003104  -0.013262  0.000186
266  -0.043843  0.002357  0.001928
267  -0.005232  0.027096  0.000762
268  -0.004731  -0.001191  0.000024
269  -0.046338  0.037025  0.003518
270  0.043122  -0.015316  0.002094
271  -0.009643  0.011737  0.000231
272  0.063006  0.036226  0.005282
273  -0.023963  -0.014597  0.000787
274  -0.027952  0.045029  0.002809
275  -0.013612  0.004693  0.000207
276  -0.053711  0.048861  0.005272
277  0.055886  0.061389  0.006892
278  0.070949  0.007994  0.005098
279  0.006365  0.039794  0.001624
280  0.016417  -0.054447  0.003234
281  0.025618  -0.004460  0.000676
282  -0.034965  0.066107  0.005593
283  0.019057  0.013445  0.000544
284  -0.018214  -0.088029  0.008081
285  -0.031031  0.004775  0.000986
286  0.014509  -0.024964  0.000834
287  0.034185  0.017815  0.001486
288  -0.043002  -0.033817  0.002993
289  -0.004613  0.040201  0.001637
290  -0.012161  -0.019979  0.000547
291  0.032195  -0.005237  0.001064
292  -0.027534  0.008583  0.000832
293  0.021329  -0.030156  0.001364
294  -0.023737  0.015953  0.000818
295  0.009184  -0.023299  0.000627
296  -0.035308  -0.017991  0.001570
297  0.006990  0.000130  0.000049
298  0.006319  -0.079271  0.006324
299  0.088860  0.026267  0.008586
300  -0.047621  0.087896  0.009993
301  -0.004757  0.012359  0.000175
302  0.042134  0.082553  0.008590
303  -0.021053  0.046985  0.002651
304  0.051147  -0.009929  0.002715
305  0.052164  -0.006412  0.002762
306  0.010889  -0.010950  0.000238
307  -0.014267  0.118449  0.014234
308  0.059688  0.060230  0.007190
309  -0.050818  -0.022620  0.003094
310  -0.006807  0.033825  0.001190
311  0.008524  -0.034943  0.001294
312  -0.042603  0.003472  0.001827
313  0.036560  -0.008508  0.001409
314  -0.010721  -0.013233  0.000290
315  0.006146  0.006388  0.000079
316  0.000164  -0.104235  0.010865
317  0.015029  -0.039021  0.001749
318  -0.014587  -0.083167  0.007129
319  0.043614  -0.016235  0.002166
320  0.004634  -0.001597  0.000024
321  -0.046184  0.001285  0.002135
322  -0.021541  -0.001136  0.000465
323  0.024307  0.043273  0.002463
324  -0.058900  0.023766  0.004034
325  0.042040  0.022375  0.002268
326  -0.025056  0.016800  0.000910
327  0.065151  0.069634  0.009094
328  0.004302  0.007275  0.000071
329  -0.014530  0.059941  0.003804
330  -0.034191  0.001046  0.001170
331  0.099892  -0.012778  0.010142
332  0.034318  -0.019124  0.001543
333  -0.061357  0.020342  0.004178
334  -0.051840  -0.010040  0.002788
335  -0.006932  -0.022200  0.000541
336  0.016194  -0.061424  0.004035
337  -0.074998  -0.065249  0.009882
338  0.050626  0.021626  0.003031
339  0.003617  -0.016293  0.000279
340  -0.027364  0.030891  0.001703
341  -0.014523  -0.005015  0.000236
342  0.008649  -0.006342  0.000115
343  0.054980  -0.001120  0.003024
344  -0.026252  0.030736  0.001634
345  -0.009604  0.023271  0.000634
346  -0.030069  0.079259  0.007186
347  0.001096  -0.098131  0.009631
348  0.038844  0.052794  0.004296
349  0.009361  0.049511  0.002539
350  -0.038387  0.050712  0.004045
351  -0.081076  -0.067391  0.011115
352  -0.041481  0.031291  0.002700
353  0.048639  0.051454  0.005013
354  0.002352  0.000703  0.000006
355  -0.000150  0.064504  0.004161
356  -0.033585  -0.008776  0.001205
357  -0.069294  -0.064127  0.008914
358  0.024082  -0.028166  0.001373
359  -0.036802  0.071812  0.006511
360  -0.029800  -0.091594  0.009278
361  0.054846  0.085195  0.010266
362  -0.051094  -0.013110  0.002782
363  -0.084938  0.054955  0.010235
364  -0.085523  -0.041459  0.009033
365  -0.115000  0.007410  0.013280
366  0.010865  -0.019116  0.000483
367  0.021548  -0.032440  0.001517
368  0.016953  0.001570  0.000290
369  -0.009559  -0.009665  0.000185
370  0.035179  0.066944  0.005719
371  -0.042911  -0.013641  0.002027
372  -0.014118  0.028149  0.000992
373  -0.006495  0.019495  0.000422
374  -0.077799  -0.027409  0.006804
375  0.016571  -0.015835  0.000525
376  0.021268  -0.081924  0.007164
377  -0.010862  -0.038532  0.001603
378  0.046643  0.051952  0.004875
379  -0.055876  0.006655  0.003166
380  -0.075408  0.014909  0.005909
381  -0.096670  -0.042965  0.011191
382  -0.031979  -0.022172  0.001514
383  -0.018420  -0.101487  0.010639
384  -0.049449  0.034102  0.003608
385  0.001239  0.029006  0.000843
386  0.039858  0.057014  0.004839
387  0.082433  0.012145  0.006943
388  -0.031914  -0.057725  0.004351
389  0.005497  -0.018693  0.000380
390  0.067349  0.039793  0.006119
391  0.040108  0.089690  0.009653
392  -0.047806  -0.008940  0.002365
393  0.014371  0.029116  0.001054
394  0.050565  0.035856  0.003842
395  -0.013480  0.044914  0.002199
396  -0.114799  -0.040363  0.014808
397  0.074665  0.023652  0.006134
398  -0.052207  -0.004599  0.002747
399  0.049683  -0.083049  0.009365
400  -0.055871  0.012392  0.003275
401  -0.008678  0.009293  0.000162
402  -0.046067  -0.001990  0.002126
403  -0.091207  -0.025704  0.008979
404  0.013929  0.039045  0.001718
405  -0.067244  -0.053845  0.007421
406  0.008198  0.006856  0.000114
407  -0.011957  -0.010149  0.000246
408  0.025143  -0.010200  0.000736
409  -0.049377  0.091407  0.010793
410  -0.001193  -0.035895  0.001290
411  0.047059  -0.051114  0.004827
412  -0.017339  0.016662  0.000578
413  -0.031635  0.018889  0.001358
414  0.001840  -0.057556  0.003316
415  -0.050468  0.037658  0.003965
416  -0.051817  0.054730  0.005680
417  0.035514  -0.029363  0.002123
418  -0.078568  -0.036979  0.007540
419  -0.060663  0.098242  0.013331
420  0.034040  -0.043367  0.003039
421  -0.094110  0.029383  0.009720
422  0.063117  -0.065568  0.008283
423  0.089402  -0.088569  0.015837
424  -0.039047  -0.082837  0.008387
425  0.030676  -0.015972  0.001196
426  -0.022116  0.080236  0.006927
427  -0.037462  -0.005703  0.001436
428  -0.021002  -0.001494  0.000443
429  -0.024572  -0.004551  0.000625
430  0.017429  -0.095647  0.009452
431  -0.079603  0.099786  0.016294
432  -0.059664  0.059110  0.007054
433  0.031532  -0.085275  0.008266
434  -0.043040  -0.090434  0.010031
435  -0.036239  0.107204  0.012806
436  -0.039306  0.090378  0.009713
437  -0.036517  0.014643  0.001548
438  -0.037206  0.041032  0.003068
439  0.004368  0.089616  0.008050
440  -0.005648  -0.014047  0.000229
441  0.005599  -0.020001  0.000431
442  0.010451  0.000917  0.000110
443  0.007267  -0.027432  0.000805
444  0.025517  -0.096082  0.009883
445  0.001289  -0.004036  0.000018
446  0.083343  0.085093  0.014187
447  -0.023019  -0.019438  0.000908
448  -0.031842  -0.015507  0.001254
449  0.056207  0.007173  0.003211
450  -0.012597  0.152496  0.023414
451  -0.109472  -0.018567  0.012329
452  0.096126  -0.072052  0.014432
453  -0.064168  0.039006  0.005639
454  0.006559  0.023814  0.000610
455  -0.008030  0.070038  0.004970
456  -0.011377  -0.058722  0.003578
457  0.021281  -0.051130  0.003067
458  -0.078375  0.063164  0.010132
459  0.052524  0.021359  0.003215
460  0.068831  -0.133894  0.022665
461  -0.020724  -0.019130  0.000795
462  0.053441  -0.058591  0.006289
463  0.046879  -0.068379  0.006873
464  0.022529  -0.046438  0.002664
465  -0.046474  -0.010853  0.002278
466  -0.040715  -0.033331  0.002769
467  0.093661  0.101685  0.019112
468  -0.021877  0.009547  0.000570
469  -0.014227  -0.100722  0.010347
470  0.057152  -0.140927  0.023127
471  -0.004512  0.058793  0.003477
472  -0.021761  0.113850  0.013435
473  0.065760  -0.047719  0.006601
474  -0.119329  0.118178  0.028206
475  0.040630  -0.049425  0.004094
476  0.101499  -0.133720  0.028183
477  -0.005390  -0.048763  0.002407
478  0.056789  0.073262  0.008592
479  -0.121381  0.008503  0.014806
480  -0.083722  0.006971  0.007058
481  -0.084712  -0.099103  0.016998
482  -0.063816  -0.083829  0.011100
483  -0.000880  -0.004678  0.000023
484  0.011479  0.070191  0.005059
485  -0.048130  0.052784  0.005103
486  -0.066426  -0.057968  0.007773
487  0.066525  0.045301  0.006478
488  0.044739  -0.146021  0.023324
489  -0.057671  -0.117671  0.017172
490  0.100854  -0.105234  0.021246
491  -0.055707  -0.039408  0.004656
492  0.152658  -0.106439  0.034634
493  -0.020031  -0.009296  0.000488
494  -0.025247  -0.092153  0.009130
495  -0.009444  0.026548  0.000794
496  0.027046  -0.007442  0.000787
497  -0.058028  -0.065023  0.007595
498  -0.057918  0.080314  0.009805
499  -0.086235  0.104946  0.018450
500  0.087490  0.097510  0.017163
501  -0.061173  -0.155180  0.027823
502  -0.081389  -0.057347  0.009913
503  -0.003546  -0.081088  0.006588
504  -0.078504  -0.025386  0.006807
505  0.064896  0.092707  0.012806
506  0.180711  0.094460  0.041579
507  -0.104085  -0.089234  0.018796
508  -0.094126  0.006804  0.008906
509  0.046024  0.014049  0.002316
510  0.001834  -0.063142  0.003990
511  -0.008323  -0.110015  0.012173
512  -0.006479  -0.024167  0.000626
513  0.006597  0.001210  0.000045
514  -0.041215  -0.011502  0.001831
515  0.002560  -0.065920  0.004352
516  0.058065  -0.023550  0.003926
517  0.061052  -0.089939  0.011816
518  -0.159475  0.040769  0.027094
519  0.065721  -0.083803  0.011342
520  -0.044143  -0.123514  0.017204
521  0.074236  -0.062083  0.009365
522  -0.099790  0.060262  0.013590
523  -0.107925  0.137135  0.030454
524  0.001355  0.102668  0.010543
525  -0.065600  -0.044687  0.006300
526  -0.036555  0.083860  0.008369
527  0.151327  0.081678  0.029571
528  0.026321  0.115002  0.013918
529  0.024726  0.112399  0.013245
530  0.032993  -0.070201  0.006017
531  0.074997  -0.014788  0.005843
532  0.017780  -0.027302  0.001062
533  0.034833  -0.007603  0.001271
534  0.024504  -0.001363  0.000602
535  -0.101375  0.132679  0.027880
536  -0.084161  0.015930  0.007337
537  0.100271  0.071232  0.015128
538  -0.002228  0.086174  0.007431
539  0.141823  -0.026829  0.020833
540  -0.086094  -0.009743  0.007507
541  0.105904  -0.000186  0.011216
542  0.041500  0.059709  0.005287
543  -0.079521  0.075459  0.012018
544  -0.031292  -0.016991  0.001268
545  0.001543  0.086529  0.007490
546  -0.037098  -0.136426  0.019988
547  -0.101252  -0.158028  0.035225
548  0.068659  -0.061591  0.008508
549  -0.152053  -0.168758  0.051599
550  -0.072324  -0.085073  0.012468
551  -0.008172  0.194104  0.037743
552  -0.002525  0.048037  0.002314
553  -0.083656  -0.161152  0.032968
554  -0.024457  0.038848  0.002107
555  -0.083790  0.093408  0.015746
556  0.187397  -0.126881  0.051216
557  -0.181658  0.130295  0.049976
558  -0.304605  -0.143147  0.113276
559  0.202600  -0.062426  0.044944
560  0.047320  -0.082704  0.009079
561  0.030630  -0.053118  0.003760
562  -0.118378  0.056096  0.017160
563  0.067130  -0.081253  0.011108
564  0.045286  -0.237877  0.058636
565  -0.084450  -0.154212  0.030913
566  0.051112  0.005592  0.002644
567  -0.181284  0.055666  0.035962
568  -0.080661  -0.115514  0.019850
569  -0.156257  -0.114285  0.037477
570  -0.010970  0.003298  0.000131
571  0.002538  -0.015565  0.000249
572  0.058109  0.029462  0.004245
573  -0.153058  -0.028411  0.024234
574  0.229717  -0.003408  0.052782
575  -0.291277  -0.207730  0.127994
576  0.238589  0.022519  0.057432
577  0.025318  -0.004569  0.000662
578  -0.080551  0.199612  0.046333
579  0.162223  0.153022  0.049732
580  -0.227752  -0.002763  0.051879
581  0.206561  0.052820  0.045457
582  0.013570  0.109220  0.012113
583  -0.213771  -0.004565  0.045719
584  -0.213783  -0.357918  0.173808
585  0.014128  -0.079342  0.006495
586  0.213031  -0.120889  0.059996
587  0.077908  0.098098  0.015693
588  -0.034925  0.074073  0.006706
589  -0.181764  0.045489  0.035107
590  0.051129  0.298785  0.091886
591  -0.148157  0.103582  0.032680
592  0.131928  -0.034344  0.018584
593  -0.297981  0.210035  0.132908
594  -0.108886  -0.066957  0.016339
595  -0.057017  -0.111166  0.015609
596  0.101506  0.343284  0.128147
597  0.138610  -0.017185  0.019508
598  -0.000478  0.105795  0.011193
599  0.031412  0.035377  0.002238
600  0.158625  -0.168105  0.053421
601  0.125981  -0.173552  0.045992
602  -0.086458  0.160254  0.033156
603  0.083693  0.001100  0.007006
604  0.277806  0.162224  0.103493
605  -0.139327  -0.106430  0.030740
606  -0.024543  -0.223640  0.050617
607  -0.065288  -0.055118  0.007300
608  -0.107421  -0.061233  0.015289
609  -0.123814  0.062931  0.019290
610  -0.069218  0.059328  0.008311
611  -0.031208  -0.293070  0.086864
612  0.033116  -0.020770  0.001528
613  -0.011376  -0.070483  0.005097
614  -0.213839  0.325974  0.151986
615  -0.089198  0.037055  0.009329
616  0.084132  0.019725  0.007467
617  -0.089266  -0.077698  0.014005
618  -0.134498  -0.020486  0.018509
619  0.070747  0.013846  0.005197
620  -0.117770  0.231580  0.067499
621  -0.041557  0.120381  0.016219
622  0.316480  -0.123937  0.115520
623  -0.073685  0.012893  0.005596
624  0.053199  0.162774  0.029326
625  -0.075643  0.024306  0.006313
626  -0.185930  0.031348  0.035553
627  0.085066  -0.183162  0.040784
628  -0.094430  -0.260888  0.076979
629  0.076483  0.165555  0.033258
630  0.230277  -0.049685  0.055496
631  -0.281188  -0.300508  0.169372
632  -0.226047  0.106490  0.062437
633  -0.120877  0.176388  0.045724
634  0.462110  -0.004596  0.213567
635  -0.198797  -0.026882  0.040243
636  0.047416  -0.111871  0.014763
637  -0.055323  0.067277  0.007587
638  -0.265239  0.243804  0.129792
639  -0.080368  0.182154  0.039639
640  -0.128114  -0.021622  0.016881
641  0.100200  -0.332215  0.120407
642  -0.118183  -0.172502  0.043724
643  -0.126249  -0.103079  0.026564
644  0.384537  0.231890  0.201641
645  -0.392990  0.075467  0.160137
646  0.043222  -0.008667  0.001943
647  0.083815  -0.060702  0.010710
648  0.031743  -0.029371  0.001870
649  0.064997  -0.026067  0.004904
650  0.136348  0.032133  0.019623
651  0.084782  0.172962  0.037104
652  -0.038540  0.060293  0.005121
653  0.208584  -0.208382  0.086930
654  0.024712  0.005868  0.000645
655  0.217151  0.026922  0.047879
656  -0.124359  0.105978  0.026696
657  0.162275  0.598810  0.384906
658  0.122687  0.142973  0.035493
659  -0.050947  0.160743  0.028434
660  0.233887  -0.421659  0.232499
661  -0.024036  -0.053777  0.003470
662  -0.319289  0.423756  0.281514
663  0.113128  0.034419  0.013983
664  0.055924  0.110740  0.015391
665  -0.523001  0.205425  0.315729
666  0.105817  0.216275  0.057972
667  -0.086092  0.013005  0.007581
668  -0.080543  0.086248  0.013926
669  -0.319099  0.261568  0.170242
670  -0.018645  0.397196  0.158112
671  0.473924  -0.088765  0.232483
672  -0.502724  0.181208  0.285568
673  0.140837  -0.165380  0.047186
674  -0.303025  0.016208  0.092087
675  -0.295598  -0.220029  0.135791
676  0.149145  0.066245  0.026633
677  0.300638  -0.021729  0.090855
678  0.002672  0.165275  0.027323
679  -0.053572  -0.275566  0.078806
680  0.284077  -0.040189  0.082315
681  -0.070250  0.313677  0.103328
682  -0.154400  0.205520  0.066078
683  -0.032628  -0.293065  0.086952
684  -0.086499  0.017099  0.007774
685  -0.027321  0.012614  0.000906
686  -0.182132  0.039845  0.034760
687  -0.190131  0.076547  0.042009
688  -0.049479  0.029772  0.003335
689  -0.658674  0.114041  0.446856
690  0.306142  -0.043619  0.095626
691  0.119687  -0.048270  0.016655
692  -0.053253  -0.080258  0.009277
693  0.020619  0.230583  0.053594
694  0.119121  0.365480  0.147765
695  -0.207818  0.036314  0.044507
696  -0.202876  0.068449  0.045844
697  -0.010877  -0.205892  0.042510
698  0.233492  -0.374194  0.194540
699  0.294347  0.065381  0.090915
700  0.124757  -0.501701  0.267268
701  0.161295  0.226246  0.077204
702  -0.378790  0.267743  0.215168
703  -0.210745  -0.094095  0.053267
704  0.151706  -0.464742  0.239000
705  0.098619  -0.296045  0.097368
706  -0.101777  -0.263291  0.079681
707  0.274003  -0.327764  0.182507
708  -0.511714  0.552722  0.567353
709  0.185349  -0.118250  0.048337
710  0.019557  0.180958  0.033128
711  -0.696523  0.161204  0.511131
712  -0.506624  -0.275221  0.332414
713  0.004750  -0.059639  0.003579
714  0.472314  -0.247287  0.284231
715  -0.109764  0.143112  0.032529
716  0.042157  0.522407  0.274686
717  0.035586  -0.016719  0.001546
718  -0.359364  0.183856  0.162946
719  -0.387003  0.017889  0.150092
720  -0.670758  -0.036009  0.451212
721  -0.488017  0.003946  0.238176
722  -0.048829  -0.101611  0.012709
723  -0.326898  0.296649  0.194863
724  0.264004  -0.282716  0.149626
725  0.034636  -0.635681  0.405290
726  -0.138902  0.016440  0.019564
727  0.176838  0.304756  0.124148
728  -0.038032  -0.056522  0.004641
729  0.081444  -0.123439  0.021870
730  -0.304020  -0.254302  0.157098
731  -0.272491  -0.363569  0.206434
732  -0.065696  0.255610  0.069652
733  -0.090238  0.165348  0.035483
734  -0.403544  -0.036978  0.164215
735  -0.108966  0.153914  0.035563
736  -0.120703  -0.155852  0.038859
737  -0.033065  0.008135  0.001160
738  0.107412  0.135436  0.029880
739  -0.335932  -0.155788  0.137120
740  0.016453  0.113318  0.013112
741  -0.002477  -0.161723  0.026161
742  -0.163734  -0.594854  0.380660
743  0.100551  0.090973  0.018387
744  -0.040201  -0.271884  0.075537
745  0.023155  0.014300  0.000741
746  -0.016807  -0.266887  0.071511
747  0.036799  0.079492  0.007673
748  0.221345  0.335860  0.161796
749  -0.591843  0.220070  0.398709
750  -0.160253  -0.145469  0.046842
751  0.056295  -0.058661  0.006610
752  0.602584  0.048466  0.365457
753  0.436534  0.148594  0.212642
754  0.023885  -0.550585  0.303714
755  0.011889  -0.226797  0.051578
756  -0.005556  -0.100876  0.010207
757  -0.088164  -0.125873  0.023617
758  0.198910  0.098162  0.049201
759  0.050817  -0.198166  0.041852
760  0.041892  -0.838403  0.704674
761  0.128994  -0.148140  0.038585
762  0.108767  0.277314  0.088734
763  0.444837  0.430226  0.382974
764  0.151429  0.130806  0.040041
765  0.029099  -0.092220  0.009351
766  0.149675  0.176989  0.053728
767  -0.127902  0.392386  0.170326
768  0.348102  0.469912  0.341992
769  0.253126  0.033645  0.065205
770  -0.067385  -0.057853  0.007888
771  -0.030185  -0.430340  0.186103
772  -0.002799  0.395898  0.156743
773  -0.154181  0.249875  0.086209
774  0.120882  -0.058168  0.017996
775  0.124193  -0.048482  0.017774
776  0.548555  -0.398157  0.459442
777  -0.051422  0.053284  0.005483
778  -0.017577  -0.075042  0.005940
779  0.474768  -0.002158  0.225410
780  -0.221073  0.093460  0.057608
781  -0.126072  0.397919  0.174234
782  -0.336081  -0.392931  0.267345
783  0.405354  0.115014  0.177540
784  -0.315173  -0.120544  0.113865
785  -0.137889  0.284432  0.099915
786  0.189680  0.361150  0.166408
787  0.109446  -0.373381  0.151392
788  0.281423  -0.409787  0.247124
789  0.167237  -0.789923  0.651946
790  0.179148  0.206832  0.074874
791  0.151866  0.112141  0.035639
792  -0.689912  -0.144411  0.496833
793  -0.125224  0.579364  0.351343
794  0.251033  -0.034155  0.064184
795  -0.139692  -0.426421  0.201349
796  0.059560  -0.008746  0.003624
797  0.259849  -0.684299  0.535786
798  -0.089159  0.781257  0.618311
799  0.374589  0.321215  0.243496
800  -0.096868  -0.039869  0.010973
801  0.146397  -0.181998  0.054555
802  0.355459  -0.021267  0.126803
803  0.665743  -0.026453  0.443913
804  -0.265171  0.072200  0.075529
805  -0.114189  -0.153190  0.036506
806  0.552735  0.677611  0.764673
807  0.537701  -0.184582  0.323193
808  0.494599  -0.001352  0.244630
809  -0.249402  -0.510200  0.322506
810  -0.309173  -0.337447  0.209459
811  -0.411181  -0.072452  0.174319
812  0.032223  -0.189067  0.036785
813  -0.126229  -0.071329  0.021022
814  -0.346230  0.188934  0.155572
815  -0.594449  -0.513251  0.616796
816  0.733504  -0.226320  0.589248
817  -0.195119  -0.236134  0.093831
818  0.317042  0.125144  0.116177
819  -0.499057  -0.657189  0.680955
820  -0.395169  0.119428  0.170421
821  -0.039412  -0.208299  0.044942
822  -0.684039  -0.319420  0.569938
823  0.067506  0.505982  0.260574
824  0.240550  0.232056  0.111714
825  0.252735  0.210395  0.108141
826  0.081729  0.314443  0.105554
827  -0.373875  0.280724  0.218588
828  -0.448912  0.190261  0.237721
829  -0.266179  0.293596  0.157050
830  -0.145426  0.051332  0.023784
831  0.382197  -0.050498  0.148625
832  0.564624  -0.052907  0.321600
833  0.631062  0.298613  0.487409
834  0.098403  -0.301378  0.100512
835  -0.137056  0.336140  0.131774
836  0.122102  -0.914614  0.851427
837  -0.052295  0.230710  0.055962
838  0.145999  0.446897  0.221033
839  0.381029  -0.391702  0.298614
840  0.360770  0.146813  0.151709
841  -0.345028  0.169694  0.147841
842  -0.017915  -0.293452  0.086435
843  -0.146693  0.380692  0.166445
844  0.636892  -0.244720  0.465520
845  0.194248  0.307245  0.132132
846  -1.032043  -0.388716  1.216213
847  0.296877  0.025790  0.088801
848  -0.131392  0.055367  0.020329
849  -0.310760  0.029104  0.097419
850  -0.551013  0.056095  0.306762
851  -0.314111  0.119343  0.112909
852  -0.413666  -0.227753  0.222991
853  -0.276967  -0.187208  0.111758
854  -0.145999  0.184361  0.055305
855  0.880718  -0.412065  0.945461
856  -0.304764  0.305138  0.185990
857  0.040619  -0.297370  0.090079
858  -0.209357  -0.426039  0.225340
859  -0.474495  0.624861  0.615597
860  -0.078991  0.119588  0.020541
861  0.380442  0.331041  0.254324
862  0.143870  0.442642  0.216630
863  -0.087820  0.006375  0.007753
864  0.098711  0.245083  0.069809
865  0.075780  -0.327487  0.112990
866  -0.467366  -0.451759  0.422517
867  -0.131412  -0.286119  0.099133
868  0.387088  0.361613  0.280601
869  -0.132594  0.288924  0.101058
870  -0.089650  0.234030  0.062807
871  0.106155  0.298311  0.100258
872  -0.238449  -0.848780  0.777286
873  -0.033831  0.076752  0.007035
874  0.256412  0.531062  0.347774
875  -0.029567  -0.614346  0.378295
876  -0.029519  0.312299  0.098402
877  0.123750  -0.429739  0.199990
878  -0.210062  -0.129305  0.060846
879  0.076987  -0.690948  0.483336
880  0.261431  0.456341  0.276594
881  0.012728  0.068194  0.004812
882  0.092598  0.201633  0.049230
883  0.327757  0.293401  0.193509
884  0.558633  0.329458  0.420613
885  0.013214  0.083859  0.007207
886  0.712532  0.369314  0.644094
887  -0.229873  0.084564  0.059993
888  0.098995  -0.331193  0.119489
889  -0.311889  0.224816  0.147817
890  -0.222763  0.257310  0.115832
891  -0.485740  0.366209  0.370053
892  -0.476198  0.420892  0.403914
893  -0.036020  -0.015333  0.001533
894  -0.717445  -0.730183  1.047894
895  0.132080  -0.217603  0.064796
896  0.150657  -0.754109  0.591379
897  0.335560  -0.588629  0.459084
898  0.415268  0.068192  0.177098
899  0.576932  -0.447535  0.533138
900  -0.262528  -0.146290  0.090322
901  -0.218023  0.358945  0.176375
902  -0.158904  -0.306891  0.119433
903  -0.639029  0.037920  0.409796
904  0.402866  0.323688  0.267075
905  0.003750  0.045784  0.002110
906  -0.312893  0.029133  0.098751
907  -0.095827  0.395901  0.165920
908  -0.078722  0.283574  0.086611
909  0.155379  -0.405445  0.188528
910  -0.190213  0.548396  0.336919
911  -0.449968  0.522858  0.475852
912  0.085753  0.358260  0.135704
913  -0.115491  0.705337  0.510839
914  -0.878086  0.081165  0.777622
915  0.191940  0.041416  0.038556
916  0.672309  -0.821954  1.127609
917  -0.441382  -0.347742  0.315742
918  1.385171  0.216877  1.965735
919  0.215629  0.131101  0.063683
920  -0.155587  0.242284  0.082909
921  -0.326103  0.021146  0.106790
922  0.092538  0.198356  0.047908
923  -0.158279  -0.216932  0.072112
924  -0.329353  0.237267  0.164769
925  -0.067202  -0.427599  0.187357
926  0.603011  -0.481587  0.595548
927  0.048647  0.966062  0.935642
928  -0.113556  -0.476821  0.240253
929  0.263722  0.255446  0.134802
930  -0.596406  -0.374246  0.495761
931  -0.459446  -0.221264  0.260048
932  0.275895  -0.166730  0.103917
933  0.028207  0.611892  0.375208
934  0.156319  0.606061  0.391745
935  1.147737  -0.289403  1.401054
936  -0.000985  -0.059516  0.003543
937  0.312114  -0.389111  0.248822
938  0.334389  -0.069812  0.116690
939  -0.248929  -0.496020  0.308001
940  0.379701  0.185382  0.178539
941  -0.539668  -0.201927  0.332016
942  0.023355  -0.466602  0.218263
943  -0.114567  -0.374703  0.153528
944  0.158013  -0.171123  0.054251
945  -0.516934  -0.718650  0.783679
946  -0.032679  -0.028134  0.001859
947  0.108768  -0.272036  0.085834
948  0.369391  0.746397  0.693558
949  -0.291311  -0.347314  0.205489
950  -0.138728  0.055298  0.022303
951  0.045587  0.131093  0.019263
952  0.271300  -0.478560  0.302623
953  -0.395966  0.138368  0.175935
954  0.049603  0.429516  0.186944
955  -0.021748  -0.177291  0.031905
956  -0.391742  0.373841  0.293219
957  -0.240236  0.272251  0.131834
958  -0.106754  -0.049983  0.013895
959  -0.049784  0.161537  0.028573
960  0.447614  0.121519  0.215125
961  -0.444306  0.146237  0.218794
962  -0.544723  -0.239720  0.354188
963  0.574610  0.241041  0.388278
964  0.418761  -0.236800  0.231435
965  0.051984  -0.713365  0.511593
966  -0.476615  0.196493  0.265771
967  0.938102  0.260887  0.948098
968  -0.025934  0.053336  0.003517
969  -0.248492  0.627397  0.455375
970  -1.153991  0.048746  1.334071
971  -0.061108  0.168178  0.032018
972  -0.092241  -0.516273  0.275046
973  0.226286  -0.289100  0.134785
974  0.456931  0.451661  0.412784
975  0.094464  -0.718469  0.525121
976  -0.278837  -0.329764  0.186494
977  -0.028246  0.031298  0.001777
978  0.570882  -0.299528  0.415623
979  -0.164892  0.408945  0.194425
980  0.087907  -0.562237  0.323838
981  -0.241265  -0.071163  0.063273
982  -0.169678  -0.036368  0.030113
983  -0.292612  0.169243  0.114265
984  0.226182  -0.086869  0.058705
985  -0.188413  -0.906107  0.856529
986  -0.119968  0.258629  0.081281
987  -0.422225  0.289813  0.262265
988  -0.136756  -0.097970  0.028300
989  1.064910  0.320294  1.236622
990  -0.646212  -0.315583  0.517182
991  0.132048  0.093510  0.026181
992  -0.212007  0.241403  0.103222
993  -0.108371  0.362004  0.142791
994  -0.413580  0.147818  0.192899
995  0.521849  0.292083  0.357639
996  0.545112  -0.121018  0.311793
997  0.215028  -0.101759  0.056592
998  -0.296341  -0.002582  0.087824
999  0.518415  0.486321  0.505262
1000  -0.205926  -0.307925  0.137223
1001  0.740788  0.118778  0.562874
1002  0.226608  0.042436  0.053152
1003  -0.495731  0.004759  0.245772
1004  -0.118962  0.462903  0.228431
1005  0.151238  0.374394  0.163044
1006  -0.103352  0.074355  0.016210
1007  -0.050850  -0.146455  0.024035
1008  0.449841  0.148475  0.224401
1009  -0.355988  0.298192  0.215646
1010  0.100886  -0.029797  0.011066
1011  0.030579  -0.092206  0.009437
1012  0.115226  -0.351947  0.137144
1013  0.351426  0.177605  0.155044
1014  -0.081645  0.107623  0.018249
1015  0.030225  0.138531  0.020104
1016  -0.344984  -0.006325  0.119054
1017  0.192971  0.136155  0.055776
1018  -0.047289  -0.248111  0.063795
1019  0.108993  -0.144300  0.032702
1020  -0.532461  0.024377  0.284109
1021  -0.105587  -0.159280  0.036519
1022  -0.459837  -0.309112  0.307000
1023  -0.270268  0.120146  0.087480
1024  -0.082325  -0.138358  0.025920
1025  -0.056338  0.310779  0.099758
1026  0.826351  0.030102  0.683762
1027  -0.617929  -0.338416  0.496361
1028  -0.103819  0.138802  0.030044
1029  -0.336670  -0.442019  0.308728
1030  -0.056346  0.243168  0.062306
1031  -0.381752  -0.083501  0.152707
1032  -0.285033  0.174556  0.111714
1033  0.134702  0.262144  0.086864
1034  0.189739  -0.047522  0.038259
1035  0.043034  0.078289  0.007981
1036  0.360441  -0.052465  0.132670
1037  -0.247966  -0.006858  0.061534
1038  0.033146  0.145140  0.022164
1039  0.166068  -0.251454  0.090808
1040  0.069689  0.453734  0.210731
1041  -0.086852  -0.068342  0.012214
1042  0.321342  0.507365  0.360680
1043  -0.138476  0.457351  0.228345
1044  0.098649  0.076834  0.015635
1045  0.136030  0.339406  0.133701
1046  -0.122558  -0.276265  0.091342
1047  0.043907  0.167219  0.029890
1048  -0.160367  0.250378  0.088407
1049  -0.259880  0.123145  0.082702
1050  -0.050327  -0.012064  0.002678
1051  0.385599  -0.008565  0.148760
1052  0.204498  -0.489829  0.281752
1053  0.207178  -0.162214  0.069236
1054  -0.256266  -0.445468  0.264114
1055  0.073683  0.071122  0.010487
1056  -0.263867  0.271855  0.143531
1057  0.076872  -0.064036  0.010010
1058  -0.159614  0.089218  0.033436
1059  -0.023347  0.072380  0.005784
1060  -0.029659  -0.045663  0.002965
1061  0.106721  -0.183388  0.045020
1062  0.364753  0.002749  0.133053
1063  0.037725  -0.237235  0.057704
1064  0.148559  0.015332  0.022305
1065  -0.061787  0.389238  0.155324
1066  -0.383866  0.312217  0.244833
1067  -0.095261  -0.036779  0.010427
1068  0.204087  -0.466063  0.258866
1069  -0.062683  -0.001486  0.003931
1070  -0.010331  -0.214502  0.046118
1071  0.346563  -0.349884  0.242525
1072  0.066512  -0.186566  0.039231
1073  0.370275  0.004906  0.137127
1074  0.133829  0.182335  0.051156
1075  0.275360  0.057691  0.079152
1076  -0.263061  0.149502  0.091552
1077  -0.179541  -0.136102  0.050759
1078  -0.001506  -0.293811  0.086327
1079  0.160790  -0.194800  0.063800
1080  0.088842  0.255591  0.073219
1081  0.228267  0.149962  0.074595
1082  -0.354883  0.273866  0.200945
1083  0.158374  0.266290  0.095993
1084  0.201783  -0.279257  0.118701
1085  -0.066275  -0.046894  0.006591
1086  -0.053788  -0.055219  0.005942
1087  -0.152652  -0.169240  0.051945
1088  0.165055  -0.040867  0.028913
1089  -0.003436  0.022701  0.000527
1090  0.201791  -0.452140  0.245151
1091  -0.259481  -0.314829  0.166448
1092  0.047292  0.115349  0.015542
1093  0.278135  -0.111982  0.089899
1094  0.218106  -0.003617  0.047583
1095  -0.362663  -0.158221  0.156558
1096  0.024527  -0.106402  0.011923
1097  0.328350  0.146113  0.129163
1098  0.063984  -0.128878  0.020703
1099  0.460356  0.000107  0.211927
1100  0.045265  0.176738  0.033285
1101  0.262874  -0.331370  0.178909
1102  -0.271799  -0.212037  0.118834
1103  -0.045964  0.058510  0.005536
1104  -0.071498  0.073296  0.010484
1105  0.346787  -0.091898  0.128706
1106  0.106386  0.118669  0.025400
1107  -0.467972  -0.166992  0.246884
1108  -0.079630  -0.105145  0.017396
1109  0.397318  0.127336  0.174076
1110  -0.169642  0.067763  0.033370
1111  -0.044887  0.013081  0.002186
1112  -0.009877  0.142370  0.020367
1113  -0.162123  0.065833  0.030618
1114  0.259961  0.163732  0.094388
1115  0.309915  -0.043114  0.097906
1116  0.249563  -0.045419  0.064345
1117  0.019849  -0.074123  0.005888
1118  -0.008055  0.466114  0.217327
1119  -0.174277  0.065091  0.034609
1120  0.270585  0.122431  0.088205
1121  0.054912  -0.349578  0.125220
1122  -0.315156  -0.367564  0.234426
1123  -0.090287  0.230379  0.061226
1124  0.147121  0.211379  0.066326
1125  0.045984  -0.262166  0.070845
1126  0.098674  0.029855  0.010628
1127  0.153563  -0.172619  0.053379
1128  0.083209  0.162180  0.033226
1129  0.327214  -0.347020  0.227492
1130  0.106049  -0.131434  0.028521
1131  -0.092067  0.443677  0.205326
1132  -0.227047  -0.104886  0.062551
1133  -0.067397  -0.038074  0.005992
1134  0.163599  0.154175  0.050534
1135  0.059570  0.139632  0.023046
1136  -0.294771  -0.140414  0.106606
1137  0.347503  0.057778  0.124097
1138  0.117895  -0.068177  0.018547
1139  -0.083546  -0.196091  0.045431
1140  0.136419  -0.176435  0.049740
1141  0.073285  0.078945  0.011603
1142  0.046816  -0.156999  0.026841
1143  -0.344426  -0.154891  0.142620
1144  -0.110058  0.296198  0.099846
1145  -0.017692  0.089720  0.008363
1146  0.050432  -0.023575  0.003099
1147  -0.153926  -0.070152  0.028615
1148  0.292705  -0.159900  0.111244
1149  0.014847  -0.360679  0.130310
1150  0.274637  -0.052366  0.078168
1151  -0.294480  0.091614  0.095111
1152  -0.009500  -0.319615  0.102244
1153  -0.047830  0.062150  0.006150
1154  0.147554  -0.162433  0.048157
1155  0.106983  -0.006370  0.011486
1156  0.045295  -0.128557  0.018579
1157  -0.030659  -0.180865  0.033652
1158  -0.260799  -0.006741  0.068061
1159  0.090764  0.168849  0.036748
1160  0.158341  -0.045097  0.027106
1161  0.159546  -0.001106  0.025456
1162  -0.080136  0.014633  0.006636
1163  -0.143499  -0.087548  0.028257
1164  -0.126978  0.019295  0.016496
1165  -0.105332  -0.017190  0.011390
1166  -0.178311  -0.015512  0.032035
1167  -0.022393  0.271362  0.074139
1168  0.333656  -0.071228  0.116400
1169  0.115204  -0.190917  0.049721
1170  -0.173330  -0.060038  0.033648
1171  -0.164996  0.094493  0.036153
1172  0.084351  0.234615  0.062159
1173  0.066208  0.004739  0.004406
1174  0.012027  0.195790  0.038479
1175  -0.116627  -0.029252  0.014457
1176  0.107207  0.000399  0.011493
1177  0.078348  0.016908  0.006424
1178  0.223675  0.206722  0.092764
1179  -0.068956  -0.078344  0.010893
1180  0.185922  -0.061642  0.038367
1181  0.096593  -0.014924  0.009553
1182  -0.064548  -0.138778  0.023426
1183  0.120775  0.070572  0.019567
1184  0.003195  0.280405  0.078637
1185  0.107333  0.217420  0.058792
1186  0.139497  -0.033920  0.020610
1187  -0.065725  -0.206520  0.046970
1188  -0.051784  0.079801  0.009050
1189  -0.107381  -0.041644  0.013265
1190  0.020971  0.079437  0.006750
1191  0.094101  0.018657  0.009203
1192  0.050958  0.080653  0.009102
1193  0.060536  0.038858  0.005175
1194  0.167908  0.184374  0.062187
1195  0.040151  -0.025014  0.002238
1196  -0.058767  -0.130971  0.020607
1197  -0.027079  0.014075  0.000931
1198  -0.014122  0.145926  0.021494
1199  0.169557  0.048731  0.031124
1200  0.064423  -0.087232  0.011760
1201  -0.097979  -0.037937  0.011039
1202  -0.092642  -0.098142  0.018215
1203  -0.074957  0.120819  0.020216
1204  0.036577  0.157820  0.026245
1205  -0.048486  0.007371  0.002405
1206  -0.156061  -0.011389  0.024485
1207  0.020970  0.129641  0.017247
1208  -0.058782  -0.148049  0.025374
1209  -0.083011  -0.157514  0.031701
1210  0.036727  -0.023458  0.001899
1211  0.217335  -0.062020  0.051081
1212  0.026937  0.189548  0.036654
1213  0.126736  0.106705  0.027448
1214  -0.083326  0.154401  0.030783
1215  0.080494  0.045072  0.008511
1216  0.073529  0.067645  0.009982
1217  0.073279  0.101880  0.015749
1218  0.121836  -0.004984  0.014869
1219  -0.073627  0.063950  0.009511
1220  0.137453  -0.088341  0.026698
1221  0.167147  -0.112738  0.040648
1222  -0.068306  -0.140519  0.024411
1223  -0.090816  -0.049575  0.010705
1224  -0.112764  0.019700  0.013104
1225  -0.056615  0.022454  0.003709
1226  -0.127592  -0.007080  0.016330
1227  0.026928  -0.037234  0.002112
1228  -0.018216  -0.012661  0.000492
1229  -0.067616  0.087469  0.012223
1230  -0.077258  -0.088658  0.013829
1231  -0.062897  -0.083788  0.010976
1232  -0.001770  0.038479  0.001484
1233  -0.118347  0.239341  0.071290
1234  0.132187  -0.220928  0.066283
1235  0.108179  -0.004378  0.011722
1236  0.033033  -0.153256  0.024579
1237  0.018256  -0.209571  0.044253
1238  -0.195989  0.000082  0.038412
1239  0.025757  -0.058942  0.004138
1240  -0.161003  0.013276  0.026098
1241  -0.200189  -0.104887  0.051077
1242  0.011422  0.073687  0.005560
1243  -0.028883  0.019852  0.001228
1244  -0.012347  -0.080685  0.006663
1245  -0.046341  -0.133897  0.020076
1246  -0.057769  -0.036635  0.004679
1247  -0.066439  -0.171837  0.033942
1248  0.064629  0.061571  0.007968
1249  -0.024498  0.052304  0.003336
1250  -0.150988  0.145025  0.043830
1251  0.007920  0.095267  0.009138
1252  0.045584  -0.006728  0.002123
1253  -0.020188  -0.040699  0.002064
1254  0.032633  -0.040874  0.002736
1255  0.045938  0.060423  0.005761
1256  0.020176  0.013527  0.000590
1257  -0.059696  -0.200141  0.043620
1258  -0.060328  -0.056355  0.006815
1259  0.016301  -0.166764  0.028076
1260  -0.006103  -0.003249  0.000048
1261  -0.211907  -0.007315  0.044958
1262  0.107552  0.165266  0.038880
1263  0.005257  -0.063534  0.004064
1264  -0.019959  -0.019412  0.000775
1265  0.099856  -0.013454  0.010152
1266  -0.119667  -0.104633  0.025268
1267  -0.089821  -0.014610  0.008281
1268  0.009936  0.024130  0.000681
1269  -0.031906  -0.080280  0.007463
1270  0.020619  0.104038  0.011249
1271  0.007829  0.015928  0.000315
1272  0.095994  -0.053368  0.012063
1273  -0.056374  -0.040857  0.004847
1274  -0.143621  -0.007704  0.020686
1275  -0.025054  -0.048250  0.002956
1276  -0.054970  0.055993  0.006157
1277  -0.033426  -0.008096  0.001183
1278  0.003143  0.078593  0.006187
1279  -0.058063  -0.100417  0.013455
1280  -0.070452  0.133464  0.022776
1281  0.059445  0.003252  0.003544
1282  -0.049184  -0.026162  0.003104
1283  -0.013783  0.074842  0.005791
1284  0.053398  0.067575  0.007418
1285  0.207752  0.054583  0.046140
1286  -0.074287  0.039579  0.007085
1287  0.051448  0.052113  0.005363
1288  -0.013931  -0.077310  0.006171
1289  -0.096552  0.108169  0.021023
1290  0.008270  0.064817  0.004270
1291  0.043803  0.019884  0.002314
1292  -0.047331  0.046594  0.004411
1293  0.094762  -0.115089  0.022225
1294  -0.070086  0.134592  0.023027
1295  0.027550  -0.015777  0.001008
1296  -0.085307  -0.113952  0.020262
1297  0.022595  -0.098987  0.010309
1298  0.004923  -0.134346  0.018073
1299  -0.038220  0.098028  0.011070
1300  0.040176  0.063543  0.005652
1301  0.021927  -0.032937  0.001566
1302  -0.044482  0.034032  0.003137
1303  0.000371  0.045523  0.002072
1304  -0.059268  -0.029050  0.004357
1305  -0.011727  0.006173  0.000176
1306  0.001589  -0.018633  0.000350
1307  -0.008516  0.089571  0.008095
1308  0.092981  -0.025693  0.009306
1309  0.045370  -0.055528  0.005142
1310  0.060045  -0.040228  0.005224
1311  0.067683  -0.131805  0.021954
1312  -0.005294  -0.043380  0.001910
1313  -0.035746  -0.006837  0.001325
1314  0.049032  0.055071  0.005437
1315  0.014026  -0.124859  0.015787
1316  -0.017463  0.087706  0.007997
1317  -0.074052  -0.077348  0.011466
1318  0.036991  0.097383  0.010852
1319  0.063850  -0.001792  0.004080
1320  0.020792  -0.000560  0.000433
1321  -0.046240  0.023190  0.002676
1322  0.008260  -0.028060  0.000856
1323  -0.004675  -0.033145  0.001120
1324  0.082024  -0.046196  0.008862
1325  0.000060  -0.050058  0.002506
1326  -0.048037  0.021943  0.002789
1327  -0.021426  -0.016763  0.000740
1328  -0.001121  0.036688  0.001347
1329  0.015056  0.012201  0.000376
1330  0.052454  -0.074516  0.008304
1331  -0.028174  -0.020506  0.001214
1332  -0.023816  -0.003630  0.000580
1333  0.022800  0.091536  0.008899
1334  -0.043573  -0.070543  0.006875
1335  -0.071757  -0.090279  0.013299
1336  -0.109619  0.011877  0.012157
1337  0.010512  -0.133143  0.017838
1338  -0.101397  0.024076  0.010861
1339  -0.070607  0.000037  0.004985
1340  0.074491  -0.071779  0.010701
1341  0.060893  0.079404  0.010013
1342  0.056670  0.042718  0.005036
1343  0.106385  0.120519  0.025842
1344  -0.075755  -0.081418  0.012368
1345  0.025789  0.037766  0.002091
1346  -0.000792  0.037458  0.001404
1347  0.036996  -0.016351  0.001636
1348  -0.044935  -0.049163  0.004436
1349  -0.013053  0.017828  0.000488
1350  0.021662  -0.041045  0.002154
1351  -0.007425  -0.070936  0.005087
1352  0.024771  -0.010252  0.000719
1353  0.066211  -0.007033  0.004433
1354  0.042195  0.015059  0.002007
1355  -0.020361  0.011886  0.000556
1356  0.061328  -0.032272  0.004803
1357  -0.008546  0.021881  0.000552
1358  0.094447  -0.058983  0.012399
1359  -0.051676  0.042244  0.004455
1360  0.014402  -0.027744  0.000977
1361  0.043272  -0.081156  0.008459
1362  -0.026265  -0.102961  0.011291
1363  0.036732  -0.047351  0.003591
1364  -0.019433  0.034844  0.001592
1365  -0.035995  0.044298  0.003258
1366  -0.005456  -0.000289  0.000030
1367  0.032420  0.101380  0.011329
1368  0.011186  0.012530  0.000282
1369  -0.024564  -0.068426  0.005286
1370  0.020578  -0.023200  0.000962
1371  -0.049739  -0.047757  0.004755
1372  0.070119  0.017306  0.005216
1373  0.063312  -0.028082  0.004797
1374  0.051686  -0.040878  0.004342
1375  -0.017254  -0.031539  0.001292
1376  0.050017  -0.019480  0.002881
1377  0.041389  -0.013550  0.001897
1378  0.010122  -0.002643  0.000109
1379  0.024882  -0.052469  0.003372
1380  -0.013885  0.045855  0.002295
1381  0.008655  0.110644  0.012317
1382  0.023324  -0.028392  0.001350
1383  -0.039654  0.053234  0.004406
1384  -0.045951  0.020257  0.002522
1385  -0.022599  0.070708  0.005510
1386  0.006369  -0.018878  0.000397
1387  0.046372  -0.032682  0.003218
1388  0.040125  -0.041576  0.003339
1389  -0.041772  -0.011237  0.001871
1390  0.061337  -0.108196  0.015469
1391  -0.044262  0.051307  0.004591
1392  0.027672  0.001740  0.000769
1393  0.007204  -0.008161  0.000119
1394  0.009262  -0.077868  0.006149
1395  0.011569  -0.048103  0.002448
1396  -0.021172  0.027630  0.001212
1397  0.016303  0.037911  0.001703
1398  0.025850  0.030060  0.001572
1399  -0.004093  -0.009752  0.000112
1400  -0.043286  -0.023122  0.002408
1401  0.010899  0.011600  0.000253
1402  0.010174  0.056738  0.003323
1403  -0.007893  0.016201  0.000325
1404  0.054628  0.016097  0.003243
1405  -0.039425  0.004320  0.001573
1406  0.011276  -0.006138  0.000165
1407  0.012458  -0.011438  0.000286
1408  -0.039271  -0.060809  0.005240
1409  0.017410  -0.031528  0.001297
1410  0.016521  0.001908  0.000277
1411  0.064668  0.000408  0.004182
1412  -0.030606  0.010942  0.001056
1413  -0.018138  0.023651  0.000888
1414  -0.007892  -0.045134  0.002099
1415  0.009579  0.035895  0.001380
1416  -0.012439  -0.040841  0.001823
1417  -0.077960  -0.082552  0.012893
1418  0.054786  0.049186  0.005421
1419  0.021130  -0.034480  0.001635
1420  -0.005151  0.010720  0.000141
1421  0.016554  -0.033610  0.001404
1422  0.027911  -0.033864  0.001926
1423  -0.006316  0.034020  0.001197
1424  0.043485  0.015909  0.002144
1425  -0.001515  -0.012658  0.000163
1426  0.030055  -0.011371  0.001033
1427  -0.035551  0.078472  0.007422
1428  0.000583  0.004130  0.000017
1429  -0.018669  -0.048318  0.002683
1430  -0.090286  0.025115  0.008782
1431  0.020188  -0.032105  0.001438
1432  -0.001495  -0.018392  0.000341
1433  -0.035067  -0.061781  0.005047
1434  0.037001  0.009712  0.001463
1435  0.000378  -0.081148  0.006585
1436  0.012256  0.011400  0.000280
1437  -0.006864  -0.026945  0.000773
1438  -0.017872  0.022672  0.000833
1439  -0.011934  0.014772  0.000361
1440  0.101592  -0.006259  0.010360
1441  -0.017345  -0.042618  0.002117
1442  0.053215  0.022181  0.003324
1443  0.034362  0.023435  0.001730
1444  0.017328  -0.028981  0.001140
1445  0.077022  0.011427  0.006063
1446  -0.028704  0.008466  0.000896
1447  -0.061347  -0.031408  0.004750
1448  -0.000991  0.004986  0.000026
1449  -0.037917  -0.026661  0.002149
1450  0.005624  -0.000324  0.000032
1451  -0.016016  0.008955  0.000337
1452  -0.002568  0.066709  0.004457
1453  0.038993  0.022734  0.002037
1454  -0.005114  0.064993  0.004250
1455  0.047496  -0.058058  0.005627
1456  -0.012109  0.016534  0.000420
1457  -0.023606  0.012190  0.000706
1458  0.064438  -0.087853  0.011870
1459  -0.009090  0.115208  0.013355
1460  0.004606  -0.049618  0.002483
1461  0.004131  -0.048004  0.002321
1462  0.028813  -0.019202  0.001199
1463  0.028243  -0.061050  0.004525
1464  -0.070707  0.006708  0.005044
1465  0.027980  -0.034097  0.001945
1466  0.013695  -0.000366  0.000188
1467  -0.006268  -0.029315  0.000899
1468  0.039283  0.043483  0.003434
1469  0.020162  0.011921  0.000549
1470  0.018100  0.009692  0.000422
1471  -0.012076  -0.057061  0.003402
1472  0.039777  -0.071277  0.006663
1473  0.007275  -0.032117  0.001084
1474  0.025270  0.032006  0.001663
1475  0.009065  0.055583  0.003172
1476  -0.006739  0.011313  0.000173
1477  0.018429  -0.074399  0.005875
1478  0.010303  0.005886  0.000141
1479  -0.015357  -0.058673  0.003678
1480  -0.012867  -0.010519  0.000276
1481  0.001719  0.016280  0.000268
1482  -0.001347  -0.037359  0.001397
1483  -0.018485  -0.002965  0.000350
1484  0.005674  -0.033669  0.001166
1485  -0.003021  -0.052584  0.002774
1486  0.047546  0.010933  0.002380
1487  0.086837  -0.007497  0.007597
1488  -0.043615  0.003756  0.001916
1489  0.002472  0.046463  0.002165
1490  -0.014513  0.016519  0.000483
1491  0.016003  0.021091  0.000701
1492  -0.016719  0.026717  0.000993
1493  0.002276  -0.006813  0.000052
1494  0.001790  -0.040844  0.001671
1495  0.034281  0.068264  0.005835
1496  0.000513  -0.008324  0.000070
1497  -0.023718  -0.055099  0.003598
1498  0.071237  0.069821  0.009950
1499  -0.056931  -0.010325  0.003348
1500  0.001941  0.029206  0.000857
1501  0.011070  0.020844  0.000557
1502  0.014728  0.022614  0.000728
1503  -0.026732  0.004613  0.000736
1504  0.050595  -0.015652  0.002805
1505  -0.034792  0.009546  0.001302
1506  -0.007741  0.069485  0.004888
1507  -0.025473  -0.038269  0.002113
1508  -0.006697  -0.042462  0.001848
1509  -0.031371  0.013368  0.001163
1510  0.011786  0.041256  0.001841
1511  -0.009087  -0.010893  0.000201
1512  0.005575  -0.022512  0.000538
1513  0.054513  0.027191  0.003711
1514  -0.049023  -0.030610  0.003340
1515  0.031578  -0.010128  0.001100
1516  -0.040913  0.001126  0.001675
1517  0.033885  0.018886  0.001505
1518  -0.051716  0.059109  0.006168
1519  0.070596  -0.028996  0.005825
1520  0.000029  0.048319  0.002335
1521  -0.035119  -0.012957  0.001401
1522  -0.008995  -0.031785  0.001091
1523  0.034581  0.051593  0.003858
1524  0.009434  0.003285  0.000100
1525  -0.046984  0.035212  0.003447
1526  -0.033127  -0.006825  0.001144
1527  -0.011134  -0.015179  0.000354
1528  -0.072410  -0.036096  0.006546
1529  -0.019590  0.000984  0.000385
1530  0.025645  -0.043348  0.002537
1531  0.060480  0.048538  0.006014
1532  -0.016719  0.029115  0.001127
1533  -0.021672  0.006637  0.000514
1534  -0.014250  -0.012647  0.000363
1535  0.063030  -0.042429  0.005773
1536  -0.018261  -0.050074  0.002841
1537  0.041173  -0.008189  0.001762
1538  -0.009009  0.036351  0.001403
1539  0.005271  -0.002309  0.000033
1540  0.032567  -0.011848  0.001201
1541  -0.024518  -0.024802  0.001216
1542  -0.053555  0.002655  0.002875
1543  0.014199  0.070531  0.005176
1544  0.074503  0.049862  0.008037
1545  0.041305  -0.014609  0.001920
1546  0.034779  -0.021323  0.001664
1547  -0.002446  -0.051602  0.002669
1548  0.070396  0.007105  0.005006
1549  0.010582  0.028440  0.000921
1550  -0.024112  0.030952  0.001539
1551  -0.067841  -0.035331  0.005851
1552  0.006736  0.084345  0.007159
1553  -0.036524  -0.005644  0.001366
1554  0.019140  -0.056311  0.003537
1555  0.000397  0.009648  0.000093
1556  0.015967  0.031559  0.001251
1557  -0.007953  -0.037445  0.001465
1558  0.043925  0.043804  0.003848
1559  -0.052208  -0.059578  0.006275
1560  0.004795  0.041321  0.001730
1561  -0.040106  -0.024237  0.002196
1562  -0.004789  -0.060883  0.003730
1563  -0.019659  0.018618  0.000733
1564  0.001564  -0.016756  0.000283
1565  -0.052299  0.026769  0.003452
1566  0.011138  0.066119  0.004496
1567  0.056386  0.008720  0.003255
1568  0.017481  0.025331  0.000947
1569  0.044311  0.015070  0.002191
1570  0.024257  0.016133  0.000849
1571  0.031662  0.058418  0.004415
1572  0.043993  -0.043374  0.003817
1573  0.047903  -0.018786  0.002648
1574  0.014842  -0.043140  0.002081
1575  0.022651  0.004218  0.000531
1576  -0.005584  0.058754  0.003483
1577  -0.022974  -0.024205  0.001114
1578  0.085415  0.024926  0.007917
1579  0.012333  0.005593  0.000183
1580  -0.054681  -0.001639  0.002993
1581  0.039584  0.016471  0.001838
1582  0.014154  0.038624  0.001692
1583  -0.001450  -0.020028  0.000403
1584  0.018196  0.003970  0.000347
1585  0.023328  -0.023561  0.001099
1586  -0.012758  0.016923  0.000449
1587  0.026874  -0.016784  0.001004
1588  -0.006848  -0.028476  0.000858
1589  -0.033551  -0.041202  0.002823
1590  -0.037172  0.036920  0.002745
1591  0.009142  0.063582  0.004126
1592  -0.004745  0.022857  0.000545
1593  -0.025738  -0.012045  0.000808
1594  -0.014456  0.001169  0.000210
1595  -0.016662  -0.064791  0.004475
1596  0.042888  -0.043538  0.003735
1597  -0.058497  0.031652  0.004424
1598  -0.012466  -0.002136  0.000160
1599  0.050128  -0.019737  0.002902
1600  0.020243  -0.019622  0.000795
1601  -0.054139  0.001014  0.002932
1602  -0.005034  0.067810  0.004624
1603  -0.020248  -0.002606  0.000417
1604  -0.009229  -0.044522  0.002067
1605  -0.044307  0.000696  0.001964
1606  -0.003723  -0.013434  0.000194
1607  -0.004582  -0.066690  0.004469
1608  -0.044611  -0.007150  0.002041
1609  -0.050277  0.021796  0.003003
1610  -0.010592  -0.026773  0.000829
1611  0.035170  -0.021209  0.001687
1612  -0.061769  0.030831  0.004766
1613  0.014658  -0.003140  0.000225
1614  0.028570  -0.031056  0.001781
1615  -0.005767  -0.008290  0.000102
1616  0.051188  0.014370  0.002827
1617  0.035823  -0.005018  0.001308
1618  0.034926  0.024481  0.001819
1619  0.015752  -0.033196  0.001350
1620  -0.033187  0.012687  0.001262
1621  -0.020739  -0.010445  0.000539
1622  0.000418  -0.023592  0.000557
1623  0.019709  -0.009365  0.000476
1624  -0.017768  0.042278  0.002103
1625  -0.006170  -0.011260  0.000165
1626  0.028938  -0.007754  0.000898
1627  -0.003676  0.004758  0.000036
1628  -0.008441  0.009657  0.000164
1629  0.011653  -0.064712  0.004323
1630  0.027956  0.017031  0.001072
1631  -0.023374  0.012621  0.000706
1632  -0.011185  -0.027266  0.000869
1633  -0.009102  -0.027133  0.000819
1634  -0.017635  0.016012  0.000567
1635  0.024298  0.005883  0.000625
1636  -0.001122  0.024066  0.000580
1637  -0.012049  0.008814  0.000223
1638  -0.003181  0.002279  0.000015
1639  0.015746  -0.014289  0.000452
1640  0.003620  0.035132  0.001247
1641  0.016745  0.032667  0.001347
1642  -0.049255  0.029367  0.003288
1643  -0.016744  -0.003087  0.000290
1644  -0.022214  0.073789  0.005938
1645  -0.005072  -0.064306  0.004161
1646  -0.017710  0.026809  0.001032
1647  -0.037232  -0.013090  0.001558
1648  -0.018409  -0.021205  0.000789
1649  0.014008  -0.010841  0.000314
1650  0.014550  0.040511  0.001853
1651  0.007130  -0.054247  0.002994
1652  -0.052792  0.017694  0.003100
1653  0.007014  -0.034964  0.001272
1654  0.036703  -0.013729  0.001536
1655  0.020398  0.041756  0.002160
1656  -0.027322  -0.021999  0.001230
1657  0.031049  -0.031286  0.001943
1658  0.023536  0.011909  0.000696
1659  -0.025930  -0.054862  0.003682
1660  0.046708  0.009202  0.002266
1661  0.024534  -0.009576  0.000694
1662  -0.062284  0.008001  0.003943
1663  -0.037682  -0.016789  0.001702
1664  -0.010025  -0.025399  0.000746
1665  -0.019215  -0.003651  0.000383
1666  -0.016516  0.007560  0.000330
1667  0.001468  -0.071325  0.005089
1668  -0.021849  -0.016355  0.000745
1669  0.001929  -0.054726  0.002999
1670  0.022252  -0.052767  0.003279
1671  -0.013535  -0.033044  0.001275
1672  -0.010466  -0.007555  0.000167
1673  -0.027562  -0.011589  0.000894
1674  -0.012495  -0.027914  0.000935
1675  0.049696  0.002473  0.002476
1676  -0.026446  0.003817  0.000714
1677  -0.003689  -0.008677  0.000089
1678  0.009810  -0.014616  0.000310
1679  0.068960  0.005338  0.004784
1680  -0.060939  -0.026183  0.004399
1681  -0.014702  0.023878  0.000786
1682  -0.024366  -0.017818  0.000911
1683  0.014899  -0.002776  0.000230
1684  -0.014658  0.022554  0.000724
1685  -0.038918  0.008357  0.001584
1686  0.016597  -0.042157  0.002053
1687  0.006846  -0.017026  0.000337
1688  -0.040123  -0.014088  0.001808
1689  -0.030717  -0.022609  0.001455
1690  0.014869  -0.040518  0.001863
1691  0.037135  -0.013700  0.001567
1692  0.004467  0.017298  0.000319
1693  0.014217  0.000439  0.000202
1694  -0.022456  -0.036458  0.001833
1695  -0.027678  0.000753  0.000767
1696  -0.034540  -0.044105  0.003138
1697  -0.020329  0.033091  0.001508
1698  -0.033995  0.022757  0.001674
1699  0.053396  -0.039759  0.004432
1700  -0.049984  -0.022385  0.003000
1701  -0.029220  0.005159  0.000880
1702  0.012654  -0.036168  0.001468
1703  -0.023394  -0.040538  0.002191
1704  -0.003309  0.018023  0.000336
1705  -0.017263  0.024858  0.000916
1706  -0.042490  -0.034554  0.002999
1707  0.011283  -0.000953  0.000128
1708  -0.031784  -0.078800  0.007220
1709  0.027417  0.016021  0.001008
1710  0.008608  -0.023227  0.000614
1711  0.034931  -0.062998  0.005189
1712  -0.036223  -0.011903  0.001454
1713  0.028520  -0.006625  0.000857
1714  0.035359  0.024654  0.001858
1715  0.033087  -0.003389  0.001106
1716  -0.032728  0.009668  0.001165
1717  0.033254  0.012136  0.001253
1718  0.028439  0.000536  0.000809
1719  -0.036182  -0.011991  0.001453
1720  0.001651  -0.025872  0.000672
1721  -0.034837  0.002288  0.001219
1722  -0.061655  0.032078  0.004830
1723  -0.024297  0.031282  0.001569
1724  -0.019525  -0.031086  0.001348
1725  0.010730  -0.048059  0.002425
1726  -0.018704  -0.023437  0.000899
1727  -0.006938  -0.057748  0.003383
1728  -0.018434  -0.011804  0.000479
1729  -0.016594  -0.004381  0.000295
1730  0.063399  -0.012883  0.004185
1731  -0.002326  0.033311  0.001115
1732  -0.008183  -0.052995  0.002875
1733  0.003308  0.025996  0.000687
1734  -0.011378  -0.042667  0.001950
1735  0.044610  0.029199  0.002843
1736  -0.003814  0.033832  0.001159
1737  0.002482  0.012189  0.000155
1738  0.058398  -0.050785  0.005989
1739  0.026714  -0.005556  0.000745
1740  0.054216  -0.034600  0.004137
1741  0.009929  0.007617  0.000157
1742  -0.005784  -0.050837  0.002618
1743  0.011789  -0.019257  0.000510
1744  -0.019608  0.029807  0.001273
1745  -0.005411  0.017041  0.000320
1746  0.017061  0.001695  0.000294
1747  -0.001126  0.029442  0.000868
1748  0.007370  0.015657  0.000299
1749  -0.009769  0.004955  0.000120
1750  0.000414  0.051632  0.002666
1751  -0.010440  0.003489  0.000121
1752  -0.053408  -0.074197  0.008358
1753  0.031215  0.027073  0.001707
1754  0.039063  -0.043879  0.003451
1755  -0.010625  -0.026672  0.000824
1756  0.011210  -0.013360  0.000304
1757  0.019378  0.021034  0.000818
1758  0.007032  -0.009298  0.000136
1759  0.044650  -0.031097  0.002961
1760  -0.028981  -0.060030  0.004444
1761  0.007669  -0.011063  0.000181
1762  0.042906  -0.009208  0.001926
1763  -0.007599  -0.016898  0.000343
1764  -0.020904  -0.005146  0.000463
1765  0.023049  -0.010016  0.000632
1766  -0.013321  -0.020902  0.000614
1767  -0.039786  -0.037579  0.002995
1768  -0.016192  -0.001136  0.000263
1769  0.050309  -0.032231  0.003570
1770  0.008556  0.000882  0.000074
1771  0.006966  -0.000511  0.000049
1772  0.006592  0.005016  0.000069
1773  -0.011762  -0.036052  0.001438
1774  0.019685  -0.033825  0.001532
1775  -0.014227  0.003232  0.000213
1776  -0.053568  -0.042820  0.004703
1777  0.027468  -0.028225  0.001551
1778  -0.007256  0.062792  0.003996
1779  -0.003067  0.026887  0.000732
1780  0.024148  0.023779  0.001149
1781  0.015206  0.032200  0.001268
1782  -0.001172  0.015347  0.000237
1783  -0.046039  -0.004605  0.002141
1784  0.062036  0.016726  0.004128
1785  0.063723  -0.017259  0.004358
1786  -0.042321  -0.025380  0.002435
1787  -0.037104  -0.026545  0.002081
1788  0.006582  0.011386  0.000173
1789  0.004177  0.012257  0.000168
1790  0.007427  0.040379  0.001686
1791  0.029220  0.013959  0.001049
1792  -0.000208  -0.015714  0.000247
1793  -0.018122  0.013039  0.000498
1794  -0.008798  -0.013343  0.000255
1795  -0.084665  0.026328  0.007861
1796  -0.032154  0.005215  0.001061
1797  0.011186  -0.046710  0.002307
1798  0.000726  -0.029589  0.000876
1799  -0.029654  -0.071674  0.006016
1800  -0.044262  -0.017651  0.002271
1801  -0.042076  -0.041626  0.003503
1802  -0.017542  -0.007345  0.000362
1803  -0.047549  -0.009792  0.002357
1804  0.020663  0.038131  0.001881
1805  -0.011027  -0.017081  0.000413
1806  -0.002349  0.046416  0.002160
1807  -0.001240  -0.004917  0.000026
1808  -0.017034  0.039241  0.001830
1809  0.028297  -0.041215  0.002499
1810  -0.037532  -0.045090  0.003442
1811  -0.021145  -0.061898  0.004278
1812  0.008810  -0.010046  0.000179
1813  0.038814  0.020441  0.001924
1814  -0.008756  0.009443  0.000166
1815  -0.003057  -0.069785  0.004879
1816  0.019402  -0.032667  0.001444
1817  -0.020187  0.040059  0.002012
1818  0.057977  0.014188  0.003563
1819  -0.005074  0.011079  0.000148
1820  -0.025456  -0.011957  0.000791
1821  -0.021373  -0.020544  0.000879
1822  0.010686  0.010984  0.000235
1823  0.016949  0.035464  0.001545
1824  -0.013071  -0.009972  0.000270
1825  -0.075018  0.010300  0.005734
1826  0.000936  -0.012049  0.000146
1827  -0.075695  0.009723  0.005824
1828  0.003219  0.010023  0.000111
1829  0.004361  -0.039062  0.001545
1830  -0.012966  -0.023841  0.000736
1831  0.017326  0.001139  0.000301
1832  -0.018942  0.032813  0.001436
1833  0.014339  -0.059752  0.003776
1834  -0.007711  -0.013891  0.000252
1835  -0.008003  -0.024230  0.000651
1836  -0.050258  -0.018302  0.002861
1837  -0.003286  0.031539  0.001006
1838  -0.012952  -0.024708  0.000778
1839  0.020858  0.045162  0.002475
1840  0.027059  -0.048651  0.003099
1841  0.003763  -0.004440  0.000034
1842  0.053756  -0.012717  0.003051
1843  -0.006530  0.008722  0.000119
1844  0.008106  -0.029873  0.000958
1845  -0.052313  0.038660  0.004231
1846  -0.014394  -0.012102  0.000354
1847  0.015037  -0.030404  0.001150
1848  -0.050659  -0.000809  0.002567
1849  -0.016836  -0.003954  0.000299
1850  0.023715  -0.020948  0.001001
1851  -0.023578  -0.001651  0.000559
1852  0.012247  -0.004978  0.000175
1853  0.015082  0.044571  0.002214
1854  -0.047287  -0.031196  0.003209
1855  0.038573  -0.015248  0.001720
1856  -0.012616  0.033354  0.001272
1857  -0.031364  0.045829  0.003084
1858  0.007060  0.006555  0.000093
1859  0.024148  -0.023837  0.001151
1860  0.006557  0.009916  0.000141
1861  -0.025988  -0.022268  0.001171
1862  -0.034490  0.008145  0.001256
1863  0.008043  -0.000733  0.000065
1864  -0.014630  0.005133  0.000240
1865  0.029250  -0.011649  0.000991
1866  0.004347  -0.039118  0.001549
1867  0.025302  0.000142  0.000640
1868  0.004722  -0.021986  0.000506
1869  0.004948  -0.022517  0.000531
1870  -0.020989  0.037124  0.001819
1871  0.037325  -0.038953  0.002910
1872  0.002985  -0.019192  0.000377
1873  -0.017683  -0.028603  0.001131
1874  0.029337  -0.007126  0.000911
1875  0.042592  0.014336  0.002020
1876  0.016100  0.025287  0.000899
1877  0.030190  -0.005305  0.000940
1878  -0.053944  -0.055614  0.006003
1879  0.049027  -0.030974  0.003363
1880  -0.007506  0.007992  0.000120
1881  0.015463  0.005509  0.000269
1882  0.036094  -0.048991  0.003703
1883  0.026442  -0.044630  0.002691
1884  0.037549  -0.018254  0.001743
1885  -0.022133  0.003997  0.000506
1886  -0.001125  -0.003566  0.000014
1887  -0.007865  0.003673  0.000075
1888  -0.006791  -0.043055  0.001900
1889  -0.008566  0.000536  0.000074
1890  -0.017676  -0.084737  0.007493
1891  -0.010920  0.017947  0.000441
1892  -0.014265  -0.027313  0.000950
1893  0.017436  -0.032491  0.001360
1894  0.006781  -0.032378  0.001094
1895  0.013085  -0.026150  0.000855
1896  -0.035898  0.027252  0.002031
1897  -0.043424  -0.013695  0.002073
1898  -0.030547  -0.002504  0.000939
1899  0.012998  -0.023086  0.000702
1900  0.019046  0.011726  0.000500
1901  -0.040068  -0.010827  0.001723
1902  0.031903  -0.013161  0.001191
1903  -0.007838  0.037351  0.001457
1904  -0.023694  -0.040321  0.002187
1905  -0.013670  -0.010625  0.000300
1906  0.016080  -0.006291  0.000298
1907  -0.009106  -0.036737  0.001433
1908  -0.013157  -0.042347  0.001966
1909  -0.000308  -0.057019  0.003251
1910  -0.003541  0.004815  0.000036
1911  -0.010133  -0.026724  0.000817
1912  0.027326  -0.022689  0.001262
1913  -0.005717  -0.012196  0.000181
1914  0.023698  0.024186  0.001147
1915  -0.000245  -0.010881  0.000118
1916  -0.001678  0.008112  0.000069
1917  -0.003613  0.018292  0.000348
1918  -0.012065  0.027836  0.000920
1919  0.052441  0.019295  0.003122
1920  0.013217  -0.011769  0.000313
1921  -0.002152  0.004932  0.000029
1922  0.011256  0.032152  0.001160
1923  0.034451  0.013987  0.001383
1924  0.004887  -0.039584  0.001591
1925  -0.018984  0.052296  0.003095
1926  -0.041801  0.016054  0.002005
1927  0.074470  -0.027350  0.006294
1928  0.005543  0.029184  0.000882
1929  -0.032653  -0.033707  0.002202
1930  0.009032  -0.038247  0.001544
1931  0.036887  0.016384  0.001629
1932  0.023128  0.025305  0.001175
1933  -0.029841  0.003238  0.000901
1934  -0.003582  -0.033833  0.001157
1935  0.001415  -0.020784  0.000434
1936  0.012838  0.022590  0.000675
1937  -0.007661  0.004784  0.000082
1938  -0.016235  -0.040104  0.001872
1939  -0.008983  0.020828  0.000514
1940  -0.025996  0.018829  0.001030
1941  0.019215  -0.019772  0.000760
1942  -0.024464  0.004792  0.000621
1943  -0.028897  -0.038776  0.002339
1944  -0.046372  0.000238  0.002150
1945  -0.009636  -0.013158  0.000266
1946  -0.074919  0.007151  0.005664
1947  -0.015212  0.041059  0.001917
1948  0.026569  0.013081  0.000877
1949  -0.027167  0.045466  0.002805
1950  -0.041818  0.014017  0.001945
1951  0.008915  0.015487  0.000319
1952  -0.015488  0.055000  0.003265
1953  -0.017520  0.023096  0.000840
1954  -0.028156  -0.005596  0.000824
1955  0.032136  0.036152  0.002340
1956  0.004307  -0.003910  0.000034
1957  0.036573  0.014796  0.001557
1958  0.020173  -0.013159  0.000580
1959  0.031773  0.001036  0.001011
1960  -0.054365  0.026282  0.003646
1961  -0.036308  0.001185  0.001320
1962  0.030778  0.018265  0.001281
1963  0.038130  0.020371  0.001869
1964  0.035940  -0.036660  0.002636
1965  -0.007954  0.032413  0.001114
1966  -0.016585  -0.012400  0.000429
1967  0.026824  -0.010536  0.000831
1968  -0.030219  -0.016129  0.001173
1969  0.004576  -0.026327  0.000714
1970  -0.019016  0.046260  0.002502
1971  -0.058201  0.008841  0.003465
1972  -0.069600  0.000355  0.004844
1973  0.014058  0.037415  0.001597
1974  -0.012937  -0.008648  0.000242
1975  -0.013475  -0.024673  0.000790
1976  0.056477  0.031268  0.004167
1977  0.047886  0.008782  0.002370
1978  0.002529  -0.014317  0.000211
1979  0.009665  -0.041974  0.001855
1980  0.029424  -0.020036  0.001267
1981  -0.014444  0.013172  0.000382
1982  -0.014855  -0.018929  0.000579
1983  0.014251  0.040138  0.001814
1984  0.024295  0.023860  0.001160
1985  0.050810  -0.025539  0.003234
1986  -0.040168  0.044490  0.003593
1987  -0.004286  -0.030837  0.000969
1988  0.004687  -0.009148  0.000106
1989  -0.050979  0.008592  0.002673
1990  0.015184  0.004369  0.000250
1991  0.008722  -0.002646  0.000083
1992  0.009157  -0.035614  0.001352
1993  0.006115  0.014019  0.000234
1994  0.014177  -0.024308  0.000792
1995  0.036856  0.019270  0.001730
1996  0.023427  0.001154  0.000550
1997  -0.041270  0.018746  0.002055
1998  -0.050619  0.000476  0.002563
1999  0.000399  0.002775  0.000008
2000  -0.005855  -0.054482  0.003003
2001  0.007330  -0.046653  0.002230
2002  0.032170  0.017214  0.001331
2003  -0.046296  0.030666  0.003084
2004  0.002766  -0.010553  0.000119
2005  0.001492  0.008752  0.000079
2006  0.006010  0.004234  0.000054
2007  0.001777  -0.008912  0.000083
2008  -0.015048  -0.015576  0.000469
2009  0.009933  -0.038391  0.001573
2010  -0.011445  0.029919  0.001026
2011  0.001615  -0.034418  0.001187
2012  0.015747  0.043389  0.002131
2013  0.011214  -0.025306  0.000766
2014  -0.031223  0.024711  0.001586
2015  -0.031591  0.029915  0.001893
2016  0.064745  -0.007813  0.004253
2017  0.045045  0.018762  0.002381
2018  0.022432  0.026633  0.001212
2019  -0.010869  -0.022668  0.000632
2020  -0.035224  -0.005808  0.001274
2021  -0.037625  0.001560  0.001418
2022  0.005262  0.065123  0.004269
2023  0.000244  -0.006452  0.000042
2024  0.010434  0.027185  0.000848
2025  -0.034807  -0.005500  0.001242
2026  -0.050097  -0.008651  0.002585
2027  0.044397  0.009056  0.002053
2028  0.015608  0.016674  0.000522
2029  0.001764  0.011391  0.000133
2030  -0.004281  0.011547  0.000152
2031  -0.026297  -0.005129  0.000718
2032  -0.019225  -0.009262  0.000455
2033  0.031674  -0.055538  0.004088
2034  0.031890  -0.010808  0.001134
2035  -0.017353  0.008216  0.000369
2036  -0.037370  0.038391  0.002870
2037  0.020861  -0.050202  0.002955
2038  -0.016221  0.052143  0.002982
2039  -0.006302  0.008690  0.000115
2040  0.039103  -0.061431  0.005303
2041  0.024849  0.044777  0.002622
2042  0.010602  -0.057876  0.003462
2043  -0.007892  -0.017402  0.000365
2044  -0.009775  -0.007622  0.000154
2045  -0.016242  0.041332  0.001972
2046  -0.014738  -0.051491  0.002869
2047  -0.010760  -0.009329  0.000203
