0  -0.060597  0.033468  0.004792
1  -0.287545  0.120435  0.097187
2  -0.021859  -0.115366  0.013787
3  0.149248  0.107117  0.033749
4  0.091045  -0.101594  0.018611
5  0.028758  0.040679  0.002482
6  0.019747  0.078981  0.006628
7  0.017393  0.189745  0.036306
8  0.168428  0.163088  0.054966
9  0.172953  0.219583  0.078129
10  0.321552  -0.194690  0.141300
11  0.026015  -0.246477  0.061427
12  -0.213250  -0.247982  0.106971
13  -0.014592  0.017122  0.000506
14  0.077645  -0.340010  0.121635
15  0.027427  -0.160079  0.026378
16  0.136229  -0.080460  0.025032
17  0.159790  -0.044712  0.027532
18  0.081781  0.026747  0.007403
19  -0.024431  -0.027361  0.001346
20  0.404888  0.197767  0.203046
21  -0.016346  -0.011649  0.000403
22  0.104302  -0.048598  0.013241
23  -0.119776  -0.119988  0.028743
24  -0.193489  -0.015574  0.037680
25  -0.130181  -0.119582  0.031247
26  -0.113875  0.121765  0.027794
27  0.110133  -0.125158  0.027794
28  0.042468  0.146739  0.023336
29  0.126424  -0.026380  0.016679
30  0.021720  -0.128320  0.016938
31  0.129387  -0.036196  0.018051
32  -0.270503  -0.156159  0.097558
33  -0.062677  0.166309  0.031587
34  -0.051293  0.124847  0.018218
35  0.067170  0.012255  0.004662
36  -0.017269  -0.035762  0.001577
37  -0.013730  -0.087155  0.007785
38  0.156419  0.040057  0.026071
39  -0.048320  0.104262  0.013205
40  -0.176919  -0.087455  0.038949
41  0.069484  -0.117014  0.018520
42  -0.023950  0.208575  0.044077
43  -0.122898  -0.035035  0.016331
44  -0.068089  0.248309  0.066293
45  0.146691  -0.116051  0.034986
46  -0.086857  -0.096162  0.016791
47  0.075889  0.194367  0.043538
48  -0.138180  -0.126300  0.035045
49  -0.070884  0.065022  0.009252
50  -0.033568  0.052893  0.003924
51  -0.010247  0.126705  0.016159
52  -0.010878  0.089108  0.008059
53  0.029819  -0.029447  0.001756
54  0.078416  0.112533  0.018813
55  -0.020788  0.143465  0.021014
56  0.239764  0.046697  0.059667
57  0.046703  0.082677  0.009017
58  -0.017656  -0.145778  0.021563
59  -0.003997  0.092127  0.008503
60  0.026757  -0.137982  0.019755
61  0.127680  0.100762  0.026455
62  -0.026286  -0.091841  0.009126
63  -0.066593  -0.034937  0.005655
64  0.030151  0.141835  0.021026
65  0.019759  -0.102713  0.010940
66  -0.111765  -0.099352  0.022362
67  0.091052  -0.090161  0.016420
68  0.021871  -0.091835  0.008912
69  -0.094029  -0.019923  0.009238
70  -0.139801  0.019531  0.019926
71  -0.121702  -0.016072  0.015070
72  0.071163  0.192169  0.041993
73  -0.040213  0.056713  0.004833
74  0.041382  -0.019552  0.002095
75  -0.079473  -0.017771  0.006632
76  -0.056031  -0.034885  0.004356
77  0.063918  -0.029283  0.004943
78  0.002170  0.063429  0.004028
79  -0.035320  -0.020899  0.001684
80  -0.013531  0.025218  0.000819
81  -0.048933  0.074046  0.007877
82  0.065322  0.008243  0.004335
83  0.011546  -0.108268  0.011855
84  -0.149041  -0.041227  0.023913
85  -0.097068  -0.039165  0.010956
86  0.067442  0.086267  0.011991
87  0.217528  0.073055  0.052655
88  0.123087  -0.013858  0.015342
89  -0.012613  -0.032849  0.001238
90  0.023413  -0.046046  0.002668
91  0.012219  -0.156848  0.024751
92  -0.003426  0.050318  0.002544
93  0.041012  0.093801  0.010481
94  0.116265  0.038343  0.014988
95  0.077570  -0.092568  0.014586
96  -0.017862  0.003351  0.000330
97  0.076965  0.093103  0.014592
98  0.033558  -0.021510  0.001589
99  0.040458  -0.037572  0.003049
100  0.001954  -0.020703  0.000432
101  0.102430  0.034933  0.011712
102  -0.157675  0.025776  0.025526
103  0.064669  0.033523  0.005306
104  -0.071167  0.057707  0.008395
105  0.038293  0.012222  0.001616
106  0.000397  -0.067575  0.004566
107  0.123453  -0.044366  0.017209
108  0.019715  -0.022591  0.000899
109  -0.016779  -0.048944  0.002677
110  -0.019918  -0.057074  0.003654
111  -0.018912  0.015709  0.000604
112  -0.034905  0.065238  0.005474
113  -0.017909  0.064227  0.004446
114  0.017217  0.052716  0.003075
115  -0.047399  -0.136397  0.020851
116  0.071429  0.016042  0.005360
117  0.053555  0.059448  0.006402
118  0.013588  0.009942  0.000283
119  0.033865  -0.010432  0.001256
120  -0.058704  0.025002  0.004071
121  -0.026946  -0.065549  0.005023
122  0.010552  0.100885  0.010289
123  0.030170  -0.021465  0.001371
124  0.052726  0.125329  0.018487
125  0.071900  -0.012027  0.005314
126  0.054801  0.005849  0.003037
127  -0.065574  -0.036194  0.005610
128  0.101685  -0.010402  0.010448
129  0.103603  -0.130270  0.027704
130  0.040761  -0.178335  0.033465
131  0.044592  -0.026335  0.002682
132  0.052141  0.003223  0.002729
133  -0.103204  -0.030801  0.011600
134  -0.042265  0.031542  0.002781
135  -0.013386  0.067738  0.004768
136  0.010560  0.084839  0.007309
137  0.024657  -0.139088  0.019953
138  -0.031905  -0.023938  0.001591
139  -0.037162  0.024995  0.002006
140  0.029165  0.010375  0.000958
141  -0.073642  0.017243  0.005721
142  0.030861  0.012240  0.001102
143  -0.019515  -0.012221  0.000530
144  0.072733  0.055471  0.008367
145  0.040665  0.106090  0.012909
146  0.007278  0.077332  0.006033
147  0.007554  0.040480  0.001696
148  0.021650  -0.031452  0.001458
149  -0.083791  -0.052280  0.009754
150  0.028162  0.037442  0.002195
151  -0.000151  0.006017  0.000036
152  0.027914  -0.023984  0.001354
153  0.086245  0.030229  0.008352
154  -0.044147  -0.013941  0.002143
155  -0.024173  -0.040752  0.002245
156  0.005970  -0.009936  0.000134
157  -0.011510  0.013299  0.000309
158  0.007685  0.003797  0.000073
159  0.094712  -0.052707  0.011748
160  0.007554  -0.055317  0.003117
161  -0.076599  0.030395  0.006791
162  -0.016827  -0.059229  0.003791
163  -0.058142  -0.015407  0.003618
164  -0.006829  0.001423  0.000049
165  -0.002399  -0.075849  0.005759
166  -0.076544  0.005490  0.005889
167  0.012542  0.047377  0.002402
168  0.040274  -0.039942  0.003217
169  0.028828  -0.013441  0.001012
170  -0.006723  -0.002522  0.000052
171  -0.054180  0.014740  0.003153
172  -0.004607  0.056381  0.003200
173  0.000708  0.017367  0.000302
174  -0.029834  0.008314  0.000959
175  -0.056798  -0.057949  0.006584
176  0.090406  0.056678  0.011386
177  0.019770  0.028350  0.001195
178  0.081726  0.019971  0.007078
179  -0.021146  -0.024338  0.001039
180  0.015751  0.021046  0.000691
181  -0.011447  0.034634  0.001331
182  0.001757  0.028466  0.000813
183  -0.010052  -0.036071  0.001402
184  0.018822  -0.101197  0.010595
185  0.042407  -0.012574  0.001956
186  -0.083734  0.005071  0.007037
187  0.001577  -0.006870  0.000050
188  0.025705  -0.015055  0.000887
189  -0.019829  0.102940  0.010990
190  -0.023939  -0.074739  0.006159
191  0.063595  0.034147  0.005210
192  0.014909  0.015255  0.000455
193  0.072103  -0.031371  0.006183
194  0.010189  -0.051905  0.002798
195  -0.017378  -0.045777  0.002398
196  0.019152  0.084339  0.007480
197  0.013808  -0.027621  0.000954
198  0.017863  0.013572  0.000503
199  -0.005648  0.019868  0.000427
200  0.013523  -0.078669  0.006372
201  -0.010216  -0.030953  0.001062
202  -0.022800  0.049532  0.002973
203  0.025701  0.039486  0.002220
204  -0.086596  0.019140  0.007865
205  0.027415  -0.016146  0.001012
206  -0.005640  -0.044269  0.001992
207  -0.040209  -0.040818  0.003283
208  0.008279  0.025265  0.000707
209  0.005110  0.000868  0.000027
210  -0.033361  0.022189  0.001605
211  0.009992  -0.022339  0.000599
212  -0.075915  -0.024865  0.006381
213  0.031367  -0.015678  0.001230
214  -0.025518  -0.000356  0.000651
215  -0.019847  0.034289  0.001570
216  -0.021064  -0.024535  0.001046
217  -0.042177  -0.041808  0.003527
218  0.066503  -0.037980  0.005865
219  -0.054889  0.021315  0.003467
220  -0.017049  0.013773  0.000480
221  -0.056491  0.028128  0.003982
222  0.035627  -0.010962  0.001389
223  -0.055719  -0.011811  0.003244
224  -0.037466  -0.021574  0.001869
225  -0.005283  -0.018607  0.000374
226  0.031115  0.019760  0.001359
227  -0.003993  -0.029210  0.000869
228  -0.058501  -0.025647  0.004080
229  -0.030622  -0.016526  0.001211
230  -0.033499  -0.021764  0.001596
231  -0.013248  0.009265  0.000261
232  0.045734  0.053605  0.004965
233  -0.028010  0.021844  0.001262
234  0.021165  -0.030448  0.001375
235  -0.007818  0.004311  0.000080
236  0.001912  -0.004332  0.000022
237  -0.025403  0.020544  0.001067
238  0.000990  0.029176  0.000852
239  -0.053778  -0.043099  0.004750
240  0.010355  -0.040171  0.001721
241  0.057309  -0.007713  0.003344
242  0.022859  -0.014889  0.000744
243  0.007954  -0.024138  0.000646
244  -0.008191  0.014803  0.000286
245  0.001954  0.014449  0.000213
246  0.030921  0.007629  0.001014
247  0.062971  -0.018489  0.004307
248  -0.045214  0.009126  0.002128
249  -0.011582  0.023355  0.000680
250  -0.008479  0.036016  0.001369
251  0.014443  -0.050974  0.002807
252  0.006623  -0.009187  0.000128
253  -0.036499  0.078413  0.007481
254  -0.019634  0.016613  0.000661
255  0.000769  0.009346  0.000088
256  0.020619  0.037195  0.001809
257  0.004797  0.010384  0.000131
258  0.003743  -0.047034  0.002226
259  -0.062531  0.006913  0.003958
260  -0.009291  0.059126  0.003582
261  -0.002757  -0.019085  0.000372
262  0.037370  0.038878  0.002908
263  -0.009126  0.008378  0.000153
264  -0.088943  -0.014904  0.008133
265  0.089958  0.031235  0.009068
266  0.070324  -0.001225  0.004947
267  -0.006143  0.055125  0.003077
268  0.040675  0.054904  0.004669
269  0.020877  0.010945  0.000556
270  0.005180  0.040584  0.001674
271  -0.020464  -0.017971  0.000742
272  0.040005  -0.028429  0.002409
273  0.002338  -0.007380  0.000060
274  -0.007778  0.003040  0.000070
275  0.023446  0.047244  0.002782
276  0.027391  -0.009266  0.000836
277  0.005499  -0.012674  0.000191
278  0.010286  -0.060404  0.003754
279  -0.041308  -0.016934  0.001993
280  -0.061611  0.009133  0.003879
281  0.006739  0.022236  0.000540
282  0.043751  0.043441  0.003801
283  -0.026083  -0.014686  0.000896
284  -0.014421  0.017551  0.000516
285  -0.019326  0.013319  0.000551
286  0.026703  0.008648  0.000788
287  -0.024557  0.025333  0.001245
288  -0.002670  -0.003117  0.000017
289  -0.009731  -0.023835  0.000663
290  -0.010360  -0.024942  0.000729
291  -0.005595  -0.028654  0.000852
292  -0.006121  -0.008992  0.000118
293  0.048863  -0.005051  0.002413
294  -0.003377  -0.010937  0.000131
295  0.045038  0.004952  0.002053
296  0.008791  -0.035237  0.001319
297  0.042903  -0.007993  0.001905
298  -0.019853  0.027336  0.001141
299  -0.008505  -0.021471  0.000533
300  0.010073  -0.024451  0.000699
301  0.000163  -0.066052  0.004363
302  -0.017654  -0.000600  0.000312
303  0.007461  0.003856  0.000071
304  0.025401  0.014831  0.000865
305  -0.013645  -0.004715  0.000208
306  0.028752  -0.005869  0.000861
307  -0.010562  -0.005202  0.000139
308  -0.032041  0.000494  0.001027
309  0.008125  0.001424  0.000068
310  0.016924  0.009712  0.000381
311  -0.002946  0.033995  0.001164
312  -0.018169  0.005197  0.000357
313  -0.002899  -0.065263  0.004268
314  0.005698  -0.022142  0.000523
315  -0.024799  0.009669  0.000708
316  0.007219  0.000221  0.000052
317  -0.026068  -0.011258  0.000806
318  0.008193  0.014316  0.000272
319  -0.020607  0.028289  0.001225
320  -0.013321  -0.002270  0.000183
321  0.029159  0.027525  0.001608
322  0.053359  0.003558  0.002860
323  0.035450  0.018529  0.001600
324  -0.014110  0.010044  0.000300
325  0.028015  0.005803  0.000819
326  -0.029290  -0.016084  0.001117
327  0.025822  0.016180  0.000929
328  0.009067  -0.035449  0.001339
329  0.016070  -0.003963  0.000274
330  -0.016656  0.001301  0.000279
331  0.001314  0.010891  0.000120
332  -0.007300  0.002880  0.000062
333  0.025274  0.029208  0.001492
334  0.042862  -0.005069  0.001863
335  -0.011282  -0.003554  0.000140
336  -0.042370  0.012471  0.001951
337  -0.006029  0.043342  0.001915
338  -0.003173  0.004838  0.000033
339  -0.010285  0.029093  0.000952
340  0.040941  0.023825  0.002244
341  0.000185  0.017805  0.000317
342  0.000396  -0.009060  0.000082
343  -0.008066  -0.020133  0.000470
344  -0.020650  0.026614  0.001135
345  0.025067  -0.048186  0.002950
346  -0.027812  -0.015616  0.001017
347  0.017186  0.036604  0.001635
348  0.029926  0.045347  0.002952
349  0.024114  0.030813  0.001531
350  0.038337  0.028003  0.002254
351  -0.001211  -0.001268  0.000003
352  0.034487  -0.007715  0.001249
353  0.017387  -0.039895  0.001894
354  0.036785  -0.044220  0.003309
355  0.026079  -0.028773  0.001508
356  -0.057261  0.031022  0.004241
357  0.011603  -0.022759  0.000653
358  0.008552  -0.000057  0.000073
359  0.012982  0.002230  0.000174
360  0.033796  0.031637  0.002143
361  -0.008961  -0.009795  0.000176
362  0.001332  0.040153  0.001614
363  0.009665  -0.018281  0.000428
364  0.031235  -0.009340  0.001063
365  0.013252  0.010953  0.000296
366  -0.023403  -0.023566  0.001103
367  -0.022687  0.019043  0.000877
368  0.024934  0.004461  0.000642
369  -0.000778  -0.012420  0.000155
370  0.010486  -0.024361  0.000703
371  -0.019253  0.023069  0.000903
372  -0.020741  0.041384  0.002143
373  -0.020812  0.025815  0.001100
374  -0.022496  -0.020309  0.000919
375  0.007464  0.028261  0.000854
376  0.012260  0.020115  0.000555
377  0.063078  -0.025648  0.004637
378  0.003950  -0.021243  0.000467
379  0.036685  0.006116  0.001383
380  0.002178  0.010419  0.000113
381  0.015709  0.059205  0.003752
382  -0.011567  0.039955  0.001730
383  -0.011946  0.041140  0.001835
384  0.033260  0.004505  0.001127
385  0.009922  -0.015237  0.000331
386  -0.007326  0.048922  0.002447
387  0.011310  -0.083623  0.007121
388  -0.009288  0.003193  0.000096
389  0.001674  -0.050866  0.002590
390  -0.012494  0.019909  0.000552
391  0.001374  -0.001777  0.000005
392  -0.063764  0.015291  0.004300
393  0.033484  0.010922  0.001240
394  -0.027991  -0.008156  0.000850
395  -0.016751  0.029206  0.001134
396  0.017461  0.008937  0.000385
397  -0.032144  0.012639  0.001193
398  0.023723  0.013604  0.000748
399  0.026310  0.062322  0.004576
400  -0.009969  -0.018567  0.000444
401  -0.003165  -0.040888  0.001682
402  0.012933  0.024878  0.000786
403  -0.021708  -0.008205  0.000539
404  -0.019208  -0.014505  0.000579
405  0.021913  0.042524  0.002288
406  -0.011626  -0.013469  0.000317
407  -0.034790  0.023776  0.001776
408  0.014712  -0.023893  0.000787
409  0.013993  -0.015042  0.000422
410  0.021558  0.009752  0.000560
411  0.035929  0.018916  0.001649
412  0.000735  -0.054751  0.002998
413  0.078875  0.004680  0.006243
414  -0.032221  0.021169  0.001486
415  -0.046859  -0.000259  0.002196
416  0.043574  0.038982  0.003418
417  0.004285  0.035390  0.001271
418  0.004451  0.003729  0.000034
419  0.027480  0.002167  0.000760
420  0.013235  0.009140  0.000259
421  -0.013572  0.018670  0.000533
422  0.005722  0.005703  0.000065
423  0.019322  -0.008567  0.000447
424  -0.034023  -0.021392  0.001615
425  -0.034781  -0.000662  0.001210
426  -0.027895  -0.025495  0.001428
427  0.000932  0.038138  0.001455
428  -0.011120  -0.004795  0.000147
429  0.011306  -0.003809  0.000142
430  -0.016538  0.011393  0.000403
431  0.016035  -0.053411  0.003110
432  0.015776  0.010425  0.000358
433  0.031980  -0.034189  0.002192
434  0.015290  0.113794  0.013183
435  0.012281  -0.011812  0.000290
436  0.017601  0.008910  0.000389
437  0.039810  -0.003640  0.001598
438  0.016312  -0.002431  0.000272
439  -0.009447  -0.007919  0.000152
440  0.001764  0.024951  0.000626
441  -0.013935  0.013926  0.000388
442  0.027633  0.026701  0.001477
443  0.001290  -0.015722  0.000249
444  -0.006071  0.015681  0.000283
445  -0.016830  0.044394  0.002254
446  0.031082  -0.025911  0.001637
447  -0.013827  0.025459  0.000839
448  -0.000323  0.091144  0.008307
449  -0.003636  -0.033072  0.001107
450  -0.003382  -0.029800  0.000899
451  0.009698  0.006040  0.000131
452  0.002697  0.015916  0.000261
453  0.013865  -0.031103  0.001160
454  -0.007128  -0.014882  0.000272
455  0.033240  0.021500  0.001567
456  0.013717  0.028011  0.000973
457  0.013915  0.015487  0.000433
458  -0.006814  0.035063  0.001276
459  -0.011856  0.025900  0.000811
460  0.012017  0.075790  0.005888
461  0.027862  -0.033546  0.001902
462  0.028108  -0.025761  0.001454
463  -0.016540  0.008090  0.000339
464  0.000681  0.001775  0.000004
465  -0.014180  -0.001676  0.000204
466  0.031342  0.013551  0.001166
467  0.019220  0.006404  0.000410
468  0.001859  -0.030090  0.000909
469  0.008422  -0.025449  0.000719
470  0.057464  0.064816  0.007503
471  0.002425  0.005940  0.000041
472  -0.004988  -0.009977  0.000124
473  -0.006504  -0.004619  0.000064
474  0.006732  -0.010511  0.000156
475  -0.034769  0.003397  0.001220
476  -0.001372  -0.030861  0.000954
477  0.033876  0.005507  0.001178
478  -0.016260  -0.021625  0.000732
479  0.008479  0.002937  0.000081
480  -0.039033  -0.007645  0.001582
481  0.000792  0.009468  0.000090
482  0.035998  -0.015723  0.001543
483  0.027277  0.045808  0.002842
484  -0.037890  -0.018746  0.001787
485  -0.008787  0.014743  0.000295
486  0.005706  0.016486  0.000304
487  0.008955  -0.016884  0.000365
488  -0.007739  0.005661  0.000092
489  0.019140  -0.005170  0.000393
490  0.037148  0.012004  0.001524
491  0.015706  0.032764  0.001320
492  0.033818  0.038055  0.002592
493  0.016245  -0.008067  0.000329
494  -0.011339  0.018111  0.000457
495  0.020643  0.013550  0.000610
496  -0.004128  -0.008791  0.000094
497  -0.024115  0.009461  0.000671
498  0.020811  0.017453  0.000738
499  0.035333  0.013492  0.001430
500  0.010817  -0.078678  0.006307
501  0.027897  0.012933  0.000946
502  -0.032172  -0.012142  0.001182
503  0.007916  0.004880  0.000086
504  0.002349  0.003886  0.000021
505  -0.018064  -0.022223  0.000820
506  0.021370  -0.019691  0.000844
507  -0.027248  0.013071  0.000913
508  0.037320  -0.047487  0.003648
509  -0.001579  0.025828  0.000670
510  -0.031402  -0.014211  0.001188
511  -0.024263  0.011648  0.000724
512  0.019777  -0.019470  0.000770
513  0.020367  0.009304  0.000501
514  0.004325  -0.010018  0.000119
515  -0.064150  0.004214  0.004133
516  -0.007723  0.028678  0.000882
517  -0.032984  -0.020456  0.001506
518  0.040885  -0.003816  0.001686
519  -0.016813  0.033355  0.001395
520  0.019709  -0.014188  0.000590
521  -0.014822  -0.014027  0.000416
522  -0.006665  0.003116  0.000054
523  0.010758  0.011070  0.000238
524  -0.006281  0.018105  0.000367
525  -0.028598  -0.000665  0.000818
526  0.003405  0.015983  0.000267
527  0.000442  0.005343  0.000029
528  0.000863  0.016110  0.000260
529  0.019514  -0.035093  0.001612
530  -0.028583  -0.010423  0.000926
531  -0.016021  -0.000111  0.000257
532  -0.005090  0.001559  0.000028
533  0.054341  0.020481  0.003372
534  -0.011395  0.003922  0.000145
535  -0.029197  0.007756  0.000913
536  0.003617  -0.002438  0.000019
537  0.019898  -0.001017  0.000397
538  0.009984  -0.014856  0.000320
539  -0.016740  0.032362  0.001328
540  0.063053  -0.000003  0.003976
541  -0.013661  0.006687  0.000231
542  0.030895  -0.026964  0.001682
543  0.031557  0.009584  0.001088
544  -0.046155  0.028356  0.002934
545  0.006519  -0.010536  0.000153
546  0.009975  -0.003757  0.000114
547  0.003344  0.012425  0.000166
548  -0.010069  0.008551  0.000174
549  -0.053745  0.007939  0.002952
550  -0.010095  0.020133  0.000507
551  -0.007291  -0.054537  0.003027
552  0.010873  -0.036743  0.001468
553  0.012818  -0.015127  0.000393
554  0.007480  -0.029491  0.000926
555  0.001274  -0.006339  0.000042
556  -0.027891  -0.006766  0.000824
557  -0.004033  -0.024489  0.000616
558  0.006128  -0.013864  0.000230
559  -0.007057  0.027341  0.000797
560  0.005841  0.024306  0.000625
561  0.048514  0.001693  0.002356
562  0.006529  -0.007060  0.000092
563  -0.030177  -0.019485  0.001290
564  -0.008472  0.013997  0.000268
565  0.016746  -0.011731  0.000418
566  0.015963  -0.005447  0.000284
567  -0.000064  0.004047  0.000016
568  -0.003758  0.020423  0.000431
569  -0.019510  0.022562  0.000890
570  -0.025914  -0.015422  0.000909
571  0.035983  0.014712  0.001511
572  -0.001995  0.009987  0.000104
573  -0.020193  0.010282  0.000513
574  0.002581  -0.008484  0.000079
575  0.018915  -0.012914  0.000525
576  -0.017665  0.003623  0.000325
577  -0.009590  -0.044615  0.002082
578  0.018526  0.020303  0.000755
579  0.003950  -0.002516  0.000022
580  -0.001725  -0.023969  0.000577
581  0.002756  -0.002933  0.000016
582  -0.005765  0.001079  0.000034
583  -0.003554  -0.013901  0.000206
584  -0.021999  0.034697  0.001688
585  -0.000471  -0.033927  0.001151
586  -0.001420  0.011199  0.000127
587  0.010631  -0.019740  0.000503
588  0.043383  0.014685  0.002098
589  0.035751  0.015856  0.001530
590  0.025187  0.020754  0.001065
591  -0.011231  0.017102  0.000419
592  0.010423  -0.011939  0.000251
593  0.011610  0.013858  0.000327
594  0.005824  -0.037549  0.001444
595  0.039686  0.008623  0.001649
596  0.014713  0.003110  0.000226
597  -0.028951  -0.029771  0.001725
598  -0.007499  -0.013875  0.000249
599  -0.004557  0.026944  0.000747
600  0.032965  -0.025937  0.001759
601  0.020432  -0.007302  0.000471
602  0.011821  0.019406  0.000516
603  -0.002593  0.002881  0.000015
604  0.014743  -0.044870  0.002231
605  -0.025409  0.007263  0.000698
606  -0.001370  -0.004776  0.000025
607  0.017878  0.014683  0.000535
608  -0.002937  -0.036576  0.001346
609  0.000786  0.014113  0.000200
610  -0.011332  0.004402  0.000148
611  -0.038583  0.010468  0.001598
612  -0.003062  0.017251  0.000307
613  0.004254  -0.003604  0.000031
614  -0.007464  0.004679  0.000078
615  -0.006441  -0.011069  0.000164
616  -0.002231  -0.003248  0.000016
617  0.019062  0.002209  0.000368
618  -0.028625  0.014799  0.001038
619  0.012959  -0.019452  0.000546
620  0.017490  0.028877  0.001140
621  -0.001964  -0.012307  0.000155
622  -0.004297  0.003544  0.000031
623  -0.031505  0.014112  0.001192
624  0.033836  0.009649  0.001238
625  0.021064  0.008467  0.000515
626  -0.008769  -0.001350  0.000079
627  0.030479  -0.001032  0.000930
628  0.024827  -0.015352  0.000852
629  0.031696  0.003425  0.001016
630  -0.032886  0.018791  0.001435
631  0.014921  0.056464  0.003411
632  0.022643  -0.003680  0.000526
633  0.057883  0.002068  0.003355
634  -0.031279  -0.011238  0.001105
635  0.045600  0.006102  0.002117
636  -0.017942  -0.007250  0.000374
637  0.005145  0.010973  0.000147
638  -0.003929  -0.020965  0.000455
639  0.001796  0.013204  0.000178
640  0.031496  -0.003882  0.001007
641  -0.016873  0.009011  0.000366
642  0.039044  -0.015416  0.001762
643  -0.023900  0.000444  0.000571
644  0.045447  -0.042344  0.003858
645  0.006182  -0.006966  0.000087
646  0.026539  0.021925  0.001185
647  -0.004646  0.005738  0.000055
648  -0.025384  0.022961  0.001172
649  0.008010  0.030102  0.000970
650  0.005953  0.019328  0.000409
651  -0.003261  -0.030495  0.000941
652  -0.004876  0.016295  0.000289
653  -0.047268  0.040424  0.003868
654  -0.033416  0.012423  0.001271
655  0.017580  0.002371  0.000315
656  -0.013369  0.055697  0.003281
657  -0.014624  0.008886  0.000293
658  0.020255  0.018628  0.000757
659  0.003127  -0.014380  0.000217
660  -0.010276  0.003885  0.000121
661  0.013874  -0.007293  0.000246
662  0.016832  0.007099  0.000334
663  0.033942  -0.044504  0.003133
664  0.046261  -0.039214  0.003678
665  0.007591  0.042605  0.001873
666  0.011492  0.012795  0.000296
667  0.029015  0.003500  0.000854
668  0.032316  -0.010866  0.001162
669  0.034732  0.013489  0.001388
670  -0.008875  -0.013838  0.000270
671  -0.017520  -0.033952  0.001460
672  0.012701  -0.000787  0.000162
673  -0.012705  -0.005590  0.000193
674  0.020341  0.005971  0.000449
675  0.023519  -0.012185  0.000702
676  0.009786  0.004800  0.000119
677  -0.017400  0.000011  0.000303
678  0.014354  -0.015284  0.000440
679  0.005483  -0.046609  0.002202
680  0.016661  0.001665  0.000280
681  -0.002618  0.017422  0.000310
682  0.002731  0.004803  0.000031
683  -0.002230  0.008668  0.000080
684  0.008146  -0.008133  0.000133
685  0.048795  -0.024777  0.002995
686  -0.033324  0.002906  0.001119
687  0.003030  0.032229  0.001048
688  0.008718  0.025493  0.000726
689  0.009709  0.023007  0.000624
690  -0.021278  0.025425  0.001099
691  -0.002407  -0.024119  0.000588
692  -0.000886  0.012860  0.000166
693  0.005007  -0.006835  0.000072
694  0.003868  -0.009635  0.000108
695  0.014211  0.008573  0.000275
696  0.007084  0.010190  0.000154
697  -0.005464  -0.024892  0.000649
698  0.037464  0.007536  0.001460
699  -0.001911  -0.026618  0.000712
700  -0.012334  0.004896  0.000176
701  0.029069  -0.019556  0.001227
702  -0.010119  0.029446  0.000969
703  0.029207  -0.004441  0.000873
704  -0.002998  -0.013573  0.000193
705  0.046190  -0.038439  0.003611
706  0.004470  -0.020977  0.000460
707  -0.035465  0.015066  0.001485
708  0.000240  -0.006467  0.000042
709  -0.004350  0.011346  0.000148
710  -0.005722  -0.006998  0.000082
711  0.005125  0.011131  0.000150
712  -0.003976  0.011352  0.000145
713  -0.010703  -0.004909  0.000139
714  -0.050178  -0.015621  0.002762
715  0.015677  -0.015015  0.000471
716  0.009650  0.005868  0.000128
717  0.006501  0.025862  0.000711
718  0.005744  0.021072  0.000477
719  0.007104  0.008626  0.000125
720  0.027838  0.002287  0.000780
721  0.005716  0.015031  0.000259
722  0.021019  -0.008498  0.000514
723  -0.013778  -0.009760  0.000285
724  0.003674  0.006706  0.000058
725  0.010088  -0.028379  0.000907
726  -0.011239  -0.009586  0.000218
727  0.016659  0.006475  0.000319
728  0.001331  -0.006235  0.000041
729  0.007134  0.007563  0.000108
730  0.003499  -0.024879  0.000631
731  0.012674  0.045800  0.002258
732  0.025135  -0.004682  0.000654
733  0.010728  0.003414  0.000127
734  0.027719  0.006960  0.000817
735  0.009713  -0.024633  0.000701
736  -0.026710  -0.005573  0.000745
737  0.004392  -0.030930  0.000976
738  -0.015656  -0.017718  0.000559
739  -0.037196  -0.043343  0.003262
740  0.012101  0.006360  0.000187
741  0.003944  -0.012666  0.000176
742  -0.018565  -0.013575  0.000529
743  -0.008238  0.009192  0.000152
744  -0.011892  -0.019678  0.000529
745  0.034349  -0.008074  0.001245
746  0.012393  0.010566  0.000265
747  0.008621  -0.031040  0.001038
748  0.016596  -0.028608  0.001094
749  -0.005161  0.024241  0.000614
750  0.023390  0.017309  0.000847
751  0.016611  -0.021765  0.000750
752  -0.016892  0.017956  0.000608
753  0.010525  -0.009580  0.000203
754  -0.007176  0.006139  0.000089
755  0.017693  0.055054  0.003344
756  0.004449  -0.008983  0.000100
757  0.004478  -0.019038  0.000383
758  -0.032455  -0.011135  0.001177
759  0.024976  0.011617  0.000759
760  -0.006442  0.025307  0.000682
761  -0.009073  0.028253  0.000881
762  0.003175  -0.053361  0.002857
763  0.000622  -0.008677  0.000076
764  0.016659  0.005552  0.000308
765  0.013146  -0.013582  0.000357
766  0.016672  -0.020784  0.000710
767  0.008696  0.009261  0.000161
768  0.036301  -0.006324  0.001358
769  -0.032675  -0.015100  0.001296
770  -0.000864  0.033192  0.001102
771  -0.016094  0.005693  0.000291
772  -0.032993  -0.014111  0.001288
773  0.030024  -0.032537  0.001960
774  -0.068936  -0.044357  0.006720
775  -0.031639  0.004603  0.001022
776  0.020403  -0.011109  0.000540
777  0.020025  -0.009212  0.000486
778  0.026328  0.028295  0.001494
779  0.019020  -0.040286  0.001985
780  -0.025507  -0.011996  0.000795
781  -0.019904  -0.017551  0.000704
782  -0.000595  -0.003328  0.000011
783  -0.007831  -0.005542  0.000092
784  -0.043201  0.023446  0.002416
785  0.022199  0.003888  0.000508
786  -0.023627  -0.019226  0.000928
787  -0.026797  -0.015731  0.000966
788  0.030194  0.005795  0.000945
789  0.020444  -0.002569  0.000425
790  -0.009576  -0.037756  0.001517
791  -0.033723  -0.062025  0.004984
792  -0.043140  0.035731  0.003138
793  -0.005446  -0.015009  0.000255
794  -0.025940  -0.007136  0.000724
795  0.012517  -0.006561  0.000200
796  -0.050763  0.005385  0.002606
797  0.022670  0.037547  0.001924
798  0.034026  0.015713  0.001405
799  -0.009114  0.005386  0.000112
800  0.002504  -0.004620  0.000028
801  0.016236  0.026682  0.000976
802  -0.012779  -0.020052  0.000565
803  0.001814  -0.013813  0.000194
804  -0.006020  -0.003300  0.000047
805  -0.001763  -0.012327  0.000155
806  0.000864  0.034335  0.001180
807  0.021934  0.011509  0.000614
808  -0.018732  -0.001132  0.000352
809  -0.022099  0.017953  0.000811
810  -0.016553  0.024315  0.000865
811  0.004403  -0.029296  0.000878
812  0.010302  0.008677  0.000181
813  0.018117  0.004258  0.000346
814  0.023374  0.023535  0.001100
815  0.019779  0.010613  0.000504
816  0.041708  0.019500  0.002120
817  0.001677  -0.007532  0.000060
818  0.012339  -0.011590  0.000287
819  -0.014256  0.026892  0.000926
820  -0.004500  0.010605  0.000133
821  0.001563  0.004804  0.000026
822  0.000176  -0.004922  0.000024
823  0.018413  -0.025149  0.000971
824  0.027348  -0.003251  0.000758
825  -0.010880  0.040886  0.001790
826  -0.000014  -0.011740  0.000138
827  -0.011093  -0.007018  0.000172
828  0.008650  0.002569  0.000081
829  0.011660  0.016015  0.000392
830  0.038550  -0.027965  0.002268
831  0.049795  0.004309  0.002498
832  0.044116  -0.006158  0.001984
833  0.007138  0.017933  0.000373
834  0.022566  0.013110  0.000681
835  -0.008500  -0.007631  0.000130
836  0.000032  0.023266  0.000541
837  -0.002425  -0.002613  0.000013
838  0.004599  -0.048318  0.002356
839  -0.003405  0.002562  0.000018
840  0.004098  -0.009146  0.000100
841  0.012667  -0.014344  0.000366
842  -0.022797  0.016861  0.000804
843  -0.005322  -0.011146  0.000153
844  -0.001299  -0.026233  0.000690
845  0.006160  0.018239  0.000371
846  0.005513  0.017197  0.000326
847  0.013077  -0.024777  0.000785
848  0.027179  0.026042  0.001417
849  -0.005557  -0.008147  0.000097
850  0.019479  0.018239  0.000712
851  0.015150  0.015521  0.000470
852  0.035521  0.006320  0.001302
853  0.028332  0.016872  0.001087
854  -0.010237  0.007538  0.000162
855  -0.019662  -0.000747  0.000387
856  0.006851  0.019754  0.000437
857  -0.028133  0.006959  0.000840
858  0.011482  0.003875  0.000147
859  -0.011743  0.002661  0.000145
860  0.007162  0.005189  0.000078
861  -0.007119  -0.005128  0.000077
862  0.048920  -0.022182  0.002885
863  0.037980  -0.003073  0.001452
864  0.019297  -0.016637  0.000649
865  0.017422  -0.026402  0.001001
866  -0.011234  0.014773  0.000344
867  0.000020  -0.014191  0.000201
868  -0.025721  0.017768  0.000977
869  0.017877  -0.013136  0.000492
870  -0.038220  -0.007545  0.001518
871  -0.001409  0.007859  0.000064
872  -0.015192  -0.032449  0.001284
873  0.007723  0.014349  0.000266
874  0.027735  0.016613  0.001045
875  0.023097  -0.025338  0.001176
876  -0.017292  -0.014543  0.000511
877  -0.007611  -0.028341  0.000861
878  -0.027850  -0.005343  0.000804
879  0.003659  0.023298  0.000556
880  -0.010534  -0.012910  0.000278
881  0.016546  0.005844  0.000308
882  -0.001118  -0.011884  0.000142
883  0.047212  -0.016688  0.002507
884  0.008558  -0.022855  0.000596
885  0.009079  0.002849  0.000091
886  -0.004537  0.026781  0.000738
887  -0.004394  0.024497  0.000619
888  0.019603  -0.034261  0.001558
889  -0.000775  0.005876  0.000035
890  0.003225  -0.022222  0.000504
891  -0.032751  -0.037438  0.002474
892  0.000005  -0.001047  0.000001
893  -0.001975  -0.008582  0.000078
894  0.007898  0.025101  0.000692
895  0.034573  -0.018680  0.001544
896  -0.016848  0.001234  0.000285
897  0.019321  -0.023032  0.000904
898  0.039658  -0.008972  0.001653
899  -0.019205  -0.026481  0.001070
900  0.003558  -0.022416  0.000515
901  -0.032298  -0.002756  0.001051
902  -0.004633  -0.026402  0.000719
903  -0.016427  0.041280  0.001974
904  -0.019739  -0.004892  0.000414
905  -0.031568  0.004787  0.001019
906  0.022266  -0.015413  0.000733
907  -0.001574  0.033002  0.001092
908  0.005223  -0.016536  0.000301
909  0.000151  0.007662  0.000059
910  -0.006465  -0.004493  0.000062
911  0.007455  0.012363  0.000208
912  -0.023880  0.012345  0.000723
913  0.005742  -0.018511  0.000376
914  -0.023817  -0.010906  0.000686
915  -0.012709  0.021401  0.000620
916  -0.018117  -0.013166  0.000502
917  0.007481  0.016114  0.000316
918  -0.049978  0.007772  0.002558
919  0.020400  0.021412  0.000875
920  0.008409  -0.011802  0.000210
921  -0.000249  0.012520  0.000157
922  0.026380  -0.032858  0.001776
923  0.021672  -0.016416  0.000739
924  -0.006295  -0.038816  0.001546
925  0.033155  0.026689  0.001812
926  0.016576  0.012349  0.000427
927  -0.011991  -0.001100  0.000145
928  -0.029537  0.035628  0.002142
929  0.002423  -0.013987  0.000201
930  0.006301  0.011699  0.000177
931  0.039739  0.014400  0.001787
932  -0.016882  0.034819  0.001497
933  -0.019816  -0.008611  0.000467
934  -0.001143  -0.007879  0.000063
935  -0.014489  -0.018687  0.000559
936  0.034219  -0.016506  0.001443
937  0.002206  -0.013917  0.000199
938  -0.024967  0.028909  0.001459
939  0.018927  -0.018604  0.000704
940  -0.004562  -0.002304  0.000026
941  0.003232  -0.022812  0.000531
942  0.011776  -0.001401  0.000141
943  -0.020518  0.034964  0.001643
944  -0.013190  -0.002443  0.000180
945  0.046587  0.034346  0.003350
946  -0.018149  0.005267  0.000357
947  0.022305  -0.018821  0.000852
948  -0.012978  0.011297  0.000296
949  0.020182  -0.003260  0.000418
950  -0.016107  0.002864  0.000268
951  -0.005586  -0.020210  0.000440
952  -0.012946  -0.010043  0.000268
953  -0.003098  -0.008177  0.000076
954  0.027054  -0.025291  0.001372
955  0.006220  0.009312  0.000125
956  0.011929  0.014483  0.000352
957  0.018891  0.024486  0.000956
958  0.002373  -0.022157  0.000497
959  -0.002676  -0.018615  0.000354
960  -0.003026  0.025460  0.000657
961  0.024757  -0.009804  0.000709
962  -0.012144  -0.021610  0.000614
963  -0.042662  -0.019309  0.002193
964  0.017278  0.042461  0.002101
965  -0.008115  -0.030701  0.001008
966  0.016158  -0.028945  0.001099
967  -0.006651  -0.017115  0.000337
968  -0.008382  0.008948  0.000150
969  -0.008496  0.005559  0.000103
970  -0.032261  -0.000113  0.001041
971  0.029765  0.009354  0.000973
972  0.030731  -0.019786  0.001336
973  0.031228  0.022046  0.001461
974  0.002239  0.010910  0.000124
975  -0.017026  0.016568  0.000564
976  -0.028575  -0.013289  0.000993
977  0.024228  -0.009481  0.000677
978  0.010733  -0.032685  0.001184
979  -0.024170  -0.002429  0.000590
980  0.016849  0.008027  0.000348
981  0.034795  0.011119  0.001334
982  0.009029  -0.010002  0.000182
983  -0.061289  -0.068080  0.008391
984  0.003970  0.015414  0.000253
985  0.023360  -0.032152  0.001579
986  -0.044642  -0.054509  0.004964
987  0.006180  0.013693  0.000226
988  -0.010965  -0.011703  0.000257
989  0.008283  -0.011967  0.000212
990  -0.021893  -0.001359  0.000481
991  0.012451  -0.009648  0.000248
992  -0.025838  -0.023233  0.001207
993  -0.026632  0.009974  0.000809
994  -0.007969  -0.012286  0.000214
995  0.032276  -0.012383  0.001195
996  0.022994  -0.013658  0.000715
997  0.025075  -0.018056  0.000955
998  -0.031314  -0.030249  0.001896
999  0.001622  -0.009925  0.000101
1000  0.005837  0.007915  0.000097
1001  0.006160  0.011377  0.000167
1002  0.011379  -0.014200  0.000331
1003  0.044983  -0.005527  0.002054
1004  -0.012122  0.014517  0.000358
1005  0.026205  0.012109  0.000833
1006  0.046051  -0.002736  0.002128
1007  0.009844  -0.042620  0.001913
1008  -0.003555  -0.001777  0.000016
1009  -0.001135  0.021016  0.000443
1010  0.023619  0.037282  0.001948
1011  -0.002717  -0.044465  0.001985
1012  -0.017005  0.013917  0.000483
1013  -0.014699  -0.022817  0.000737
1014  0.018591  0.002722  0.000353
1015  0.011082  0.029979  0.001022
1016  -0.000098  -0.006217  0.000039
1017  -0.007323  0.016429  0.000324
1018  -0.006867  0.008594  0.000121
1019  -0.023802  0.002367  0.000572
1020  0.004330  0.008550  0.000092
1021  -0.065951  0.020538  0.004771
1022  -0.009860  0.002120  0.000102
1023  -0.037614  -0.029000  0.002256
1024  0.013504  -0.024210  0.000768
1025  0.019679  0.012427  0.000542
1026  0.006376  0.030444  0.000968
1027  -0.026077  0.028825  0.001511
1028  -0.011180  -0.001063  0.000126
1029  0.006842  0.000919  0.000048
1030  0.003521  0.032164  0.001047
1031  0.027828  -0.045391  0.002835
1032  0.028215  -0.025007  0.001421
1033  0.012447  0.005638  0.000187
1034  -0.001196  -0.010433  0.000110
1035  -0.006389  -0.012112  0.000188
1036  0.000900  -0.005706  0.000033
1037  -0.037504  -0.018989  0.001767
1038  -0.025949  -0.018707  0.001023
1039  0.024804  -0.015695  0.000862
1040  -0.001618  0.035183  0.001240
1041  0.005147  -0.007383  0.000081
1042  0.016303  0.008446  0.000337
1043  -0.023548  0.017189  0.000850
1044  0.028811  0.006311  0.000870
1045  0.017324  0.012848  0.000465
1046  0.001621  -0.020333  0.000416
1047  0.001602  0.001672  0.000005
1048  0.027463  0.005305  0.000782
1049  -0.000598  -0.029117  0.000848
1050  0.020768  -0.037430  0.001832
1051  0.012174  -0.013643  0.000334
1052  0.000935  0.017735  0.000315
1053  -0.007956  0.014464  0.000272
1054  -0.018410  -0.009120  0.000422
1055  0.014863  -0.030391  0.001145
1056  0.033110  -0.020112  0.001501
1057  0.019275  -0.006457  0.000413
1058  0.015149  0.019380  0.000605
1059  -0.015291  -0.022505  0.000740
1060  0.005539  -0.042797  0.001862
1061  -0.000935  0.004372  0.000020
1062  0.006066  -0.002450  0.000043
1063  -0.017622  -0.002997  0.000320
1064  0.023981  0.003675  0.000589
1065  -0.044719  -0.029404  0.002864
1066  -0.031941  -0.017109  0.001313
1067  -0.028617  -0.018774  0.001171
1068  -0.042298  -0.025773  0.002453
1069  -0.035122  -0.002729  0.001241
1070  0.035039  0.013822  0.001419
1071  -0.022361  -0.021818  0.000976
1072  -0.046226  0.009033  0.002218
1073  0.017616  -0.005515  0.000341
1074  -0.000425  -0.010819  0.000117
1075  0.002844  0.033841  0.001153
1076  0.010177  0.030082  0.001009
1077  -0.035023  -0.010806  0.001343
1078  0.025277  -0.006694  0.000684
1079  -0.002912  -0.008362  0.000078
1080  -0.028467  0.020178  0.001218
1081  0.016810  0.039276  0.001825
1082  0.028121  0.002238  0.000796
1083  -0.029504  -0.033678  0.002005
1084  0.018103  -0.009735  0.000422
1085  -0.019334  -0.016796  0.000656
1086  0.030994  -0.014337  0.001166
1087  -0.019142  -0.006916  0.000414
1088  -0.020511  -0.001981  0.000425
1089  -0.016258  -0.000076  0.000264
1090  0.008571  0.057359  0.003364
1091  -0.018018  0.010515  0.000435
1092  -0.004652  0.020884  0.000458
1093  0.014695  0.007732  0.000276
1094  -0.039765  -0.001714  0.001584
1095  -0.012668  -0.032184  0.001196
1096  0.029435  -0.002414  0.000872
1097  -0.005879  -0.042161  0.001812
1098  0.010581  -0.014040  0.000309
1099  0.010301  0.009060  0.000188
1100  -0.004776  0.016311  0.000289
1101  -0.020729  0.024761  0.001043
1102  -0.035114  0.023161  0.001769
1103  -0.042598  -0.021903  0.002294
1104  -0.021592  0.028476  0.001277
1105  -0.049909  0.014341  0.002697
1106  0.009850  -0.006564  0.000140
1107  0.006434  -0.014271  0.000245
1108  -0.010990  -0.031655  0.001123
1109  0.025444  0.061665  0.004450
1110  0.027296  -0.020249  0.001155
1111  0.008501  0.003844  0.000087
1112  -0.037365  0.004370  0.001415
1113  0.007497  -0.023932  0.000629
1114  -0.019047  0.025766  0.001027
1115  -0.014440  -0.006578  0.000252
1116  0.006796  0.009585  0.000138
1117  0.001283  0.013950  0.000196
1118  -0.021506  0.000943  0.000463
1119  0.021077  0.020659  0.000871
1120  0.009527  -0.004694  0.000113
1121  0.008988  0.034476  0.001269
1122  -0.009061  -0.007044  0.000132
1123  -0.017742  -0.004171  0.000332
1124  -0.021390  0.011963  0.000601
1125  0.035447  -0.012576  0.001415
1126  -0.026931  -0.003675  0.000739
1127  -0.000219  0.023705  0.000562
1128  0.007098  0.006654  0.000095
1129  -0.013657  -0.025108  0.000817
1130  0.007446  -0.028898  0.000891
1131  -0.040083  -0.010176  0.001710
1132  -0.019243  0.013878  0.000563
1133  -0.009072  0.028379  0.000888
1134  -0.011351  -0.025303  0.000769
1135  0.024206  0.031702  0.001591
1136  -0.023885  -0.007514  0.000627
1137  -0.005514  -0.040437  0.001666
1138  0.007651  -0.020335  0.000472
1139  0.037527  0.015200  0.001639
1140  -0.010373  -0.016819  0.000390
1141  -0.002907  0.007088  0.000059
1142  -0.005514  0.010831  0.000148
1143  0.017967  -0.013484  0.000505
1144  0.004816  -0.023848  0.000592
1145  0.026261  0.002961  0.000698
1146  -0.002451  0.001758  0.000009
1147  -0.025209  -0.039477  0.002194
1148  0.002347  0.024663  0.000614
1149  -0.013895  0.013301  0.000370
1150  0.004766  0.020514  0.000444
1151  -0.018434  -0.006449  0.000381
1152  0.000572  -0.041610  0.001732
1153  -0.005205  -0.035108  0.001260
1154  0.016481  -0.000506  0.000272
1155  0.034021  -0.029085  0.002003
1156  0.064573  -0.039570  0.005735
1157  0.009467  0.017885  0.000410
1158  0.050056  -0.012822  0.002670
1159  0.001246  -0.013120  0.000174
1160  -0.029845  0.019629  0.001276
1161  -0.012166  -0.000665  0.000148
1162  0.024022  0.008556  0.000650
1163  -0.017888  -0.005186  0.000347
1164  -0.022008  -0.037313  0.001877
1165  -0.000673  0.009244  0.000086
1166  0.029535  -0.030679  0.001813
1167  0.004530  -0.044608  0.002010
1168  0.066468  0.021368  0.004875
1169  0.019554  0.013867  0.000575
1170  0.007374  -0.009940  0.000153
1171  -0.058372  -0.003552  0.003420
1172  -0.021069  0.004507  0.000464
1173  0.014244  0.018309  0.000538
1174  -0.019865  0.017783  0.000711
1175  -0.032490  0.012580  0.001214
1176  -0.021661  0.005498  0.000499
1177  -0.007166  -0.043534  0.001947
1178  -0.007005  0.040503  0.001690
1179  0.023376  -0.033046  0.001638
1180  0.032450  -0.005589  0.001084
1181  0.021589  -0.000241  0.000466
1182  0.008006  0.027508  0.000821
1183  0.038204  0.036195  0.002770
1184  0.011750  -0.005991  0.000174
1185  -0.004197  0.016169  0.000279
1186  -0.006626  -0.001777  0.000047
1187  -0.007285  -0.009739  0.000148
1188  -0.004890  -0.006479  0.000066
1189  -0.004700  0.005256  0.000050
1190  -0.009048  0.001467  0.000084
1191  0.058799  -0.022460  0.003962
1192  0.050496  0.008933  0.002630
1193  0.052211  -0.011055  0.002848
1194  -0.014912  -0.029055  0.001067
1195  0.033175  0.000421  0.001101
1196  0.044035  -0.016237  0.002203
1197  -0.023770  -0.040446  0.002201
1198  -0.005287  0.027627  0.000791
1199  0.000417  0.028223  0.000797
1200  -0.024689  0.012421  0.000764
1201  -0.007588  -0.007811  0.000119
1202  -0.001654  -0.012603  0.000162
1203  0.005874  -0.005746  0.000068
1204  -0.008650  0.036072  0.001376
1205  -0.021292  -0.023916  0.001025
1206  0.028117  -0.035548  0.002054
1207  0.000253  -0.020625  0.000425
1208  -0.044552  -0.004268  0.002003
1209  0.026554  -0.017245  0.001002
1210  -0.000937  0.032638  0.001066
1211  0.047285  -0.017019  0.002525
1212  -0.000523  -0.018700  0.000350
1213  -0.001481  -0.017755  0.000317
1214  -0.000506  -0.012887  0.000166
1215  0.017550  -0.023784  0.000874
1216  0.048028  0.011879  0.002448
1217  0.016765  0.048341  0.002618
1218  -0.002678  0.002425  0.000013
1219  -0.030871  -0.000000  0.000953
1220  0.005786  0.022788  0.000553
1221  0.012071  0.019294  0.000518
1222  -0.015277  -0.028118  0.001024
1223  0.028187  -0.007843  0.000856
1224  0.003750  -0.068209  0.004666
1225  0.017268  -0.026423  0.000996
1226  -0.029012  0.007242  0.000894
1227  0.022084  -0.015908  0.000741
1228  0.015204  0.005686  0.000264
1229  0.000178  -0.019582  0.000383
1230  -0.006938  -0.025027  0.000675
1231  -0.029787  -0.000421  0.000887
1232  0.007587  -0.013084  0.000229
1233  -0.022191  -0.023862  0.001062
1234  -0.003339  0.008110  0.000077
1235  -0.002870  -0.020858  0.000443
1236  0.001758  -0.043630  0.001907
1237  0.003678  -0.010275  0.000119
1238  0.013403  -0.053234  0.003014
1239  0.030117  0.000356  0.000907
1240  0.028915  -0.053733  0.003723
1241  0.026577  -0.001169  0.000708
1242  0.021198  -0.006724  0.000495
1243  -0.028168  -0.015185  0.001024
1244  -0.025325  -0.014991  0.000866
1245  0.068601  -0.042588  0.006520
1246  0.010828  0.030760  0.001063
1247  0.040608  -0.054854  0.004658
1248  0.012259  -0.029952  0.001047
1249  -0.014450  0.057563  0.003522
1250  -0.013660  0.000807  0.000187
1251  0.005844  -0.005851  0.000068
1252  0.015676  0.011940  0.000388
1253  0.019211  -0.015604  0.000613
1254  0.051853  -0.018776  0.003041
1255  0.020007  0.010969  0.000521
1256  -0.043497  0.025277  0.002531
1257  0.031561  -0.024237  0.001584
1258  0.017591  0.020708  0.000738
1259  0.000986  0.018445  0.000341
1260  0.024142  -0.035196  0.001822
1261  0.011606  0.000076  0.000135
1262  -0.027225  -0.010548  0.000852
1263  0.001609  0.009468  0.000092
1264  -0.017630  -0.011363  0.000440
1265  -0.010707  -0.024207  0.000701
1266  -0.016894  0.001644  0.000288
1267  -0.000625  -0.002131  0.000005
1268  -0.006468  0.017218  0.000338
1269  0.018366  -0.012232  0.000487
1270  0.018157  -0.034471  0.001518
1271  0.020416  0.021045  0.000860
1272  0.014427  0.011257  0.000335
1273  0.007259  -0.037310  0.001445
1274  0.008611  -0.046301  0.002218
1275  0.000029  0.026484  0.000701
1276  -0.037675  0.022647  0.001932
1277  -0.012862  0.030629  0.001104
1278  0.025365  0.007681  0.000702
1279  -0.013869  -0.005412  0.000222
1280  0.015325  -0.008711  0.000311
1281  -0.031258  0.024421  0.001573
1282  0.025771  -0.029180  0.001516
1283  0.010559  -0.018319  0.000447
1284  0.019956  0.000565  0.000399
1285  0.005442  -0.027153  0.000767
1286  0.050038  0.005321  0.002532
1287  -0.044688  0.031647  0.002999
1288  0.029976  0.007718  0.000958
1289  -0.007804  0.005421  0.000090
1290  -0.019061  0.022283  0.000860
1291  0.038573  0.023948  0.002061
1292  0.040305  0.004008  0.001641
1293  0.002001  0.012203  0.000153
1294  0.003086  -0.032406  0.001060
1295  0.015385  0.020538  0.000659
1296  -0.031701  -0.030907  0.001960
1297  0.007339  0.009155  0.000138
1298  0.029527  0.006621  0.000916
1299  -0.051568  -0.056065  0.005803
1300  -0.032460  -0.025284  0.001693
1301  0.016344  -0.012818  0.000431
1302  -0.031480  0.050961  0.003588
1303  -0.019770  0.001683  0.000394
1304  -0.029240  0.012386  0.001008
1305  -0.042928  0.021287  0.002296
1306  -0.048401  0.014555  0.002555
1307  0.004390  0.004887  0.000043
1308  0.011853  -0.035786  0.001421
1309  0.029302  -0.000565  0.000859
1310  0.023445  0.030264  0.001466
1311  0.033844  0.009170  0.001229
1312  0.046851  0.034784  0.003405
1313  -0.006620  -0.011942  0.000186
1314  -0.029745  -0.007671  0.000944
1315  -0.005820  -0.007498  0.000090
1316  0.051899  -0.026945  0.003420
1317  0.051767  0.026668  0.003391
1318  0.014836  0.034704  0.001424
1319  0.003589  -0.030615  0.000950
1320  0.028682  -0.016896  0.001108
1321  -0.018494  -0.011380  0.000472
1322  -0.008049  -0.041461  0.001784
1323  -0.033759  0.018536  0.001483
1324  0.048093  -0.003980  0.002329
1325  -0.030877  -0.010925  0.001073
1326  0.012028  -0.004769  0.000167
1327  -0.007732  0.041262  0.001762
1328  0.049971  -0.004374  0.002516
1329  -0.023071  -0.028732  0.001358
1330  -0.018754  0.023112  0.000886
1331  0.039067  0.007056  0.001576
1332  -0.017607  -0.028862  0.001143
1333  -0.003093  -0.024231  0.000597
1334  0.039317  -0.030775  0.002493
1335  0.046721  0.002452  0.002189
1336  -0.014187  -0.032776  0.001276
1337  0.025873  -0.003343  0.000681
1338  -0.025461  -0.045944  0.002759
1339  0.048442  0.000482  0.002347
1340  0.004947  -0.051657  0.002693
1341  0.031288  -0.002448  0.000985
1342  -0.018889  0.015861  0.000608
1343  0.003080  0.019884  0.000405
1344  0.009936  -0.007739  0.000159
1345  0.016187  0.005534  0.000293
1346  -0.010029  -0.037049  0.001473
1347  0.020258  0.010262  0.000516
1348  0.013509  -0.049778  0.002660
1349  -0.028492  -0.023099  0.001345
1350  0.024002  0.043327  0.002453
1351  0.037182  -0.029440  0.002249
1352  0.070391  -0.000691  0.004955
1353  -0.013877  -0.019742  0.000582
1354  -0.003293  -0.039338  0.001558
1355  0.008389  -0.009913  0.000169
1356  0.039321  -0.026023  0.002223
1357  -0.053976  -0.003911  0.002929
1358  0.027708  -0.041082  0.002455
1359  -0.042045  0.011523  0.001901
1360  -0.041369  0.003309  0.001722
1361  0.001227  -0.038854  0.001511
1362  0.034681  0.012169  0.001351
1363  0.006548  0.003865  0.000058
1364  0.002611  -0.006870  0.000054
1365  -0.033173  -0.017469  0.001406
1366  0.021618  -0.028858  0.001300
1367  0.003348  0.035297  0.001257
1368  -0.075309  -0.017523  0.005979
1369  0.005232  -0.053706  0.002912
1370  0.014587  -0.015522  0.000454
1371  -0.012828  0.017762  0.000480
1372  0.044690  -0.030412  0.002922
1373  0.030179  -0.013012  0.001080
1374  0.048111  -0.008104  0.002380
1375  0.007292  -0.045311  0.002106
1376  0.032849  0.059535  0.004623
1377  0.037746  0.016153  0.001686
1378  -0.016035  0.026124  0.000940
1379  0.048046  -0.001243  0.002310
1380  0.000183  0.038037  0.001447
1381  -0.008420  -0.044134  0.002019
1382  -0.013824  0.016550  0.000465
1383  0.035762  0.005904  0.001314
1384  0.009528  0.008379  0.000161
1385  0.041605  -0.032839  0.002809
1386  -0.014915  -0.021177  0.000671
1387  -0.036954  0.018362  0.001703
1388  0.024980  0.007806  0.000685
1389  -0.012417  -0.006742  0.000200
1390  -0.028542  0.007666  0.000873
1391  -0.012118  0.028316  0.000949
1392  0.067615  -0.034358  0.005752
1393  0.023999  0.040419  0.002210
1394  -0.009932  -0.026941  0.000824
1395  0.087487  0.030462  0.008582
1396  0.034345  0.022740  0.001697
1397  -0.029077  0.007225  0.000898
1398  0.047530  0.013009  0.002428
1399  0.002533  -0.020459  0.000425
1400  -0.036825  0.037300  0.002747
1401  -0.016142  0.018910  0.000618
1402  0.034621  0.015499  0.001439
1403  -0.004718  0.006968  0.000071
1404  0.009822  0.010115  0.000199
1405  -0.057664  -0.013550  0.003509
1406  -0.016590  -0.025913  0.000947
1407  0.029940  -0.018663  0.001245
1408  -0.012289  0.024817  0.000767
1409  -0.041780  0.007811  0.001807
1410  0.058247  -0.073905  0.008855
1411  -0.001776  0.007716  0.000063
1412  0.015048  -0.001844  0.000230
1413  -0.005519  0.025095  0.000660
1414  0.007686  -0.040982  0.001739
1415  0.029750  -0.027802  0.001658
1416  0.000045  -0.016160  0.000261
1417  0.016229  -0.013264  0.000439
1418  -0.016241  0.003517  0.000276
1419  -0.002100  0.020692  0.000433
1420  -0.034614  -0.019047  0.001561
1421  0.002775  -0.091798  0.008435
1422  0.005345  -0.046317  0.002174
1423  -0.005595  0.019094  0.000396
1424  -0.004572  -0.025932  0.000693
1425  0.001473  -0.019831  0.000395
1426  0.001132  0.011856  0.000142
1427  0.024605  0.050665  0.003172
1428  0.059297  -0.019486  0.003896
1429  -0.023005  0.065333  0.004798
1430  0.025741  -0.044344  0.002629
1431  -0.011432  -0.058239  0.003522
1432  -0.035157  -0.010953  0.001356
1433  -0.039172  0.014434  0.001743
1434  -0.020454  -0.048673  0.002787
1435  -0.023935  -0.038314  0.002041
1436  -0.010606  -0.005135  0.000139
1437  0.035365  0.000568  0.001251
1438  0.047258  -0.037740  0.003658
1439  0.064338  -0.091531  0.012517
1440  0.026130  0.041568  0.002411
1441  -0.007259  -0.030311  0.000971
1442  0.011836  -0.021533  0.000604
1443  0.054731  0.019779  0.003387
1444  -0.007302  0.054162  0.002987
1445  0.019380  0.039634  0.001946
1446  -0.076311  -0.023319  0.006367
1447  0.019970  -0.035636  0.001669
1448  -0.020578  0.025251  0.001061
1449  0.035678  -0.027349  0.002021
1450  0.040227  -0.035050  0.002847
1451  0.030712  0.034607  0.002141
1452  -0.003158  -0.060878  0.003716
1453  -0.014699  -0.053063  0.003032
1454  -0.024053  0.014433  0.000787
1455  -0.015997  0.048510  0.002609
1456  -0.004647  -0.008242  0.000090
1457  -0.058239  -0.012427  0.003546
1458  -0.012748  0.012802  0.000326
1459  -0.051932  -0.006119  0.002734
1460  -0.013451  -0.023109  0.000715
1461  -0.023150  -0.010191  0.000640
1462  -0.022720  0.005622  0.000548
1463  -0.019589  -0.019719  0.000773
1464  -0.009765  -0.004050  0.000112
1465  0.092938  -0.008719  0.008714
1466  0.018189  -0.051164  0.002949
1467  0.021250  -0.035989  0.001747
1468  0.014171  0.045960  0.002313
1469  -0.045759  0.013720  0.002282
1470  -0.018029  -0.011835  0.000465
1471  -0.032640  0.073557  0.006476
1472  -0.030060  0.003316  0.000915
1473  0.014803  0.011786  0.000358
1474  -0.026325  0.042553  0.002504
1475  -0.073983  -0.034013  0.006630
1476  -0.036004  0.020244  0.001706
1477  0.100214  -0.098951  0.019834
1478  0.004924  -0.033846  0.001170
1479  -0.048283  -0.029053  0.003175
1480  -0.019405  0.008584  0.000450
1481  -0.012465  0.060116  0.003769
1482  0.015181  -0.019437  0.000608
1483  -0.001980  -0.034286  0.001179
1484  0.020762  -0.049159  0.002848
1485  0.058092  0.005178  0.003401
1486  0.016646  0.032789  0.001352
1487  0.012638  -0.041017  0.001842
1488  -0.025051  0.007887  0.000690
1489  -0.074766  0.088804  0.013476
1490  -0.045381  0.041775  0.003805
1491  -0.054279  -0.083798  0.009968
1492  0.036408  0.015852  0.001577
1493  -0.032547  -0.070210  0.005989
1494  0.021928  -0.009198  0.000565
1495  -0.004667  0.041660  0.001757
1496  0.035768  -0.069931  0.006170
1497  -0.043872  -0.040923  0.003599
1498  -0.049291  0.018501  0.002772
1499  0.051511  0.005047  0.002679
1500  0.011203  -0.016682  0.000404
1501  -0.023268  -0.023664  0.001101
1502  -0.003166  0.032478  0.001065
1503  -0.017374  0.018167  0.000632
1504  -0.018064  -0.050285  0.002855
1505  0.029673  0.010386  0.000988
1506  -0.006739  -0.053043  0.002859
1507  0.044691  0.006568  0.002040
1508  -0.033384  0.016492  0.001386
1509  0.000872  0.047622  0.002269
1510  -0.050319  -0.031485  0.003523
1511  0.025032  -0.074274  0.006143
1512  0.055982  -0.003690  0.003148
1513  0.003884  -0.021207  0.000465
1514  0.051464  -0.035284  0.003894
1515  -0.013042  -0.040190  0.001785
1516  -0.023137  -0.064137  0.004649
1517  -0.017708  0.006790  0.000360
1518  -0.060616  -0.045069  0.005705
1519  0.029355  0.063573  0.004903
1520  -0.062300  0.026650  0.004591
1521  -0.024020  0.020505  0.000997
1522  -0.004643  0.013024  0.000191
1523  -0.067786  0.054190  0.007532
1524  -0.013004  0.032018  0.001194
1525  -0.034992  0.026704  0.001938
1526  -0.078343  0.015443  0.006376
1527  -0.063967  -0.097221  0.013544
1528  -0.034756  0.033205  0.002311
1529  -0.022781  0.014151  0.000719
1530  -0.011431  -0.100034  0.010138
1531  0.016335  0.047231  0.002498
1532  -0.083493  0.078245  0.013093
1533  -0.054483  -0.086688  0.010483
1534  -0.016846  -0.038875  0.001795
1535  0.018287  0.008659  0.000409
1536  -0.143409  -0.044134  0.022514
1537  -0.094477  -0.025040  0.009553
1538  -0.120358  -0.041426  0.016202
1539  0.099835  -0.065364  0.014239
1540  0.055367  0.009684  0.003159
1541  -0.090756  0.046366  0.010386
1542  0.019718  -0.115753  0.013788
1543  0.017811  0.046925  0.002519
1544  0.065766  0.044166  0.006276
1545  0.016429  -0.041160  0.001964
1546  0.122847  -0.022175  0.015583
1547  0.044423  -0.021759  0.002447
1548  -0.005046  0.058025  0.003392
1549  0.009623  0.033438  0.001211
1550  -0.085121  0.082881  0.014115
1551  -0.007572  -0.076672  0.005936
1552  -0.074411  0.016823  0.005820
1553  0.108166  -0.094658  0.020660
1554  -0.096036  0.014761  0.009441
1555  0.005214  0.055870  0.003149
1556  -0.044682  -0.009610  0.002089
1557  -0.047115  0.043539  0.004115
1558  -0.091050  -0.054575  0.011269
1559  -0.054743  -0.043553  0.004894
1560  0.032387  -0.050321  0.003581
1561  0.002515  -0.074736  0.005592
1562  0.001976  -0.094410  0.008917
1563  -0.082566  -0.070160  0.011740
1564  0.144107  -0.095326  0.029854
1565  -0.007193  -0.137891  0.019066
1566  0.035153  -0.062547  0.005148
1567  0.206787  0.025923  0.043433
1568  -0.066806  -0.031922  0.005482
1569  0.071929  -0.007291  0.005227
1570  0.093398  -0.022506  0.009230
1571  0.072235  -0.036245  0.006532
1572  -0.056675  0.040995  0.004893
1573  0.108313  -0.059959  0.015327
1574  0.144458  -0.027214  0.021609
1575  0.076338  0.185202  0.040127
1576  0.002020  0.105918  0.011223
1577  -0.076628  -0.025613  0.006528
1578  -0.005846  -0.120969  0.014668
1579  0.115463  -0.051204  0.015953
1580  -0.220604  -0.093493  0.057407
1581  -0.011295  -0.002054  0.000132
1582  0.010355  -0.165975  0.027655
1583  0.189945  0.020923  0.036517
1584  0.017032  -0.007241  0.000343
1585  0.015807  -0.015646  0.000495
1586  0.142736  -0.000591  0.020374
1587  -0.205244  -0.008829  0.042203
1588  -0.032975  -0.070567  0.006067
1589  0.073268  -0.040010  0.006969
1590  -0.059793  -0.001864  0.003579
1591  -0.115232  -0.054204  0.016216
1592  0.002783  -0.071485  0.005118
1593  -0.001233  0.076006  0.005779
1594  0.039870  -0.110404  0.013779
1595  -0.238122  -0.267826  0.128433
1596  0.172449  0.077949  0.035815
1597  -0.117851  -0.104254  0.024758
1598  0.296128  -0.086541  0.095181
1599  0.208180  0.198011  0.082547
1600  -0.009368  -0.009728  0.000182
1601  -0.067582  0.136207  0.023120
1602  -0.259601  -0.071871  0.072558
1603  0.158413  -0.132584  0.042673
1604  0.173113  -0.038749  0.031470
1605  0.099273  0.082371  0.016640
1606  -0.140578  -0.001474  0.019764
1607  -0.012137  -0.072501  0.005404
1608  -0.108584  -0.110973  0.024106
1609  -0.008409  0.083579  0.007056
1610  0.044071  0.118467  0.015977
1611  0.153013  0.013175  0.023586
1612  -0.024106  -0.125441  0.016316
1613  0.050425  -0.063090  0.006523
1614  -0.029330  -0.038128  0.002314
1615  0.024200  -0.000992  0.000587
1616  0.105295  0.105056  0.022124
1617  -0.132320  0.029912  0.018403
1618  -0.050869  -0.169859  0.031440
1619  -0.042246  0.082927  0.008662
1620  -0.033208  -0.165509  0.028496
1621  -0.024669  -0.048950  0.003005
1622  0.123921  -0.216822  0.062368
1623  0.198380  0.031381  0.040340
1624  -0.019149  -0.142041  0.020542
1625  0.169802  0.110942  0.041141
1626  0.006929  0.157740  0.024930
1627  0.207169  0.030877  0.043873
1628  0.156972  0.099779  0.034596
1629  0.090638  0.050072  0.010722
1630  -0.031794  0.069057  0.005780
1631  -0.162508  0.136727  0.045103
1632  -0.014607  -0.119870  0.014582
1633  0.030537  0.154801  0.024896
1634  -0.069110  -0.039453  0.006333
1635  -0.030489  0.035695  0.002204
1636  -0.268184  -0.074454  0.077466
1637  -0.039568  -0.080539  0.008052
1638  0.010790  0.019620  0.000501
1639  -0.210130  0.009269  0.044241
1640  0.185742  -0.286247  0.116437
1641  0.260909  -0.033217  0.069177
1642  -0.038799  0.027547  0.002264
1643  -0.297948  0.174308  0.119156
1644  -0.131628  -0.038931  0.018842
1645  0.290363  0.064199  0.088432
1646  -0.043491  -0.159044  0.027186
1647  -0.098439  0.018769  0.010043
1648  -0.380248  0.016190  0.144851
1649  -0.233888  0.183492  0.088373
1650  0.094066  -0.032183  0.009884
1651  0.126253  -0.116375  0.029483
1652  0.021366  0.073746  0.005895
1653  0.012072  -0.148562  0.022216
1654  0.251444  -0.285304  0.144623
1655  -0.228580  -0.023722  0.052812
1656  0.280745  -0.115031  0.092050
1657  0.114465  -0.033077  0.014196
1658  0.286379  -0.015253  0.082245
1659  0.032297  0.014921  0.001266
1660  0.240417  0.263849  0.127417
1661  -0.107700  -0.125910  0.027453
1662  -0.023383  -0.172766  0.030395
1663  0.209683  0.159529  0.069416
1664  -0.232124  -0.313411  0.152108
1665  0.223651  -0.294597  0.136807
1666  -0.270527  0.227246  0.124825
1667  0.140951  -0.188528  0.055410
1668  0.266774  0.074407  0.076705
1669  0.029539  0.272804  0.075294
1670  0.191739  0.069915  0.041652
1671  0.253804  -0.338624  0.179083
1672  -0.115780  0.338015  0.127659
1673  0.043859  -0.392502  0.155981
1674  -0.124709  -0.120324  0.030030
1675  -0.169254  0.655092  0.457793
1676  0.184912  -0.328134  0.141864
1677  -0.199037  -0.072207  0.044830
1678  -0.209879  -0.254743  0.108943
1679  0.063765  0.269576  0.076737
1680  -0.004283  0.187751  0.035269
1681  -0.143788  -0.172547  0.050448
1682  -0.099962  -0.095175  0.019051
1683  -0.121775  0.122989  0.029956
1684  0.162095  0.308297  0.121322
1685  -0.203183  -0.041888  0.043038
1686  0.326485  0.084469  0.113728
1687  0.462038  -0.027063  0.214211
1688  -0.355295  0.224555  0.176660
1689  -0.255909  -0.037118  0.066867
1690  0.186383  -0.246417  0.095460
1691  -0.237290  0.053558  0.059175
1692  0.198935  -0.097413  0.049064
1693  0.023127  0.300267  0.090695
1694  0.236565  0.069967  0.060859
1695  -0.337560  0.390020  0.266063
1696  0.151545  0.117374  0.036743
1697  0.461556  0.002032  0.213038
1698  -0.250052  -0.268687  0.134719
1699  0.396093  0.252946  0.220871
1700  0.370100  0.098613  0.146698
1701  0.125142  -0.219752  0.063952
1702  0.211052  -0.179567  0.076787
1703  -0.291549  -0.091122  0.093304
1704  0.138881  -0.107115  0.030762
1705  0.023898  -0.021601  0.001038
1706  -0.174562  0.084387  0.037593
1707  -0.040795  0.082230  0.008426
1708  -0.001149  0.255063  0.065059
1709  -0.015050  0.513331  0.263735
1710  -0.066707  0.058262  0.007844
1711  0.009482  0.016203  0.000352
1712  0.179345  0.039817  0.033750
1713  -0.047665  0.212346  0.047363
1714  -0.618491  -0.169693  0.411327
1715  0.254299  0.217820  0.112113
1716  0.178489  -0.166161  0.059468
1717  -0.234153  -0.004998  0.054853
1718  -0.249412  0.244780  0.122124
1719  -0.052140  -0.014150  0.002919
1720  0.098693  -0.159026  0.035030
1721  -0.018127  -0.483704  0.234298
1722  -0.508137  -0.496990  0.505203
1723  -0.055023  0.010829  0.003145
1724  -0.254062  -0.271527  0.138274
1725  -0.040465  0.300999  0.092238
1726  0.725580  0.267926  0.598251
1727  -0.044643  -0.807457  0.653980
1728  0.250253  -0.004409  0.062646
1729  -0.323719  -0.269138  0.177230
1730  0.397495  -0.169750  0.186817
1731  0.012424  -0.045007  0.002180
1732  0.094326  0.212649  0.054117
1733  0.200650  0.125533  0.056019
1734  -0.493352  0.274616  0.318811
1735  0.594676  -0.061026  0.357364
1736  0.372927  0.375532  0.280099
1737  -0.267712  0.380526  0.216470
1738  -0.536410  0.060067  0.291344
1739  -0.443544  -0.616861  0.577249
1740  0.394601  -0.291077  0.240436
1741  -0.166039  0.144043  0.048317
1742  -0.169083  -0.305988  0.122218
1743  0.153148  -0.402115  0.185151
1744  0.266405  0.377568  0.213529
1745  -0.214919  -0.221981  0.095466
1746  0.191860  -0.294732  0.123677
1747  -0.560463  0.264833  0.384255
1748  -0.023158  -0.406223  0.165554
1749  0.011788  0.009585  0.000231
1750  0.363977  0.116861  0.146136
1751  0.033951  0.052488  0.003908
1752  -0.096917  -0.438852  0.201984
1753  -0.017344  -0.109578  0.012308
1754  -0.063919  -0.334843  0.116206
1755  -0.109994  -0.577319  0.345396
1756  0.035969  -0.057975  0.004655
1757  0.064383  -0.097265  0.013606
1758  -0.603381  0.416439  0.537490
1759  0.230626  0.810987  0.710889
1760  -0.424499  0.107027  0.191654
1761  -0.610167  0.038388  0.373778
1762  -0.011916  -0.103532  0.010861
1763  0.070080  0.077369  0.010897
1764  -0.208205  -0.080122  0.049769
1765  -0.135373  -0.143715  0.038980
1766  0.008759  -0.593479  0.352293
1767  -0.266574  -0.753717  0.639151
1768  0.337154  -0.132501  0.131229
1769  -0.075870  0.388366  0.156584
1770  -0.610608  -0.593210  0.724740
1771  0.292265  0.095806  0.094598
1772  0.272293  -0.002907  0.074152
1773  0.434764  0.201024  0.229430
1774  0.105642  0.039760  0.012741
1775  -0.193394  0.428097  0.220669
1776  0.431328  -0.104949  0.197058
1777  0.249105  -0.127420  0.078289
1778  -0.812504  0.424644  0.840484
1779  0.078108  0.113505  0.018984
1780  -0.077229  0.341012  0.122254
1781  -0.331812  -0.166485  0.137817
1782  -0.194574  0.113341  0.050705
1783  -0.351142  0.734460  0.662733
1784  -0.068981  -0.019616  0.005143
1785  -0.052138  -0.437347  0.193991
1786  0.133627  0.395215  0.174051
1787  0.088686  0.071135  0.012925
1788  -0.099067  0.488943  0.248880
1789  -0.747861  -0.527126  0.837158
1790  0.494100  -0.371830  0.382392
1791  0.565785  -0.097502  0.329619
1792  0.217368  0.123309  0.062454
1793  -0.295753  0.343275  0.205307
1794  0.194073  -0.155283  0.061777
1795  0.613816  -0.633457  0.778038
1796  0.572814  0.115755  0.341516
1797  -0.067796  -0.470086  0.225577
1798  0.515037  0.588751  0.611891
1799  -0.495108  -0.248177  0.306724
1800  -0.662574  0.213182  0.484451
1801  0.181668  0.397358  0.190897
1802  -0.732609  0.425795  0.718018
1803  0.481492  -0.246910  0.292799
1804  0.211837  0.320020  0.147287
1805  -0.028706  -0.699388  0.489968
1806  0.077874  0.013028  0.006234
1807  -0.143642  -0.554000  0.327550
1808  -0.321424  -0.195412  0.141499
1809  -0.415013  -0.588235  0.518256
1810  -0.172706  -0.327294  0.136949
1811  -0.842265  0.410883  0.878236
1812  -0.569835  -0.043643  0.326617
1813  -0.378178  0.114551  0.156141
1814  -0.782549  -0.037981  0.613825
1815  -0.101665  -0.012249  0.010486
1816  -0.225153  0.149855  0.073151
1817  0.447221  -0.126065  0.215899
1818  -0.327397  0.426227  0.288858
1819  0.396265  0.216991  0.204111
1820  -0.165368  -0.576983  0.360256
1821  0.624262  0.828793  1.076601
1822  -0.582082  0.620842  0.724265
1823  -0.298586  -0.233985  0.143903
1824  -0.286776  0.059766  0.085812
1825  -0.077989  0.048374  0.008422
1826  0.139984  -0.425558  0.200695
1827  -0.736565  -0.201798  0.583250
1828  0.423591  -0.882718  0.958620
1829  0.178226  -0.485323  0.267303
1830  0.064849  0.757413  0.577880
1831  0.161732  -0.110238  0.038310
1832  0.012860  -0.702886  0.494215
1833  0.401416  0.291441  0.246073
1834  0.391035  -0.730710  0.686845
1835  -0.470010  -0.429230  0.405148
1836  0.668372  0.926071  1.304329
1837  0.134784  -0.624221  0.407819
1838  -0.557404  -0.063473  0.314728
1839  0.339861  0.433020  0.303012
1840  0.239131  -0.020534  0.057605
1841  0.020129  -0.382199  0.146481
1842  -0.090085  0.215625  0.054609
1843  0.215210  -0.240432  0.104123
1844  -0.230618  0.081312  0.059796
1845  -0.186009  -0.333773  0.146004
1846  -0.285629  -0.705700  0.579596
1847  -0.288079  -0.421808  0.260911
1848  -0.237475  0.680057  0.518872
1849  -0.410883  -0.525871  0.445364
1850  -0.060175  -0.188340  0.039093
1851  -0.624917  0.994610  1.379771
1852  0.366864  -0.535400  0.421242
1853  -0.380319  0.128363  0.161119
1854  -0.518138  -0.595202  0.622733
1855  0.122665  -0.214008  0.060846
1856  -0.174117  0.205066  0.072369
1857  -0.270816  0.344802  0.192230
1858  -0.450067  0.151099  0.225391
1859  -0.197382  0.015662  0.039205
1860  0.275187  -0.150209  0.098291
1861  -0.243243  0.104029  0.069989
1862  -0.093531  -0.324887  0.114300
1863  0.510349  -0.714952  0.771613
1864  -0.135376  -1.028676  1.076501
1865  0.526921  -0.627534  0.671444
1866  -0.059237  0.627208  0.396899
1867  0.145316  0.812458  0.681204
1868  1.292227  0.398561  1.828701
1869  -0.235358  0.267013  0.126689
1870  -0.101498  0.064506  0.014463
1871  0.142830  -0.136596  0.039059
1872  -0.428455  -0.732123  0.719578
1873  -0.023032  -0.025590  0.001185
1874  -0.087218  0.365905  0.141494
1875  0.292114  0.444118  0.282571
1876  0.382382  0.965801  1.078987
1877  0.953355  -0.360388  1.038765
1878  0.389454  -0.481232  0.383258
1879  0.764230  0.432872  0.771425
1880  0.663131  0.744616  0.994196
1881  0.284882  0.040848  0.082826
1882  0.059945  -0.272088  0.077625
1883  -0.290653  0.984586  1.053889
1884  -0.755934  -0.064697  0.575622
1885  0.764869  -0.168431  0.613394
1886  0.033367  -0.071411  0.006213
1887  0.106893  0.344164  0.129875
1888  -0.655796  -0.467176  0.648321
1889  0.344531  0.093122  0.127373
1890  1.072852  -0.293344  1.237062
1891  0.171756  -0.154303  0.053309
1892  -0.419198  0.260316  0.243491
1893  0.748892  0.352769  0.685285
1894  0.157729  -0.285690  0.106497
1895  0.459819  0.375162  0.352180
1896  -0.234394  -0.026007  0.055617
1897  0.599330  -0.597500  0.716203
1898  -0.130511  0.459629  0.228292
1899  -0.672045  0.258926  0.518687
1900  0.307397  -0.288364  0.177647
1901  -0.252851  -0.247731  0.125305
1902  -0.465943  0.441964  0.412435
1903  0.238382  -0.664139  0.497906
1904  -0.439572  -0.459298  0.404179
1905  0.583630  -0.228416  0.392798
1906  0.136479  -0.037330  0.020020
1907  0.606655  0.037306  0.369422
1908  0.092136  0.171610  0.037939
1909  -0.040600  0.239796  0.059150
1910  0.082177  0.197493  0.045757
1911  -0.540110  0.273878  0.366727
1912  0.052145  -0.504112  0.256848
1913  0.098452  -0.823626  0.688052
1914  -0.580758  0.182365  0.370537
1915  -0.630316  0.131372  0.414557
1916  0.539720  -0.370695  0.428713
1917  -0.135593  -0.542228  0.312397
1918  0.555910  -0.299522  0.398750
1919  -0.245884  -0.434087  0.248891
1920  0.599989  -0.307156  0.454331
1921  -0.037052  0.151200  0.024234
1922  0.373737  -0.304112  0.232163
1923  -0.173949  -0.550836  0.333679
1924  -0.391985  -0.289635  0.237541
1925  0.118224  0.327315  0.121112
1926  0.078205  0.047377  0.008361
1927  -0.373603  0.318611  0.241092
1928  0.132678  -0.033463  0.018723
1929  0.677674  0.426886  0.641474
1930  -0.803238  -0.179861  0.677541
1931  -0.136681  0.038207  0.020141
1932  0.013126  -0.199538  0.039988
1933  -0.279176  0.356696  0.205171
1934  -0.376516  0.520704  0.412897
1935  -0.287398  0.027072  0.083331
1936  0.080419  0.265868  0.077153
1937  -0.119955  -0.211672  0.059194
1938  0.173436  0.224002  0.080257
1939  -0.679035  0.667113  0.906129
1940  -0.240112  -0.255852  0.123114
1941  0.706148  -0.435878  0.688634
1942  -0.655995  0.480110  0.660835
1943  0.126576  -0.075939  0.021788
1944  0.908054  0.455620  1.032152
1945  -0.103429  -0.215585  0.057175
1946  -0.564403  0.270158  0.391536
1947  0.050144  0.142755  0.022893
1948  0.065213  0.307819  0.099005
1949  -0.331936  0.055311  0.113241
1950  -0.038076  -0.061932  0.005285
1951  0.191616  0.144360  0.057557
1952  0.132043  -0.128916  0.034055
1953  -0.312119  0.093200  0.106105
1954  0.316177  0.815286  0.764660
1955  0.582493  -0.041299  0.341004
1956  -0.534136  0.012896  0.285468
1957  -0.086281  -0.534113  0.292722
1958  -0.410869  -0.368361  0.304503
1959  -0.474525  -0.111801  0.237673
1960  -0.526652  0.182167  0.310547
1961  -0.004827  0.071599  0.005150
1962  0.231099  0.814961  0.717569
1963  0.077396  0.327148  0.113016
1964  -0.351123  -0.041407  0.125002
1965  0.336222  0.348183  0.234277
1966  0.635739  -0.175404  0.434930
1967  0.024297  -0.369894  0.137412
1968  0.163545  -0.519360  0.296482
1969  -0.675993  -0.282805  0.536945
1970  0.382462  -0.130199  0.163229
1971  0.092980  -0.053418  0.011499
1972  -0.248393  -0.149953  0.084185
1973  -0.216706  0.226043  0.098057
1974  -0.169060  0.678563  0.489029
1975  -0.744664  -0.094573  0.563468
1976  0.852085  0.151868  0.749112
1977  0.032818  0.042717  0.002902
1978  0.003436  -0.173403  0.030080
1979  0.352632  -0.442432  0.320095
1980  0.771152  0.167889  0.622862
1981  -0.343754  0.402548  0.280212
1982  0.121698  -0.243390  0.074049
1983  0.087167  0.653249  0.434332
1984  -0.266510  -0.066637  0.075468
1985  0.134706  -0.096962  0.027547
1986  -0.057910  0.131375  0.020613
1987  0.333936  0.063422  0.115535
1988  0.390954  -0.440888  0.347228
1989  -0.450903  -0.076881  0.209224
1990  0.449735  0.101248  0.212513
1991  0.306533  -0.139792  0.113504
1992  0.091208  -0.303924  0.100689
1993  0.030996  -0.420572  0.177841
1994  -0.228383  -0.033598  0.053288
1995  -0.143192  0.048726  0.022878
1996  0.363826  -0.024671  0.132978
1997  -0.095564  0.014264  0.009336
1998  0.038171  0.261016  0.069586
1999  0.264495  0.314738  0.169018
2000  0.393926  0.190461  0.191453
2001  -0.405800  -0.068752  0.169401
2002  0.085806  -0.072465  0.012614
2003  0.128368  0.388363  0.167304
2004  -0.201925  -0.063177  0.044765
2005  0.602488  -0.048070  0.365303
2006  -0.245385  0.121281  0.074923
2007  0.164350  0.127557  0.043282
2008  0.538923  0.524161  0.565182
2009  0.077019  -0.277515  0.082947
2010  -0.093481  -0.071395  0.013836
2011  0.105906  0.011291  0.011344
2012  0.094465  0.126715  0.024980
2013  -0.001775  0.071912  0.005175
2014  -0.252866  0.195299  0.102083
2015  0.233037  0.107464  0.065855
2016  -0.432426  0.254469  0.251747
2017  -0.425655  -0.201923  0.221955
2018  0.531103  0.141780  0.302172
2019  -0.258810  -0.241828  0.125463
2020  -0.332653  -0.044159  0.112608
2021  -0.234812  0.437326  0.246391
2022  0.117429  -0.092718  0.022386
2023  -0.084322  0.155793  0.031382
2024  0.004617  0.124943  0.015632
2025  -0.173084  0.279922  0.108314
2026  0.143820  -0.105719  0.031861
2027  0.168140  -0.041717  0.030011
2028  0.242189  0.303030  0.150483
2029  0.202825  -0.121761  0.055964
2030  -0.153847  -0.042135  0.025444
2031  0.145685  0.124820  0.036804
2032  0.038519  0.331564  0.111419
2033  0.237572  -0.509028  0.315550
2034  -0.205436  0.060677  0.045886
2035  0.336020  0.166300  0.140565
2036  -0.193227  0.147136  0.058986
2037  0.245278  0.321787  0.163708
2038  -0.042121  0.113173  0.014582
2039  0.121098  0.055499  0.017745
2040  0.021772  -0.127668  0.016773
2041  -0.179044  -0.187921  0.067371
2042  -0.122284  0.182727  0.048342
2043  0.000703  0.055256  0.003054
2044  0.284968  0.000195  0.081207
2045  0.095480  -0.098900  0.018898
2046  0.410596  -0.128453  0.185089
2047  -0.022182  -0.044487  0.002471
