0  -0.040813  -0.028557  0.002481
1  0.072519  -0.000856  0.005260
2  -0.017347  -0.030327  0.001221
3  0.017719  -0.001064  0.000315
4  0.004059  0.010746  0.000132
5  -0.012235  -0.008181  0.000217
6  -0.016397  -0.026248  0.000958
7  -0.041379  -0.056036  0.004852
8  -0.013163  -0.053340  0.003018
9  -0.042827  0.055527  0.004917
10  -0.044622  -0.010573  0.002103
11  0.035412  0.000747  0.001255
12  -0.007349  0.024082  0.000634
13  -0.036495  0.005491  0.001362
14  0.017457  0.001347  0.000307
15  -0.069471  -0.021355  0.005282
16  0.032181  0.046544  0.003202
17  -0.028915  -0.022887  0.001360
18  -0.024727  0.024452  0.001209
19  -0.015614  -0.019457  0.000622
20  -0.021811  -0.024053  0.001054
21  0.007400  0.008569  0.000128
22  0.032276  0.071855  0.006205
23  -0.010112  0.029112  0.000950
24  0.003998  -0.001233  0.000018
25  -0.058680  -0.019578  0.003827
26  -0.002583  0.020355  0.000421
27  -0.047875  -0.038641  0.003785
28  -0.020896  0.081449  0.007071
29  -0.016182  -0.058905  0.003732
30  0.017521  0.010481  0.000417
31  -0.053748  0.033093  0.003984
32  -0.040992  0.040251  0.003300
33  -0.052066  -0.011572  0.002845
34  -0.028792  -0.009631  0.000922
35  0.020792  0.030249  0.001347
36  -0.005567  0.018971  0.000391
37  -0.003272  0.029669  0.000891
38  -0.042744  -0.082524  0.008637
39  0.006657  0.000248  0.000044
40  -0.001978  0.030487  0.000933
41  -0.016788  0.051278  0.002911
42  -0.023250  0.000841  0.000541
43  -0.009967  -0.013477  0.000281
44  -0.008184  -0.013533  0.000250
45  0.007413  -0.016780  0.000337
46  -0.021514  0.009194  0.000547
47  -0.035245  -0.044952  0.003263
48  -0.044099  0.032876  0.003026
49  0.000530  0.025842  0.000668
50  -0.060359  -0.001746  0.003646
51  -0.010624  0.003877  0.000128
52  -0.021256  0.024251  0.001040
53  0.001847  -0.000025  0.000003
54  0.003247  0.007154  0.000062
55  -0.001287  -0.025337  0.000644
56  -0.024210  0.047454  0.002838
57  -0.029480  0.006342  0.000909
58  -0.055596  -0.001644  0.003094
59  -0.014033  0.026902  0.000921
60  -0.004154  0.040370  0.001647
61  0.054114  0.010702  0.003043
62  -0.043227  -0.028387  0.002674
63  -0.034167  0.039827  0.002754
64  -0.047347  -0.012106  0.002388
65  -0.014196  -0.030009  0.001102
66  -0.010859  0.010760  0.000234
67  -0.008891  0.073659  0.005505
68  -0.001328  0.033834  0.001147
69  0.051924  -0.009898  0.002794
70  -0.063830  0.064519  0.008237
71  0.029969  0.008632  0.000973
72  -0.004176  0.006702  0.000062
73  -0.042637  0.014910  0.002040
74  -0.043565  -0.047235  0.004129
75  0.027800  0.042473  0.002577
76  -0.009525  0.011452  0.000222
77  -0.027651  0.036539  0.002100
78  -0.003252  0.015261  0.000243
79  -0.018550  0.024016  0.000921
80  -0.019542  0.063459  0.004409
81  0.030665  0.028412  0.001748
82  -0.031651  -0.025680  0.001661
83  -0.008887  -0.007345  0.000133
84  -0.005682  -0.059852  0.003615
85  0.043995  -0.052190  0.004659
86  0.033139  -0.016665  0.001376
87  0.026678  0.021374  0.001169
88  -0.000496  0.017171  0.000295
89  -0.056290  -0.038096  0.004620
90  0.023833  -0.060073  0.004177
91  0.010437  0.044623  0.002100
92  -0.009507  -0.050199  0.002610
93  0.039301  0.044050  0.003485
94  0.015901  0.003557  0.000266
95  -0.024582  -0.050254  0.003130
96  0.008325  0.003017  0.000078
97  -0.069540  -0.029330  0.005696
98  0.022303  0.041721  0.002238
99  0.087511  -0.012283  0.007809
100  0.032499  0.007694  0.001115
101  0.011021  -0.097980  0.009721
102  -0.038522  0.020791  0.001916
103  0.005679  -0.010186  0.000136
104  -0.023045  0.003942  0.000547
105  0.002815  -0.006719  0.000053
106  0.026608  0.059090  0.004200
107  0.003615  -0.001364  0.000015
108  -0.027361  -0.004828  0.000772
109  0.001699  0.055400  0.003072
110  -0.040881  0.004394  0.001691
111  0.062250  -0.036110  0.005179
112  0.021948  0.024831  0.001098
113  -0.013690  0.050747  0.002763
114  0.047865  -0.018063  0.002617
115  -0.007654  -0.013717  0.000247
116  0.002789  -0.020117  0.000412
117  0.025150  0.010280  0.000738
118  -0.044432  0.024045  0.002552
119  0.011393  -0.029990  0.001029
120  -0.007522  0.009802  0.000153
121  -0.022704  -0.005579  0.000547
122  0.055762  0.028812  0.003939
123  -0.095419  0.031960  0.010126
124  -0.011627  -0.021307  0.000589
125  0.035351  -0.036496  0.002582
126  -0.036458  0.003043  0.001338
127  -0.003479  0.013783  0.000202
128  0.003152  -0.012753  0.000173
129  0.018927  -0.027138  0.001095
130  0.009941  0.054731  0.003094
131  0.042193  -0.046867  0.003977
132  0.010648  -0.036775  0.001466
133  -0.002038  -0.049788  0.002483
134  0.020531  0.014356  0.000628
135  -0.029457  0.017201  0.001164
136  -0.011402  -0.010897  0.000249
137  -0.054476  -0.028155  0.003760
138  0.004401  0.004585  0.000040
139  -0.057867  0.008812  0.003426
140  0.007853  -0.025375  0.000706
141  -0.001376  0.012676  0.000163
142  -0.047787  -0.006536  0.002326
143  0.034371  0.004895  0.001205
144  -0.020085  -0.043294  0.002278
145  -0.066379  0.011627  0.004541
146  -0.007226  0.007254  0.000105
147  -0.037376  -0.021545  0.001861
148  0.006493  0.076508  0.005896
149  -0.022053  -0.025748  0.001149
150  -0.002124  -0.004411  0.000024
151  -0.037940  0.038293  0.002906
152  -0.004986  0.002009  0.000029
153  -0.010024  0.010830  0.000218
154  0.030598  -0.058142  0.004317
155  -0.045172  -0.033209  0.003143
156  -0.031600  0.035624  0.002268
157  0.025431  0.014799  0.000866
158  0.018320  0.060652  0.004014
159  -0.027183  0.029509  0.001610
160  -0.029940  0.025553  0.001549
161  -0.011414  0.052494  0.002886
162  -0.083849  -0.005494  0.007061
163  -0.036026  0.048552  0.003655
164  -0.028185  -0.000303  0.000794
165  -0.000675  0.021637  0.000469
166  -0.017321  -0.006497  0.000342
167  -0.056000  0.049789  0.005615
168  -0.005379  -0.007755  0.000089
169  -0.045506  -0.034996  0.003296
170  -0.045217  -0.019918  0.002441
171  -0.053660  -0.049413  0.005321
172  -0.059523  -0.021213  0.003993
173  -0.005634  -0.007938  0.000095
174  -0.010595  0.030315  0.001031
175  0.010237  0.023912  0.000677
176  -0.075411  -0.042273  0.007474
177  0.011618  0.007094  0.000185
178  -0.013350  -0.028065  0.000966
179  0.020855  -0.022999  0.000964
180  -0.055829  -0.001082  0.003118
181  -0.043785  -0.027875  0.002694
182  0.033801  -0.023351  0.001688
183  -0.028358  -0.081310  0.007415
184  0.010446  -0.036221  0.001421
185  0.010891  0.027284  0.000863
186  -0.045020  -0.013851  0.002219
187  0.003322  0.059851  0.003593
188  -0.052352  -0.018356  0.003078
189  0.007689  -0.045572  0.002136
190  -0.005449  -0.041444  0.001747
191  0.041505  0.014526  0.001934
192  0.015234  0.004188  0.000250
193  0.045861  0.010389  0.002211
194  0.030253  0.024791  0.001530
195  -0.025195  -0.000660  0.000635
196  0.032993  -0.021172  0.001537
197  -0.006002  -0.017745  0.000351
198  -0.021312  0.011650  0.000590
199  0.023874  -0.016461  0.000841
200  -0.017057  0.018583  0.000636
201  -0.009695  -0.010498  0.000204
202  -0.023296  -0.026339  0.001236
203  -0.038765  0.054408  0.004463
204  -0.016673  -0.047556  0.002540
205  0.010355  0.016729  0.000387
206  -0.012256  -0.042495  0.001956
207  0.014401  0.058695  0.003652
208  -0.016401  -0.037668  0.001688
209  -0.059130  -0.039520  0.005058
210  0.000911  0.013936  0.000195
211  -0.055653  -0.039848  0.004685
212  -0.040582  -0.051599  0.004309
213  0.020931  0.031688  0.001442
214  -0.004183  0.014394  0.000225
215  0.010692  0.012611  0.000273
216  0.001224  0.030890  0.000956
217  0.012497  -0.009056  0.000238
218  0.014994  -0.013418  0.000405
219  -0.012214  0.004167  0.000167
220  -0.034542  0.040133  0.002804
221  -0.049919  -0.029302  0.003351
222  -0.002032  -0.044109  0.001950
223  -0.015356  0.000737  0.000236
224  -0.055048  -0.012136  0.003178
225  0.052929  -0.011600  0.002936
226  0.015610  0.010216  0.000348
227  -0.004524  0.011367  0.000150
228  -0.032596  -0.030395  0.001986
229  -0.031025  0.034948  0.002184
230  -0.027288  -0.007599  0.000802
231  0.011009  0.037005  0.001491
232  0.006887  -0.020373  0.000462
233  0.019394  -0.007106  0.000427
234  -0.024981  0.002830  0.000632
235  -0.048200  0.004255  0.002341
236  -0.029259  0.006924  0.000904
237  0.035646  -0.013208  0.001445
238  -0.034396  -0.031757  0.002192
239  -0.003384  0.014987  0.000236
240  0.022436  -0.047003  0.002713
241  0.012425  0.010407  0.000263
242  -0.004183  -0.016443  0.000288
243  -0.023962  0.004000  0.000590
244  0.006345  -0.021787  0.000515
245  -0.033172  -0.004553  0.001121
246  -0.029505  -0.008561  0.000944
247  0.004413  -0.024592  0.000624
248  -0.018070  -0.048760  0.002704
249  -0.058666  -0.008332  0.003511
250  -0.039823  -0.009419  0.001675
251  -0.039818  -0.015259  0.001818
252  -0.030858  -0.004520  0.000973
253  0.008136  -0.042657  0.001886
254  0.044084  -0.013519  0.002126
255  0.028292  0.002259  0.000806
256  0.031668  0.028038  0.001789
257  0.002162  -0.040629  0.001655
258  -0.030191  -0.000969  0.000912
259  -0.049954  0.015110  0.002724
260  -0.011862  0.009811  0.000237
261  -0.001197  0.047597  0.002267
262  -0.000778  -0.017548  0.000309
263  0.023010  -0.010875  0.000648
264  -0.044205  0.057600  0.005272
265  0.016067  0.011312  0.000386
266  -0.022772  0.019329  0.000892
267  -0.015788  0.030047  0.001152
268  0.007346  0.014200  0.000256
269  0.043848  0.020904  0.002360
270  -0.017355  -0.007491  0.000357
271  -0.002465  -0.014744  0.000223
272  -0.002249  -0.061290  0.003761
273  -0.061089  0.027365  0.004481
274  -0.005642  0.076851  0.005938
275  0.015260  0.009155  0.000317
276  0.036788  0.035023  0.002580
277  0.034265  -0.055063  0.004206
278  -0.004844  0.013568  0.000208
279  0.044387  0.023533  0.002524
280  -0.031153  -0.042291  0.002759
281  -0.055896  0.010479  0.003234
282  0.005402  0.064727  0.004219
283  -0.064570  0.007488  0.004225
284  0.007660  -0.018041  0.000384
285  0.000130  0.010477  0.000110
286  -0.015915  -0.000360  0.000253
287  -0.009131  -0.064121  0.004195
288  -0.009541  -0.049509  0.002542
289  -0.040445  -0.065783  0.005963
290  -0.018361  0.002478  0.000343
291  0.006803  -0.032339  0.001092
292  0.000975  -0.015028  0.000227
293  -0.023232  0.003542  0.000552
294  0.001000  -0.004451  0.000021
295  0.010023  -0.020223  0.000509
296  -0.026215  -0.036657  0.002031
297  0.002130  -0.014766  0.000223
298  -0.069798  -0.019829  0.005265
299  0.019299  0.001180  0.000374
300  0.006940  0.009631  0.000141
301  0.027965  -0.023021  0.001312
302  0.039764  -0.039404  0.003134
303  0.040740  -0.008866  0.001738
304  0.004828  -0.017280  0.000322
305  -0.039999  -0.047802  0.003885
306  0.028276  0.014085  0.000998
307  0.047961  0.070438  0.007262
308  0.016193  0.015510  0.000503
309  0.012647  0.024273  0.000749
310  -0.009922  0.018918  0.000456
311  -0.026720  0.022798  0.001234
312  0.035249  0.029082  0.002088
313  -0.046940  -0.042070  0.003973
314  0.028687  -0.011835  0.000963
315  -0.041034  0.010603  0.001796
316  0.036789  0.016594  0.001629
317  -0.063633  0.068314  0.008716
318  -0.009283  0.003731  0.000100
319  -0.025421  0.006924  0.000694
320  0.020239  0.050626  0.002973
321  -0.011963  -0.048768  0.002521
322  0.002501  -0.012412  0.000160
323  -0.001190  -0.002357  0.000007
324  -0.060309  0.021521  0.004100
325  -0.035502  -0.016989  0.001549
326  0.068414  0.055243  0.007732
327  -0.023298  0.020193  0.000951
328  -0.020542  0.044245  0.002380
329  0.011137  -0.015089  0.000352
330  -0.014226  -0.024019  0.000779
331  -0.011373  0.019368  0.000504
332  -0.068402  -0.020540  0.005101
333  -0.004390  0.024952  0.000642
334  -0.012043  0.019469  0.000524
335  -0.013504  0.052975  0.002989
336  -0.040752  0.050304  0.004191
337  -0.026611  0.014211  0.000910
338  -0.017427  -0.077950  0.006380
339  -0.085852  0.016183  0.007633
340  0.047973  -0.044884  0.004316
341  -0.028760  0.025160  0.001460
342  -0.040728  0.002297  0.001664
343  0.006329  -0.026054  0.000719
344  -0.039969  -0.018271  0.001931
345  -0.061464  -0.008831  0.003856
346  -0.053813  -0.022279  0.003392
347  0.031676  0.016192  0.001266
348  -0.051216  0.001964  0.002627
349  -0.006220  0.017573  0.000348
350  -0.067023  -0.025350  0.005135
351  0.037088  -0.027377  0.002125
352  -0.025631  0.054216  0.003596
353  0.007509  -0.037014  0.001426
354  -0.029288  0.040649  0.002510
355  -0.028638  -0.005341  0.000849
356  -0.020884  0.057959  0.003795
357  -0.049938  -0.003719  0.002508
358  -0.051097  -0.007475  0.002667
359  0.001660  -0.053253  0.002839
360  0.006387  0.028207  0.000836
361  -0.033896  0.021959  0.001631
362  -0.042750  -0.042464  0.003631
363  -0.044513  -0.008266  0.002050
364  -0.018541  0.029240  0.001199
365  -0.031921  0.023051  0.001550
366  -0.000696  -0.032828  0.001078
367  -0.028629  0.016767  0.001101
368  0.014067  -0.097763  0.009755
369  -0.041764  0.032877  0.002825
370  -0.041818  -0.018081  0.002076
371  -0.054217  0.026801  0.003658
372  -0.026947  -0.030108  0.001633
373  -0.028721  -0.022631  0.001337
374  -0.044349  -0.025471  0.002616
375  0.032245  -0.008298  0.001109
376  -0.022618  -0.005358  0.000540
377  -0.002344  0.024770  0.000619
378  -0.028777  0.007015  0.000877
379  -0.042302  0.036975  0.003157
380  0.025379  0.021982  0.001127
381  -0.060226  -0.008316  0.003696
382  -0.017040  0.040644  0.001942
383  0.015710  0.006613  0.000291
384  0.013512  0.019227  0.000552
385  -0.000756  0.014077  0.000199
386  -0.018049  -0.054447  0.003290
387  -0.019205  -0.032328  0.001414
388  -0.038639  0.000109  0.001493
389  0.005626  0.039705  0.001608
390  -0.051537  0.006427  0.002697
391  -0.024121  0.026167  0.001267
392  -0.004846  -0.016984  0.000312
393  -0.001852  -0.012949  0.000171
394  -0.016225  -0.034592  0.001460
395  -0.004497  0.005902  0.000055
396  -0.072400  0.058876  0.008708
397  -0.008344  -0.007256  0.000122
398  0.059979  0.041257  0.005300
399  0.022455  0.023328  0.001048
400  -0.024991  0.019069  0.000988
401  0.014813  -0.002314  0.000225
402  -0.064362  0.032958  0.005229
403  0.029147  -0.049856  0.003335
404  -0.039512  0.046457  0.003719
405  0.006778  -0.000279  0.000046
406  0.042392  0.041885  0.003551
407  -0.013601  -0.023613  0.000743
408  0.006692  0.008165  0.000111
409  -0.001582  -0.007415  0.000057
410  -0.038747  -0.018242  0.001834
411  -0.020155  -0.005028  0.000432
412  0.042223  -0.028683  0.002606
413  -0.037883  0.033897  0.002584
414  0.033808  0.003322  0.001154
415  -0.052531  0.033192  0.003861
416  -0.007691  -0.034810  0.001271
417  0.027030  -0.035727  0.002007
418  0.018972  -0.019773  0.000751
419  0.023943  0.082890  0.007444
420  0.038564  -0.021998  0.001971
421  -0.037406  0.033215  0.002502
422  0.003653  0.001941  0.000017
423  0.057622  0.043504  0.005213
424  0.011615  0.025030  0.000761
425  -0.025031  -0.006062  0.000663
426  -0.031663  0.014388  0.001210
427  0.027418  0.040126  0.002362
428  -0.029016  0.020970  0.001282
429  0.025510  0.020561  0.001074
430  0.002063  -0.012190  0.000153
431  -0.017076  0.001675  0.000294
432  0.036741  -0.034315  0.002527
433  0.019480  -0.032010  0.001404
434  -0.012212  0.022947  0.000676
435  -0.042271  0.001744  0.001790
436  -0.034308  -0.029752  0.002062
437  0.038809  -0.027420  0.002258
438  0.034187  0.058926  0.004641
439  0.003517  -0.037743  0.001437
440  0.010239  0.014643  0.000319
441  -0.068254  0.004148  0.004676
442  0.033805  0.045481  0.003211
443  -0.007784  -0.004641  0.000082
444  -0.052078  -0.033827  0.003856
445  -0.062309  0.041509  0.005605
446  -0.036534  0.000786  0.001335
447  -0.044985  -0.031456  0.003013
448  0.006208  0.037147  0.001418
449  -0.011313  -0.019435  0.000506
450  0.060892  0.011013  0.003829
451  -0.025555  0.027164  0.001391
452  -0.049110  0.029744  0.003296
453  -0.062272  -0.019542  0.004260
454  0.004793  0.030793  0.000971
455  -0.041961  -0.001546  0.001763
456  -0.008725  0.061059  0.003804
457  -0.013601  -0.029197  0.001037
458  0.040772  0.036007  0.002959
459  -0.073620  0.004966  0.005445
460  -0.051089  -0.046201  0.004745
461  0.000599  -0.003543  0.000013
462  0.068453  0.020334  0.005099
463  -0.001763  -0.049433  0.002447
464  -0.021334  -0.022116  0.000944
465  -0.013208  -0.041345  0.001884
466  0.000686  0.046714  0.002183
467  -0.048818  0.003522  0.002396
468  0.045039  0.027042  0.002760
469  -0.006119  0.017484  0.000343
470  0.007658  0.032134  0.001091
471  -0.031431  -0.017499  0.001294
472  -0.032303  -0.039542  0.002607
473  0.035642  -0.005814  0.001304
474  0.011163  0.004045  0.000141
475  -0.062080  -0.056925  0.007094
476  -0.067582  0.011040  0.004689
477  -0.007128  0.034811  0.001263
478  -0.019318  0.019342  0.000747
479  0.015979  -0.063743  0.004318
480  -0.025685  0.002180  0.000664
481  -0.051383  -0.000187  0.002640
482  0.027518  -0.026370  0.001453
483  -0.025271  -0.026388  0.001335
484  0.003302  -0.059322  0.003530
485  0.037487  0.041519  0.003129
486  0.015405  0.021448  0.000697
487  -0.020023  0.031325  0.001382
488  0.030634  -0.016211  0.001201
489  0.013060  0.012196  0.000319
490  0.056499  0.028254  0.003990
491  0.046696  -0.030747  0.003126
492  0.050808  -0.009483  0.002671
493  -0.022952  -0.017729  0.000841
494  -0.067758  -0.034396  0.005774
495  -0.010057  -0.002293  0.000106
496  0.030599  0.076759  0.006828
497  -0.055741  -0.001102  0.003108
498  -0.030955  -0.005251  0.000986
499  0.031478  0.012538  0.001148
500  -0.025084  -0.016459  0.000900
501  -0.013343  0.041785  0.001924
502  0.017938  -0.007614  0.000380
503  -0.021541  -0.016177  0.000726
504  -0.084758  0.010774  0.007300
505  -0.056247  -0.011459  0.003295
506  -0.000468  -0.054427  0.002963
507  0.015959  0.063598  0.004299
508  0.081707  0.009283  0.006762
509  0.013975  0.014375  0.000402
510  0.024378  -0.047567  0.002857
511  0.007424  0.007359  0.000109
512  0.002200  -0.011280  0.000132
513  -0.023148  0.039888  0.002127
514  -0.043834  0.021195  0.002371
515  -0.004293  -0.011262  0.000145
516  -0.013570  0.028304  0.000985
517  -0.052142  0.038151  0.004174
518  -0.002971  0.025590  0.000664
519  -0.024956  0.051438  0.003269
520  0.080353  0.041174  0.008152
521  -0.078681  0.028188  0.006985
522  0.031399  -0.001280  0.000988
523  0.002626  0.050235  0.002530
524  0.040911  -0.012972  0.001842
525  -0.036612  0.018733  0.001691
526  -0.026302  0.004711  0.000714
527  -0.020498  0.017459  0.000725
528  -0.035744  0.044128  0.003225
529  -0.021717  -0.015908  0.000725
530  -0.089654  -0.021295  0.008491
531  -0.030061  -0.100955  0.011096
532  -0.018215  0.006198  0.000370
533  -0.017369  -0.010151  0.000405
534  -0.009963  0.016314  0.000365
535  -0.051110  -0.014690  0.002828
536  -0.005325  -0.022200  0.000521
537  -0.014332  0.023625  0.000764
538  -0.024703  0.006873  0.000657
539  -0.083995  0.004910  0.007079
540  -0.045448  0.015842  0.002317
541  -0.057598  -0.015579  0.003560
542  0.005167  -0.013632  0.000213
543  0.021761  0.059629  0.004029
544  0.008569  -0.026848  0.000794
545  -0.031041  0.004045  0.000980
546  0.040228  0.040169  0.003232
547  0.061148  -0.025159  0.004372
548  0.020543  0.028395  0.001228
549  0.047690  -0.065461  0.006559
550  -0.008836  0.003712  0.000092
551  0.060735  0.065917  0.008034
552  -0.020668  0.020460  0.000846
553  -0.032349  0.034369  0.002228
554  0.012186  -0.047753  0.002429
555  -0.022527  -0.008558  0.000581
556  -0.005370  0.015742  0.000277
557  0.058414  -0.039702  0.004988
558  -0.010386  0.041734  0.001850
559  0.022141  0.071672  0.005627
560  0.003603  0.079053  0.006262
561  0.020083  0.001238  0.000405
562  -0.006010  0.028678  0.000859
563  -0.085816  0.068439  0.012048
564  0.021029  0.013725  0.000631
565  0.036156  0.003062  0.001317
566  -0.072633  0.006548  0.005318
567  -0.001416  0.024007  0.000578
568  -0.043387  0.039799  0.003466
569  -0.010555  -0.018223  0.000443
570  0.000753  0.046648  0.002177
571  -0.006749  0.026314  0.000738
572  -0.025336  -0.018497  0.000984
573  0.006831  0.005888  0.000081
574  -0.007292  -0.033402  0.001169
575  -0.027661  0.053594  0.003637
576  0.082053  0.053910  0.009639
577  0.046534  0.001993  0.002169
578  -0.041947  0.009761  0.001855
579  0.055455  0.057826  0.006419
580  -0.010910  -0.054803  0.003122
581  0.005794  0.017657  0.000345
582  0.070589  0.017241  0.005280
583  0.020037  0.041383  0.002114
584  -0.052312  -0.079389  0.009039
585  0.045105  -0.052395  0.004780
586  -0.079880  -0.029240  0.007236
587  0.032488  0.013201  0.001230
588  0.039506  0.055102  0.004597
589  0.002192  -0.003381  0.000016
590  -0.014093  -0.030088  0.001104
591  -0.032336  -0.054756  0.004044
592  0.047508  0.028892  0.003092
593  0.021249  0.008012  0.000516
594  -0.019625  0.034814  0.001597
595  0.013627  0.054949  0.003205
596  -0.042313  -0.052075  0.004502
597  0.047278  0.002379  0.002241
598  0.008864  -0.033392  0.001194
599  0.034638  0.018574  0.001545
600  -0.004648  0.008854  0.000100
601  -0.003886  0.020606  0.000440
602  0.076424  -0.037926  0.007279
603  -0.015758  0.036429  0.001575
604  0.027227  -0.045803  0.002839
605  0.019683  0.001336  0.000389
606  0.060531  0.013564  0.003848
607  -0.007480  0.020423  0.000473
608  0.019777  0.028940  0.001229
609  -0.060222  -0.007293  0.003680
610  -0.037803  -0.017966  0.001752
611  -0.067982  0.061727  0.008432
612  -0.019619  0.005870  0.000419
613  0.013453  0.012117  0.000328
614  -0.088472  -0.001368  0.007829
615  -0.046798  0.025469  0.002839
616  -0.031421  0.027715  0.001755
617  -0.047471  -0.019063  0.002617
618  0.024366  0.026503  0.001296
619  -0.042754  0.036646  0.003171
620  -0.000399  0.054750  0.002998
621  -0.005511  0.021947  0.000512
622  -0.007513  -0.012969  0.000225
623  -0.054438  0.039398  0.004516
624  -0.029973  -0.037360  0.002294
625  0.052487  0.048470  0.005104
626  0.017380  -0.018293  0.000637
627  0.015553  0.071876  0.005408
628  -0.023881  0.043151  0.002432
629  -0.032696  -0.020779  0.001501
630  -0.042269  -0.063712  0.005846
631  0.017704  0.105664  0.011478
632  0.070738  0.014047  0.005201
633  -0.030307  0.045599  0.002998
634  -0.018244  -0.059828  0.003912
635  0.012723  0.009850  0.000259
636  -0.030854  -0.016989  0.001241
637  0.012258  0.021516  0.000613
638  0.009144  0.003628  0.000097
639  -0.015153  0.067695  0.004812
640  -0.107699  0.000944  0.011600
641  -0.028889  -0.038945  0.002351
642  0.018156  0.031224  0.001305
643  -0.022174  0.004470  0.000512
644  -0.060075  -0.031788  0.004619
645  0.045516  0.008304  0.002141
646  -0.012516  0.041192  0.001853
647  -0.018638  0.035105  0.001580
648  -0.002707  -0.009494  0.000097
649  0.007108  0.028923  0.000887
650  0.035662  0.033441  0.002390
651  0.039968  -0.059008  0.005079
652  0.120169  0.039135  0.015972
653  -0.013465  0.030329  0.001101
654  -0.021612  0.024712  0.001078
655  0.009140  0.032111  0.001115
656  -0.026337  0.038490  0.002175
657  0.003384  -0.037198  0.001395
658  0.005532  0.060480  0.003688
659  -0.074705  0.097306  0.015049
660  -0.025515  -0.051980  0.003353
661  0.027216  0.000694  0.000741
662  -0.028797  0.079004  0.007071
663  0.005560  -0.005284  0.000059
664  0.082592  0.036886  0.008182
665  -0.041937  0.063852  0.005836
666  -0.008977  0.033752  0.001220
667  0.004928  -0.065602  0.004328
668  0.057649  0.043680  0.005231
669  0.081179  0.023729  0.007153
670  -0.024273  0.072339  0.005822
671  -0.008618  -0.036225  0.001387
672  -0.047967  0.057652  0.005625
673  -0.051866  0.051479  0.005340
674  0.012080  0.003895  0.000161
675  0.025127  -0.012151  0.000779
676  -0.025173  0.047851  0.002923
677  0.001406  0.071258  0.005080
678  -0.017509  -0.011771  0.000445
679  0.155959  0.023516  0.024876
680  -0.000183  0.036098  0.001303
681  -0.051847  -0.090219  0.010828
682  0.029103  -0.006070  0.000884
683  -0.044897  -0.022525  0.002523
684  -0.045315  -0.090692  0.010278
685  -0.031399  0.020116  0.001391
686  -0.000833  -0.039008  0.001522
687  -0.039915  -0.049413  0.004035
688  -0.041911  0.013709  0.001944
689  -0.007965  -0.002011  0.000067
690  -0.018140  -0.067019  0.004821
691  -0.017115  0.017341  0.000594
692  -0.067341  0.006304  0.004575
693  -0.017052  -0.056478  0.003481
694  0.001743  0.082429  0.006798
695  0.006193  -0.109922  0.012121
696  0.020563  0.060306  0.004060
697  0.053338  0.011416  0.002975
698  0.046771  0.034164  0.003355
699  -0.066616  0.010508  0.004548
700  0.028711  0.071427  0.005926
701  -0.024956  -0.020299  0.001035
702  0.051756  0.151888  0.025749
703  -0.039908  0.020763  0.002024
704  0.035369  0.020408  0.001667
705  -0.061135  0.002063  0.003742
706  0.001364  0.079294  0.006289
707  -0.028121  -0.022318  0.001289
708  -0.017555  -0.021012  0.000750
709  0.063728  -0.018038  0.004387
710  -0.094387  0.016341  0.009176
711  0.046220  -0.045518  0.004208
712  0.023325  0.014285  0.000748
713  0.046716  -0.012646  0.002342
714  -0.092819  -0.041452  0.010334
715  -0.026946  -0.031665  0.001729
716  -0.005513  -0.039981  0.001629
717  -0.032314  -0.002866  0.001052
718  -0.131688  0.037625  0.018757
719  0.067747  -0.071425  0.009691
720  0.003673  0.000271  0.000014
721  -0.001911  -0.004055  0.000020
722  -0.044791  0.007842  0.002068
723  0.066119  0.006102  0.004409
724  -0.047534  0.080406  0.008725
725  -0.008435  0.083568  0.007055
726  -0.031833  -0.000231  0.001013
727  -0.031084  0.092431  0.009510
728  0.007987  0.112800  0.012788
729  0.036433  -0.013141  0.001500
730  -0.046519  0.020209  0.002572
731  0.068309  0.065508  0.008958
732  0.001753  -0.046764  0.002190
733  -0.016944  0.063629  0.004336
734  0.030379  0.034929  0.002143
735  0.032398  -0.063401  0.005069
736  -0.078781  0.035453  0.007463
737  -0.077268  -0.098498  0.015672
738  0.065617  -0.027268  0.005049
739  -0.046098  -0.010348  0.002232
740  -0.006550  -0.020379  0.000458
741  0.025927  0.072804  0.005973
742  -0.042317  -0.150619  0.024477
743  0.017801  0.058367  0.003724
744  0.021005  0.039212  0.001979
745  -0.035886  0.066853  0.005757
746  -0.036243  0.007655  0.001372
747  -0.015498  -0.010522  0.000351
748  0.052774  -0.045525  0.004858
749  -0.020617  0.027775  0.001196
750  -0.010738  -0.019048  0.000478
751  -0.045675  0.097183  0.011531
752  0.039622  -0.041005  0.003251
753  0.045503  -0.063757  0.006136
754  -0.061048  0.057345  0.007015
755  -0.085907  0.029873  0.008272
756  -0.074281  -0.013531  0.005701
757  -0.010387  -0.064433  0.004259
758  0.053805  -0.068226  0.007550
759  -0.023512  0.074526  0.006107
760  -0.000732  -0.001911  0.000004
761  -0.022824  -0.079461  0.006835
762  -0.057068  0.009467  0.003346
763  -0.136406  -0.048881  0.020996
764  0.049637  0.018005  0.002788
765  0.061804  0.066131  0.008193
766  -0.110742  0.008825  0.012342
767  0.075617  -0.054779  0.008719
768  0.053694  -0.041064  0.004569
769  0.042124  0.071498  0.006886
770  -0.062752  0.022968  0.004465
771  -0.004366  0.050803  0.002600
772  -0.022768  -0.019642  0.000904
773  -0.082188  0.083592  0.013742
774  -0.001301  -0.010781  0.000118
775  -0.014591  0.003752  0.000227
776  -0.034168  0.044160  0.003118
777  -0.035163  -0.023600  0.001793
778  0.037716  0.069438  0.006244
779  -0.025777  0.118348  0.014671
780  0.017785  0.014989  0.000541
781  -0.071974  0.023067  0.005712
782  0.047446  0.102131  0.012682
783  -0.060169  0.028836  0.004452
784  0.075488  -0.012119  0.005845
785  0.006666  0.198649  0.039506
786  -0.072979  -0.135057  0.023566
787  0.068308  0.001754  0.004669
788  0.089907  0.092868  0.016708
789  0.020853  -0.058698  0.003880
790  -0.006953  0.049146  0.002464
791  0.016060  -0.068449  0.004943
792  -0.044737  -0.077224  0.007965
793  -0.051304  0.030683  0.003574
794  0.049490  -0.035836  0.003733
795  -0.041041  0.020721  0.002114
796  -0.065876  0.080373  0.010799
797  -0.033059  0.104348  0.011981
798  0.030475  0.025486  0.001578
799  -0.173939  0.129328  0.046981
800  -0.004369  -0.001783  0.000022
801  -0.118948  -0.058579  0.017580
802  0.024955  0.097356  0.010101
803  0.015305  0.003602  0.000247
804  -0.106157  0.014875  0.011491
805  -0.008497  -0.010533  0.000183
806  -0.137508  0.018518  0.019251
807  -0.028939  -0.030483  0.001767
808  -0.011239  0.062364  0.004016
809  0.007754  0.085607  0.007389
810  0.045303  -0.082242  0.008816
811  -0.135565  -0.123348  0.033593
812  0.052914  0.009887  0.002898
813  0.005295  0.104437  0.010935
814  -0.007243  -0.019483  0.000432
815  -0.038041  -0.007970  0.001511
816  0.057551  0.075175  0.008963
817  0.012747  -0.084368  0.007280
818  0.015785  -0.031041  0.001213
819  0.018927  0.034543  0.001551
820  0.081656  0.044238  0.008625
821  -0.158934  0.141507  0.045284
822  0.037831  -0.015516  0.001672
823  0.008516  -0.021023  0.000514
824  0.017521  0.066622  0.004745
825  0.025378  0.008387  0.000714
826  0.080879  0.038554  0.008028
827  0.040645  0.055913  0.004778
828  -0.145527  0.071677  0.026316
829  -0.058927  0.004044  0.003489
830  0.055675  0.155766  0.027363
831  -0.016475  0.041590  0.002001
832  -0.060922  -0.047211  0.005940
833  0.045582  -0.006439  0.002119
834  -0.045376  -0.003700  0.002073
835  -0.044065  -0.064853  0.006148
836  0.039757  -0.042151  0.003357
837  0.042615  0.060919  0.005527
838  0.025473  -0.003125  0.000659
839  -0.086458  -0.023017  0.008005
840  -0.111877  -0.019756  0.012907
841  0.028476  0.030605  0.001748
842  -0.146105  -0.120170  0.035788
843  -0.077043  -0.052919  0.008736
844  0.041013  0.090167  0.009812
845  0.068254  0.085769  0.012015
846  -0.081942  -0.014699  0.006931
847  -0.073375  0.218487  0.053120
848  -0.099768  -0.044922  0.011972
849  0.056129  0.135045  0.021387
850  -0.077121  0.111471  0.018374
851  -0.016169  0.052254  0.002992
852  -0.028089  0.078923  0.007018
853  -0.032934  0.059874  0.004670
854  -0.116027  -0.102588  0.023986
855  -0.029081  0.018702  0.001195
856  -0.028725  -0.115233  0.014104
857  -0.032889  0.100431  0.011168
858  -0.125083  -0.130967  0.032798
859  -0.086506  0.166318  0.035145
860  0.116729  -0.058866  0.017091
861  -0.076084  -0.025637  0.006446
862  -0.025144  0.017815  0.000950
863  -0.012470  0.051795  0.002838
864  -0.023473  -0.125721  0.016357
865  0.160858  0.101483  0.036174
866  0.021243  0.135553  0.018826
867  -0.071322  0.054747  0.008084
868  0.034866  0.053888  0.004120
869  0.122433  0.005657  0.015022
870  0.018213  -0.045966  0.002445
871  -0.174534  -0.026947  0.031188
872  -0.280021  0.048002  0.080716
873  0.158902  0.048186  0.027572
874  0.006924  -0.032632  0.001113
875  -0.008665  -0.051997  0.002779
876  0.082194  0.094074  0.015606
877  0.003468  -0.179042  0.032068
878  -0.025758  0.003424  0.000675
879  0.110735  0.008537  0.012335
880  -0.082159  0.018885  0.007107
881  -0.067142  -0.044837  0.006518
882  -0.000022  -0.240893  0.058029
883  0.091523  -0.109186  0.020298
884  0.159447  0.005279  0.025451
885  0.092372  0.060445  0.012186
886  0.025667  -0.020581  0.001082
887  0.149052  0.039766  0.023798
888  0.095332  -0.007608  0.009146
889  0.095631  0.066244  0.013534
890  0.022880  -0.031700  0.001528
891  -0.133985  0.051434  0.020597
892  -0.200145  -0.043963  0.041991
893  0.181554  0.060185  0.036584
894  -0.046349  0.187596  0.037341
895  -0.063340  -0.241754  0.062457
896  -0.158968  0.149654  0.047667
897  -0.122163  -0.119569  0.029220
898  0.129468  0.160122  0.042401
899  0.039964  0.075319  0.007270
900  -0.109406  -0.063706  0.016028
901  0.107156  -0.056242  0.014646
902  0.071977  -0.056622  0.008387
903  -0.006262  0.076424  0.005880
904  -0.061375  -0.066590  0.008201
905  -0.012436  -0.050570  0.002712
906  0.145408  0.089756  0.029200
907  -0.031689  -0.003328  0.001015
908  -0.005508  0.019647  0.000416
909  -0.044683  0.114399  0.015084
910  0.015026  0.064433  0.004377
911  -0.065460  -0.363261  0.136244
912  -0.096247  -0.040114  0.010873
913  -0.007837  -0.041091  0.001750
914  0.311044  0.069140  0.101529
915  0.145496  0.271239  0.094740
916  0.023723  -0.008844  0.000641
917  0.097979  0.048206  0.011924
918  -0.143833  0.056660  0.023898
919  -0.109777  -0.090849  0.020304
920  0.150238  -0.088822  0.030461
921  -0.009216  0.019349  0.000459
922  -0.016085  0.088103  0.008021
923  0.127585  -0.177655  0.047839
924  -0.073282  0.087233  0.012980
925  -0.169653  -0.178429  0.060619
926  0.032209  0.198686  0.040514
927  -0.024317  0.052557  0.003354
928  0.001968  -0.074430  0.005544
929  0.295317  -0.164705  0.114340
930  -0.037855  -0.060781  0.005127
931  0.013025  0.010673  0.000284
932  0.114675  0.260933  0.081236
933  -0.027107  -0.138068  0.019798
934  0.051402  -0.194053  0.040299
935  0.240330  0.079127  0.064019
936  0.245391  0.075534  0.065922
937  0.346877  -0.034887  0.121541
938  0.130095  -0.001019  0.016926
939  0.120125  -0.017980  0.014753
940  0.140732  0.173861  0.050033
941  0.004439  0.094094  0.008873
942  0.046415  0.006923  0.002202
943  -0.152593  0.440511  0.217335
944  -0.080068  0.245932  0.066894
945  0.137133  0.068866  0.023548
946  0.116558  -0.183155  0.047132
947  -0.103485  0.083655  0.017707
948  0.146713  -0.078583  0.027700
949  -0.346264  0.240199  0.177594
950  0.000359  0.088006  0.007745
951  -0.198298  0.156764  0.063897
952  -0.192614  0.068505  0.041793
953  -0.410101  0.055852  0.171302
954  -0.165511  -0.214170  0.073263
955  -0.134099  -0.045336  0.020038
956  0.165695  -0.052634  0.030225
957  -0.338885  0.086159  0.122267
958  0.050606  0.043429  0.004447
959  0.231123  -0.150959  0.076206
960  0.339415  0.060716  0.118889
961  -0.146308  0.150362  0.044015
962  0.078328  0.316397  0.106242
963  -0.033176  -0.095482  0.010217
964  0.025109  0.164829  0.027799
965  0.022836  -0.017319  0.000821
966  0.313012  -0.024407  0.098572
967  -0.121809  -0.139667  0.034344
968  -0.129574  0.233762  0.071434
969  0.021715  0.348308  0.121790
970  0.030913  0.110702  0.013211
971  -0.123210  0.228651  0.067462
972  0.130889  0.044339  0.019098
973  -0.185725  0.205066  0.076546
974  0.059303  0.037164  0.004898
975  0.100032  -0.095578  0.019142
976  0.060508  0.376381  0.145324
977  0.221226  -0.022303  0.049438
978  -0.063978  0.064373  0.008237
979  -0.192755  -0.002294  0.037160
980  -0.097629  0.101604  0.019855
981  -0.163842  0.114630  0.039984
982  0.012915  -0.230171  0.053146
983  -0.208689  0.032372  0.044599
984  -0.036240  -0.069347  0.006122
985  -0.040451  0.313745  0.100072
986  -0.074734  0.098866  0.015360
987  0.029258  0.016903  0.001142
988  0.042952  -0.026592  0.002552
989  -0.002811  0.201575  0.040640
990  0.117441  0.345525  0.133180
991  -0.204848  0.300218  0.132093
992  -0.069404  0.002809  0.004825
993  -0.266135  -0.054626  0.073812
994  0.074782  0.022624  0.006104
995  -0.146051  -0.124060  0.036722
996  0.056293  -0.248377  0.064860
997  -0.267821  -0.210058  0.115852
998  -0.302612  0.183264  0.125159
999  -0.277943  0.219675  0.125510
1000  -0.072186  0.044822  0.007220
1001  0.114194  0.108911  0.024902
1002  -0.083085  -0.158850  0.032136
1003  -0.043990  0.326988  0.108856
1004  -0.142206  -0.080915  0.026770
1005  0.255308  0.123007  0.080313
1006  0.205515  0.154091  0.065981
1007  -0.177082  -0.190641  0.067702
1008  0.000572  0.121932  0.014868
1009  -0.110869  -0.273915  0.087321
1010  -0.133742  0.293143  0.103820
1011  0.254891  -0.073587  0.070384
1012  -0.130848  -0.151077  0.039945
1013  0.157521  0.015265  0.025046
1014  0.069370  0.041599  0.006543
1015  -0.237181  -0.041381  0.057967
1016  0.066846  0.062765  0.008408
1017  -0.169893  0.325353  0.134719
1018  -0.199268  -0.264004  0.109406
1019  0.117087  0.379490  0.157722
1020  -0.497578  0.234571  0.302608
1021  0.226480  0.010960  0.051413
1022  0.089693  -0.038487  0.009526
1023  -0.512207  0.348664  0.383923
1024  -0.013500  -0.071796  0.005337
1025  -0.072201  -0.111700  0.017690
1026  -0.004327  -0.143809  0.020700
1027  -0.269327  -0.190169  0.108701
1028  0.071149  0.124799  0.020637
1029  0.017546  -0.074994  0.005932
1030  -0.040479  0.325556  0.107625
1031  0.550854  -0.051959  0.306140
1032  0.201238  0.094571  0.049440
1033  -0.230713  0.185835  0.087763
1034  0.170860  -0.281458  0.108412
1035  -0.154461  0.561718  0.339386
1036  -0.112709  0.299719  0.102535
1037  0.220728  -0.202371  0.089675
1038  0.107754  0.462789  0.225784
1039  -0.029800  0.227456  0.052624
1040  -0.530234  0.003535  0.281161
1041  0.220441  -0.034065  0.049755
1042  -0.222943  0.018440  0.050044
1043  -0.155617  -0.143460  0.044797
1044  0.271537  0.469780  0.294426
1045  0.092240  0.013852  0.008700
1046  -0.023274  0.339567  0.115848
1047  -0.098621  0.150044  0.032239
1048  0.140123  -0.313508  0.117922
1049  -0.215590  -0.090492  0.054668
1050  0.084731  -0.255042  0.072226
1051  -0.269165  0.187309  0.107535
1052  0.148635  -0.164779  0.049244
1053  -0.493727  -0.440046  0.437407
1054  -0.198506  0.146728  0.060934
1055  -0.189882  0.540243  0.327918
1056  -0.237615  0.214548  0.102492
1057  -0.469263  0.160666  0.246021
1058  -0.319605  0.056892  0.105384
1059  -0.323258  0.114102  0.117515
1060  0.176518  -0.297326  0.119562
1061  -0.198499  -0.110115  0.051527
1062  0.189374  -0.289371  0.119598
1063  -0.147212  -0.384616  0.169601
1064  -0.078007  0.003692  0.006099
1065  0.332219  -0.101907  0.120754
1066  -0.198447  -0.168261  0.067693
1067  0.278155  0.065151  0.081615
1068  -0.027446  0.108358  0.012495
1069  0.178127  0.004035  0.031746
1070  -0.027405  0.202456  0.041739
1071  -0.086738  -0.207022  0.050382
1072  -0.111627  -0.127597  0.028742
1073  0.150747  0.045542  0.024799
1074  0.312559  -0.171791  0.127205
1075  -0.146941  0.400666  0.182125
1076  -0.258212  -0.042174  0.068452
1077  0.540358  -0.137392  0.310864
1078  -0.105796  -0.177267  0.042616
1079  -0.158235  0.300505  0.115342
1080  0.080017  0.471282  0.228510
1081  0.147142  -0.239332  0.078931
1082  0.079909  0.006689  0.006430
1083  -0.018631  -0.119057  0.014522
1084  0.193928  -0.069588  0.042451
1085  0.212877  -0.017482  0.045622
1086  0.156085  -0.023483  0.024914
1087  -0.023503  0.262844  0.069639
1088  0.107447  0.429518  0.196031
1089  0.098685  -0.219641  0.057981
1090  -0.079578  0.390500  0.158823
1091  0.023056  -0.036989  0.001900
1092  -0.110393  -0.117937  0.026096
1093  0.250252  0.083936  0.069671
1094  -0.207689  0.203874  0.084699
1095  -0.162829  0.182847  0.059946
1096  0.004255  0.183488  0.033686
1097  -0.233037  0.153730  0.077939
1098  0.360801  -0.466524  0.347822
1099  0.345734  0.311963  0.216853
1100  0.173487  -0.376627  0.171945
1101  -0.110016  0.269801  0.084896
1102  -0.124183  0.013147  0.015594
1103  -0.235846  -0.079671  0.061971
1104  -0.113001  -0.105671  0.023935
1105  0.114960  -0.126383  0.029188
1106  0.159081  -0.378527  0.168589
1107  0.313279  -0.193054  0.135413
1108  0.417065  0.528017  0.452745
1109  -0.074744  -0.026694  0.006299
1110  -0.011292  -0.340736  0.116229
1111  -0.023944  0.179429  0.032768
1112  0.228187  -0.478239  0.280782
1113  -0.271525  0.596843  0.429947
1114  0.080995  -0.928155  0.868033
1115  0.143172  0.595522  0.375145
1116  0.071038  -0.111080  0.017385
1117  -0.174386  0.384741  0.178436
1118  -0.143651  0.460780  0.232954
1119  0.026422  -0.329611  0.109341
1120  0.387530  -0.168869  0.178697
1121  -0.330471  0.154018  0.132933
1122  0.237378  -0.395541  0.212801
1123  0.119773  0.177802  0.045959
1124  0.154446  -0.071205  0.028924
1125  -0.095889  0.417288  0.183324
1126  -0.031779  -0.221103  0.049897
1127  0.296974  0.281114  0.167219
1128  -0.144876  0.008994  0.021070
1129  -0.057120  -0.102876  0.013846
1130  -0.204559  -0.044520  0.043827
1131  -0.205048  0.207284  0.085012
1132  -0.193269  -0.037808  0.038782
1133  0.077615  -0.116985  0.019710
1134  -0.294110  -0.005125  0.086527
1135  -0.477757  -0.163208  0.254889
1136  -0.422554  0.050857  0.181138
1137  0.242741  0.258761  0.125880
1138  -0.028333  -0.587340  0.345771
1139  0.686414  -0.145800  0.492422
1140  -0.201842  -0.322379  0.144668
1141  -0.248038  0.158725  0.086716
1142  -0.014064  0.038736  0.001698
1143  -0.242095  -0.326956  0.165510
1144  -0.242868  0.127780  0.075313
1145  0.336400  0.162385  0.139534
1146  -0.101986  -0.052624  0.013170
1147  -0.091063  0.184150  0.042204
1148  -0.014329  -0.603058  0.363884
1149  0.131454  -0.591376  0.367005
1150  -0.022803  0.041935  0.002278
1151  0.040709  0.050188  0.004176
1152  -0.176028  0.285297  0.112380
1153  -0.408782  -0.189356  0.202958
1154  0.068349  0.089425  0.012668
1155  -0.143794  -0.108111  0.032365
1156  0.412416  -0.047034  0.172299
1157  0.211442  0.657010  0.476370
1158  0.245493  0.174799  0.090821
1159  0.020776  -0.075241  0.006093
1160  -0.278278  -0.239712  0.134900
1161  0.326409  -0.617105  0.487361
1162  0.169789  0.059419  0.032359
1163  -0.366928  0.274335  0.209896
1164  -0.024557  0.104502  0.011524
1165  0.249043  -0.240046  0.119645
1166  0.058100  0.610870  0.376538
1167  0.062082  0.070276  0.008793
1168  0.010879  -0.177858  0.031752
1169  -0.002142  0.462967  0.214343
1170  -0.131944  -0.003404  0.017421
1171  -0.305501  -0.323865  0.198220
1172  -0.148717  -0.060489  0.025776
1173  -0.201704  0.079980  0.047081
1174  -0.223247  0.197459  0.088829
1175  0.790525  -0.561079  0.939739
1176  -0.562175  0.001368  0.316043
1177  -0.682344  0.697267  0.951775
1178  0.674135  -0.305952  0.548064
1179  -0.173317  0.065247  0.034296
1180  0.349056  0.582256  0.460862
1181  0.427506  0.287592  0.265470
1182  -0.141457  -0.024700  0.020620
1183  0.033929  0.167485  0.029202
1184  -0.008327  -0.760401  0.578279
1185  0.289928  -0.436887  0.274929
1186  -0.188055  -0.011106  0.035488
1187  0.310242  -0.248453  0.157979
1188  -0.057411  0.693143  0.483743
1189  0.223495  0.144938  0.070957
1190  0.762693  0.286801  0.663955
1191  0.318417  0.233052  0.155703
1192  0.512512  -0.491455  0.504197
1193  -0.103509  0.485788  0.246704
1194  -0.271471  0.111567  0.086143
1195  0.347777  0.002426  0.120955
1196  -0.048944  -0.011202  0.002521
1197  0.434158  0.131559  0.205801
1198  0.157142  0.149848  0.047148
1199  -0.219882  0.376441  0.190056
1200  -0.310924  -0.196670  0.135353
1201  -0.005390  -0.085985  0.007423
1202  0.132235  0.222523  0.067002
1203  -0.395786  0.064805  0.160846
1204  -0.278382  0.334614  0.189463
1205  0.390284  -0.122276  0.167273
1206  0.176456  0.372951  0.170229
1207  0.081655  -0.359544  0.135940
1208  0.720153  -0.406266  0.683672
1209  0.198967  -0.060284  0.043222
1210  0.202031  0.718698  0.557344
1211  0.799765  0.013055  0.639795
1212  -0.232349  0.654110  0.481845
1213  0.023561  0.645424  0.417128
1214  -0.129953  0.544708  0.313595
1215  0.020949  -0.148137  0.022383
1216  -0.295007  0.243833  0.146484
1217  0.512801  0.008996  0.263046
1218  -0.200602  0.244597  0.100069
1219  -0.201446  0.575840  0.372173
1220  0.325112  -0.123669  0.120992
1221  0.240251  0.473401  0.281829
1222  -0.512427  0.200650  0.302842
1223  0.113185  0.193538  0.050268
1224  0.073392  0.121941  0.020256
1225  0.511493  0.118576  0.275685
1226  -0.196112  -0.259351  0.105723
1227  0.081507  0.055292  0.009700
1228  -0.279103  -0.470486  0.299256
1229  0.120618  -0.593517  0.366812
1230  0.174353  0.041965  0.032160
1231  0.017106  0.244169  0.059911
1232  -0.123010  0.091721  0.023544
1233  -0.598928  -0.046634  0.360890
1234  0.037359  0.322816  0.105606
1235  -0.014573  0.214237  0.046110
1236  -0.391665  -0.033148  0.154500
1237  -0.398131  -0.160091  0.184138
1238  -0.576957  -0.536427  0.620634
1239  0.143578  0.150151  0.043160
1240  0.004229  0.336872  0.113501
1241  0.186722  -0.064586  0.039036
1242  0.197097  0.343506  0.156844
1243  0.606403  -0.084385  0.374845
1244  -0.084039  -0.140399  0.026774
1245  -0.268507  -0.531505  0.354593
1246  0.468543  -0.106527  0.230880
1247  0.435951  0.040247  0.191673
1248  -0.449275  0.226464  0.253134
1249  0.074724  -0.667804  0.451545
1250  0.052005  -0.004920  0.002729
1251  -0.459817  -0.182709  0.244814
1252  0.477178  -0.825284  0.908793
1253  -0.153968  0.366879  0.158306
1254  0.536763  -0.210065  0.332241
1255  -0.281963  0.115250  0.092786
1256  0.007131  -0.318004  0.101178
1257  -0.391995  -0.845561  0.868633
1258  -0.172188  -0.479488  0.259558
1259  0.774380  0.136609  0.618326
1260  0.180941  0.541886  0.326380
1261  0.526461  0.330051  0.386095
1262  0.341985  -0.333359  0.228082
1263  -0.289357  -0.676751  0.541720
1264  -0.303738  -0.427358  0.274891
1265  -0.048733  0.295882  0.089921
1266  -0.715046  1.216736  1.991736
1267  -0.495130  -0.016828  0.245437
1268  0.136511  0.123378  0.033857
1269  0.246693  0.324310  0.166034
1270  -0.006277  0.073904  0.005501
1271  -0.370785  0.344793  0.256364
1272  -0.054171  0.559373  0.315832
1273  -0.144394  0.162377  0.047216
1274  -0.226091  0.249420  0.113327
1275  0.076575  0.071927  0.011037
1276  0.472160  -0.451406  0.426702
1277  -0.113246  -0.339766  0.128266
1278  -0.293299  -0.127365  0.102246
1279  -0.540058  -0.140784  0.311482
1280  -0.616602  -0.135781  0.398635
1281  -0.419358  -0.732454  0.712350
1282  -0.299658  0.243145  0.148914
1283  -0.472185  -0.074231  0.228469
1284  0.240963  0.187283  0.093138
1285  0.104675  -0.564457  0.329568
1286  0.543131  0.333018  0.405892
1287  0.439395  -0.375831  0.334317
1288  0.026524  0.038725  0.002203
1289  0.568814  0.478549  0.552558
1290  -0.410800  -0.339812  0.284229
1291  -0.128296  0.205545  0.058709
1292  0.408790  0.310918  0.263779
1293  -0.022101  -0.170355  0.029509
1294  0.056180  -0.368965  0.139292
1295  -0.179381  -0.442122  0.227649
1296  0.032987  -0.374216  0.141126
1297  -0.583532  -0.067577  0.345076
1298  0.384836  0.231539  0.201710
1299  0.200200  -0.140830  0.059913
1300  -0.035015  0.083108  0.008133
1301  -0.000376  0.188549  0.035551
1302  -0.308605  -0.203291  0.136564
1303  0.554381  0.016455  0.307609
1304  0.210422  -0.294138  0.130795
1305  -0.303313  0.218909  0.139920
1306  -0.242584  -0.213972  0.104631
1307  0.631331  -0.687937  0.871837
1308  -0.124749  -0.210429  0.059842
1309  -0.027934  -0.269191  0.073244
1310  -0.405582  0.216780  0.211491
1311  -0.314495  -0.033707  0.100043
1312  -0.062557  0.109349  0.015871
1313  -0.592321  -0.332975  0.461717
1314  0.172039  -0.108354  0.041338
1315  0.056228  0.191527  0.039844
1316  -0.140522  0.136360  0.038341
1317  0.129843  -0.016179  0.017121
1318  -0.185287  0.582255  0.373353
1319  -0.479405  0.643180  0.643510
1320  -0.019578  0.745689  0.556436
1321  -0.315074  0.556109  0.408529
1322  0.201042  -0.349771  0.162758
1323  0.111673  0.095791  0.021647
1324  0.209008  -0.086892  0.051235
1325  -0.311809  -0.295103  0.184311
1326  0.674045  -0.470520  0.675726
1327  -0.047003  0.033597  0.003338
1328  -0.229088  0.473693  0.276866
1329  -0.096956  0.187438  0.044533
1330  -0.200258  -0.283401  0.120420
1331  0.293043  0.030762  0.086820
1332  -0.517140  0.114795  0.280611
1333  0.158333  0.294038  0.111528
1334  -0.703409  0.785766  1.112212
1335  0.422601  0.303446  0.270671
1336  -0.410719  0.512850  0.431705
1337  0.216358  0.207970  0.090062
1338  -0.199935  -0.108164  0.051673
1339  0.580773  0.703083  0.831623
1340  0.057829  -0.407005  0.168997
1341  0.496477  0.604354  0.611733
1342  0.468161  -0.188799  0.254820
1343  0.132355  -0.335478  0.130063
1344  0.032060  0.143890  0.021732
1345  0.822952  0.638379  1.084778
1346  0.599227  -0.009096  0.359156
1347  -0.389135  0.332962  0.262290
1348  0.241126  -0.272529  0.132414
1349  0.000033  0.640200  0.409856
1350  0.381807  -0.002969  0.145786
1351  -0.301444  0.086408  0.098335
1352  -0.133578  0.791959  0.645043
1353  -0.087144  -0.055136  0.010634
1354  -0.463291  -0.189490  0.250545
1355  0.214524  0.718992  0.562970
1356  -0.043752  -0.018776  0.002267
1357  0.513826  -0.000636  0.264018
1358  -0.603823  -0.023685  0.365163
1359  0.352047  -0.254423  0.188668
1360  -0.125483  -0.126919  0.031854
1361  0.832558  0.275167  0.768870
1362  0.184266  0.212579  0.079144
1363  -0.145787  -0.170848  0.050443
1364  -0.275722  0.337637  0.190022
1365  -0.511834  0.022927  0.262500
1366  0.353008  -0.123081  0.139764
1367  -0.499779  -0.450786  0.452987
1368  -0.090604  -0.080371  0.014669
1369  -0.561105  -0.088079  0.322597
1370  -0.100325  0.320124  0.112545
1371  -0.393467  0.068578  0.159519
1372  -0.174716  0.284165  0.111275
1373  0.183662  -0.422704  0.212410
1374  -0.108998  -0.173808  0.042090
1375  -0.194367  0.097155  0.047218
1376  -0.409171  -0.480023  0.397843
1377  0.275204  0.558532  0.387695
1378  0.050461  0.270086  0.075493
1379  -0.637753  -0.071198  0.411798
1380  -0.299711  -0.038002  0.091271
1381  0.386241  0.288276  0.232285
1382  0.198909  0.017630  0.039876
1383  0.238584  -0.126369  0.072891
1384  0.059120  -0.448520  0.204665
1385  -0.003754  -0.468650  0.219647
1386  -0.106711  0.222303  0.060806
1387  -0.460903  0.291932  0.297656
1388  -0.133381  -0.086720  0.025311
1389  -0.295315  -0.122250  0.102156
1390  0.028586  0.313523  0.099114
1391  0.410644  -0.076529  0.174485
1392  -0.181475  -0.064620  0.037109
1393  -0.091673  -0.608313  0.378448
1394  0.126839  -0.313132  0.114140
1395  0.500057  -0.021798  0.250532
1396  0.563931  -0.193369  0.355410
1397  -0.028232  0.267732  0.072477
1398  0.346008  -0.232893  0.173961
1399  -0.099989  -0.461272  0.222770
1400  -0.344351  -0.347991  0.239676
1401  -0.091901  -0.211579  0.053212
1402  -0.144391  0.139369  0.040272
1403  0.025563  -0.055035  0.003682
1404  -0.436658  0.294071  0.277149
1405  0.053028  0.342224  0.119929
1406  -0.228697  -0.055010  0.055328
1407  0.285840  -0.372244  0.220270
1408  0.003310  -0.242580  0.058856
1409  -0.281916  0.253690  0.143835
1410  -0.069801  -0.193019  0.042129
1411  0.246738  0.114056  0.073888
1412  0.244609  0.246254  0.120475
1413  0.202443  -0.238240  0.097741
1414  0.090880  -0.040556  0.009904
1415  -0.138534  -0.773914  0.618135
1416  -0.322332  -0.174442  0.134328
1417  -0.461160  -0.125229  0.228350
1418  0.343609  0.152524  0.141331
1419  -0.123673  -0.457470  0.224573
1420  0.062314  0.062474  0.007786
1421  -0.054553  -0.355448  0.129320
1422  0.273551  0.101741  0.085182
1423  -0.400894  -0.755923  0.732136
1424  0.160870  0.064200  0.030001
1425  0.365205  -0.191428  0.170019
1426  0.370676  -0.199292  0.177118
1427  0.306319  -0.188577  0.129392
1428  -0.351538  0.236444  0.179485
1429  0.082455  0.234199  0.061648
1430  -0.388332  0.149790  0.173239
1431  0.063579  -0.399476  0.163623
1432  -0.183870  -0.458983  0.244473
1433  0.110595  0.255852  0.077691
1434  0.292983  -0.227965  0.137807
1435  0.201815  -0.412677  0.211031
1436  -0.002295  0.324624  0.105386
1437  0.443462  -0.406758  0.362110
1438  0.021459  0.018569  0.000805
1439  -0.174020  0.014255  0.030486
1440  0.223887  -0.047290  0.052362
1441  0.223104  0.111813  0.062277
1442  -0.124895  -0.114469  0.028702
1443  -0.725657  0.545554  0.824208
1444  -0.196509  0.054355  0.041570
1445  -0.235132  0.024777  0.055901
1446  0.161212  0.126901  0.042093
1447  0.036063  -0.341538  0.117949
1448  0.040528  -0.073626  0.007063
1449  0.312555  -0.229772  0.150486
1450  -0.105011  0.141782  0.031129
1451  0.030630  -0.217306  0.048160
1452  -0.105166  0.017307  0.011359
1453  0.069133  0.050200  0.007299
1454  -0.171830  0.036244  0.030839
1455  0.016789  -0.341139  0.116658
1456  -0.020819  -0.184389  0.034433
1457  0.131958  0.128841  0.034013
1458  -0.090078  0.148583  0.030191
1459  0.233692  -0.286808  0.136871
1460  0.081476  0.075985  0.012412
1461  -0.364587  -0.055842  0.136042
1462  -0.056014  -0.285556  0.084680
1463  -0.328262  0.146288  0.129156
1464  0.024838  -0.026587  0.001324
1465  0.100236  -0.125903  0.025899
1466  -0.066001  -0.274227  0.079557
1467  0.142043  -0.131964  0.037591
1468  -0.405533  0.248408  0.226163
1469  0.000021  0.098382  0.009679
1470  -0.290454  -0.055114  0.087401
1471  0.308843  0.137311  0.114238
1472  -0.123972  -0.095296  0.024451
1473  -0.029291  -0.209949  0.044937
1474  -0.159824  -0.354717  0.151368
1475  0.010585  -0.023644  0.000671
1476  0.106913  0.034221  0.012601
1477  0.019353  0.208608  0.043892
1478  -0.019417  0.081028  0.006943
1479  -0.020810  -0.131383  0.017695
1480  0.141123  -0.098379  0.029594
1481  0.118683  -0.429975  0.198964
1482  -0.018142  0.026708  0.001042
1483  -0.115735  -0.127013  0.029527
1484  -0.043004  -0.064455  0.006004
1485  0.125923  0.212351  0.060949
1486  -0.100045  -0.178775  0.041969
1487  0.213835  -0.290187  0.129934
1488  0.088060  0.015334  0.007990
1489  -0.236419  0.322978  0.160209
1490  -0.121162  -0.009846  0.014777
1491  -0.229406  0.158911  0.077880
1492  0.084715  0.123784  0.022499
1493  -0.042484  -0.177565  0.033334
1494  -0.043854  -0.213219  0.047386
1495  -0.250492  0.147722  0.084568
1496  -0.179868  -0.186470  0.067124
1497  0.249945  0.255830  0.127922
1498  0.223699  0.087752  0.057742
1499  0.037142  0.162403  0.027754
1500  0.223245  0.002991  0.049847
1501  0.140893  -0.344248  0.138357
1502  0.154712  -0.006408  0.023977
1503  0.079361  -0.147107  0.027939
1504  -0.206870  -0.130787  0.059900
1505  0.028230  0.223033  0.050541
1506  0.045459  0.202823  0.043204
1507  -0.181076  -0.190296  0.069001
1508  -0.145251  -0.033182  0.022199
1509  -0.045234  -0.121804  0.016882
1510  -0.294380  0.109204  0.098585
1511  -0.128070  0.134044  0.034370
1512  0.101490  0.046501  0.012463
1513  0.192936  -0.328106  0.144878
1514  -0.211536  -0.095224  0.053815
1515  0.193892  0.162676  0.064057
1516  0.030092  0.167146  0.028843
1517  0.039316  0.293240  0.087535
1518  -0.101962  0.309569  0.106229
1519  0.013782  -0.155018  0.024221
1520  0.017232  -0.254367  0.065000
1521  0.085457  0.006330  0.007343
1522  -0.223764  -0.102325  0.060541
1523  -0.160251  0.071494  0.030792
1524  -0.069809  0.241162  0.063033
1525  -0.050681  0.133803  0.020472
1526  0.217807  0.289589  0.131301
1527  -0.038362  -0.080708  0.007985
1528  -0.209149  0.060455  0.047398
1529  -0.085732  -0.104273  0.018223
1530  0.121502  0.080760  0.021285
1531  0.079606  0.260531  0.074213
1532  -0.040219  0.149358  0.023925
1533  -0.179293  -0.184181  0.066069
1534  0.096745  0.181354  0.042249
1535  0.270253  0.185414  0.107415
1536  -0.117879  0.359971  0.143475
1537  -0.005821  0.060751  0.003725
1538  0.284094  0.128688  0.097270
1539  -0.124725  -0.218861  0.063457
1540  0.075086  -0.053925  0.008546
1541  -0.116312  0.003062  0.013538
1542  0.010192  -0.240479  0.057934
1543  0.169335  -0.158106  0.053672
1544  -0.361885  -0.068080  0.135596
1545  -0.093994  0.058430  0.012249
1546  0.111889  0.115389  0.025834
1547  0.060386  -0.177772  0.035249
1548  0.044129  -0.097127  0.011381
1549  0.115589  -0.249130  0.075427
1550  -0.195235  -0.208255  0.081487
1551  -0.139646  0.036093  0.020804
1552  -0.329049  -0.040823  0.109940
1553  -0.036331  -0.020806  0.001753
1554  0.081585  0.039822  0.008242
1555  -0.039672  -0.183411  0.035214
1556  -0.197844  -0.104636  0.050091
1557  0.107098  -0.105403  0.022580
1558  -0.086550  -0.031296  0.008470
1559  0.142042  -0.021785  0.020650
1560  -0.025299  0.014264  0.000844
1561  0.063305  -0.123389  0.019232
1562  0.182075  -0.018778  0.033504
1563  0.312551  -0.131377  0.114948
1564  -0.084272  0.056612  0.010307
1565  -0.047227  0.131474  0.019516
1566  -0.022602  -0.183403  0.034148
1567  0.069715  -0.047734  0.007139
1568  -0.030279  0.125079  0.016562
1569  -0.086010  -0.162978  0.033959
1570  -0.047751  0.009507  0.002371
1571  0.119692  -0.168184  0.042612
1572  -0.092800  0.018463  0.008953
1573  -0.162627  0.204136  0.068119
1574  0.192649  0.122996  0.052242
1575  -0.060520  0.015620  0.003907
1576  -0.056097  0.022183  0.003639
1577  -0.155250  -0.116948  0.037779
1578  0.103505  0.056666  0.013924
1579  0.014009  0.076679  0.006076
1580  0.028160  0.146534  0.022265
1581  0.129889  -0.097527  0.026383
1582  -0.027101  -0.073151  0.006086
1583  -0.006442  -0.048443  0.002388
1584  -0.024624  -0.224384  0.050955
1585  -0.122088  -0.044867  0.016918
1586  -0.000533  -0.064826  0.004203
1587  0.041563  0.298056  0.090565
1588  0.169522  -0.009448  0.028827
1589  0.235319  -0.063029  0.059348
1590  0.070571  0.014858  0.005201
1591  -0.024637  -0.078121  0.006710
1592  -0.051590  -0.016513  0.002934
1593  -0.125242  0.125558  0.031450
1594  -0.089402  0.006944  0.008041
1595  0.137135  0.138465  0.037979
1596  0.022033  -0.066649  0.004927
1597  -0.121409  -0.135006  0.032967
1598  -0.007695  -0.000171  0.000059
1599  -0.064960  0.205717  0.046539
1600  0.149690  0.134666  0.040542
1601  -0.140430  0.052742  0.022502
1602  -0.004415  -0.026987  0.000748
1603  -0.263037  0.000562  0.069189
1604  -0.270460  -0.072893  0.078462
1605  -0.018761  0.046617  0.002525
1606  -0.024933  -0.046145  0.002751
1607  -0.154672  -0.071456  0.029029
1608  -0.010847  0.127999  0.016501
1609  -0.036628  -0.068486  0.006032
1610  -0.086514  0.146953  0.029080
1611  0.094505  0.110266  0.021090
1612  0.258454  0.055723  0.069903
1613  0.099837  0.040356  0.011596
1614  0.183613  0.103884  0.044506
1615  0.118920  -0.067216  0.018660
1616  -0.123337  0.024782  0.015826
1617  -0.011015  0.056090  0.003267
1618  0.014381  0.041801  0.001954
1619  0.022909  0.036617  0.001866
1620  -0.061478  -0.141874  0.023908
1621  -0.165417  0.013074  0.027534
1622  -0.077529  0.018013  0.006335
1623  0.034920  0.082163  0.007970
1624  0.035293  0.033844  0.002391
1625  0.071935  -0.092509  0.013733
1626  0.118174  -0.171303  0.043310
1627  0.110449  -0.223375  0.062095
1628  0.135410  0.062010  0.022181
1629  -0.232098  -0.259578  0.121250
1630  -0.100532  -0.003860  0.010122
1631  -0.104529  -0.113128  0.023724
1632  0.154446  -0.154125  0.047608
1633  -0.072473  -0.075929  0.011018
1634  -0.173045  -0.091833  0.038378
1635  -0.060068  -0.063001  0.007577
1636  -0.072189  0.067225  0.009730
1637  -0.022502  0.037976  0.001949
1638  -0.020881  -0.182313  0.033674
1639  0.100586  -0.088886  0.018018
1640  -0.060421  -0.152899  0.027029
1641  -0.095240  0.028356  0.009875
1642  -0.044972  -0.103483  0.012731
1643  0.106969  0.149831  0.033892
1644  0.136300  -0.112548  0.031245
1645  0.026162  0.088836  0.008576
1646  -0.036421  0.033631  0.002458
1647  -0.043949  -0.044681  0.003928
1648  0.079181  0.012335  0.006422
1649  -0.130427  -0.006716  0.017056
1650  0.042368  -0.088733  0.009669
1651  0.056160  -0.126635  0.019191
1652  -0.068945  0.003102  0.004763
1653  -0.176398  -0.143131  0.051603
1654  0.043362  0.031602  0.002879
1655  -0.030651  0.009059  0.001022
1656  0.164745  0.016571  0.027416
1657  0.006380  -0.173938  0.030295
1658  -0.077101  0.013831  0.006136
1659  0.045866  -0.010979  0.002224
1660  -0.005395  0.088928  0.007937
1661  -0.075170  -0.034293  0.006827
1662  0.231026  0.090303  0.061527
1663  0.057171  -0.034375  0.004450
1664  -0.021678  -0.042425  0.002270
1665  -0.123205  -0.030720  0.016123
1666  0.087434  0.112459  0.020292
1667  0.125648  0.076009  0.021565
1668  -0.138369  0.055597  0.022237
1669  0.003460  -0.007316  0.000066
1670  -0.060909  -0.025365  0.004353
1671  -0.137108  0.076221  0.024608
1672  0.021968  0.015010  0.000708
1673  -0.024434  -0.053250  0.003433
1674  0.096171  -0.045146  0.011287
1675  -0.041354  -0.103489  0.012420
1676  0.156639  -0.002115  0.024540
1677  0.095299  0.008843  0.009160
1678  -0.041623  0.053100  0.004552
1679  0.065911  0.066121  0.008716
1680  -0.011600  -0.110346  0.012311
1681  -0.111686  -0.001210  0.012475
1682  -0.043716  0.082376  0.008697
1683  0.069181  -0.008732  0.004862
1684  0.073935  -0.023728  0.006029
1685  -0.147351  -0.033066  0.022806
1686  -0.033594  -0.012879  0.001294
1687  0.000756  0.115509  0.013343
1688  0.089779  0.020435  0.008478
1689  0.069404  -0.136312  0.023398
1690  -0.044574  -0.108463  0.013751
1691  0.011471  -0.102882  0.010716
1692  -0.057809  -0.087860  0.011061
1693  0.001492  -0.017416  0.000306
1694  0.013256  -0.042141  0.001952
1695  0.013518  -0.010647  0.000296
1696  -0.041161  -0.117436  0.015485
1697  -0.109857  0.104078  0.022901
1698  -0.030270  -0.013092  0.001088
1699  -0.073225  0.004857  0.005386
1700  0.071029  0.052477  0.007799
1701  -0.000850  0.014001  0.000197
1702  0.011443  -0.054681  0.003121
1703  0.078591  0.030252  0.007092
1704  -0.095128  -0.062499  0.012956
1705  0.016081  0.081860  0.006960
1706  0.049556  0.037024  0.003827
1707  -0.007563  0.077549  0.006071
1708  0.044274  0.021046  0.002403
1709  -0.033445  0.068919  0.005868
1710  -0.003209  0.006924  0.000058
1711  0.038027  -0.066431  0.005859
1712  0.029572  -0.094522  0.009809
1713  0.010327  -0.027669  0.000872
1714  -0.039944  -0.013996  0.001791
1715  -0.023723  -0.010764  0.000679
1716  0.033914  -0.055948  0.004280
1717  0.043782  0.028356  0.002721
1718  0.013405  0.018398  0.000518
1719  0.030467  -0.088126  0.008694
1720  0.016340  -0.028897  0.001102
1721  -0.093755  -0.085415  0.016086
1722  0.028952  -0.070481  0.005806
1723  0.011713  -0.063654  0.004189
1724  -0.048061  0.073140  0.007659
1725  -0.016628  -0.124355  0.015741
1726  -0.014642  -0.034541  0.001407
1727  -0.053711  0.021860  0.003363
1728  0.040076  -0.043248  0.003476
1729  0.018405  0.066831  0.004805
1730  -0.093435  -0.005567  0.008761
1731  0.001699  -0.021187  0.000452
1732  -0.009743  -0.041412  0.001810
1733  0.033915  0.017622  0.001461
1734  -0.012200  -0.062074  0.004002
1735  -0.015097  -0.042773  0.002057
1736  -0.025997  -0.086046  0.008080
1737  0.011193  -0.015053  0.000352
1738  0.066933  0.022768  0.004998
1739  -0.011890  0.110516  0.012355
1740  -0.031072  -0.061512  0.004749
1741  -0.048969  -0.019923  0.002795
1742  -0.001585  -0.007007  0.000052
1743  -0.026889  -0.007676  0.000782
1744  -0.001081  -0.076519  0.005856
1745  -0.075771  -0.007069  0.005791
1746  0.003092  0.037570  0.001421
1747  -0.002459  0.108754  0.011833
1748  -0.091308  0.075052  0.013970
1749  0.067321  -0.036474  0.005862
1750  0.024633  -0.052415  0.003354
1751  0.010559  -0.125067  0.015753
1752  -0.034577  0.022319  0.001694
1753  -0.015423  0.086696  0.007754
1754  -0.042086  0.024093  0.002352
1755  0.008198  0.022002  0.000551
1756  0.040865  0.015472  0.001909
1757  -0.025636  -0.023242  0.001197
1758  -0.037933  -0.061399  0.005209
1759  -0.008882  -0.069441  0.004901
1760  0.013400  0.001229  0.000181
1761  0.015784  -0.015669  0.000495
1762  -0.003868  -0.060061  0.003622
1763  0.052087  0.008055  0.002778
1764  0.045263  0.058714  0.005496
1765  -0.022363  -0.000314  0.000500
1766  -0.000148  0.092472  0.008551
1767  0.068550  -0.053376  0.007548
1768  0.079288  -0.046717  0.008469
1769  0.109431  -0.004370  0.011994
1770  -0.020192  0.042905  0.002249
1771  -0.095554  0.024099  0.009711
1772  0.009790  0.007376  0.000150
1773  -0.010984  0.074059  0.005605
1774  -0.101692  -0.027788  0.011113
1775  -0.013625  0.020715  0.000615
1776  0.051574  -0.004503  0.002680
1777  -0.008722  0.062060  0.003927
1778  0.023259  0.018609  0.000887
1779  0.031670  0.024875  0.001622
1780  -0.022937  0.028779  0.001354
1781  -0.028214  -0.060119  0.004410
1782  -0.033374  -0.016386  0.001382
1783  -0.005581  0.047424  0.002280
1784  -0.056103  -0.025333  0.003789
1785  -0.063806  -0.042212  0.005853
1786  -0.045545  0.065728  0.006395
1787  0.035031  0.027617  0.001990
1788  0.067775  0.030870  0.005546
1789  0.091059  -0.007985  0.008356
1790  0.032388  0.002909  0.001057
1791  -0.008235  -0.046800  0.002258
1792  0.002992  -0.058419  0.003422
1793  -0.023685  -0.076713  0.006446
1794  -0.089067  0.026607  0.008641
1795  -0.082779  0.103501  0.017565
1796  0.017532  0.041416  0.002023
1797  0.014954  -0.047077  0.002440
1798  0.002675  -0.054459  0.002973
1799  0.011220  0.077981  0.006207
1800  -0.010499  0.025471  0.000759
1801  -0.056013  0.042412  0.004936
1802  -0.003401  -0.039378  0.001562
1803  0.008118  0.061259  0.003819
1804  -0.037289  0.032377  0.002439
1805  0.002133  -0.016397  0.000273
1806  0.005571  0.017265  0.000329
1807  0.005833  -0.055281  0.003090
1808  0.008875  0.012466  0.000234
1809  -0.016058  0.032304  0.001301
1810  -0.000437  -0.082737  0.006846
1811  0.007993  -0.026847  0.000785
1812  0.008655  -0.039081  0.001602
1813  -0.046046  0.012559  0.002278
1814  0.024625  0.002010  0.000610
1815  -0.053555  0.052015  0.005574
1816  0.039271  0.063210  0.005538
1817  -0.054889  -0.000975  0.003014
1818  0.008240  -0.019634  0.000453
1819  0.029917  0.008907  0.000974
1820  0.080566  -0.039917  0.008084
1821  -0.073992  0.007793  0.005535
1822  -0.004467  0.051026  0.002624
1823  0.002010  -0.098688  0.009743
1824  -0.009377  0.069049  0.004856
1825  0.007374  -0.027906  0.000833
1826  0.012277  0.005816  0.000185
1827  0.021626  -0.001793  0.000471
1828  -0.032824  -0.079370  0.007377
1829  0.019479  0.039414  0.001933
1830  -0.031992  -0.020711  0.001452
1831  -0.045733  -0.089814  0.010158
1832  -0.021301  0.009934  0.000552
1833  0.027587  -0.021574  0.001226
1834  -0.021384  -0.002342  0.000463
1835  -0.050961  -0.037731  0.004021
1836  0.032684  0.015801  0.001318
1837  -0.002996  0.017333  0.000309
1838  0.007730  -0.030060  0.000963
1839  -0.020825  -0.071168  0.005499
1840  0.015860  0.082130  0.006997
1841  0.022332  -0.010835  0.000616
1842  0.009226  -0.058329  0.003487
1843  0.011617  -0.015614  0.000379
1844  0.006729  0.031995  0.001069
1845  -0.058544  0.016363  0.003695
1846  0.011375  0.001750  0.000132
1847  -0.034390  -0.053779  0.004075
1848  -0.018168  -0.006163  0.000368
1849  -0.022231  -0.020667  0.000921
1850  -0.050147  0.000450  0.002515
1851  0.059535  0.066560  0.007975
1852  -0.003106  0.016932  0.000296
1853  -0.002483  0.057083  0.003265
1854  -0.009539  -0.005964  0.000127
1855  -0.004573  0.032871  0.001101
1856  -0.043129  -0.007055  0.001910
1857  0.019898  -0.002251  0.000401
1858  -0.003150  -0.014945  0.000233
1859  -0.039239  0.017399  0.001842
1860  0.016237  0.046636  0.002439
1861  -0.097329  -0.022973  0.010001
1862  0.021001  0.030239  0.001355
1863  0.002983  -0.072260  0.005230
1864  0.010796  -0.001622  0.000119
1865  -0.017187  0.093000  0.008944
1866  0.044650  0.044211  0.003948
1867  -0.009203  -0.049791  0.002564
1868  -0.022556  -0.046314  0.002654
1869  -0.049390  -0.040917  0.004114
1870  0.012460  0.035825  0.001439
1871  -0.084197  -0.098127  0.016718
1872  0.012738  -0.033388  0.001277
1873  -0.016300  -0.092364  0.008797
1874  -0.044804  -0.028206  0.002803
1875  -0.051803  0.051602  0.005346
1876  -0.052883  0.034251  0.003970
1877  -0.001864  0.033279  0.001111
1878  -0.008818  -0.022670  0.000592
1879  -0.018934  -0.002317  0.000364
1880  0.008736  0.028315  0.000878
1881  0.013406  0.070994  0.005220
1882  0.068687  -0.086358  0.012176
1883  -0.022587  -0.033677  0.001644
1884  0.060970  0.016264  0.003982
1885  -0.003107  0.023622  0.000568
1886  -0.069809  -0.073462  0.010270
1887  -0.008952  0.033325  0.001191
1888  0.010252  -0.045465  0.002172
1889  -0.006254  0.029107  0.000886
1890  0.008441  0.034271  0.001246
1891  0.048088  0.057403  0.005608
1892  0.016183  -0.014275  0.000466
1893  0.026430  -0.001517  0.000701
1894  0.042941  0.023435  0.002393
1895  -0.116827  0.016987  0.013937
1896  0.051506  0.021416  0.003112
1897  0.004002  0.080282  0.006461
1898  -0.013999  0.032289  0.001239
1899  -0.057020  0.022557  0.003760
1900  0.006164  -0.044699  0.002036
1901  0.012679  0.025089  0.000790
1902  -0.000964  0.050597  0.002561
1903  -0.018186  -0.026935  0.001056
1904  0.006898  -0.049866  0.002534
1905  0.004398  -0.027523  0.000777
1906  0.072121  0.051960  0.007901
1907  -0.032408  -0.048486  0.003401
1908  -0.041846  -0.017465  0.002056
1909  -0.008783  0.075128  0.005721
1910  0.043649  -0.027346  0.002653
1911  -0.003042  0.029948  0.000906
1912  0.040257  0.004968  0.001645
1913  -0.038219  0.005794  0.001494
1914  0.035754  0.017322  0.001578
1915  0.060450  0.030026  0.004556
1916  0.067323  -0.049875  0.007020
1917  0.024257  0.033655  0.001721
1918  -0.012528  0.017234  0.000454
1919  0.045937  0.040102  0.003718
1920  -0.043919  0.060557  0.005596
1921  -0.006294  -0.070658  0.005032
1922  -0.061513  0.061777  0.007600
1923  -0.048059  -0.021750  0.002783
1924  -0.005926  -0.016084  0.000294
1925  -0.018945  -0.004303  0.000377
1926  -0.022047  0.038692  0.001983
1927  0.062673  -0.014429  0.004136
1928  0.039469  -0.008356  0.001628
1929  0.014416  -0.013558  0.000392
1930  0.056083  0.077165  0.009100
1931  -0.015366  -0.007399  0.000291
1932  0.009605  0.000027  0.000092
1933  -0.023952  -0.065402  0.004851
1934  0.002917  -0.004133  0.000026
1935  0.004076  -0.029757  0.000902
1936  -0.009729  -0.057156  0.003361
1937  0.003103  -0.057158  0.003277
1938  0.025681  -0.033201  0.001762
1939  0.014348  0.040723  0.001864
1940  -0.008746  0.069113  0.004853
1941  -0.076106  0.015134  0.006021
1942  -0.072713  -0.026551  0.005992
1943  -0.026434  -0.026976  0.001426
1944  0.028374  -0.015018  0.001031
1945  0.041174  0.029601  0.002571
1946  -0.048826  0.012838  0.002549
1947  -0.026662  0.046688  0.002891
1948  -0.027501  -0.019548  0.001138
1949  -0.027334  0.011172  0.000872
1950  -0.014868  0.029210  0.001074
1951  -0.013651  -0.008827  0.000264
1952  -0.018998  0.054665  0.003349
1953  0.019422  -0.004884  0.000401
1954  0.096482  -0.057791  0.012649
1955  0.060829  -0.008073  0.003765
1956  0.036758  0.022885  0.001875
1957  -0.045653  -0.046073  0.004207
1958  0.013374  -0.012440  0.000334
1959  -0.026610  0.063325  0.004718
1960  0.068987  -0.010846  0.004877
1961  -0.013500  0.002027  0.000186
1962  -0.007760  -0.022003  0.000544
1963  -0.061676  -0.053995  0.006719
1964  0.005420  -0.042350  0.001823
1965  -0.015948  0.002708  0.000262
1966  0.065492  -0.008742  0.004366
1967  -0.032633  -0.040869  0.002735
1968  0.009397  -0.008871  0.000167
1969  -0.029660  0.017149  0.001174
1970  0.020638  -0.013683  0.000613
1971  -0.004560  -0.007060  0.000071
1972  0.015245  0.027907  0.001011
1973  -0.007106  -0.023815  0.000618
1974  -0.032002  -0.013181  0.001198
1975  0.021253  0.026651  0.001162
1976  -0.047398  -0.034821  0.003459
1977  -0.009249  -0.031483  0.001077
1978  -0.020835  0.072998  0.005763
1979  0.017310  0.030666  0.001240
1980  -0.006895  0.031442  0.001036
1981  0.022113  0.011472  0.000621
1982  -0.028097  0.026896  0.001513
1983  0.041660  0.034576  0.002931
1984  -0.080176  0.011229  0.006554
1985  0.009714  0.078704  0.006289
1986  -0.025176  -0.023487  0.001185
1987  -0.001078  -0.020255  0.000411
1988  0.003119  -0.009394  0.000098
1989  0.001546  0.056724  0.003220
1990  -0.041479  0.043812  0.003640
1991  -0.045709  -0.020120  0.002494
1992  -0.049162  -0.025986  0.003092
1993  -0.035604  0.002369  0.001273
1994  -0.010884  -0.019816  0.000511
1995  -0.002899  0.012991  0.000177
1996  -0.020977  -0.021742  0.000913
1997  -0.070472  0.008022  0.005031
1998  0.021483  0.006646  0.000506
1999  0.002311  -0.039071  0.001532
2000  -0.015021  0.049747  0.002700
2001  -0.002976  0.020660  0.000436
2002  0.061257  0.014848  0.003973
2003  0.042566  0.026009  0.002488
2004  0.005969  -0.026799  0.000754
2005  -0.008579  0.030171  0.000984
2006  0.009715  -0.021197  0.000544
2007  -0.038537  -0.042447  0.003287
2008  -0.039858  0.006741  0.001634
2009  -0.081293  0.010242  0.006713
2010  0.056940  -0.018040  0.003568
2011  -0.069487  0.037386  0.006226
2012  -0.060704  0.038192  0.005144
2013  0.028961  -0.026907  0.001563
2014  -0.000840  -0.024348  0.000594
2015  -0.053751  0.018172  0.003219
2016  -0.062249  0.013387  0.004054
2017  -0.042968  -0.021067  0.002290
2018  -0.047751  -0.012047  0.002425
2019  -0.010446  -0.006989  0.000158
2020  0.008814  -0.029263  0.000934
2021  -0.068395  -0.009305  0.004764
2022  0.008271  -0.024710  0.000679
2023  0.001610  0.027164  0.000740
2024  -0.009738  -0.032745  0.001167
2025  0.007311  0.017362  0.000355
2026  -0.036486  -0.012026  0.001476
2027  -0.008101  0.041206  0.001764
2028  0.009314  0.094778  0.009070
2029  0.056397  0.021806  0.003656
2030  -0.019287  -0.037875  0.001807
2031  -0.036884  0.000960  0.001361
2032  -0.026080  -0.000648  0.000681
2033  0.006552  0.044362  0.002011
2034  0.052250  -0.009442  0.002819
2035  -0.071825  -0.011421  0.005289
2036  0.008679  -0.032943  0.001161
2037  -0.019970  0.034206  0.001569
2038  0.060830  -0.001220  0.003702
2039  -0.023678  0.005174  0.000587
2040  -0.009383  -0.008234  0.000156
2041  -0.033242  -0.009062  0.001187
2042  -0.013553  -0.059015  0.003666
2043  0.007401  0.014016  0.000251
2044  -0.008647  -0.009917  0.000173
2045  -0.066148  0.029450  0.005243
2046  0.064630  -0.001658  0.004180
2047  0.002253  0.026367  0.000700
